3.69833000	-4.19075867	-14.38494629	23.87011967	24.66462706	-29.13360578	-30.75247107	16.65255817	23.13345804
3.70666670	-3.31130043	-15.69893919	22.87681907	23.72434604	-29.05541167	-30.75833967	16.70636730	22.76680074
3.71500000	-3.82702130	-15.32479501	23.80379119	24.63757709	-29.54666082	-31.28039289	17.03175720	23.31538162
3.72333330	-3.84889586	-15.59159532	24.05312539	24.83380481	-29.80420757	-31.46561089	17.00542132	23.46490008
3.73166670	-3.98477280	-15.50556989	24.42533435	25.22491103	-30.07851483	-31.75557707	17.05465848	23.54017488
3.74000000	-4.09630403	-15.63830705	24.78738444	25.59276716	-30.38979971	-32.06074791	17.12257899	23.68209779
3.74833330	-4.06119891	-15.89302482	25.00224816	25.78605401	-30.70149628	-32.32397116	17.10970170	23.68457566
3.75666670	-4.27182549	-15.88916656	25.41098570	26.29561908	-30.91080312	-32.65707155	17.20722527	23.79852852
3.76500000	-4.24340431	-16.11520945	25.65374145	26.48991495	-31.27685062	-32.92585532	17.22286454	23.81042156
3.77333330	-4.51968654	-16.03156532	26.18983390	27.02641569	-31.52580078	-33.22123621	17.30654867	24.11890259
3.78166670	-4.74916995	-15.90068561	26.73869885	27.57678157	-31.94788610	-33.56452462	17.43569807	24.15800053
3.79000000	-4.73124129	-16.20099102	26.97233297	27.82324089	-32.28110966	-33.88919019	17.43065692	24.16451740
3.79833330	-5.00127871	-16.12675694	27.53505092	28.43948273	-32.59402951	-34.29334482	17.50720098	24.39656139
3.80666670	-5.27058385	-15.94951230	28.16337399	29.06587367	-33.06888965	-34.69775100	17.75492232	24.63924522
3.81500000	-5.23894905	-16.23945353	28.38983408	29.28174807	-33.42319611	-35.04166540	17.78469896	24.62287946
3.82333330	-5.50805223	-16.14989502	28.97662653	29.86313590	-33.79111051	-35.36474297	17.85438326	24.85657272
3.83166670	-5.45568362	-16.47686854	29.21026762	30.08504704	-34.18908963	-35.74210767	17.87664522	24.89145483
3.84000000	-5.64530249	-16.49637573	29.70178410	30.56910002	-34.54904193	-36.10509830	18.11645552	25.13726156
3.84833330	-5.81113718	-16.55141544	30.15816950	31.07842498	-34.90289814	-36.53686879	18.11488165	25.28941422
3.85666670	-5.77891409	-16.81469428	30.42789332	31.28418114	-35.33406218	-36.84186218	18.20154546	25.31805687
3.86500000	-6.04273728	-16.72603453	31.04313679	31.88618242	-35.75553886	-37.23798023	18.39515329	25.70285679
3.87333330	-6.17045467	-16.91319315	31.47400696	32.36368470	-36.14810899	-37.67939305	18.49539244	25.85934528
3.88166670	-6.34452275	-16.90766525	32.04452381	32.86576910	-36.68179281	-38.07419129	18.64473783	26.04444552
3.89000000	-6.29633685	-17.25204514	32.30383342	33.10052170	-37.09663656	-38.43300617	18.61877277	26.06759971
3.89833330	-6.65281735	-17.06404201	33.07881914	33.94908509	-37.64356942	-38.99122276	18.95404682	26.37246385
3.90666670	-6.59825206	-17.38923349	33.32768843	34.17332536	-38.07240369	-39.38968248	18.91254400	26.42702284
3.91500000	-6.93510723	-17.25415700	34.05064982	34.94375424	-38.55635491	-39.84404790	19.23901289	26.66429992
3.92333330	-6.88121144	-17.58555136	34.31201774	35.16013310	-38.98827392	-40.22694995	19.20264937	26.73960151
3.93166670	-7.13323806	-17.55833575	34.94541148	35.77373499	-39.47281059	-40.61041547	19.35310046	27.09027254
3.94000000	-7.28665692	-17.63303283	35.49727566	36.32787380	-40.02670125	-41.09056648	19.49794618	27.30275525
3.94833330	-7.46021675	-17.70778919	36.09882016	36.85989745	-40.61101788	-41.51324664	19.90876804	27.53571623
3.95666670	-7.57823477	-17.84126272	36.59685591	37.39311398	-41.15290367	-42.04998890	20.01214066	27.69143111
3.96500000	-7.71617072	-17.95291661	37.14886374	37.93563913	-41.75545243	-42.55969284	20.26597264	27.92732817
3.97333330	-7.62981628	-18.35313086	37.39825284	38.19915722	-42.23310807	-43.04610014	20.30622862	27.96311422
3.98166670	-7.87097385	-18.35219685	38.05886796	38.77876484	-42.76430092	-43.40548554	20.60208659	28.40502034
3.99000000	-8.03001548	-18.45025855	38.60666940	39.31060925	-43.27244153	-43.83835611	20.57265777	28.68448161
3.99833330	-8.14203736	-18.59415820	39.08809853	39.89233677	-43.76158343	-44.49931835	20.77331217	28.79337565
4.00666670	-8.24946428	-18.73791357	39.58533594	40.38704062	-44.31465596	-44.96876273	20.92310014	29.03440230
4.01500000	-8.35605187	-18.85342745	40.13268849	40.89207968	-44.94734532	-45.47928096	21.09137243	29.28681876
4.02333330	-8.43232868	-19.03307193	40.61992931	41.33977652	-45.52729371	-45.93028121	21.24711499	29.56323098
4.03166670	-8.57453380	-19.14079953	41.14170114	41.87460462	-46.04654360	-46.42728800	21.44561205	29.80886112
4.04000000	-8.49710906	-19.53112587	41.38752729	42.14067617	-46.53367942	-46.89008298	21.47387870	29.86334700
4.04833330	-8.83295293	-19.37853488	42.16157085	42.99304410	-47.11020955	-47.48780936	21.74552649	30.23538616
4.05666670	-8.87854679	-19.61049945	42.62378682	43.38812741	-47.69563530	-47.98778314	21.90876833	30.52165895
4.06500000	-9.12538619	-19.55495002	43.29845650	44.11230994	-48.29796427	-48.49524587	22.10119594	30.77437377
4.07333330	-9.16215650	-19.81920851	43.70491045	44.44763928	-48.81271048	-48.89075113	22.25867410	31.12809537
4.08166670	-9.27657707	-19.99447512	44.18399944	44.98689173	-49.30809891	-49.46810773	22.39215080	31.32546394
4.09000000	-9.40448094	-20.09218184	44.71688974	45.51611917	-49.87491946	-49.96601781	22.54959191	31.50465183
4.09833330	-9.33213767	-20.49121906	45.00315841	45.78109053	-50.38466424	-50.38347304	22.59196222	31.56626693
4.10666670	-9.57323471	-20.47779816	45.62748199	46.40273935	-50.86794108	-50.89166908	22.84278543	32.03202125
4.11500000	-9.94810859	-20.26549361	46.42727259	47.30565757	-51.46397161	-51.45851206	23.05180094	32.18466220
4.12333330	-9.97016300	-20.55645716	46.78042435	47.65699904	-51.92602421	-51.95524913	23.16581726	32.39304904
4.13166670	-10.06274793	-20.75466277	47.26884140	48.07566696	-52.46352541	-52.41600660	23.33541363	32.66283791
4.14000000	-10.01794225	-21.12028377	47.54879983	48.33954867	-52.93784060	-52.83019410	23.37832069	32.72940968
4.14833330	-10.41017346	-20.88788711	48.38143241	49.18682986	-53.51152321	-53.32504314	23.68544158	33.21478107
4.15666670	-10.44124396	-21.19460332	48.76279405	49.52779238	-53.97131313	-53.74347458	23.75410407	33.37436474
4.16500000	-10.74153725	-21.06340582	49.44594771	50.23777079	-54.52082074	-54.20619227	24.01694108	33.65054047
4.17333330	-10.66901659	-21.45386872	49.68900806	50.46760116	-54.97971037	-54.65529467	24.03314787	33.72091425
4.18166670	-10.83245698	-21.65122925	50.18146139	50.99544370	-55.41377228	-55.13852660	24.23213603	34.07341329
4.19000000	-11.03813525	-21.70007014	50.75238042	51.59989167	-55.93272925	-55.62724166	24.38479732	34.31608749
4.19833330	-11.18915286	-21.85682198	51.26805076	52.10034861	-56.44336588	-56.07248196	24.58835823	34.48934924
4.20666670	-11.36669461	-21.95498432	51.80546243	52.70482936	-56.94148300	-56.59375757	24.76062083	34.82905888
4.21500000	-11.51944986	-22.08710379	52.30809079	53.21384183	-57.43015006	-57.04779101	24.91384680	34.95194397
4.22333330	-11.66364171	-22.27782081	52.84407409	53.72459897	-57.93692900	-57.53313391	25.00104168	35.14825655
4.23166670	-11.85373354	-22.35826584	53.38164432	54.32091250	-58.43379589	-58.01205428	25.14101374	35.39054208
4.24000000	-11.99100021	-22.50500395	53.88606772	54.84123565	-58.93067226	-58.51570170	25.31354213	35.55765183
4.24833330	-12.13909264	-22.63983124	54.39704127	55.32605898	-59.44056071	-58.94968011	25.44158270	35.72968046
4.25666670	-12.09176974	-22.98952269	54.67921962	55.61297425	-59.94870592	-59.40535025	25.46220720	35.78572457
4.26500000	-12.51846394	-22.74291342	55.50772315	56.45704465	-60.48701155	-59.86466794	25.71970021	36.20593001
4.27333330	-12.59911219	-23.04891056	55.92091097	56.87304842	-60.92792569	-60.30605166	25.79425255	36.35042714
4.28166670	-12.53686818	-23.36824993	56.15399274	57.08051190	-61.32767670	-60.68817174	25.82115613	36.37682430
4.29000000	-12.91221769	-23.25313637	56.97542658	57.99751922	-61.95478079	-61.32023973	26.12166168	36.74387782
4.29833330	-12.98435621	-23.56385378	57.39830893	58.39607802	-62.40170394	-61.76766825	26.19148074	36.98554719
4.30666670	-13.07714739	-23.76091511	57.85161280	58.87334520	-62.90469891	-62.27972634	26.36002046	37.13071911
4.31500000	-13.22426798	-23.92973838	58.37502839	59.39189790	-63.41077925	-62.76556637	26.47969834	37.38966101
4.32333330	-13.14628216	-24.21516127	58.59742514	59.57569010	-63.84024132	-63.15802952	26.50599217	37.40492676
4.33166670	-13.41821653	-24.36921894	59.30292800	60.28915821	-64.44335970	-63.70633311	26.77362072	37.80896010
4.34000000	-13.64165169	-24.42615993	59.92450034	60.91472237	-64.97449872	-64.21272928	26.95548950	38.04711835
4.34833330	-13.57220949	-24.75411333	60.18819031	61.12388000	-65.44960774	-64.59044825	26.97292884	38.07178471
4.35666670	-14.04537666	-24.53253451	61.16748610	62.06332367	-66.07580214	-65.12924311	27.16483186	38.43967975
4.36500000	-14.32206175	-24.46815865	61.84886270	62.79418425	-66.60047971	-65.65532121	27.34298472	38.61451314
4.37333330	-14.24311123	-24.85447391	62.09666713	62.98959360	-67.06509651	-66.06293280	27.36462808	38.64477132
4.38166670	-14.44412836	-25.00611753	62.70854653	63.65710581	-67.62642416	-66.65078968	27.58810808	39.04737115
4.39000000	-14.70807219	-25.00532602	63.38975572	64.33853453	-68.18541021	-67.17332126	27.78509277	39.23880049
4.39833330	-14.69443667	-25.39258261	63.71340257	64.69468428	-68.66219370	-67.67955572	27.87683320	39.44630785
4.40666670	-14.76021523	-25.64581073	64.14210287	65.13103902	-69.16519328	-68.17137250	27.98235843	39.64925249
4.41500000	-14.90432495	-25.76314051	64.70768306	65.68336650	-69.72853110	-68.71954585	28.12645566	39.93594167
4.42333330	-14.98165584	-26.01893517	65.15235223	66.15069683	-70.24250213	-69.20390263	28.22080305	40.09267718
4.43166670	-15.14554538	-26.11925367	65.75110183	66.66478320	-70.79164129	-69.74550869	28.45017530	40.40796900
4.44000000	-15.26930624	-26.19687418	66.25636218	67.23794142	-71.29729913	-70.29922460	28.48139240	40.57272047
4.44833330	-15.37442040	-26.43371355	66.74862151	67.73504222	-71.83681430	-70.77974186	28.62845099	40.82921372
4.45666670	-15.51754680	-26.53271758	67.33625369	68.26611166	-72.43393603	-71.32211479	28.77306253	41.03276608
4.46500000	-15.83738086	-26.30695026	68.07718135	69.07373801	-73.00266520	-71.84022171	28.77727333	41.04136075
4.47333330	-15.78011492	-26.68294570	68.40060264	69.37742297	-73.56006027	-72.37006316	28.86320557	41.49255981
4.48166670	-15.83884813	-26.94828500	68.86887718	69.82643081	-74.08038288	-72.87164226	29.06154937	41.69511409
4.49000000	-15.92073184	-27.13408080	69.33922958	70.36478520	-74.70723337	-73.44066762	29.96029445	41.97998113
4.49833330	-15.96380964	-27.39124237	69.77076599	70.81792890	-75.24590534	-73.96690290	30.03866763	42.24312419
4.50666670	-16.02278001	-27.62018969	70.19911107	71.30848756	-75.79943972	-74.48679245	30.27526714	42.45651339
4.51500000	-16.13532075	-27.77714489	70.72170631	71.84602151	-76.37270322	-75.02797207	30.38374427	42.71346460
4.52333330	-16.24865786	-27.92353705	71.21449819	72.41853942	-76.90672993	-75.55259547	30.56294757	42.96052025
4.53166670	-16.33748046	-28.12281921	71.67424724	72.94781049	-77.41280305	-76.09718424	30.71495463	43.11108341
4.54000000	-16.26054562	-28.44126655	71.93515836	73.16249973	-77.88271607	-76.47080081	30.74867261	43.14843910
4.54833330	-16.46674074	-28.54087818	72.53785787	73.94110555	-78.45641323	-77.11029513	30.98614854	43.56495623
4.55666670	-16.61586908	-28.68499682	73.11616664	74.51839305	-79.04770164	-77.57792250	31.16745112	43.75169979
4.56500000	-16.72510757	-28.84994516	73.61593046	75.03443156	-79.53742824	-78.05408679	31.30893519	43.99358585
4.57333330	-16.64483235	-29.16983293	73.89252110	75.34337097	-80.09998708	-78.54880730	31.35330169	44.05256449
4.58166670	-16.82649589	-29.33246009	74.42073891	75.98112240	-80.57280421	-79.02578780	31.55767603	44.33738042
4.59000000	-17.00866402	-29.41629861	75.00402030	76.55581401	-81.06805839	-79.48330568	31.72870157	44.51839821
4.59833330	-17.26952149	-29.38412556	75.65607272	77.22153084	-81.52460825	-79.91704093	31.86722837	44.74468620
4.60666670	-17.19847033	-29.70824280	75.90068026	77.45661149	-81.99017033	-80.33466213	31.90211990	44.75978675
4.61500000	-17.32756389	-29.85816970	76.41672695	78.05677233	-82.49789481	-80.90874252	32.12917909	45.01168306
4.62333330	-17.43309316	-30.02035816	76.86407848	78.57312705	-82.98688063	-81.37182087	32.30177084	45.19406809
4.63166670	-17.52189119	-30.17572484	77.32856096	79.08466138	-83.49644201	-81.85087973	32.35217493	45.35102877
4.64000000	-17.52045686	-30.45305676	77.64977754	79.44761569	-83.97186712	-82.25780310	32.40752403	45.46465288
4.64833330	-17.66499441	-30.57937427	78.10381261	80.00346176	-84.37756265	-82.73012477	32.64380332	45.64445408
4.65666670	-17.61129255	-30.88385276	78.34134642	80.20670692	-84.76687681	-83.03553966	32.66454910	45.66450312
4.66500000	-17.83271279	-30.92868753	78.92408598	80.92965751	-85.26363474	-83.56147128	32.90559933	45.93466627
4.67333330	-17.97671910	-31.02549422	79.41202470	81.44146306	-85.70234095	-83.93204331	33.02829087	46.07158108
4.68166670	-17.92398447	-31.36809765	79.66251229	81.72310775	-86.14679226	-84.34276384	33.06906490	46.12889635
4.69000000	-18.06489328	-31.55247572	80.10134843	82.28078117	-86.53610825	-84.73446253	33.23258723	46.32416139
4.69833330	-18.22816257	-31.60698280	80.61520945	82.79587270	-86.95270080	-85.12383905	33.33829501	46.46309156
4.70666670	-18.29445719	-31.81862884	80.94799950	83.24756211	-87.32953687	-85.51230101	33.45215716	46.53839555
4.71500000	-18.38288717	-31.98119643	81.36875717	83.65927108	-87.76346450	-85.88538534	33.58439068	46.67590186
4.72333330	-18.42258925	-32.21075349	81.69957283	84.07055051	-88.16540900	-86.26600118	33.68199463	46.80967094
4.73166670	-18.49064053	-32.42178860	82.04202926	84.45683551	-88.52520142	-86.60323344	33.72580478	46.88125956
4.74000000	-18.44436952	-32.70836349	82.30083135	84.71706816	-88.93604362	-86.99374673	33.76869166	46.91786429
4.74833330	-18.60732466	-32.86153546	82.69155983	85.25702363	-89.25155434	-87.34359127	33.91631139	47.08652889
4.75666670	-18.69181231	-33.01900016	83.05092151	85.73188319	-89.64232167	-87.73086880	34.06146079	47.19917958
4.76500000	-18.92247666	-32.90073437	83.64437504	86.30014960	-90.06496098	-88.08757595	34.06816223	47.18872204
4.77333330	-18.91494958	-33.28245451	83.86093016	86.59510323	-90.37579951	-88.40036024	34.20008715	47.34030136
4.78166670	-18.88839671	-33.51490690	84.11641831	86.86412623	-90.78584535	-88.74316735	34.27107687	47.31910874
4.79000000	-19.02518760	-33.66440647	84.53798871	87.36087908	-91.13676522	-89.08827465	34.37246762	47.50437636
4.79833330	-19.09688002	-33.82680049	84.89252595	87.77027208	-91.50737702	-89.43174702	34.50621778	47.47733303
4.80666670	-19.05010517	-34.08938980	85.12626216	88.01095010	-91.89585804	-89.80252285	34.53867812	47.54032690
4.81500000	-19.14936281	-34.25657932	85.51091374	88.44683544	-92.25677867	-90.13921293	34.51757835	47.80862524
4.82333330	-19.21574126	-34.41298136	85.86099956	88.86795529	-92.64633407	-90.52166050	34.80528798	47.93163285
4.83166670	-19.29515316	-34.53730372	86.28734251	89.21671971	-93.03266728	-90.85337924	34.70408907	48.08788074
4.84000000	-19.23733117	-34.82884701	86.53122858	89.41574453	-93.42575035	-91.14703433	34.73393744	48.10418764
4.84833330	-19.31752678	-34.98115305	86.90831058	89.89007975	-93.82566379	-91.60869525	35.06379639	48.27109934
4.85666670	-19.38010279	-35.11900596	87.28427068	90.34991191	-94.20001762	-92.04565960	34.99012375	48.38631948
4.86500000	-19.39118356	-35.30213948	87.62536661	90.63626405	-94.61637159	-92.41670872	35.29741450	48.49425714
4.87333330	-19.32678484	-35.59080427	87.84875584	90.84186914	-94.99549933	-92.72386544	35.30283594	48.51038297
4.88166670	-19.26039337	-35.86574547	88.08355646	91.08947917	-95.40012756	-93.14931202	35.31056140	48.56590857
4.89000000	-19.37273243	-35.95944221	88.52646358	91.60808633	-95.80024806	-93.58556270	35.44478891	48.89049327
4.89833330	-19.32102276	-36.23183663	88.76997750	91.81389703	-96.19646169	-93.90611104	35.47635666	48.89687810
4.90666670	-19.24390938	-36.48010520	89.01308745	92.06899751	-96.61027144	-94.35397100	35.51429447	48.95948086
4.91500000	-19.40068321	-36.50969283	89.49343103	92.66481947	-97.00806441	-94.81259101	35.79502583	49.26588618
4.92333330	-19.30247785	-36.74011155	89.74896943	92.88927078	-97.45145813	-95.24478887	35.81983323	49.32197109
4.93166670	-19.41598742	-36.82090935	90.20395830	93.36935105	-97.86438305	-95.62528099	36.04724772	49.38270125
4.94000000	-19.36116845	-37.09724227	90.44231558	93.55645770	-98.23760641	-95.95056985	36.07016638	49.45060077
4.94833330	-19.24749709	-37.36178220	90.67413205	93.80587175	-98.67441455	-96.39418932	36.09559694	49.52089864
4.95666670	-19.35785686	-37.42367887	91.11952212	94.36187907	-99.08800619	-96.87982739	36.35873382	49.88960554
4.96500000	-19.26853036	-37.68340084	91.35165798	94.56288727	-99.49813238	-97.23371150	36.38785676	49.90963710
4.97333330	-19.25834878	-37.81443664	91.69664222	95.04592170	-99.95772479	-97.76767704	36.59537529	50.15934360
4.98166670	-19.17704452	-38.07154346	91.92298265	95.23513087	-100.33907123	-98.11319606	36.62594513	50.19959833
4.99000000	-19.06656012	-38.32834116	92.16284143	95.45858934	-100.79081548	-98.56079894	36.66566495	50.25108583
4.99833330	-18.95589529	-38.59229643	92.39206624	95.71757265	-101.22583623	-98.97738887	36.72236830	50.32549580
5.00666670	-19.06428016	-38.65903286	92.85542069	96.30177404	-101.65414181	-99.46536570	37.11903163	50.82241998
5.01500000	-18.94833663	-38.90844677	93.07993228	96.53334769	-102.06534974	-99.89797319	37.17216562	50.87940793
5.02333330	-18.87752533	-39.17171046	93.32874304	96.76037446	-102.44425675	-100.26243898	37.21531558	50.93903739
5.03166670	-18.95445461	-39.26604321	93.71888561	97.37288380	-102.87064651	-100.77782277	37.45035532	51.34647778
5.04000000	-18.82796732	-39.49460600	93.96614843	97.60780539	-103.32204827	-101.20122227	37.57226114	51.38929357
5.04833330	-18.85889359	-39.64433032	94.25870808	98.10273611	-103.69614724	-101.65781100	37.87813895	51.62995652
5.05666670	-18.76197732	-39.91520443	94.50628797	98.28978050	-104.08252870	-102.00353801	37.89791311	51.66031974
5.06500000	-18.63028194	-40.17795717	94.73119711	98.54921666	-104.51410448	-102.45586093	37.92168120	51.70570247
5.07333330	-18.73932021	-40.21802387	95.12922190	99.22678086	-104.88400734	-102.95699522	37.87301606	51.87893902
5.08166670	-18.58763609	-40.48271876	95.35484336	99.46484295	-105.34062395	-103.42401306	37.96691454	51.92799747
5.09000000	-18.61331992	-40.64826023	95.69180318	99.91849573	-105.72360860	-103.86213622	38.03041712	52.10386747
5.09833330	-18.46990621	-40.89991590	95.93109591	100.15479457	-106.16850419	-104.32168855	38.12025562	52.15251455
5.10666670	-18.50242811	-41.04119767	96.30671759	100.59301938	-106.55727173	-104.72685364	38.40562824	52.39065674
5.11500000	-18.38249379	-41.28525094	96.52919191	100.80905956	-106.96068550	-105.11878794	38.42500218	52.40618033
5.12333330	-18.26483481	-41.54548279	96.77236519	101.07108026	-107.38222753	-105.54656451	38.46322916	52.47483797
5.13166670	-18.33656361	-41.60992960	97.21282807	101.53681637	-107.76452971	-105.94944088	38.61342174	52.66369949
5.14000000	-18.21715067	-41.88899682	97.41980931	101.77281994	-108.15186022	-106.34030659	38.63307054	52.70452854
5.14833330	-18.08074428	-42.13805296	97.65265047	102.00937397	-108.57016125	-106.77214947	38.67358795	52.77436128
5.15666670	-18.12749309	-42.25555705	98.03585798	102.46353567	-108.92233559	-107.15236601	38.60508293	52.95771063
5.16500000	-18.00166572	-42.51877528	98.26541101	102.70244131	-109.31848781	-107.55416554	38.69740159	52.98601666
5.17333330	-17.98143028	-42.68801795	98.60033354	103.09757408	-109.71146337	-107.97975481	38.98559467	53.17900557
5.18166670	-17.89314385	-42.95317371	98.83863980	103.27227215	-110.03607275	-108.29974521	39.00411963	53.20008253
5.19000000	-17.85624809	-43.08250322	99.22973080	103.66015289	-110.49008105	-108.74869663	39.11931335	53.40186269
5.19833330	-17.74165247	-43.31786000	99.46977842	103.86955921	-110.84489345	-109.11540362	39.13639693	53.42546810
5.20666670	-17.63543672	-43.57878466	99.71268212	104.09982585	-111.20867056	-109.47032456	39.11053130	53.47768053
5.21500000	-17.67191838	-43.64949750	100.15954115	104.48204705	-111.59405376	-109.84161043	39.05492425	53.65712808
5.22333330	-17.57660335	-43.91717844	100.39078045	104.65865714	-111.91018925	-110.16803855	39.07750757	53.66820926
5.23166670	-17.44520811	-44.17201674	100.61356834	104.88419089	-112.29223083	-110.54168464	39.10034734	53.70009801
5.24000000	-17.46880191	-44.18242098	101.05305707	105.27070767	-112.67778740	-110.91058223	39.29811203	53.80027887
5.24833330	-17.38090007	-44.44754818	101.24637124	105.46359718	-112.96566644	-111.22308564	39.30975389	53.82265879
5.25666670	-17.19601155	-44.64691730	101.45067794	105.69714830	-113.37758880	-111.65956653	39.33695218	53.88956457
5.26500000	-17.14166758	-44.85146031	101.72904543	105.94727579	-113.70474622	-111.99428681	39.40173263	54.06634183
5.27333330	-17.01148130	-45.11877116	101.93899030	106.12076470	-114.04809791	-112.30098033	39.42185607	54.07725251
5.28166670	-16.84946078	-45.35411884	102.12065436	106.31455935	-114.42543603	-112.68148875	39.44730706	54.10865971
5.29000000	-16.64581174	-45.60448657	102.27506607	106.48359133	-114.77463827	-113.09552354	39.54254892	54.28424589
5.29833330	-16.49867316	-45.83541804	102.42977085	106.66499154	-115.11928022	-113.43415978	39.55584778	54.30405140
5.30666670	-16.38365672	-46.08782576	102.62891619	106.83330296	-115.45365648	-113.71617624	39.56857997	54.33142333
5.31500000	-16.15847088	-46.30447748	102.79957758	107.03536576	-115.85890287	-114.16751652	39.58731199	54.42416435
5.32333330	-15.91668933	-46.72209644	102.81920154	107.03142657	-116.22355209	-114.43902088	39.53308973	54.58065465
5.33166670	-15.74884723	-46.92545475	102.97282706	107.25109123	-116.56003830	-114.85216163	40.17241705	54.76862508
5.34000000	-15.57725409	-47.14559443	103.13362108	107.43786696	-116.90323415	-115.22207695	40.07571772	54.80203108
5.34833330	-15.41024865	-47.35062453	103.29167791	107.62906224	-117.25080024	-115.59107397	40.04373498	54.84103864
5.35666670	-15.22880970	-47.57108887	103.43451877	107.79730530	-117.58443860	-115.94503462	40.06542841	54.96806420
5.36500000	-15.09591011	-47.80102441	103.61351121	107.96271029	-117.91030285	-116.25339151	40.08459744	54.98827515
5.37333330	-14.88556425	-48.00505171	103.74817297	108.13021972	-118.29934938	-116.65457837	40.10827366	55.04160867
5.38166670	-14.77032288	-48.22617767	103.93271295	108.30881066	-118.60400697	-116.93109208	40.14462190	55.06870177
5.39000000	-14.60446622	-48.43929889	104.12199752	108.48082606	-118.97193453	-117.29608228	40.17542263	55.12544949
5.39833330	-14.39789225	-48.60737352	104.26350770	108.67962967	-119.32336181	-117.68270494	40.33232506	55.45195092
5.40666670	-14.22630025	-48.83295721	104.40215930	108.84101382	-119.65603844	-118.01986514	40.34165452	55.46957664
5.41500000	-14.10959095	-49.07193029	104.58607344	109.01993601	-119.95665419	-118.29186154	40.35097715	55.49822333
5.42333330	-13.88621786	-49.28088328	104.75638196	109.15787906	-120.34572115	-118.69802030	40.48204354	55.72622511
5.43166670	-13.72025964	-49.46686644	104.91820921	109.30077242	-120.67295800	-119.01248757	40.50091971	55.75124899
5.44000000	-13.56460393	-49.66925749	105.09752633	109.47295138	-121.01980183	-119.33057508	40.58503302	55.79490377
5.44833330	-13.41148191	-49.85700207	105.28383770	109.63359807	-121.34476695	-119.65847538	40.65335037	55.85555362
5.45666670	-13.30656003	-49.97890221	105.50520494	109.83763023	-121.63436578	-119.94674936	40.84005783	56.07192923
5.46500000	-13.13034148	-50.18920463	105.65637162	110.00003490	-121.96321619	-120.28022366	40.84921451	56.09079346
5.47333330	-12.98083426	-50.36832301	105.81827525	110.15803012	-122.27380808	-120.59127021	40.87605619	56.13818025
5.48166670	-12.94987666	-50.48609843	105.92982309	110.04300351	-122.47549104	-120.52345376	40.97569094	57.52312224
5.49000000	-12.72168471	-50.70066835	106.10039543	110.51803373	-122.84680083	-121.17243823	40.99193375	56.38083911
5.49833330	-12.58960184	-50.88463662	106.23274407	110.66432393	-123.09436161	-121.44011316	41.01925580	56.40188747
5.50666670	-12.45196866	-51.03623251	106.38686921	110.77604684	-123.34838638	-121.70495357	41.04525975	56.44421759
5.51500000	-12.35971047	-51.11869922	106.58519779	110.88591222	-123.57392562	-121.90733339	41.06755893	56.59318672
5.52333330	-12.22188016	-51.29878471	106.72153645	111.00837009	-123.80941072	-122.18129087	41.07274083	56.61288844
5.53166670	-12.10292406	-51.44375072	106.83336186	111.08910439	-124.01127162	-122.38663247	41.08498450	56.62974420
5.54000000	-12.01088693	-51.58518134	106.95696679	111.18855061	-124.20018747	-122.56489345	41.09579715	56.64771661
5.54833330	-11.90281015	-51.69748975	107.06689125	111.28096770	-124.38990251	-122.77262684	41.10528656	56.67267389
5.55666670	-11.83062622	-51.82191690	107.16960214	111.34822878	-124.52986510	-122.91826937	41.10867052	56.70005354
5.56500000	-11.81899513	-51.89351461	107.20365391	111.37755041	-124.53866696	-122.93001771	41.11094539	56.70363842
5.57333330	-11.61100947	-51.97877974	107.28351459	111.42194697	-124.80501123	-123.21044946	41.08744674	56.81401801
5.58166670	-11.56577907	-52.10714253	107.38876432	111.45997287	-124.90353178	-123.31275334	41.09102626	56.82514178
5.59000000	-11.46289812	-52.18138672	107.42448461	111.49797242	-125.02235991	-123.45045730	41.09894887	56.84579412
5.59833330	-11.43501611	-52.23003830	107.44732555	111.50660167	-125.04503757	-123.48191205	41.10149147	56.85283249
5.60666670	-11.38234348	-52.28630569	107.47349257	111.51390938	-125.10139482	-123.53230467	41.10514838	56.86235261
5.61500000	-11.14971280	-52.46838422	107.25371681	111.39914950	-125.18072925	-123.64795617	41.18287520	56.98268170
5.62333330	-11.14323267	-52.48701744	107.25897180	111.40710402	-125.18693604	-123.64974751	41.18034753	56.98221518
5.63166670	-11.09358473	-52.50438714	107.28635810	111.37890129	-125.24438346	-123.69572271	41.16016614	56.97790403
5.64000000	-11.07707966	-52.52791222	107.30079583	111.38264274	-125.24361823	-123.69638620	41.15612966	56.97808707
5.64833330	-11.03716511	-52.53304126	107.32202457	111.32992884	-125.27934933	-123.70765560	41.16431863	56.97613340
5.65666670	-10.99897701	-52.55941637	107.34108256	111.27947135	-125.29226371	-123.70190879	41.18202466	56.97345055
5.66500000	-10.99859351	-52.55975019	107.34102200	111.27965799	-125.29238345	-123.70192598	41.18188453	56.97345838
5.67333330	-10.87938683	-52.67412161	107.37668218	110.93550027	-125.30181451	-123.64289651	41.25673337	56.88124434
5.68166670	-10.88453248	-52.67561529	107.38362275	110.90747654	-125.27897242	-123.62563690	41.24929665	56.87988014
5.69000000	-10.88341996	-52.67559608	107.38272469	110.90888547	-125.27909838	-123.62467226	41.24911644	56.87989823
5.69833330	-10.89540623	-52.66978858	107.37103101	110.85125253	-125.20947974	-123.54460074	41.23886395	56.87414864
5.70666670	-10.89024626	-52.66953595	107.37426544	110.84184799	-125.20401863	-123.53799298	41.23759286	56.87289393
5.71500000	-10.90197634	-52.65837693	107.37478733	110.79374087	-125.16630479	-123.50495138	41.23378232	56.87014355
5.72333330	-10.92319260	-52.66107870	107.36243543	110.75671983	-125.10322151	-123.42005728	41.22443238	56.86276273
5.73166670	-10.91396716	-52.65745515	107.35635777	110.76269279	-125.09548416	-123.41711980	41.22287884	56.86221124
5.74000000	-10.92242582	-52.64399336	107.35653274	110.73584569	-125.07336799	-123.40603816	41.22000715	56.85877719
5.74833330	-10.93220614	-52.65830780	107.34899652	110.72584042	-125.01466486	-123.34725480	41.21293119	56.85003206
5.75666670	-10.94459314	-52.63858276	107.33916020	110.70526736	-125.01086679	-123.33880675	41.20914373	56.84690360
5.76500000	-10.94327961	-52.63861011	107.33932349	110.70624712	-125.00925319	-123.33738748	41.20893310	56.84680119
5.77333330	-10.98767430	-52.65195675	107.33756514	110.68805512	-124.90112106	-123.23016015	41.18578883	56.83312074
5.78166670	-10.98678209	-52.65072502	107.33656554	110.68919026	-124.90113729	-123.22933164	41.18551601	56.83294072
5.79000000	-10.97496442	-52.63719301	107.32780551	110.70019888	-124.90083366	-123.21905499	41.17839776	56.83047327
5.79833330	-11.01014838	-52.62844682	107.21149287	110.88457104	-124.83666622	-123.16656857	41.03638436	56.63035431
5.80666670	-11.00918683	-52.62757413	107.21097096	110.88588331	-124.83615718	-123.16683458	41.03626283	56.63029008
5.81500000	-10.99494509	-52.62393198	107.21228064	110.90049267	-124.83408395	-123.16693630	41.03616600	56.62958605
5.82333330	-10.98788672	-52.62716652	107.21849565	110.91079638	-124.84077354	-123.17017740	41.03576333	56.62777719
5.83166670	-10.97716591	-52.64704234	107.24753327	110.92786965	-124.86837055	-123.17987382	41.03704811	56.62189787
5.84000000	-10.97760205	-52.64796233	107.24708842	110.92852555	-124.86869780	-123.18088341	41.03653427	56.62181110
5.84833330	-10.95218090	-52.69676217	107.29041979	110.98561985	-124.93135342	-123.21860276	41.03895386	56.61215340
5.85666670	-10.95160753	-52.69692021	107.29007951	110.98619792	-124.93109962	-123.21927123	41.03892468	56.61207946
5.86500000	-10.92790733	-52.69888726	107.29901739	111.00518933	-124.94587660	-123.23187794	41.03968480	56.61011044
5.87333330	-10.89712045	-52.73854776	107.33051066	111.05685470	-125.03834201	-123.29137823	41.01843343	56.60081196
5.88166670	-10.89623002	-52.73914866	107.33097623	111.05739221	-125.03774953	-123.29194563	41.01810552	56.60065264
5.89000000	-10.84333607	-52.79547517	107.38446944	111.13121699	-125.13165280	-123.37282851	41.03119493	56.59680046
5.89833330	-10.84211140	-52.79541250	107.38481725	111.13140372	-125.13188570	-123.37396004	41.03127628	56.59668073
5.90666670	-10.78725338	-52.82961325	107.41837298	111.19563832	-125.25695961	-123.45203669	41.04357647	56.59118566
5.91500000	-10.78606140	-52.82975358	107.41909111	111.19573295	-125.25595614	-123.45324591	41.04372618	56.59101094
5.92333330	-10.71762951	-52.87203302	107.46466707	111.27083834	-125.39360549	-123.55997424	41.05814885	56.57684360
5.93166670	-10.71689057	-52.87247224	107.46505791	111.27113615	-125.39301844	-123.56132941	41.05827650	56.57681122
5.94000000	-10.65040474	-52.91075833	107.49587757	111.36688620	-125.51458637	-123.70060204	41.08211064	56.55359499
5.94833330	-10.64026514	-52.91779092	107.50282264	111.37668767	-125.52096365	-123.70208713	41.08364525	56.55351918
5.95666670	-10.61398727	-52.94786900	107.51745942	111.41742730	-125.58541317	-123.72063339	41.09192114	56.55266711
5.96500000	-10.61456315	-52.94869044	107.51704681	111.41729739	-125.58602896	-123.72206378	41.09215652	56.55256330
5.97333330	-10.52731127	-53.00390314	107.56235407	111.49929201	-125.76678680	-123.87245846	41.12060643	56.54834915
5.98166670	-10.52625724	-53.00478571	107.56238889	111.49963065	-125.76633743	-123.87388244	41.12081729	56.54835477
5.99000000	-10.44061406	-53.03442982	107.58944942	111.54892031	-125.90834331	-124.02566201	41.15556564	56.54647253
5.99833330	-10.42759755	-53.04210649	107.58767125	111.56989826	-125.91453454	-124.03505979	41.16025017	56.54746684
6.00666670	-10.41815139	-53.03535231	107.58794221	111.56650657	-125.94380142	-124.05577609	41.16449134	56.54793819
6.01500000	-10.34425676	-53.08590473	107.60166239	111.60639551	-126.08965649	-124.17652034	41.19931079	56.55103010
6.02333330	-10.34296454	-53.08949143	107.60238878	111.60765478	-126.08881921	-124.17891434	41.20023683	56.55151567
6.03166670	-10.26829633	-53.14130963	107.59174411	111.64283528	-126.19643924	-124.29463052	41.24507635	56.57922242
6.04000000	-10.26892962	-53.14528289	107.59310388	111.64177630	-126.19691632	-124.29480932	41.24604309	56.57956538
6.04833330	-10.26540049	-53.16543034	107.60211734	111.64126489	-126.21803502	-124.31342510	41.25214359	56.58256316
6.05666670	-10.18399843	-53.21112162	107.59929703	111.66622184	-126.34269959	-124.41584291	41.29272673	56.60102698
6.06500000	-10.18426343	-53.21174891	107.59867221	111.66584587	-126.34248841	-124.41573576	41.29290357	56.60110049
6.07333330	-10.18429356	-53.21491924	107.59845291	111.66549361	-126.34508530	-124.42010656	41.29379270	56.60183437
6.08166670	-10.09927987	-53.26498156	107.58241257	111.68564510	-126.45241301	-124.55862316	41.32827348	56.63116569
6.09000000	-10.09853185	-53.26759634	107.58290617	111.68499397	-126.45373397	-124.55857483	41.32913211	56.63178906
6.09833330	-10.09757003	-53.27050317	107.58380523	111.68388478	-126.45614182	-124.56037107	41.33003847	56.63234694
6.10666670	-10.07708020	-53.29116985	107.59418541	111.67408484	-126.49592497	-124.59837550	41.33851677	56.64089303
6.11500000	-10.00156306	-53.32045413	107.57838673	111.68026488	-126.57003953	-124.68821952	41.36277546	56.66265623
6.12333330	-9.99976891	-53.32242050	107.57915842	111.67937060	-126.57073092	-124.69003103	41.36359956	56.66323601
6.13166670	-9.99916699	-53.32318165	107.57918223	111.67900194	-126.57142955	-124.69107902	41.36380235	56.66346693
6.14000000	-9.92316035	-53.35998337	107.56704820	111.66231318	-126.63566230	-124.79637690	41.39259050	56.68836543
6.14833330	-9.92312453	-53.36075549	107.56702163	111.66222051	-126.63581647	-124.79549925	41.39279183	56.68853084
6.15666670	-9.92463450	-53.36741657	107.56500743	111.65537475	-126.63992249	-124.80213119	41.39498262	56.69150849
6.16500000	-9.91403816	-53.36793739	107.56575009	111.64619873	-126.63712631	-124.81359247	41.39713748	56.69517337
6.17333330	-9.91322393	-53.36815568	107.56540301	111.64645858	-126.63719807	-124.81421712	41.39716072	56.69541640
6.18166670	-9.74607759	-53.55637636	107.29302676	111.62180749	-126.59697343	-124.92155666	41.43368321	56.89031378
6.19000000	-9.73712035	-53.55300421	107.29288067	111.62397199	-126.59841581	-124.92561674	41.43373331	56.88979034
6.19833330	-9.72867636	-53.54364824	107.29663783	111.60257123	-126.59666578	-124.96955384	41.43318792	56.89042918
6.20666670	-9.72622013	-53.54257064	107.29671248	111.60336386	-126.59660479	-124.96924602	41.43317456	56.89046839
6.21500000	-9.70774527	-53.52284725	107.29404208	111.58075835	-126.58366266	-125.00553309	41.43152470	56.89373177
6.22333330	-9.69650001	-53.51517594	107.29499491	111.57623654	-126.58183738	-125.00968166	41.43025402	56.89454366
6.23166670	-9.68082800	-53.50783371	107.29310757	111.57622340	-126.57466909	-125.01943002	41.42840174	56.89640685
6.24000000	-9.62184676	-53.50170010	107.24772930	111.56995365	-126.60146783	-125.11098439	41.38607732	56.91974212
6.24833330	-9.61152665	-53.49802964	107.24977024	111.56686755	-126.59395043	-125.11594376	41.38416522	56.92298258
6.25666670	-9.60507205	-53.49123678	107.25018766	111.56124680	-126.59150753	-125.12154062	41.38274547	56.92465800
6.26500000	-9.59072318	-53.47673080	107.24941615	111.54363092	-126.57921102	-125.15037533	41.37730304	56.93050424
6.27333330	-9.58911323	-53.47612908	107.24943294	111.54334686	-126.57904082	-125.15052285	41.37706565	56.93076664
6.28166670	-9.55483155	-53.46320129	107.24931279	111.52108877	-126.56612184	-125.20308041	41.36552844	56.94714120
6.29000000	-9.54108247	-53.45811263	107.25036886	111.52181002	-126.56751710	-125.19998938	41.36363210	56.94911955
6.29833330	-9.50032072	-53.45462279	107.24127887	111.50570916	-126.57416146	-125.26971669	41.33941252	56.97536982
6.30666670	-9.48294366	-53.45084628	107.24396288	111.51079072	-126.57681930	-125.26378309	41.33733882	56.97747180
6.31500000	-9.43416460	-53.45963353	107.23746672	111.51391910	-126.58983078	-125.33578671	41.31116916	57.00824447
6.32333330	-9.43361999	-53.45990530	107.23722388	111.51377853	-126.59044850	-125.33453208	41.31089091	57.00839120
6.33166670	-9.41081978	-53.45611447	107.24328789	111.51751370	-126.59141892	-125.33162035	41.30821885	57.01079255
6.34000000	-9.40880602	-53.45610375	107.24357669	111.51752171	-126.59141979	-125.33187500	41.30793917	57.01109992
6.34833330	-9.34457977	-53.48005797	107.25759013	111.52810728	-126.60240524	-125.41002655	41.28823031	57.02792051
6.35666670	-9.34446472	-53.47998736	107.25688620	111.52803274	-126.60415611	-125.41050991	41.28784499	57.02816025
6.36500000	-9.29429873	-53.50807321	107.25009804	111.55979918	-126.65187115	-125.45679387	41.26260103	57.04762319
6.37333330	-9.27604755	-53.50959864	107.26152395	111.55509008	-126.64329083	-125.46022359	41.25937784	57.04928918
6.38166670	-9.25256339	-53.52050504	107.26901235	111.56228138	-126.64737379	-125.47208765	41.25365242	57.05267981
6.39000000	-9.20601000	-53.56931468	107.27470116	111.59020929	-126.67550656	-125.54884028	41.23061037	57.06338967
6.39833330	-9.18839693	-53.56806735	107.27737955	111.59158048	-126.68095067	-125.54211672	41.22662746	57.06342751
6.40666670	-9.16044448	-53.58286422	107.28408069	111.60864020	-126.69337501	-125.55473894	41.21996651	57.06425478
6.41500000	-9.11797166	-53.63041531	107.28705200	111.64364138	-126.73778288	-125.61514437	41.19983229	57.06624254
6.42333330	-9.11607202	-53.63038213	107.28828289	111.64315480	-126.73759867	-125.61563349	41.19962441	57.06615176
6.43166670	-9.08860649	-53.63142951	107.30192789	111.65070128	-126.73778719	-125.62124352	41.19751240	57.06603804
6.44000000	-9.03919972	-53.68327448	107.32605499	111.70732173	-126.79879053	-125.69066977	41.17949951	57.06585481
6.44833330	-9.03804561	-53.68309242	107.32657014	111.70686064	-126.79892071	-125.69094987	41.17922316	57.06578065
6.45666670	-8.97407353	-53.72610380	107.36776271	111.74968052	-126.86486814	-125.75874245	41.16113419	57.05979771
6.46500000	-8.96493027	-53.72366320	107.37209604	111.75003978	-126.86439816	-125.76265761	41.15985933	57.05904710
6.47333330	-8.91990483	-53.74868185	107.38647001	111.79216228	-126.90756583	-125.80915784	41.14771107	57.05287009
6.48166670	-8.90697710	-53.74515616	107.39252956	111.79265985	-126.90863611	-125.81542101	41.14617929	57.05165267
6.49000000	-8.87861958	-53.74761365	107.40461563	111.80623592	-126.92036105	-125.83199536	41.14336152	57.05027094
6.49833330	-8.83096618	-53.79017783	107.42620870	111.85837618	-127.00599471	-125.90974762	41.13121653	57.03975310
6.50666670	-8.82063261	-53.79022234	107.43146518	111.86015878	-127.00435599	-125.91359217	41.13015575	57.03889971
6.51500000	-8.81743110	-53.78957873	107.43237987	111.86083757	-127.00420652	-125.91431442	41.12996367	57.03873789
6.52333330	-8.75958630	-53.79848634	107.43739950	111.90224653	-127.05567847	-125.94890490	41.11925018	57.02950376
6.53166670	-8.76002912	-53.79831879	107.43742440	111.90116821	-127.05592631	-125.95038217	41.11908885	57.02931031
6.54000000	-8.74110537	-53.78754280	107.43988157	111.90319729	-127.05780188	-125.96060529	41.11663237	57.02686173
6.54833330	-8.73822053	-53.78515888	107.43898887	111.90334155	-127.05896702	-125.96306859	41.11608970	57.02606045
6.55666670	-8.73606327	-53.78312152	107.43861920	111.90363470	-127.05923947	-125.96350150	41.11591145	57.02576577
6.56500000	-8.71422584	-53.75261024	107.42226350	111.90432707	-127.05727095	-125.96040615	41.11205423	57.02102677
6.57333330	-8.71353243	-53.72235248	107.38795004	111.89152477	-127.05038917	-125.95241055	41.10553230	57.00948746
6.58166670	-8.71587349	-53.67319684	107.34705876	111.85113047	-127.00616388	-125.91833743	41.09225337	56.98795245
6.59000000	-8.71646062	-53.65801491	107.33919156	111.84370134	-127.00216015	-125.91031565	41.09071763	56.98448965
6.59833330	-8.75422870	-53.58906727	107.26708365	111.78998382	-126.90969063	-125.82166357	41.07776389	56.96231244
6.60666670	-8.77419808	-53.53601314	107.23432186	111.75761462	-126.87564101	-125.78889399	41.07191770	56.95184721
6.61500000	-8.82787356	-53.47107091	107.17253140	111.69212344	-126.75613702	-125.67592667	41.06147834	56.93062845
6.62333330	-8.87221550	-53.41579769	107.12987958	111.63886855	-126.66442104	-125.57835587	41.05249417	56.90863140
6.63166670	-8.92118792	-53.33584839	107.06982188	111.58198944	-126.56169410	-125.49365484	41.04355284	56.89109747
6.64000000	-8.98152345	-53.24946657	107.01175873	111.52064953	-126.45666097	-125.37787770	41.03413333	56.86783713
6.64833330	-9.05373629	-53.14508693	106.93583199	111.44836103	-126.32427765	-125.25989456	41.02490709	56.84093717
6.65666670	-9.11547677	-53.02923670	106.86498634	111.36448033	-126.19480718	-125.12814727	41.01612002	56.82371614
6.66500000	-9.20048364	-52.89970147	106.79023134	111.27483881	-126.04160939	-124.99214610	41.00396187	56.80385619
6.67333330	-9.44935928	-52.53774452	106.94676234	111.31153809	-125.89567952	-124.81088602	40.95461994	56.64704972
6.68166670	-9.54325543	-52.40919973	106.84655942	111.22136224	-125.71828735	-124.65666583	40.94188602	56.64089820
6.69000000	-9.63373484	-52.27226379	106.75452918	111.11294651	-125.53773912	-124.47995398	40.93275542	56.62786989
6.69833330	-9.74889634	-52.12502942	106.64258979	111.00315951	-125.34389361	-124.27578712	40.91815458	56.61141910
6.70666670	-9.85832491	-51.93811565	106.51365199	110.88623846	-125.11357220	-124.08146750	40.90305016	56.59800346
6.71500000	-10.19503147	-51.48983044	106.63529177	110.92897028	-124.85608060	-123.77725752	40.86119665	56.51500031
6.72333330	-10.29909090	-51.30543684	106.49540042	110.79590072	-124.63692013	-123.59332109	40.84810248	56.51373165
6.73166670	-10.44935783	-51.12470772	106.35975381	110.67982925	-124.38240122	-123.32403853	40.83164153	56.50186189
6.74000000	-10.63133618	-50.92581394	106.24236306	110.54247350	-124.08525608	-123.04180023	40.80727690	56.48545502
6.74833330	-10.79845658	-50.69587037	106.12292391	110.42434519	-123.81313864	-122.78934261	40.78310581	56.46086273
6.75666670	-11.05971288	-50.28492688	106.08038482	110.46966259	-123.52977787	-122.57201390	40.70884209	56.34022322
6.76500000	-11.21869669	-50.06036289	105.92432451	110.30805614	-123.23830617	-122.26955586	40.69369592	56.30743935
6.77333330	-11.38296357	-49.80912521	105.75025135	110.15556588	-122.93799619	-121.97226682	40.67873120	56.28151341
6.78166670	-11.55528706	-49.56422481	105.60691058	110.01687733	-122.63260935	-121.68666148	40.65990528	56.24074512
6.79000000	-11.76334698	-49.29712861	105.45473824	109.86965802	-122.28906025	-121.37799724	40.63556989	56.19760925
6.79833330	-11.95212858	-48.98697786	105.28919349	109.71756212	-121.96203255	-121.04992923	40.61136705	56.16155934
6.80666670	-12.16104391	-48.68912762	105.12516299	109.56594188	-121.59518236	-120.71210492	40.57961750	56.11645166
6.81500000	-12.36847057	-48.39460445	104.95373688	109.42981791	-121.25415855	-120.39644037	40.55282519	56.06451895
6.82333330	-12.72477652	-47.74465470	104.95918792	109.46362949	-120.89452759	-120.08129883	40.44336923	55.84492124
6.83166670	-12.91615306	-47.48812888	104.73953226	109.28676196	-120.50843033	-119.72107363	40.42866437	55.84829015
6.84000000	-13.10865823	-47.19339028	104.50464772	109.07429192	-120.11175687	-119.33832226	40.41361986	55.81428041
6.84833330	-13.30220643	-46.89128718	104.28049876	108.87130035	-119.72691220	-118.96657612	40.39392406	55.77611044
6.85666670	-13.49372843	-46.57567963	104.05081484	108.67852012	-119.32316402	-118.60875313	40.37183336	55.68812373
6.86500000	-13.94905660	-45.78850557	104.04373232	108.73739560	-118.88214924	-118.18271350	40.29813794	55.63749113
6.87333330	-14.13645786	-45.50069935	103.78418331	108.48617927	-118.46936944	-117.77079930	40.26705308	55.60962953
6.88166670	-14.31779616	-45.19935476	103.52865598	108.23198321	-118.03606057	-117.37153664	40.24214260	55.57321412
6.89000000	-14.53244666	-44.86709519	103.27031378	107.96505396	-117.57928617	-116.94340083	40.20480689	55.52842859
6.89833330	-14.71568013	-44.55853919	103.00290058	107.72356005	-117.15625721	-116.52618707	40.17603492	55.47901934
6.90666670	-14.90493470	-44.23005585	102.72837417	107.45937232	-116.70246506	-116.09801309	40.14594358	55.40949861
6.91500000	-15.12326522	-43.90000878	102.46438883	107.21080370	-116.22544814	-115.63912412	40.10462478	55.35798340
6.92333330	-15.31747247	-43.55055332	102.17799739	106.94666351	-115.78105475	-115.18633793	40.01569170	55.29634354
6.93166670	-15.51699119	-43.08487838	101.88763151	106.70224811	-115.31033063	-114.75100584	39.89237923	55.09678808
6.94000000	-15.74400195	-42.74333699	101.62594579	106.45530249	-114.81266033	-114.26723526	39.87554746	55.07340085
6.94833330	-15.96123208	-42.40561633	101.35159905	106.18310917	-114.31999308	-113.79224630	39.85407523	55.02266204
6.95666670	-16.17438111	-42.05046741	101.06948854	105.90362739	-113.80825841	-113.30079010	39.82722850	54.95353565
6.96500000	-16.35537203	-41.71629581	100.77177694	105.62747631	-113.30945069	-112.85233247	39.78116001	54.85203775
6.97333330	-16.56745750	-41.38664795	100.47101227	105.33839804	-112.78441364	-112.34393372	39.73956505	54.76959838
6.98166670	-16.69868796	-40.94224977	100.11679009	104.96746443	-112.29055963	-111.88025762	39.57381248	54.50111699
6.99000000	-16.92556614	-40.60170883	99.84411813	104.68731815	-111.76096225	-111.35444470	39.53911827	54.46101587
6.99833330	-17.12955017	-40.23117503	99.55486815	104.37932747	-111.23579296	-110.83721477	39.45167733	54.39830422
7.00666670	-17.34006161	-39.87358421	99.24421760	104.06183989	-110.68008860	-110.28473254	39.36217579	54.32038039
7.01500000	-17.49369137	-39.45729023	98.91894095	103.65955782	-110.18565634	-109.73832141	39.32122747	54.07533158
7.02333330	-17.69608011	-39.08852423	98.61281741	103.39914546	-109.64465131	-109.24886891	39.23280789	54.06053200
7.03166670	-17.89681883	-38.74673218	98.28286071	103.09003823	-109.08558095	-108.71623868	39.13380999	53.95229427
7.04000000	-17.96675169	-38.42719685	97.84310121	102.64512995	-108.55816725	-108.21360349	38.83254200	53.64918195
7.04833330	-18.17420446	-38.07390755	97.51583661	102.34488970	-107.99515153	-107.68329032	38.82625885	53.61982380
7.05666670	-18.34026227	-37.72962551	97.17856400	102.03107024	-107.46487077	-107.17395271	38.77551547	53.54790434
7.06500000	-18.36467065	-37.45353056	96.62233662	101.56204133	-106.88311350	-106.64774011	38.55671220	53.28197836
7.07333330	-18.54588359	-37.08990604	96.28363678	101.24098426	-106.33491291	-106.10322388	38.53526730	53.25253718
7.08166670	-18.71000969	-36.74398204	95.94186584	100.88053572	-105.76187369	-105.55589306	38.46473487	53.18065417
7.09000000	-18.65143462	-36.54593215	95.34748331	100.24681402	-105.22742473	-104.98059507	38.27420532	52.93365708
7.09833330	-18.81214775	-36.17808860	95.00254057	99.91484653	-104.68256953	-104.43975381	38.32580182	52.91190325
7.10666670	-18.94331656	-35.81793205	94.62890861	99.53166243	-104.12776661	-103.88767932	38.33605813	52.84314137
7.11500000	-18.77603910	-35.69155940	93.95110082	98.79326650	-103.59775579	-103.45693836	38.30318478	52.46019139
7.12333330	-18.93786969	-35.31597184	93.57939037	98.43399655	-103.01264311	-102.88584028	38.26716733	52.40475556
7.13166670	-18.81563406	-35.15348852	92.95492316	97.73859128	-102.46843845	-102.34340134	38.10430601	52.10347795
7.14000000	-18.97326501	-34.81205729	92.59966415	97.37883938	-101.88948641	-101.76395292	38.06444485	52.05083850
7.14833330	-18.80824055	-34.65273516	91.93511427	96.60112011	-101.34535786	-101.20494742	37.93180214	51.79562507
7.15666670	-18.96269962	-34.28479322	91.55740560	96.21414401	-100.73590381	-100.59514885	37.89092952	51.73996021
7.16500000	-18.79420247	-34.18456061	90.89304961	95.38934701	-100.16892280	-99.98359233	37.69200454	51.46092557
7.17333330	-18.92535032	-33.80367380	90.52051959	95.02370245	-99.58801031	-99.39289410	37.66284359	51.42502985
7.18166670	-18.76257292	-33.66971370	89.85366649	94.20265903	-99.02777673	-98.77744693	37.49864718	51.15811539
7.19000000	-18.88605145	-33.30404557	89.46095183	93.82299086	-98.41131679	-98.16773212	37.47220584	51.12169348
7.19833330	-18.71318557	-33.16245711	88.78723051	92.97900890	-97.84031782	-97.58199936	37.32569661	50.85029983
7.20666670	-18.83337284	-32.79286175	88.39282294	92.58534033	-97.24856956	-97.00008027	37.29799652	50.80750679
7.21500000	-18.63797340	-32.66865486	87.71541401	91.66571657	-96.66509185	-96.23363561	37.13123508	50.62384961
7.22333330	-18.75105108	-32.31444914	87.31257348	91.26006942	-96.04667593	-95.64025975	37.08935825	50.63594489
7.23166670	-18.51252391	-32.23635847	86.52624151	90.34578630	-95.43263461	-94.94137338	36.84011052	50.32928396
7.24000000	-18.62445715	-31.86564440	86.12890132	89.96617554	-94.82142609	-94.36742683	36.82222090	50.31266513
7.24833330	-18.28237711	-31.91052959	85.22066344	88.95782437	-94.17441200	-93.72932375	36.63636401	50.12062311
7.25666670	-18.39834438	-31.50383830	84.83800183	88.54148695	-93.56127158	-93.11193233	36.59347577	50.06916649
7.26500000	-18.13816776	-31.40978217	84.07978675	87.57918038	-92.96717111	-92.45002007	36.43668913	49.77407791
7.27333330	-17.95926501	-31.30479676	83.37236077	86.79042172	-92.33047329	-91.81949343	36.29545649	49.61268357
7.28166670	-18.08281971	-30.89299588	82.97995699	86.40471964	-91.69961594	-91.20749099	36.25984026	49.56187871
7.29000000	-17.80471993	-30.84333589	82.17851793	85.43348586	-91.09222507	-90.52542200	36.05309562	49.21352421
7.29833330	-17.90578548	-30.44285359	81.76073401	84.99688541	-90.44429795	-89.87154505	36.01120454	49.15059368
7.30666670	-17.58303770	-30.42204452	80.96385636	83.94418874	-89.84799559	-89.17124735	35.71429375	48.79228458
7.31500000	-17.70368463	-30.01936568	80.52831661	83.54584845	-89.16559813	-88.52464241	35.68804222	48.79140053
7.32333330	-17.25058581	-30.19703802	79.49076266	82.36904759	-88.49226509	-87.79369049	35.42669362	48.45173463
7.33166670	-17.36645778	-29.78138279	79.09366970	81.96661899	-87.82897802	-87.15739230	35.33496868	48.40447465
7.34000000	-16.91584893	-29.90370902	78.06249413	80.80298670	-87.16729305	-86.46780841	35.19053536	48.09895454
7.34833330	-17.06562870	-29.48675524	77.70925589	80.39886119	-86.45957448	-85.75690689	35.06672029	48.03360101
7.35666670	-16.69501743	-29.54015213	76.77400123	79.38766383	-85.82052017	-85.11703526	34.61169181	47.62215554
7.36500000	-16.82712232	-29.12366864	76.40503101	78.98394736	-85.15844734	-84.43963954	34.65971204	47.56398944
7.37333330	-16.41929860	-29.20409298	75.43695391	77.88693311	-84.49805502	-83.73106574	34.55721202	47.09281436
7.38166670	-16.55809820	-28.78162456	75.05025205	77.51365806	-83.78617514	-83.05901028	34.51187119	47.01994655
7.39000000	-16.16386472	-28.85327985	74.07685183	76.49114253	-83.08185186	-82.38285631	33.95033072	46.56064746
7.39833330	-16.30795788	-28.42263887	73.71764746	76.08067806	-82.37738216	-81.69130972	33.99231037	46.46801678
7.40666670	-15.78628224	-28.64887562	72.59446992	74.85694537	-81.66920256	-80.96881174	33.90709102	46.02767541
7.41500000	-15.93425644	-28.19860894	72.24442610	74.48645941	-80.97229372	-80.29285673	33.84133082	45.91657417
7.42333330	-15.53165251	-28.25287229	71.32197224	73.41191179	-80.35052464	-79.59167861	33.47389443	45.40742945
7.43166670	-15.51936731	-27.90895643	70.82078528	72.79172063	-79.67357956	-78.83373145	33.34885603	45.09711740
7.44000000	-15.37029305	-27.69755765	70.16261473	72.05332603	-79.02269384	-78.15856520	33.17672002	44.81429525
7.44833330	-15.22116155	-27.52545872	69.48508568	71.30078471	-78.33848839	-77.43560936	33.04018918	44.46231608
7.45666670	-15.32704120	-27.10909689	69.08589575	70.91893495	-77.64383161	-76.80043813	32.97691961	44.38771824
7.46500000	-14.84946784	-27.23721580	68.10017434	69.71391652	-76.97887506	-76.04182869	32.62383583	43.82673122
7.47333330	-14.97547477	-26.80131286	67.74033666	69.35202689	-76.27073230	-75.38593507	32.57119805	43.74640738
7.48166670	-14.58616373	-26.83316204	66.79981914	68.30315518	-75.57170578	-74.67082270	32.23038979	43.17698918
7.49000000	-14.40195544	-26.69930581	66.07193538	67.56140136	-74.82825954	-74.01884690	31.80240132	42.83469754
7.49833330	-14.22664651	-26.49654811	65.39531109	66.81448011	-74.18972474	-73.35967761	31.90548543	42.73650020
7.50666670	-14.34935726	-26.07343845	65.05508220	66.46343925	-73.51513234	-72.69365732	31.83858216	42.63150836
7.51500000	-13.88037643	-26.21690370	64.04832979	65.33444006	-72.81816888	-71.97629753	31.40226366	42.08374912
7.52333330	-13.84581750	-25.85589348	63.52958632	64.78714330	-72.14517979	-71.30454467	31.24598457	41.78549946
7.53166670	-13.73652160	-25.58823665	62.92834089	64.11368109	-71.43705852	-70.61988865	30.85115531	41.50457043
7.54000000	-13.44799766	-25.58263466	62.07586994	63.28213077	-70.69199177	-69.96337112	30.80639325	41.26235070
7.54833330	-13.33127096	-25.31510701	61.50625467	62.64897201	-70.05578751	-69.37065562	30.57232519	40.90787464
7.55666670	-13.44138212	-24.89865744	61.17624328	62.29344316	-69.40768261	-68.74540635	30.51411842	40.81268650
7.56500000	-13.13853156	-24.78385441	60.37923412	61.40420706	-68.75822449	-68.05899483	30.11058343	40.23783489
7.57333330	-12.85396310	-24.71541629	59.54941602	60.54643016	-68.02314487	-67.41279935	29.97713973	39.96376872
7.58166670	-12.98717906	-24.29528461	59.22756660	60.24152776	-67.36224498	-66.78091454	29.90572634	39.90119938
7.59000000	-12.49051305	-24.47787004	58.14314749	59.11140340	-66.60143047	-66.12415456	29.36045707	39.43592641
7.59833330	-12.42579884	-24.14699988	57.59701794	58.53808087	-65.92148807	-65.45698427	28.77919960	39.16321023
7.60666670	-12.27784513	-23.97038173	56.96360134	57.81426503	-65.23975890	-64.77790491	28.65596630	38.82062706
7.61500000	-12.20653692	-23.69989146	56.41173448	57.19210871	-64.52341666	-64.04298161	28.19011129	38.52288804
7.62333330	-12.32559634	-23.24847895	56.07619853	56.87557341	-63.84670788	-63.44753930	28.15128253	38.45343724
7.63166670	-11.84644268	-23.40990324	55.04209180	55.78730890	-63.09097176	-62.82919752	27.78103658	37.88396894
7.64000000	-11.98641897	-22.92091698	54.72117224	55.48871481	-62.39692980	-62.18754321	27.73993203	37.77450106
7.64833330	-11.51383487	-23.03594808	53.70969061	54.37278927	-61.70051585	-61.49760662	27.30237653	37.32471398
7.65666670	-11.64172629	-22.56544294	53.41043028	54.07266814	-61.07292960	-60.88418314	27.25653477	37.21178448
7.66500000	-11.36263893	-22.42177398	52.61143413	53.22882766	-60.35082761	-60.20503156	26.81016758	36.63278011
7.67333330	-11.05559787	-22.39932307	51.78209209	52.34961284	-59.63864449	-59.50671150	26.59856231	36.45342355
7.68166670	-11.17719482	-21.94934896	51.48657679	52.02459653	-58.98743052	-58.86834178	26.54669943	36.35599232
7.69000000	-10.72033920	-22.10419072	50.48447039	50.93090846	-58.25874893	-58.16849459	26.09148150	35.78450247
7.69833330	-10.70079901	-21.71254016	50.02209764	50.47273339	-57.61176556	-57.54857506	25.92111437	35.44154327
7.70666670	-10.44757292	-21.59894023	49.22047199	49.68996946	-56.84692134	-56.92325283	25.63006303	35.03898713
7.71500000	-10.57368141	-21.16519752	48.90431119	49.38214132	-56.15191346	-56.25902952	25.57105534	34.94818099
7.72333330	-10.03187812	-21.37858728	47.82771524	48.20361696	-55.42373419	-55.52415022	25.07176071	34.39380825
7.73166670	-10.15290295	-20.91032003	47.51725791	47.91808934	-54.76013756	-54.90116134	25.05562768	34.26644847
7.74000000	-9.84633770	-20.77010146	46.68935635	47.05670224	-54.04297333	-54.24535260	24.69056514	33.66470046
7.74833330	-9.95714026	-20.35547905	46.40804895	46.73210643	-53.39963829	-53.63000722	24.65267707	33.60661108
7.75666670	-9.42372480	-20.58378361	45.29584024	45.57328810	-52.65976394	-52.88406486	24.28639962	32.97817778
7.76500000	-9.52654173	-20.13824632	44.98505604	45.30833385	-52.00727436	-52.32632104	24.25241762	32.90303591
7.77333330	-8.91132111	-20.44829588	43.76316445	44.02842180	-51.18965190	-51.54041186	23.86778004	32.33739691
7.78166670	-9.05842166	-19.95564913	43.48955086	43.78275170	-50.51514604	-50.94765421	23.80622705	32.27320102
7.79000000	-8.88223019	-19.70310089	42.84047855	43.05790275	-49.80485331	-50.22331210	23.41039585	31.69139985
7.79833330	-8.99248985	-19.27125525	42.52475710	42.75592455	-49.13918422	-49.58072122	23.35786128	31.62146758
7.80666670	-8.44094143	-19.49223739	41.39465200	41.62794524	-48.38228431	-48.84697675	22.86319797	31.04906701
7.81500000	-8.54570383	-19.01840472	41.08114208	41.34806551	-47.72035073	-48.23863214	22.85022340	30.91374362
7.82333330	-7.87616120	-19.44957918	39.75723829	40.00160319	-46.80582089	-47.43514011	22.50350196	30.37502441
7.83166670	-8.00045044	-18.91856783	39.48970443	39.73828939	-46.21017792	-46.84559653	22.46716979	30.28881448
7.84000000	-8.08167295	-18.45928246	39.17063652	39.40772587	-45.58923418	-46.21060667	22.36833334	30.11505120
7.84833330	-7.67979801	-18.44236024	38.24171277	38.45173025	-44.86567271	-45.49900128	21.79597094	29.42408031
7.85666670	-7.78199643	-18.01141939	37.92751806	38.16885932	-44.21655941	-44.89829734	21.78410693	29.38005028
7.86500000	-7.05527982	-18.48347325	36.55192894	36.75715216	-43.30011551	-43.97491071	21.36126800	28.85306124
7.87333330	-7.17636670	-17.96840872	36.27710173	36.50295052	-42.70421965	-43.40825763	21.32170552	28.74598855
7.88166670	-7.05450196	-17.64416451	35.71305037	35.93249888	-42.07333859	-42.75281370	21.06822531	28.25612905
7.89000000	-7.13943247	-17.23486254	35.37712540	35.64110358	-41.41323069	-42.16677808	20.99078143	28.15951085
7.89833330	-6.18398392	-17.91357447	33.71330150	33.94954477	-40.45014577	-41.30167880	20.46726302	27.50674506
7.90666670	-6.32586664	-17.42109981	33.45570979	33.71250434	-39.84114354	-40.71442204	20.41020896	27.47176825
7.91500000	-5.81036686	-17.61825298	32.34654593	32.62573648	-39.01247701	-39.94300321	19.97147817	26.94411925
7.92333330	-5.96151698	-17.09712680	32.11561445	32.38271028	-38.41333246	-39.32069721	19.93356430	26.86260985
7.93166670	-5.61795704	-17.01885790	31.26131411	31.56501844	-37.69453402	-38.71513374	19.55388708	26.25452797
7.94000000	-5.71453756	-16.58254597	30.96020546	31.31714265	-37.08477588	-38.16065799	19.53328418	26.21154108
7.94833330	-4.99411080	-17.05831908	29.57036755	29.90313476	-36.13259411	-37.20439803	18.95908324	25.65876449
7.95666670	-5.10732137	-16.53744290	29.28754465	29.65933059	-35.54978601	-36.66069040	18.92884150	25.58429897
7.96500000	-5.04594340	-16.18781650	28.81919750	29.16206726	-34.96764647	-35.98191826	18.93512362	25.24916076
7.97333330	-4.23311727	-16.79852139	27.31253173	27.60466414	-33.99186736	-35.06650479	18.39744632	24.79772297
7.98166670	-3.82336150	-16.87069927	26.30976964	26.73358325	-33.16823861	-34.59373194	18.13824506	24.65058700
7.99000000	-3.97461384	-16.35297854	26.08112041	26.52141438	-32.60406471	-34.00751007	18.09617502	24.56688271
7.99833330	-3.75648463	-16.15915496	25.36753021	25.75878143	-31.88912197	-33.17921994	17.70973937	24.08615140
8.00666670	-3.78128681	-15.79139198	24.97453360	25.38535562	-31.24597145	-32.51446762	17.60786257	23.89917702
8.01500000	-3.55131122	-15.62347955	24.25858497	24.65468853	-30.57927776	-31.78499652	17.48081274	23.44859214
8.02333330	-3.63835967	-15.25520629	23.92060755	24.36963749	-29.93038133	-31.21590377	17.41372356	23.38705072
8.03166670	-2.55066933	-16.19721200	21.96436405	22.43394840	-28.70696937	-30.15960198	16.65557516	22.77380857
8.04000000	-2.71004968	-15.69099189	21.74444854	22.20798968	-28.12879952	-29.52323084	16.59447237	22.71313578
8.04833330	-1.91416858	-16.22705116	20.23548319	20.71470939	-27.15054395	-28.61593004	16.06584195	22.27858611
8.05666670	-2.08950100	-15.71285051	19.95124383	20.53025186	-26.44578778	-28.04107690	16.00960195	22.20096681
8.06500000	-1.43025987	-16.11683398	18.57060606	19.18200792	-25.41350106	-27.09662933	15.43364009	21.81063214
8.07333330	-1.59188234	-15.64560966	18.34035299	18.96724909	-24.83765378	-26.48489165	15.40874775	21.76470201
8.08166670	-0.71617719	-16.27442318	16.63923751	17.34298689	-23.70000869	-25.45592580	14.88218270	21.22717070
8.09000000	-0.88747732	-15.81677760	16.40143785	17.20511208	-23.08356799	-24.95520390	14.84247554	21.18480646
8.09833330	-0.84210868	-15.42620470	15.85234769	16.78174894	-22.36512855	-24.34525910	14.60722542	20.78473128
8.10666670	0.32214158	-16.50070482	13.78998248	14.71470706	-21.13380736	-23.23577999	14.02603882	20.46823408
8.11500000	0.53626770	-16.38081589	12.96110159	14.00102841	-20.25332843	-22.45272551	13.70629238	20.33722957
8.12333330	0.38325516	-15.98352053	12.74488464	13.82199396	-19.70083240	-21.89328252	13.67684579	20.24971105
8.13166670	1.03356504	-16.32423742	11.33589137	12.51621521	-18.64178532	-20.91570913	13.13674062	19.83012505
8.14000000	0.90471621	-15.97976512	11.09188443	12.32127167	-18.07395569	-20.37003714	13.12362136	19.73194226
8.14833330	2.28406601	-17.23157085	8.77095971	10.01536651	-16.86392966	-19.21405620	12.73674438	19.34355014
8.15666670	2.12304330	-16.83497488	8.55593576	9.89690136	-16.29858937	-18.76125643	12.71911960	19.28741865
8.16500000	2.79550255	-17.18247927	7.23706740	8.63987764	-15.44237303	-18.03217187	12.28289307	19.01185692
8.17333330	2.68764474	-16.86872048	6.99073607	8.49357896	-14.91886733	-17.61402741	12.35093216	18.94319846
8.18166670	3.71352007	-17.70783938	5.22963953	6.76182018	-13.98639434	-16.71214977	12.03274595	18.72352016
8.19000000	3.59452490	-17.44243683	5.03858206	6.65754272	-13.51196895	-16.36496928	12.07318871	18.67344459
8.19833330	4.52123351	-18.13767932	3.52852742	5.06816407	-12.79901546	-15.60736534	11.81395815	18.42462358
8.20666670	4.40217493	-17.91336174	3.41346157	4.97969164	-12.45074603	-15.26729710	11.85967747	18.43813863
8.21500000	4.37772204	-17.71750773	3.22978617	4.82374373	-12.16849316	-14.98824749	11.84927302	18.40626842
8.22333330	5.31265782	-18.49681724	1.86570476	3.33994214	-11.69105350	-14.42621473	11.63231996	18.42851756
8.23166670	5.27344430	-18.31010145	1.74929767	3.25616591	-11.48624977	-14.20315141	11.70591206	18.38113456
8.24000000	5.26031109	-18.30547413	1.74739630	3.23934311	-11.48427428	-14.19597093	11.70647387	18.37966551
8.24833330	6.41631249	-19.30085021	0.04310424	1.38031971	-10.87456483	-13.36588376	11.81363998	18.15368856
8.25666670	6.41248255	-19.30057732	0.04252431	1.37789787	-10.87490700	-13.36616872	11.81345197	18.15378430
8.26500000	6.39590885	-19.29270323	0.04383437	1.35662146	-10.87773547	-13.35611543	11.81130882	18.15608664
8.27333330	6.38164210	-19.03301925	-0.04981879	1.12122674	-10.77577835	-12.90423925	11.78996538	18.14730356
8.28166670	6.38143156	-19.03292746	-0.04890972	1.11873396	-10.77580983	-12.90463215	11.78988997	18.14720259
8.29000000	6.37894457	-19.02872162	-0.04850611	1.10406796	-10.77993558	-12.90438893	11.79106457	18.14714523
8.29833330	6.37955641	-19.02792082	-0.04842502	1.10238191	-10.78048874	-12.90373740	11.79102592	18.14718832
8.30666670	7.69625948	-20.08763339	-1.84280952	-0.83504260	-10.34136010	-12.22945093	11.90980320	18.00398536
8.31500000	7.69267311	-20.08538218	-1.84239225	-0.84152837	-10.34464854	-12.23171052	11.91024556	18.00471766
8.32333330	7.71350070	-20.02007211	-1.85803023	-0.88118431	-10.38072452	-12.23137776	11.91517186	18.01245603
8.33166670	7.77148639	-19.95844548	-1.89434116	-0.95990827	-10.49925423	-12.20169966	11.91105766	18.03693285
8.34000000	7.76499787	-19.95520696	-1.89701864	-0.97123860	-10.50120929	-12.20243207	11.91379098	18.03802134
8.34833330	7.80791578	-19.88777303	-1.93581774	-1.03929588	-10.53400956	-12.19071097	11.94010171	18.05468472
8.35666670	8.03823379	-20.00829856	-2.29098404	-1.45785204	-10.46479835	-11.89452001	12.29263550	18.21233879
8.36500000	8.05476360	-19.97382161	-2.31787283	-1.48553342	-10.48126941	-11.91010031	12.28565115	18.20874052
8.37333330	8.07701424	-19.91046112	-2.34797670	-1.53040047	-10.49775596	-11.91938318	12.28179654	18.20797481
8.38166670	8.10605487	-19.85546164	-2.38734835	-1.58693560	-10.52392084	-11.92119508	12.27881542	18.20846809
8.39000000	9.00880346	-20.64433747	-3.66205322	-2.86909764	-10.13870636	-11.49054676	12.14816563	18.13128969
8.39833330	9.01186924	-20.59348010	-3.68095431	-2.89659810	-10.14574946	-11.49767752	12.15092050	18.12560094
8.40666670	9.01709892	-20.52350810	-3.70707651	-2.93365310	-10.15064299	-11.49925504	12.15577224	18.12130955
8.41500000	9.13120984	-20.58340780	-4.02917864	-3.09059167	-9.89856626	-11.42270551	12.30861396	18.12636576
8.42333330	9.13552085	-20.50850041	-4.05194572	-3.12917427	-9.89734080	-11.42548878	12.30874430	18.12495667
8.43166670	9.14024488	-20.42914093	-4.08239504	-3.16552791	-9.89630748	-11.41566197	12.30039322	18.12764668
8.44000000	9.63498273	-20.74217489	-4.89703582	-3.89771918	-9.52583468	-11.14476393	12.26650811	18.00583993
8.44833330	9.63275203	-20.67347972	-4.91045594	-3.93282338	-9.52610642	-11.14005344	12.26854898	18.01025076
8.45666670	9.63448349	-20.58336946	-4.92901718	-3.96966436	-9.51879011	-11.11945776	12.27217850	18.01182076
8.46500000	9.58217611	-20.39511949	-5.02871275	-4.09079605	-9.32501012	-10.78780906	12.23472268	17.99424406
8.47333330	9.57938366	-20.33610942	-5.04699235	-4.12123657	-9.30562323	-10.78332510	12.24074837	17.99502977
8.48166670	9.99760916	-20.66993128	-5.74618935	-4.74080565	-8.95632625	-10.53637907	12.24362710	17.88727891
8.49000000	9.99368083	-20.58762183	-5.76153923	-4.77817763	-8.95175607	-10.52790066	12.24681959	17.88836711
8.49833330	9.94914419	-20.46570807	-5.85592525	-4.86068938	-8.76059272	-10.22069891	12.16165351	17.83024719
8.50666670	10.00260721	-20.45414740	-5.99345238	-5.05613985	-8.64089964	-10.04889076	12.14890521	17.91696989
8.51500000	10.01031392	-20.35653744	-6.01623451	-5.09312027	-8.62948924	-10.05461694	12.15633028	17.91404096
8.52333330	10.07143348	-20.37309845	-6.20919104	-5.20828870	-8.44537474	-9.93788547	12.27686348	17.82712089
8.53166670	10.07705519	-20.26049463	-6.23550093	-5.25563134	-8.43865806	-9.93162508	12.27634426	17.82822204
8.54000000	10.11257684	-20.23118751	-6.43148545	-5.36641151	-8.20335285	-9.80985372	12.18936510	17.85331353
8.54833330	10.11344441	-20.17083816	-6.46096717	-5.39008266	-8.17346694	-9.80178213	12.19476348	17.85178816
8.55666670	10.10477268	-20.10600253	-6.50744007	-5.42097541	-8.09857361	-9.76098199	12.20375803	17.83581813
8.56500000	10.56894223	-20.43233034	-7.19176829	-6.05985295	-7.86132828	-9.62489496	12.26934333	17.64412522
8.57333330	10.54437489	-20.29977017	-7.23842367	-6.07445397	-7.76045364	-9.59803582	12.24864897	17.65965760
8.58166670	10.52657713	-20.24424960	-7.25679629	-6.08402561	-7.70896124	-9.59382930	12.25389719	17.67015558
8.59000000	10.56087546	-20.11708028	-7.38212300	-6.14655306	-7.59742093	-9.57961875	12.25466881	17.68240885
8.59833330	10.57070734	-20.12625475	-7.46799012	-6.15745347	-7.46943090	-9.62799867	12.21967247	17.76337464
8.60666670	10.56216062	-20.05498327	-7.48662260	-6.17543703	-7.44625013	-9.59304196	12.22891860	17.76952153
8.61500000	10.61341893	-20.01759089	-7.69428003	-6.24948466	-7.21709680	-9.58049020	12.06997186	17.73647395
8.62333330	10.61776035	-19.94295276	-7.71976651	-6.27116340	-7.19569038	-9.58358298	12.06832052	17.75883873
8.63166670	10.67440416	-19.87443680	-7.82741934	-6.31244452	-7.13867165	-9.65767003	12.14521182	17.70638421
8.64000000	10.65916897	-19.82612454	-7.83480106	-6.31789052	-7.10293847	-9.64929638	12.14919401	17.70619717
8.64833330	10.66933888	-19.79521970	-7.90127101	-6.31837969	-7.01574006	-9.69087126	12.05097223	17.79346332
8.65666670	10.70703366	-19.75558516	-7.96758003	-6.35083119	-6.99650332	-9.68049936	12.13190336	17.74260578
8.66500000	10.72058071	-19.70220211	-8.04093639	-6.36257516	-6.91620375	-9.71540903	12.03582683	17.81208581
8.67333330	10.71110765	-19.64937243	-8.04778228	-6.37095879	-6.88397533	-9.70533757	12.04451444	17.81494854
8.68166670	10.72768809	-19.58198984	-8.12653518	-6.35329896	-6.79259656	-9.77517372	12.03101034	17.86112936
8.69000000	10.74475385	-19.59303069	-8.09120417	-6.38193239	-6.90424049	-9.78549371	12.09639781	17.78730940
8.69833330	10.74427369	-19.52276838	-8.10740113	-6.38665650	-6.88683379	-9.78479652	12.08949596	17.79293100
8.70666670	10.74449784	-19.40990557	-8.17848431	-6.36637691	-6.78910036	-9.79637740	12.03976009	17.84166974
8.71500000	10.69075270	-19.29524082	-8.24146309	-6.19740109	-6.64268689	-9.91324325	12.00238055	17.81319895
8.72333330	10.69927802	-19.28236576	-8.20490461	-6.21560509	-6.67673967	-9.90552338	11.99781924	17.82604392
8.73166670	10.70628534	-19.25263705	-8.14650178	-6.28107347	-6.81548091	-9.88100502	12.03101623	17.92673197
8.74000000	10.69879114	-19.17009436	-8.17963798	-6.25246657	-6.76010635	-9.93956858	12.16201826	17.79789831
8.74833330	10.70409360	-19.11366955	-8.18155358	-6.26378684	-6.77513302	-9.93142820	12.13772127	17.80866350
8.75666670	10.70652019	-19.04892136	-8.24387382	-6.26559189	-6.69597155	-9.92616548	12.11141113	17.84499093
8.76500000	10.70723586	-18.99099564	-8.25154618	-6.27001521	-6.69461448	-9.93323252	12.10992222	17.84739061
8.77333330	10.71026588	-18.92655862	-8.31838031	-6.25879378	-6.61265358	-9.94344123	12.09456280	17.77040743
8.78166670	10.71041418	-18.88751850	-8.32115781	-6.27030803	-6.62595644	-9.93710822	12.09267661	17.78764009
8.79000000	10.72378523	-18.84010935	-8.40604419	-6.29535143	-6.53190107	-9.89786589	12.11670875	17.83237969
8.79833330	10.71948104	-18.79294195	-8.42429020	-6.29401447	-6.51083587	-9.89903014	12.10226206	17.83805486
8.80666670	10.71555387	-18.71733639	-8.54772914	-6.30192537	-6.30989631	-9.87130515	12.01697680	17.78412878
8.81500000	10.72128887	-18.68090106	-8.54060829	-6.32548104	-6.35500269	-9.86389924	12.02735938	17.80874492
8.82333330	10.72832506	-18.62675411	-8.61471279	-6.36664921	-6.28552643	-9.81224577	12.06996381	17.85955398
8.83166670	10.72860390	-18.59357158	-8.59269889	-6.37591203	-6.31974164	-9.80462268	12.06036915	17.84808869
8.84000000	10.68407446	-18.56076030	-8.55869985	-6.32564254	-6.32405161	-9.83920139	12.03407404	17.75778974
8.84833330	10.67267185	-18.51316311	-8.56322107	-6.34272956	-6.30205089	-9.79574705	12.04674051	17.76097546
8.85666670	10.66360334	-18.39760410	-8.65181407	-6.39087592	-6.15368727	-9.69652201	12.09336679	17.72849599
8.86500000	10.67578780	-18.34135287	-8.66586024	-6.40519836	-6.17661428	-9.69699379	12.07270504	17.74600655
8.87333330	10.65186494	-18.28290341	-8.75624063	-6.43361072	-5.99158978	-9.65230428	12.01695860	17.79359178
8.88166670	10.65799803	-18.23719669	-8.76060415	-6.45068757	-6.01001824	-9.65136810	12.01309441	17.79261050
8.89000000	10.63385607	-18.20622136	-8.80573174	-6.47949267	-5.90962767	-9.58861705	12.02739816	17.75661350
8.89833330	10.64255973	-18.14627470	-8.81650075	-6.49742213	-5.92616395	-9.59050110	12.01961687	17.77287922
8.90666670	10.64671398	-17.99552943	-8.88791588	-6.57316163	-5.84548794	-9.51017871	11.99586008	17.70749365