7.11500000	-10.35144849	-29.31995047	47.28460438	48.61357301	-56.39495475	-56.80227050	24.90599904	31.69710899
7.12333330	-10.31749105	-29.11143388	46.63203398	48.36628437	-55.76026200	-56.24103476	24.82920775	31.05858426
7.13166670	-9.98750159	-28.99678729	45.77271615	47.27549476	-54.88303711	-55.32086973	24.30265770	30.70106521
7.14000000	-10.01998681	-28.45525717	45.35599615	46.83993446	-54.20894959	-54.62657907	24.07264570	30.48177524
7.14833330	-9.90224314	-28.07662786	44.71200610	46.21450225	-53.45292510	-53.89092874	23.78537213	29.97518387
7.15666670	-10.01410251	-27.49577742	44.38052734	45.86859877	-52.77578077	-53.19810008	23.73257049	29.92056219
7.16500000	-9.48586066	-27.58154014	43.18158211	44.73653805	-51.86347725	-52.33593333	23.17880751	29.28288162
7.17333330	-9.63220737	-26.95484731	42.84710398	44.41110499	-51.10789134	-51.61773974	23.14610350	29.14439529
7.18166670	-9.39133508	-26.65677874	41.99346769	43.67506758	-50.25171974	-50.86915929	22.81856989	28.47798005
7.19000000	-9.50118799	-26.08693793	41.67289725	43.31330634	-49.55421511	-50.12356730	22.73570006	28.43065746
7.19833330	-8.83598014	-26.33823745	40.28372842	41.94921175	-48.52301043	-49.25661680	22.11029215	27.95184143
7.20666670	-8.78993687	-25.80496904	39.71189856	41.43521032	-47.74286549	-48.50096866	21.91366351	27.41652913
7.21500000	-8.92847423	-25.16868826	39.39581204	41.10320141	-47.02305967	-47.78130638	21.85094565	27.32761949
7.22333330	-8.70690202	-24.89304896	38.54826913	40.34206600	-46.09681945	-46.96946901	21.37069856	26.58867716
7.23166670	-8.45568507	-24.67469808	37.77187380	39.50501473	-45.30334612	-46.14729543	21.03037825	26.16212086
7.24000000	-8.39364637	-24.24258001	37.17233825	38.96217583	-44.46166511	-45.37850770	20.78042730	25.78648293
7.24833330	-8.24699585	-23.86566233	36.45251868	38.29033923	-43.61308237	-44.57869474	20.53892526	25.43457051
7.25666670	-8.37520230	-23.23874581	36.13180389	37.97194446	-42.88140892	-43.89557723	20.46354730	25.36554012
7.26500000	-7.62974043	-23.62610403	34.67313769	36.42291145	-41.82055662	-42.93481215	19.72936242	25.06243069
7.27333330	-7.60236817	-23.06038149	34.14298713	35.98961901	-41.08605212	-42.24161423	19.52525518	24.51152573
7.28166670	-7.74544742	-22.37938874	33.80159386	35.70206817	-40.30540010	-41.57771496	19.49082401	24.42218333
7.29000000	-7.44196191	-22.18128528	32.92434345	34.81517522	-39.45689526	-40.70206418	19.00884225	23.64282946
7.29833330	-7.46586504	-21.60459883	32.43558905	34.38108198	-38.64871622	-39.97944239	18.88464599	23.43037887
7.30666670	-7.00293154	-21.60004162	31.33346721	33.32427071	-37.70825593	-39.09522160	18.33167390	22.92774552
7.31500000	-7.12460147	-20.92914393	31.00477384	33.02061524	-36.97986635	-38.44164497	18.28692937	22.83297117
7.32333330	-6.52177601	-21.12263281	29.68260011	31.73720282	-35.90315953	-37.47593713	17.66540195	22.18375385
7.33166670	-6.60160824	-20.40673764	29.28652388	31.35443904	-35.16248386	-36.76029117	17.55710209	21.95902837
7.34000000	-6.72328282	-19.74527165	28.92272285	31.03196050	-34.40264984	-36.07534077	17.47990724	21.89321106
7.34833330	-5.93127416	-20.13231546	27.27258776	29.49518101	-33.10810980	-35.03263204	16.62469909	21.15472011
7.35666670	-6.06709857	-19.41642390	26.95329578	29.21104640	-32.37772398	-34.34522171	16.58807577	21.06447296
7.36500000	-5.27787567	-19.80083952	25.24790323	27.68051677	-31.00769000	-33.30494873	15.80300031	20.58534104
7.37333330	-5.44955928	-19.06348178	24.94216318	27.42334953	-30.28048324	-32.62105910	15.81476380	20.47262777
7.38166670	-4.61982821	-19.45451848	23.21136155	25.73528981	-28.97194053	-31.43948059	15.16100633	19.91993144
7.39000000	-4.67993279	-18.78851932	22.72431700	25.31463265	-28.12193942	-30.66406936	15.03924274	19.58410922
7.39833330	-3.65352436	-19.49715988	20.63199469	23.36337317	-26.56860196	-29.46119435	14.46752622	19.38687030
7.40666670	-3.73237679	-18.83533099	20.14580109	22.90421434	-25.68383257	-28.55304165	14.33407780	19.08556798
7.41500000	-2.64331969	-19.60347660	18.00722079	20.83510673	-24.19042557	-27.28394708	13.94292641	18.89372387
7.42333330	-2.84383532	-18.84565132	17.63645021	20.50154340	-23.28146435	-26.40062912	13.79568859	18.59458357
7.43166670	-2.26601614	-18.91516147	16.15073290	19.10689614	-21.93871248	-25.23071799	13.25121612	18.22395141
7.44000000	-1.19688151	-19.55390883	14.08196786	17.03700918	-20.55688256	-23.93509213	13.00255012	18.12959160
7.44833330	-0.44279740	-19.91904131	12.49510411	15.34656637	-19.37477456	-22.72013480	12.94998555	18.15721198
7.45666670	-0.67955089	-19.29318898	12.19144381	15.13246834	-18.47708380	-21.94427432	12.94768145	18.09684260
7.46500000	1.43398918	-21.01065722	8.78097002	11.63047675	-16.81609577	-20.22161588	12.66298231	17.92045552
7.47333330	1.30304993	-20.29229928	8.39823629	11.28661240	-15.99216464	-19.46913951	12.51286436	17.75188800
7.48166670	3.05307933	-21.69215165	5.55778769	8.33862291	-14.57682527	-18.17549666	12.51675387	18.37478780
7.49000000	2.85809841	-21.12927195	5.37874896	8.15062533	-13.95906388	-17.52653660	12.47247269	18.27679793
7.49833330	3.17037184	-20.81936357	4.54017594	7.19940272	-13.18288047	-16.57423504	12.09012102	17.78573911
7.50666670	5.25820179	-22.62884471	1.48729938	3.98096294	-12.07314647	-15.43146611	12.34796465	18.05324618
7.51500000	5.24616525	-22.12174900	1.22917191	3.68217777	-11.66663473	-14.93923113	12.33311661	18.11776162
7.52333330	5.18871518	-21.78240778	1.03172466	3.49564584	-11.23195337	-14.53232330	12.34227021	18.14464190
7.53166670	6.83598108	-23.02156786	-1.28409906	1.01336768	-10.48876595	-13.79196936	12.38376823	18.20423208
7.54000000	6.81300959	-22.69056331	-1.38144410	0.91192166	-10.30326971	-13.57557139	12.39393608	18.20492673
7.54833330	6.85353830	-22.52870740	-1.42868403	0.83088000	-10.29970525	-13.53268980	12.39212494	18.21448825
7.55666670	7.77831112	-22.96971925	-2.75868087	-0.51234541	-9.83791280	-13.23407907	12.52641715	18.39590497
7.56500000	7.82556715	-22.86195645	-2.78104751	-0.58793202	-9.90416202	-13.18600683	12.52554720	18.40379804
7.57333330	7.90289697	-22.74218112	-2.81091776	-0.66430885	-9.96654640	-13.16006680	12.53152849	18.41069373
7.58166670	8.02396966	-22.57646717	-2.88450553	-0.76208955	-10.07143561	-13.16199980	12.54921029	18.39594098
7.59000000	8.05456295	-22.57080095	-2.87570196	-0.76001650	-10.07107872	-13.15976916	12.55127687	18.39614146
7.59833330	8.44548955	-22.35290815	-3.31834697	-1.13508224	-10.11656398	-13.17203714	12.84708349	18.60620038
7.60666670	8.47757634	-22.34731039	-3.30865499	-1.13086190	-10.11530635	-13.17080382	12.84623622	18.60530269
7.61500000	8.71627140	-22.26640821	-3.48266905	-1.23555136	-10.32518624	-13.37681607	12.85067328	18.57911058
7.62333330	8.82706617	-22.19293252	-3.54323972	-1.29410789	-10.40505162	-13.43618342	12.85747289	18.56874127
7.63166670	8.86520355	-22.18564594	-3.54092242	-1.28989684	-10.40705411	-13.44061346	12.85865726	18.57064845
7.64000000	9.32134084	-22.30486827	-4.12448529	-1.56790830	-10.30268877	-13.69302142	13.11906144	18.87375267
7.64833330	9.35202107	-22.29531916	-4.12131518	-1.56203791	-10.30444570	-13.69250116	13.11719080	18.87423731
7.65666670	9.71466081	-22.31881020	-4.64948102	-1.83499983	-10.09067688	-13.74581914	12.99520906	18.89958361
7.66500000	9.74087581	-22.31190969	-4.64782949	-1.82690440	-10.09262215	-13.74000249	12.99365985	18.89791816
7.67333330	9.82438734	-22.20139049	-4.70890849	-1.88554385	-10.14809887	-13.77739448	12.98151619	18.89033572
7.68166670	9.84333388	-22.19740787	-4.70886789	-1.88121253	-10.14568326	-13.77520981	12.98093438	18.89028264
7.69000000	9.92441965	-22.06561593	-4.81438388	-1.95617235	-10.13035458	-13.80394503	12.96842215	18.88199991
7.69833330	9.94141881	-22.06075930	-4.81851881	-1.94978138	-10.12513788	-13.79721356	12.96860846	18.88032632
7.70666670	10.42129014	-22.09483332	-5.59596589	-2.59237430	-9.68044108	-13.51137419	12.77361991	18.74754069
7.71500000	10.43389726	-22.09116485	-5.59365189	-2.59010594	-9.67484010	-13.50741024	12.77330339	18.74786084
7.72333330	10.44855239	-22.03447351	-5.61943389	-2.63864812	-9.65103871	-13.50193421	12.76620247	18.75640181
7.73166670	10.46382057	-22.02882740	-5.61826976	-2.63450203	-9.64687719	-13.49359074	12.76556876	18.75558530
7.74000000	10.51108434	-21.80362649	-5.78817455	-2.85907136	-9.43213831	-13.23033329	12.67775567	18.75749498
7.74833330	10.52550801	-21.80311466	-5.78684173	-2.85443308	-9.43073435	-13.22902692	12.67699190	18.75581112
7.75666670	10.54042582	-21.78460834	-5.80323601	-2.89323606	-9.41028465	-13.24874813	12.66735350	18.72404993
7.76500000	10.55603006	-21.78272332	-5.80300621	-2.88583923	-9.40707959	-13.24372520	12.66620618	18.72257445
7.77333330	10.56806504	-21.78012690	-5.80544999	-2.88159247	-9.40119425	-13.23824741	12.66500154	18.72062651
7.78166670	10.57601279	-21.73708218	-5.84117047	-2.93949577	-9.29693776	-13.23073485	12.64806108	18.69278574
7.79000000	10.58852252	-21.73464465	-5.84417556	-2.93170652	-9.29555285	-13.22263249	12.64679558	18.69218505
7.79833330	10.79825274	-21.53685650	-6.27803691	-3.34165061	-8.89739530	-13.00191484	12.40852755	18.46754041
7.80666670	10.81298944	-21.54184897	-6.27572946	-3.33157175	-8.89319268	-12.99673915	12.40860315	18.46545214
7.81500000	10.81268452	-21.61802551	-6.28418167	-3.31344212	-8.80405279	-12.99754897	12.39846888	18.45536298
7.82333330	10.82845811	-21.61836490	-6.28215871	-3.30722920	-8.79797122	-12.99217166	12.39731637	18.45417222
7.83166670	10.84353687	-21.61986096	-6.28210627	-3.29825018	-8.78904525	-12.98616425	12.39601507	18.45253567
7.84000000	10.85990575	-21.65830647	-6.30765192	-3.26278146	-8.73307472	-12.98104361	12.38696090	18.43817401
7.84833330	10.87704277	-21.66535596	-6.30363467	-3.25464508	-8.72131615	-12.98046501	12.38568208	18.43739665
7.85666670	10.89944198	-21.76350207	-6.36216916	-3.20156013	-8.61173402	-13.03145766	12.35830209	18.39915465
7.86500000	10.91490225	-21.76107777	-6.36632115	-3.19417336	-8.60732041	-13.03088071	12.35622401	18.39710366
7.87333330	10.92942860	-21.75936542	-6.36959432	-3.18751456	-8.59941659	-13.03257613	12.35390650	18.39367089
7.88166670	11.22148554	-21.96782549	-6.88266427	-3.29332273	-8.23107348	-13.25962329	11.99506265	18.23894406
7.89000000	11.23586845	-21.96935757	-6.87991913	-3.28509219	-8.22921366	-13.25758818	11.99533663	18.23897526
7.89833330	11.25015575	-21.97290850	-6.87388232	-3.27881536	-8.22454199	-13.25497803	11.99548398	18.23889832
7.90666670	11.26182662	-21.97709168	-6.87205955	-3.26983902	-8.22250118	-13.25236522	11.99566954	18.23640425
7.91500000	11.28624866	-22.09862181	-6.87139978	-3.20512852	-8.24689978	-13.31914024	11.97694953	18.21690746
7.92333330	11.30253015	-22.09928429	-6.86266647	-3.20191149	-8.24170454	-13.32177800	11.97723238	18.21628652
7.93166670	11.30997178	-22.10103975	-6.86013151	-3.19787621	-8.24131185	-13.32257927	11.97739674	18.21557615
7.94000000	11.32261672	-22.10524564	-6.85383148	-3.19077444	-8.23980176	-13.32281368	11.97758791	18.21453817
7.94833330	11.36378158	-22.35193815	-6.75994743	-3.09644983	-8.42365492	-13.53669034	11.94862850	18.04614101
7.95666670	11.37391701	-22.35544890	-6.75066074	-3.09229702	-8.41961346	-13.53411184	11.94879809	18.04664242
7.96500000	11.38038341	-22.36121473	-6.74261954	-3.08785211	-8.41645818	-13.52917183	11.94883505	18.04714323
7.97333330	11.37173221	-22.43447079	-6.70249294	-3.04977472	-8.43073324	-13.50406953	11.95739964	18.04846576
7.98166670	11.35688931	-22.53568822	-6.64672553	-3.01382650	-8.49900463	-13.52642264	11.95487492	18.04823500
7.99000000	11.36981722	-22.53679179	-6.63708101	-3.01038760	-8.49946587	-13.52412622	11.95536797	18.04813474
7.99833330	11.36918868	-22.53788416	-6.63753590	-3.00983047	-8.50090704	-13.52415430	11.95545888	18.04804335
8.00666670	11.38394268	-22.55446777	-6.62162475	-3.00042948	-8.50693500	-13.52300633	11.95574675	18.04693508
8.01500000	11.38315765	-22.55693657	-6.62077987	-3.00013960	-8.50835277	-13.52368003	11.95576069	18.04676231
8.02333330	11.41716399	-22.85885013	-6.37690952	-2.93355667	-8.96227230	-13.72030079	12.01359456	17.99691158
8.03166670	11.42497371	-22.86144399	-6.36851946	-2.92971771	-8.96042440	-13.71749604	12.01558552	17.99765743
8.04000000	11.42725596	-22.86320966	-6.36629875	-2.92821526	-8.96038160	-13.71675300	12.01605660	17.99763741
8.04833330	11.42305339	-22.92104093	-6.34010731	-2.90206789	-9.00214403	-13.71563560	12.02361508	17.99805431
8.05666670	11.44353927	-23.00094557	-6.28691470	-2.85803715	-9.14220127	-13.75624976	12.04624081	18.00095081
8.06500000	11.44455109	-23.00125151	-6.28580906	-2.85810141	-9.14214587	-13.75661387	12.04640781	18.00090549
8.07333330	11.47573700	-23.14040525	-6.13321952	-2.77728006	-9.44359087	-13.95842390	12.16262660	17.87555462
8.08166670	11.47612319	-23.14130643	-6.13160293	-2.77728205	-9.44342449	-13.95880893	12.16286390	17.87577273
8.09000000	11.47027670	-23.19252115	-6.10631458	-2.75210763	-9.46914361	-13.95477820	12.17223127	17.87175676
8.09833330	11.47118722	-23.19336705	-6.10493902	-2.75172403	-9.46985277	-13.95523527	12.17269625	17.87212135
8.10666670	11.22780971	-23.10302435	-5.59463930	-2.27651750	-9.92866476	-14.25047628	12.74325390	18.15799201
8.11500000	11.22516197	-23.11109571	-5.59080609	-2.27333377	-9.92747923	-14.24758546	12.73991482	18.15395518
8.12333330	11.22594775	-23.11262783	-5.58967508	-2.27207435	-9.92788218	-14.24860871	12.73948084	18.15387925
8.13166670	11.21891208	-23.17023524	-5.57562077	-2.24323752	-9.95262094	-14.28047384	12.72788330	18.14872693
8.14000000	11.22207166	-23.17076363	-5.57437016	-2.24136054	-9.95261571	-14.28093540	12.72763381	18.14858945
8.14833330	11.22414005	-23.17211024	-5.57488764	-2.23821445	-9.95375217	-14.28123198	12.72726392	18.14806148
8.15666670	11.22081552	-23.24282154	-5.55993597	-2.20187884	-9.98908303	-14.35882715	12.71150904	18.13908041
8.16500000	11.25799218	-23.34147551	-5.52408898	-2.06004614	-10.10430620	-14.68685033	12.65351580	18.10376803
8.17333330	11.23410867	-23.37812990	-5.50715152	-2.03208069	-10.09608786	-14.69247755	12.65278811	18.11117364
8.18166670	11.23498173	-23.37894922	-5.50728334	-2.02962231	-10.09618700	-14.69247415	12.65283604	18.11145669
8.19000000	11.21333655	-23.42021105	-5.49949617	-1.99093301	-10.08153959	-14.72673442	12.64948075	18.10521104
8.19833330	11.21282425	-23.42402596	-5.50397655	-1.97578210	-10.08182570	-14.73585437	12.65035046	18.10693418
8.20666670	11.21378639	-23.42500842	-5.50395422	-1.97338259	-10.08065371	-14.73673138	12.65038640	18.10706260
8.21500000	10.38458388	-22.90357380	-4.48724659	-0.48676798	-10.20537265	-15.50163780	12.56390906	18.43398442
8.22333330	10.38657288	-22.90449731	-4.48787798	-0.48373275	-10.20547891	-15.50059166	12.56403371	18.43404035
8.23166670	10.37027433	-22.97448705	-4.48342935	-0.45201962	-10.19991915	-15.53419793	12.57327983	18.43573751
8.24000000	10.37173144	-22.97593439	-4.48416644	-0.44917515	-10.20044716	-15.53418916	12.57348767	18.43570248
8.24833330	10.37398435	-22.97850687	-4.48416489	-0.44571993	-10.20025871	-15.53491488	12.57368804	18.43578238
8.25666670	10.39748424	-23.44021501	-4.37660716	-0.09682656	-10.33281980	-16.14762162	12.69815279	18.43325168
8.26500000	10.39924371	-23.44171300	-4.37744145	-0.09319449	-10.33390257	-16.14736858	12.69820110	18.43305522
8.27333330	9.65024974	-22.97613564	-3.25904131	1.12771753	-10.73116902	-16.54730146	12.67079788	18.27171159
8.28166670	9.65164575	-22.97672625	-3.25849358	1.12869366	-10.73112751	-16.54738725	12.67082774	18.27171892
8.29000000	9.67208540	-23.24854001	-3.16983880	1.26459525	-10.87355302	-16.73661563	12.66098236	18.27854135
8.29833330	9.67512317	-23.24927363	-3.16736155	1.26557460	-10.87452226	-16.73717692	12.66108477	18.27866912
8.30666670	9.34156201	-23.50163338	-2.38685187	2.04878877	-11.49375038	-17.35247366	12.84585278	18.37427064
8.31500000	9.33338139	-23.61565720	-2.20992704	2.20221757	-11.72685909	-17.51729387	12.86809381	18.34052698
8.32333330	8.00681897	-22.41926931	-0.36819205	4.19489819	-12.24775343	-18.14614402	12.73317320	18.42371944
8.33166670	8.01786057	-22.62320993	-0.30143312	4.28110066	-12.34169638	-18.23327621	12.73912402	18.33421145
8.34000000	8.04696268	-22.89857121	-0.10166427	4.41622724	-12.70616319	-18.49597834	12.75738622	18.38668193
8.34833330	7.96343620	-23.11681470	0.22051941	4.67784739	-13.06374247	-18.75475517	12.90285539	18.41395589
8.35666670	6.79413614	-22.09680530	1.93148774	6.48122843	-13.68852469	-19.45678095	12.98489091	18.51028327
8.36500000	6.84743344	-22.38644317	2.02104611	6.61233322	-13.88547562	-19.72661043	12.97271833	18.49542253
8.37333330	6.67882386	-22.61925443	2.42683759	7.05847413	-14.17790922	-20.06204535	13.18989081	18.54972515
8.38166670	6.70436216	-22.86094213	2.62574034	7.24448969	-14.51593655	-20.36818651	13.17990983	18.52205859
8.39000000	5.20022754	-21.56065631	4.82120858	9.59684896	-15.27282406	-21.28312068	13.13492791	18.51054869
8.39833330	5.28990295	-21.89906760	4.94110967	9.71947603	-15.58153095	-21.59129153	13.14307554	18.50838122
8.40666670	5.10126063	-22.18653627	5.43459332	10.20303233	-15.99849635	-21.98546158	13.28520701	18.38375196
8.41500000	4.01740202	-21.28888963	7.17853183	11.92362601	-16.85570232	-22.62268879	13.56576743	18.71371248
8.42333330	4.09753887	-21.64821354	7.34947726	12.11161500	-17.23679881	-23.04682648	13.51832256	18.61684722
8.43166670	4.07600186	-21.98317316	7.61651734	12.40162322	-17.56955345	-23.43507783	13.51428323	18.67932875
8.44000000	2.49403959	-20.64504585	10.01949786	14.84542177	-18.55591654	-24.37983605	13.67171245	18.40568089
8.44833330	2.61366521	-21.01274532	10.20671870	14.95276750	-19.04151856	-24.71823694	13.66749315	18.39173687
8.45666670	2.16780282	-20.97843990	11.15971462	15.78432284	-19.74537376	-25.25482751	13.97625818	18.52762889
8.46500000	2.21367588	-21.33319957	11.45870152	15.97635124	-20.25628797	-25.61963116	13.95765500	18.51884643
8.47333330	1.10603489	-20.59384730	13.32453664	17.76149703	-21.24411646	-26.49794675	14.29082727	18.73409844
8.48166670	1.19300495	-20.97170821	13.65075047	17.92329404	-21.88224132	-26.91696006	14.23835154	18.78236473
8.49000000	-0.16343784	-19.87487107	15.80953838	20.04461723	-22.84945589	-27.85578639	14.30741106	18.88412349
8.49833330	-0.09557612	-20.30584474	16.05630075	20.18136788	-23.32144868	-28.19551316	14.27337334	18.92621695
8.50666670	-0.27332761	-20.65298794	16.65518652	20.55550375	-23.90948831	-28.56136112	14.47771240	19.04541055
8.51500000	-0.26499598	-20.98010655	16.97738850	20.78746998	-24.35761383	-28.93666863	14.50339094	19.03603705
8.52333330	-1.52085156	-20.02511020	18.95651612	22.71784496	-25.30829991	-29.73605501	15.05938988	19.16631591
8.53166670	-1.51079940	-20.46293934	19.21435709	22.93233888	-25.66340882	-30.06766641	15.01522616	19.19579722
8.54000000	-2.33852944	-19.99036731	20.62593675	24.24295022	-26.38479306	-30.68492334	15.15532727	19.32468210
8.54833330	-2.31682424	-20.38946687	20.86753198	24.42583026	-26.75480642	-30.99191609	15.18193044	19.35130050
8.55666670	-2.35071588	-20.78645409	21.22997242	24.69860455	-27.20548125	-31.35395893	15.21354530	19.42499884
8.56500000	-2.45921576	-21.11234386	21.67574904	25.04857598	-27.69965439	-31.74765352	15.27018116	19.47821205
8.57333330	-3.65397519	-20.17747305	23.51470494	26.86775950	-28.53511660	-32.44106047	15.81603227	19.66329448
8.58166670	-3.62468885	-20.59888834	23.74426378	27.03282787	-28.89552196	-32.70537849	15.77797638	19.66861346
8.59000000	-3.66057045	-21.02474826	24.04160232	27.31256800	-29.25450259	-33.08574051	15.77294742	19.72868974
8.59833330	-4.45424121	-20.60394802	25.35247357	28.59268088	-29.94737821	-33.66779216	16.16104369	19.64719048
8.60666670	-4.43340207	-21.03964060	25.55860198	28.79577604	-30.25857564	-34.01433006	16.12954104	19.68711889
8.61500000	-4.77133201	-21.21290037	26.30581410	29.44284577	-30.83223686	-34.48969880	16.24456459	19.82375701
8.62333330	-4.77899503	-21.59974580	26.56793789	29.66249216	-31.18151800	-34.79279635	16.27755529	19.83827887
8.63166670	-5.28868547	-21.55359950	27.54841844	30.52682477	-31.80427669	-35.28021555	16.54158694	20.16854828
8.64000000	-5.28982969	-21.92752400	27.80432711	30.75425172	-32.15701777	-35.62058142	16.56139541	20.19297190
8.64833330	-6.11723694	-21.42873353	29.16725784	32.03874533	-32.85661565	-36.10302684	16.86646905	20.52580676
8.65666670	-6.09058608	-21.88163166	29.39997407	32.23036501	-33.21863477	-36.42906322	16.85739374	20.53132675
8.66500000	-6.10514304	-22.31013970	29.71518489	32.50221417	-33.64138941	-36.83238381	16.87908949	20.59829545
8.67333330	-6.61430379	-22.31264288	30.67554058	33.37746776	-34.23300033	-37.34394176	17.13474612	20.92045612
8.68166670	-6.61412392	-22.70932305	30.93166846	33.64353376	-34.60576346	-37.75259789	17.14908863	20.93638994
8.69000000	-7.42174193	-22.24893472	32.27144325	34.95014186	-35.27417178	-38.31923577	17.39111384	21.13233766
8.69833330	-7.36914026	-22.72547345	32.48262613	35.15150137	-35.63820603	-38.70456587	17.39389972	21.18623186
8.70666670	-7.38605025	-23.19231053	32.78678557	35.42899601	-36.01511691	-39.11505121	17.40746881	21.25674899
8.71500000	-7.79910946	-23.29542813	33.59653836	36.20053816	-36.51287576	-39.59385654	17.64561970	21.56528698
8.72333330	-7.80882782	-23.69884004	33.87623659	36.44382187	-36.89649242	-39.96056613	17.65738263	21.60649825
8.73166670	-8.37843975	-23.58668067	34.91884626	37.42839506	-37.49415185	-40.45039977	17.89463030	21.89640046
8.74000000	-8.39406205	-24.00409624	35.20815260	37.66309889	-37.88169335	-40.78940719	17.89419761	21.93212699
8.74833330	-8.45153000	-24.41313902	35.54672295	37.96966593	-38.26722196	-41.15577182	17.92639929	22.03678768
8.75666670	-8.83421879	-24.53072773	36.25132430	38.70364524	-38.64751494	-41.65004139	18.10676889	22.39745969
8.76500000	-8.84021236	-24.93737320	36.55982908	38.95644968	-39.07831338	-41.95949875	18.12417191	22.41915826
8.77333330	-9.59804709	-24.52313065	37.84496878	40.24879198	-39.80225176	-42.55586465	18.48122247	22.68332523
8.78166670	-9.53760968	-25.02523171	38.08929600	40.49050582	-40.24100657	-43.01432417	18.48987482	22.71973064
8.79000000	-9.66458574	-25.42292939	38.50931764	40.91966383	-40.63969393	-43.51424078	18.63166423	22.95634927
8.79833330	-9.66967990	-25.83266444	38.83780260	41.19469698	-41.11590451	-43.90007444	18.64262515	22.98168864
8.80666670	-10.26529596	-25.66426245	39.90737553	42.23779897	-41.70182512	-44.49258542	18.96712891	23.37734039
8.81500000	-10.24274130	-26.11687265	40.20949852	42.47930909	-42.19514919	-44.92399960	18.99640912	23.43219032
8.82333330	-10.74189669	-26.03522639	41.19531669	43.43925482	-42.86343252	-45.54203055	19.32083346	23.80463837
8.83166670	-10.71518517	-26.51221197	41.47890872	43.67297688	-43.34122444	-45.96941425	19.33795827	23.86352781
8.84000000	-11.04080634	-26.71268672	42.19534250	44.33953802	-43.85943176	-46.40984220	19.56170396	24.30396957
8.84833330	-11.02161055	-27.14508102	42.48385703	44.62808615	-44.35275009	-46.89480375	19.60167873	24.33259158
8.85666670	-11.54029067	-27.01536847	43.45854113	45.60212526	-44.95398363	-47.50050935	19.92151125	24.81891989
8.86500000	-11.51804222	-27.46922792	43.77866225	45.83076743	-45.48306563	-47.89467205	19.95474218	24.87016882
8.87333330	-12.09576653	-27.29151988	44.88437157	46.86798424	-46.22115607	-48.46357540	20.31521373	25.33648400
8.88166670	-12.02708659	-27.77584062	45.16214628	47.11875354	-46.76262279	-48.95914308	20.34263200	25.40951836
8.89000000	-12.31520324	-28.01152259	45.87003867	47.82165358	-47.34253426	-49.54544581	20.66635724	25.81530893
8.89833330	-12.28055911	-28.45197933	46.18150418	48.13117477	-47.87781923	-50.08627548	20.69545554	25.85366373
8.90666670	-12.83531593	-28.27680590	47.29254925	49.19238825	-48.61745290	-50.67570812	21.07508505	26.35255353
8.91500000	-12.79342059	-28.76000596	47.62754463	49.46667325	-49.21728703	-51.18770862	21.10985494	26.49991871
8.92333330	-13.16793370	-28.86692897	48.50366502	50.26111509	-49.89879675	-51.75103244	21.47859023	26.93229709
8.93166670	-13.11694276	-29.30978781	48.82731310	50.58356048	-50.49382892	-52.31880682	21.52104623	27.02205115
8.94000000	-13.76333714	-29.00713766	50.04758842	51.79353740	-51.28899410	-52.94570101	21.92221614	27.39440719
8.94833330	-13.70956714	-29.49222125	50.36415657	52.08143329	-51.86792226	-53.45331173	21.95812256	27.46632963
8.95666670	-14.21006105	-29.40462595	51.39971609	53.10403645	-52.62285550	-54.06377290	22.27866321	27.91484886
8.96500000	-14.13784850	-29.89933869	51.72685593	53.43319077	-53.24983226	-54.65109964	22.32493350	28.08580310
8.97333330	-14.42127448	-30.08294489	52.45442256	54.18599642	-53.89324656	-55.24784584	22.69148954	28.51312383
8.98166670	-14.36538065	-30.52267611	52.77981036	54.52872730	-54.50529018	-55.83698324	22.72520686	28.54544318
8.99000000	-14.86561408	-30.37142975	53.83334245	55.62861008	-55.33703868	-56.51759248	23.12723012	29.21459776
8.99833330	-14.80101083	-30.86479645	54.15919108	55.92380998	-55.96359036	-57.03907464	23.19231405	29.23375153
9.00666670	-15.24440639	-30.82846246	55.11808104	56.91685873	-56.68941890	-57.61856089	23.56889306	29.81292036
9.01500000	-15.16640632	-31.30782945	55.44457285	57.20941112	-57.35067199	-58.16360941	23.61893124	29.83906440
9.02333330	-15.57129468	-31.27318050	56.37454621	58.19130406	-58.10363381	-58.87995916	24.04748314	30.31206329
9.03166670	-15.50136858	-31.76121376	56.69405459	58.50177317	-58.73386512	-59.42890287	24.09850519	30.32858797
9.04000000	-15.70117159	-32.04094544	57.32516779	59.22820488	-59.36382307	-60.15703734	24.42036031	30.87343414
9.04833330	-16.01582960	-32.11191572	58.14526149	60.05473649	-60.09921987	-60.77079035	24.73589993	31.16839583
9.05666670	-15.94881862	-32.56916918	58.48301671	60.35401245	-60.73519633	-61.29157606	24.77456242	31.16306047
9.06500000	-16.28792322	-32.69114689	59.35351008	61.19995787	-61.48265319	-61.90093736	25.14461992	31.52545573
9.07333330	-16.22614488	-33.12344557	59.71118623	61.57470051	-62.13077286	-62.52600203	25.18419509	31.63077449
9.08166670	-16.64587091	-33.10326307	60.66727934	62.49011955	-62.81248139	-63.06757498	25.48176032	32.29363634
9.09000000	-16.59756331	-33.57556606	61.03186241	62.84334867	-63.45574006	-63.63256878	25.52606329	32.33167298
9.09833330	-16.93816020	-33.70501178	61.89508354	63.66471343	-64.14651544	-64.20865318	25.83329766	32.54133870
9.10666670	-16.88777203	-34.15843677	62.24730422	64.01205916	-64.73899375	-64.77805012	25.86786090	32.57062006
9.11500000	-16.89395503	-34.61248351	62.66669606	64.43960891	-65.34165409	-65.37971884	25.94523407	32.75689561
9.12333330	-17.45440170	-34.47953392	63.76253352	65.51324794	-65.97544640	-65.96651330	26.30212116	33.30650436
9.13166670	-17.50922823	-34.93887120	64.22570745	65.97829211	-66.52340637	-66.55385920	26.39261125	33.59101375
9.14000000	-17.48552648	-35.40309394	64.63268875	66.32501840	-67.13917229	-67.04734429	26.44001455	33.64373381
9.14833330	-17.84736316	-35.51385613	65.51357257	67.11809130	-67.75507138	-67.54411758	26.62911013	34.04974133
9.15666670	-17.83389473	-35.98082526	65.88511441	67.47705529	-68.28476313	-68.04527873	26.66246786	34.10658529
9.16500000	-18.09741492	-36.21872342	66.61887541	68.15167946	-68.86297665	-68.54134065	26.84404613	34.44301576
9.17333330	-18.07763902	-36.69748307	67.00845117	68.50575529	-69.42143750	-69.02578653	26.89406907	34.49275156
9.18166670	-18.49959478	-36.84036378	67.97381502	69.32552938	-70.05174068	-69.43153180	27.14703413	34.54358507
9.19000000	-18.54017673	-37.26045532	68.40379715	69.73985369	-70.60444587	-69.92354665	27.88049075	34.72895453
9.19833330	-18.50272736	-37.74971013	68.77652665	70.08271939	-71.16877404	-70.44440382	27.92129241	34.77234534
9.20666670	-18.76980686	-38.02204220	69.50600193	70.72900594	-71.70183354	-70.94123784	28.09840267	35.06164815
9.21500000	-18.94977627	-38.31301501	70.09640010	71.37248304	-72.25911592	-71.50880710	28.22851944	35.42387296
9.22333330	-18.95065408	-38.73402185	70.49099450	71.72588004	-72.81690009	-71.97766606	28.27658999	35.39271848
9.23166670	-19.50425904	-38.62056937	71.55042856	72.75569923	-73.42442158	-72.42729639	28.52623520	35.55718001
9.24000000	-19.56976467	-39.04541019	71.95600055	73.30554729	-73.96795009	-73.00752164	28.66066164	35.97793482
9.24833330	-19.56649344	-39.45765542	72.35502441	73.68509251	-74.53857811	-73.50569567	28.73767955	35.97581085
9.25666670	-20.21513638	-39.21707023	73.53460249	74.93671808	-75.17762466	-74.10667430	29.01753435	36.12282499
9.26500000	-20.16012758	-39.65413528	73.86731052	75.26772709	-75.77710267	-74.65470076	29.08910409	36.17547455
9.27333330	-20.39283561	-39.85398074	74.52249895	75.95792788	-76.38064186	-75.23117584	29.41257865	36.54032092
9.28166670	-20.62979522	-39.97717582	75.23918940	76.65757413	-77.03071413	-75.82367105	29.66000704	36.83443497
9.29000000	-20.60067243	-40.36601999	75.62709390	77.01206255	-77.66123138	-76.36797723	29.71450588	36.90189887
9.29833330	-21.02795714	-40.29395181	76.63307686	77.88195956	-78.35273348	-76.95569135	30.03114438	37.32645957
9.30666670	-20.95965201	-40.68082539	77.01570476	78.24001305	-79.04590543	-77.61238120	30.07759828	37.38789002
9.31500000	-21.34539117	-40.62507390	77.95426654	79.13289861	-79.74851749	-78.24121372	30.45139752	37.89590565
9.32333330	-21.27061253	-40.99795571	78.31301960	79.49688109	-80.43290586	-78.89754450	30.49881790	37.93976827
9.33166670	-21.68036452	-40.89836845	79.24652087	80.48764356	-81.10054330	-79.54672409	30.85629275	38.34015170
9.34000000	-21.58686365	-41.26968181	79.62908771	80.86135024	-81.80843029	-80.25922845	30.90078221	38.46254985
9.34833330	-21.86694802	-41.31101688	80.40223912	81.65168245	-82.47876434	-80.91713122	31.21753847	38.93486213
9.35666670	-21.78625702	-41.64966155	80.79471148	82.02464834	-83.18486685	-81.59724556	31.29354706	38.98835590
9.36500000	-22.05366711	-41.63893130	81.61032791	82.88846237	-83.91605553	-82.35415435	31.70279026	39.48650228
9.37333330	-22.21465346	-41.69804327	82.32564978	83.57390295	-84.66803671	-83.07872315	31.79105829	39.96720516
9.38166670	-22.09154572	-42.05816956	82.70811321	83.89641497	-85.36582830	-83.72529477	31.88166570	40.04811993
9.39000000	-22.45752903	-41.92028082	83.71945182	84.76861735	-86.14811970	-84.35337950	32.26935135	40.61928688
9.39833330	-22.28240768	-42.30744709	84.05785449	85.07602990	-86.91129263	-85.07549309	32.25702504	40.74206406
9.40666670	-22.32392836	-42.54603397	84.61317572	85.65213717	-87.64007929	-85.78100586	32.41086330	41.21619241
9.41500000	-22.19563712	-42.87149649	84.98618823	86.00579277	-88.35186533	-86.51291841	32.48938732	41.30003526
9.42333330	-22.53443785	-42.73070782	85.91055382	86.89843017	-89.09104727	-87.20328262	32.86725148	41.80283687
9.43166670	-22.34886408	-43.15331629	86.23869962	87.21634128	-89.78747260	-87.86444722	32.91164364	41.89229749
9.44000000	-22.19521327	-43.52254453	86.57460470	87.58764984	-90.51756336	-88.58058336	32.98987342	42.05665039
9.44833330	-22.10418432	-43.83464978	86.97618834	88.04386961	-91.24248347	-89.31793740	33.11406442	42.29373252
9.45666670	-22.53394975	-43.61479783	87.85510377	89.10454934	-91.86717041	-89.94209634	33.59856294	42.61417450
9.46500000	-22.40219653	-43.93284746	88.21226298	89.50512015	-92.56284529	-90.68921829	33.63786761	42.80894006
9.47333330	-22.62099603	-43.89671493	88.93589568	90.25991767	-93.23685923	-91.26379414	33.93871346	43.16489313
9.48166670	-22.50383646	-44.21663807	89.26659375	90.61210067	-93.87070299	-91.92363781	33.99269553	43.22917796
9.49000000	-22.66833823	-44.24211128	89.94290876	91.29809232	-94.51956528	-92.59414410	34.27645343	43.88844629
9.49833330	-22.83914221	-44.27002297	90.57930467	91.98299977	-95.13951555	-93.23842150	34.42744150	44.23034704
9.50666670	-22.70569952	-44.57675450	90.93877573	92.30129911	-95.78988297	-93.81275587	34.46542688	44.21218362
9.51500000	-22.93015713	-44.54204726	91.62832140	93.06594934	-96.37650620	-94.41860886	34.69254860	44.42252620
9.52333330	-22.84166267	-44.83547525	91.98635871	93.41511381	-96.96395273	-95.00653094	34.73555511	44.46315847
9.53166670	-23.01286409	-44.85659884	92.58392308	94.19684289	-97.53540616	-95.64805664	34.97721343	44.77296946
9.54000000	-23.08626720	-45.03867660	93.11366061	94.74875483	-98.10025843	-96.29674860	35.12502098	45.15641772
9.54833330	-22.96643786	-45.34175254	93.44351596	95.06778690	-98.67020547	-96.87459725	35.17493880	45.22315544
9.55666670	-23.08023368	-45.42546141	93.99795947	95.74246803	-99.21329538	-97.44433687	35.44029100	45.33721432
9.56500000	-22.94304256	-45.71523172	94.33114460	96.07513758	-99.80421036	-98.06763144	35.49170898	45.49704073
9.57333330	-22.85975454	-45.97938226	94.68541806	96.42277791	-100.35662076	-98.58525645	35.57192456	45.57235565
9.58166670	-23.02908513	-45.99519950	95.36533574	97.08537717	-100.92173219	-99.17486970	35.84886290	45.89083016
9.59000000	-22.86965587	-46.25438394	95.68679317	97.37886522	-101.50693477	-99.73010515	35.89708052	45.95531881
9.59833330	-23.00614249	-46.26344912	96.28588298	97.98655264	-102.05000173	-100.29084584	36.10462934	46.28566508
9.60666670	-22.85644995	-46.53407618	96.62652517	98.30644352	-102.62661123	-100.84642693	36.15098811	46.34296620
9.61500000	-22.73020999	-46.75886323	96.97746728	98.63391573	-103.21143937	-101.42428448	36.23100498	46.45451194
9.62333330	-22.97201895	-46.66513939	97.79885663	99.30352981	-103.79188527	-101.93140265	36.49528684	46.82644925
9.63166670	-22.78703493	-46.93511573	98.07024495	99.60111535	-104.37061855	-102.50341643	36.54106215	46.92626503
9.64000000	-22.77809259	-47.05278722	98.52928721	100.12002351	-104.92661146	-103.17698031	36.75459624	47.44053715
9.64833330	-22.77190395	-47.12272081	99.05506784	100.58461911	-105.50687379	-103.73341720	36.97586474	47.71546634
9.65666670	-22.59007911	-47.38915049	99.31686570	100.82851742	-106.03230996	-104.19882826	37.00473359	47.68405521
9.66500000	-22.40841039	-47.61194988	99.59848249	101.11991647	-106.60643881	-104.77522404	37.08445233	47.75286609
9.67333330	-22.42034463	-47.66457400	100.12606830	101.63448132	-107.14419934	-105.35208000	37.31254228	48.22901999
9.68166670	-22.23649897	-47.86825494	100.37912619	101.89473535	-107.67128036	-105.88302516	37.35425792	48.29243379
9.69000000	-22.05400092	-48.06127847	100.67892580	102.16356159	-108.22127500	-106.42887610	37.41833719	48.40629166
9.69833330	-21.90474963	-48.24356545	100.96041092	102.43990222	-108.72320051	-106.95487942	37.49100133	48.55527951
9.70666670	-21.72552722	-48.42136004	101.23746928	102.73681118	-109.25457258	-107.50704290	37.56649879	48.67307677
9.71500000	-21.73277149	-48.44562438	101.71001792	103.12463408	-109.71579814	-107.96958538	37.94180313	49.03242299
9.72333330	-21.50907951	-48.65637249	101.93007068	103.34439773	-110.24216479	-108.48887289	37.98455377	49.09125105
9.73166670	-21.32645892	-48.83784265	102.16326458	103.57202002	-110.72463884	-108.97562108	38.04848017	49.18472351
9.74000000	-21.17039794	-49.01649457	102.40099988	103.80998478	-111.16193888	-109.43332851	38.14026932	49.33240541
9.74833330	-21.01627511	-49.21172550	102.64392142	104.01840074	-111.58979973	-109.85188518	38.18421050	49.40087581
9.75666670	-20.97446397	-49.16451476	102.99504277	104.40308407	-112.03021183	-110.32091109	38.49957490	49.85790722
9.76500000	-20.78532541	-49.34150438	103.19382380	104.59002445	-112.47362943	-110.74823641	38.52640798	49.88601390
9.77333330	-20.61473060	-49.48659773	103.38489463	104.80486525	-112.88146545	-111.19412177	38.57368100	49.93942552
9.78166670	-20.43489423	-49.60610519	103.57058804	104.99471060	-113.28757405	-111.61545269	38.64560276	50.01714045
9.79000000	-20.28703266	-49.72344576	103.77084126	105.19632055	-113.68437573	-112.01422860	38.74809337	50.10729709
9.79833330	-20.13853779	-49.83098770	103.96073919	105.38591058	-114.05445609	-112.40311215	38.85486855	50.22909599
9.80666670	-19.99296377	-49.91085803	104.16614932	105.57206032	-114.43175498	-112.78057526	38.94950098	50.32245130
9.81500000	-20.00458993	-49.85151556	104.55493899	105.82104802	-114.76005348	-113.10479974	39.21626246	50.56497811
9.82333330	-19.81800940	-49.97292705	104.70477676	105.97158880	-115.13444610	-113.47028080	39.23016336	50.57388455
9.83166670	-19.65654719	-50.08213721	104.85318336	106.08746341	-115.47197268	-113.79878580	39.25380415	50.63131574
9.84000000	-19.51432571	-50.15994811	104.99483365	106.23784226	-115.79279016	-114.11261400	39.28495545	50.72043608
9.84833330	-19.36682476	-50.23654050	105.13745778	106.37752299	-116.10990480	-114.44304339	39.33681582	50.82999127
9.85666670	-19.20575581	-50.33809228	105.28105960	106.52748807	-116.44103044	-114.76947674	39.38497579	50.90098798
9.86500000	-19.06548021	-50.41806933	105.39748084	106.64527889	-116.72474943	-115.06303655	39.43806894	50.99159309
9.87333330	-18.94974115	-50.51083486	105.49775596	106.76284144	-116.94247022	-115.30519992	39.45877732	51.02716966
9.88166670	-18.75190169	-50.58703613	105.58165404	106.89104690	-117.28084562	-115.64656371	39.50827493	51.09928086
9.89000000	-18.60117117	-50.69270549	105.64317173	106.98977691	-117.52014415	-115.89736048	39.55800936	51.14952459
9.89833330	-18.44492048	-50.78153515	105.72196299	107.09222963	-117.78658704	-116.18145326	39.61000485	51.20820125
9.90666670	-18.28309184	-50.87183217	105.78963468	107.17452429	-118.04053344	-116.44323269	39.65355326	51.28012246
9.91500000	-18.12880519	-50.98265037	105.85116340	107.27037192	-118.28814319	-116.69824248	39.69926321	51.34929234
9.92333330	-17.98695645	-51.07927709	105.93175522	107.37664352	-118.51112826	-116.94449156	39.72554336	51.40293712
9.93166670	-17.84588467	-51.15849419	105.98828010	107.46242938	-118.73504493	-117.18191478	39.75263239	51.45952741
9.94000000	-17.74240975	-51.22131699	106.05856261	107.52995957	-118.93896438	-117.35929831	39.76986389	51.49762866
9.94833330	-17.59436486	-51.28446479	106.13068403	107.63420895	-119.16273621	-117.60148043	39.78826297	51.54001028
9.95666670	-17.46465499	-51.34987506	106.17678114	107.73875222	-119.38699478	-117.86172914	39.83548526	51.68687676
9.96500000	-17.42242968	-51.45407591	106.27134272	107.81529578	-119.50602303	-117.93146501	39.84596249	51.67778115
9.97333330	-17.24548266	-51.56748947	106.17422994	108.04612732	-119.69520407	-118.26967401	39.90292471	51.91874354
9.98166670	-17.13094209	-51.65322082	106.25748847	108.11608782	-119.88708224	-118.45139083	39.91187651	51.91349425
9.99000000	-17.01854139	-51.72060386	106.31088820	108.17843251	-120.05962219	-118.63271049	39.91930158	51.91131312
9.99833330	-16.88698070	-51.79398602	106.36630530	108.24268455	-120.26017685	-118.83433505	39.93346675	51.92381431
10.00666700	-16.78025801	-51.87330962	106.43651059	108.31622127	-120.44084322	-119.00055362	39.94620759	51.93575853
10.01500000	-16.66059607	-51.93926513	106.49099478	108.36627005	-120.62179193	-119.14456172	39.95899041	51.90892303
10.02333300	-16.54131988	-51.99766660	106.53393885	108.41902260	-120.79093284	-119.32267227	39.97790388	51.90056674
10.03166700	-16.44781659	-52.06725296	106.58207278	108.48722740	-120.94864628	-119.45649906	39.98924536	51.90028892
10.04000000	-16.31881873	-52.10834334	106.63907162	108.55304676	-121.11009753	-119.71555393	40.00566589	51.94084749
10.04833300	-16.19069234	-52.15283121	106.71292647	108.58230881	-121.31449647	-119.86688767	40.02800077	51.99295761
10.05666700	-16.11362060	-52.21002816	106.76019189	108.63420996	-121.43948703	-119.99012867	40.04944956	52.02843725
10.06500000	-16.00938744	-52.26393164	106.83102253	108.66706654	-121.61185267	-120.13451628	40.06854060	52.05893374
10.07333300	-15.88432426	-52.29474330	106.89671452	108.69226014	-121.79508707	-120.27314905	40.09617887	52.05669175
10.08166700	-15.77040065	-52.33377711	106.94579217	108.73844269	-121.94673262	-120.47597344	40.12302400	52.10276395
10.09000000	-15.66837343	-52.37782774	106.99767170	108.77902937	-122.10851893	-120.62204767	40.14617895	52.14265226
10.09833300	-15.66675286	-52.37897615	106.99850851	108.77846700	-122.10839395	-120.62264217	40.14644473	52.14308830
10.10666700	-15.49868406	-52.46274067	107.11101730	108.86291506	-122.37788889	-120.89029030	40.17428355	52.17951645
10.11500000	-15.49693129	-52.46378462	107.11123291	108.86273153	-122.37808356	-120.89099185	40.17449206	52.17993001
10.12333300	-15.31731666	-52.53390729	107.19852053	108.95819934	-122.67013229	-121.18089492	40.19706888	52.22538100
10.13166700	-15.22299775	-52.56785247	107.24544753	108.98857995	-122.80991287	-121.33715120	40.22148392	52.27073271
10.14000000	-15.14028693	-52.60244406	107.28684180	109.01547449	-122.94679871	-121.45231525	40.24229083	52.30980945
10.14833300	-15.05466439	-52.63797392	107.33204664	109.06032413	-123.07494229	-121.59285477	40.26676462	52.36116392
10.15666700	-14.96163324	-52.66921477	107.36800424	109.09793826	-123.23046177	-121.74529061	40.29202465	52.41457906
10.16500000	-14.96052487	-52.67075456	107.36825390	109.09772629	-123.23058620	-121.74557747	40.29225714	52.41501164
10.17333300	-14.80709370	-52.73167694	107.46094415	109.15771586	-123.47396346	-121.98261635	40.32053921	52.46224704
10.18166700	-14.80698089	-52.73352710	107.46063775	109.15737817	-123.47460485	-121.98354328	40.32077409	52.46273934
10.19000000	-14.63595347	-52.77792863	107.52295043	109.20883721	-123.73985822	-122.27564781	40.35568699	52.52808183
10.19833300	-14.49064371	-52.89468804	107.52663313	109.08148682	-123.87114505	-122.38901437	40.56232375	52.86878637
10.20666700	-14.40900757	-52.92828071	107.56626518	109.10482628	-123.99785260	-122.52551612	40.56230121	52.85457874
10.21500000	-14.39352115	-52.93868709	107.57554123	109.10810555	-124.02225318	-122.55036258	40.56323974	52.85552364
10.22333300	-14.28679202	-52.96240136	107.62824187	109.12710428	-124.21148220	-122.69357939	40.57208708	52.87407701
10.23166700	-14.19483826	-52.98356596	107.62778316	109.16051782	-124.32211437	-122.86023250	40.58234536	52.89671290
10.24000000	-14.12765106	-53.00881859	107.66069270	109.15171433	-124.42677194	-122.94781141	40.59039936	52.92429145
10.24833300	-14.06426116	-53.03403263	107.67378721	109.17008489	-124.51112574	-123.05356491	40.59893379	52.94727645
10.25666700	-13.94386185	-53.15241892	107.68682375	109.14462461	-124.65802073	-123.19661340	40.65867040	53.13583742
10.26500000	-13.87558638	-53.17811883	107.72868936	109.15627255	-124.76731696	-123.31825306	40.66548879	53.14733827
10.27333300	-13.80408770	-53.18844590	107.75691684	109.15230460	-124.87679813	-123.41378485	40.67864142	53.16102168
10.28166700	-13.79689737	-53.19275588	107.75516826	109.15833720	-124.89246572	-123.42789477	40.67977126	53.16345680
10.29000000	-13.67051398	-53.21876832	107.71913934	109.12870384	-125.01667097	-123.60595825	40.77425560	53.37073905
10.29833300	-13.66602949	-53.21920958	107.72422678	109.12130029	-125.03377371	-123.61899925	40.77538007	53.36821533
10.30666700	-13.59425736	-53.26472108	107.78777401	109.13532388	-125.16023650	-123.74016330	40.78681771	53.37338549
10.31500000	-13.59447012	-53.27206791	107.79559323	109.12383064	-125.17854040	-123.76109054	40.78788256	53.37377028
10.32333300	-13.49817737	-53.31703199	107.86692174	109.13433425	-125.34698723	-123.94099168	40.80170284	53.41647395
10.33166700	-13.50087513	-53.33702908	107.87671609	109.13288248	-125.35459384	-123.95380236	40.80327234	53.42024683
10.34000000	-13.45202083	-53.36188763	107.94518905	109.11340470	-125.45409489	-124.02953087	40.81386441	53.41371705
10.34833300	-13.40862126	-53.38330293	107.96581370	109.15007253	-125.51397175	-124.16706337	40.82733446	53.46486700
10.35666700	-13.42093338	-53.40280263	107.97458672	109.14464997	-125.52848331	-124.16127254	40.82895409	53.46315631
10.36500000	-13.40693797	-53.37995349	108.05339513	109.19665197	-125.61808608	-124.27437379	40.90023077	53.69995279
10.37333300	-13.41512204	-53.39027403	108.05977056	109.18836795	-125.63274749	-124.27923845	40.90114432	53.69390435
10.38166700	-13.39294704	-53.38193103	108.10409519	109.15216831	-125.68323939	-124.34706424	40.90697197	53.70049174
10.39000000	-13.40081206	-53.38262652	108.09934457	109.14999264	-125.70132277	-124.35744372	40.90745897	53.70279807
10.39833300	-13.39941355	-53.38146811	108.09958452	109.14966756	-125.70276897	-124.35810434	40.90755003	53.70259045
10.40666700	-13.33488826	-53.36542037	108.15700828	109.14050430	-125.86154094	-124.48905336	40.91054122	53.67943470
10.41500000	-13.34239575	-53.36716470	108.15291579	109.14455862	-125.86244050	-124.50737578	40.91102315	53.68541993
10.42333300	-13.36001134	-53.36841419	108.16205174	109.12833759	-125.86521910	-124.53825021	40.91125360	53.69426477
10.43166700	-13.36110599	-53.36804042	108.17074648	109.12516885	-125.88063138	-124.55724115	40.91237302	53.70477462
10.44000000	-13.42095795	-53.33968361	108.24336850	109.27243854	-125.91862903	-124.63954359	40.89656256	54.05919049
10.44833300	-13.42287794	-53.33602828	108.25643157	109.24809566	-125.94194147	-124.66732765	40.89787354	54.05398747
10.45666700	-13.42073000	-53.39941991	108.16853733	109.24835478	-125.93310773	-124.68618252	40.96380430	54.71308031
10.46500000	-13.41012377	-53.37762955	108.17757568	109.21096262	-125.95609773	-124.70767381	40.96329947	54.70386141
10.47333300	-13.37347543	-53.39275405	108.11163397	109.16163274	-125.97746462	-124.68134387	40.99219507	54.37398900
10.48166700	-13.38731998	-53.37421356	108.10540269	109.13396906	-125.97765239	-124.70868368	40.99165084	54.39271289
10.49000000	-13.37418124	-53.32969688	108.08712808	109.10172061	-125.97160604	-124.73619273	40.99029712	54.43709346
10.49833300	-13.36981644	-53.32716316	108.08451170	109.08997621	-125.97192005	-124.73155691	40.98860306	54.49724239
10.50666700	-13.37908110	-53.32049320	108.08349004	109.07868180	-125.97458366	-124.73319255	40.98779866	54.50780971
10.51500000	-13.38577538	-53.31227209	108.09110839	109.05771490	-125.98029100	-124.73145976	40.98694642	54.51399162
10.52333300	-13.40340887	-53.31822253	108.11462171	109.02820478	-125.95919461	-124.65833146	40.97809340	54.49739161
10.53166700	-13.42530214	-53.33599453	108.11943073	109.02390145	-125.94129660	-124.66165160	40.97527542	54.49512696
10.54000000	-13.42766883	-53.33067583	108.11858845	109.02162437	-125.93197686	-124.65532182	40.97112023	54.49117915
10.54833300	-13.44295606	-53.33332356	108.12578301	109.00849971	-125.90691378	-124.65264680	40.96664038	54.48800803
10.55666700	-13.44311802	-53.33326282	108.12590684	109.00813918	-125.90558463	-124.64980874	40.96631830	54.48709386
10.56500000	-13.52721267	-53.33149103	108.12760961	108.98159708	-125.77535409	-124.54228103	40.91651379	54.45721546
10.57333300	-13.53128848	-53.33024252	108.13797816	108.96287755	-125.76441205	-124.56276140	40.91082527	54.45415369
10.58166700	-13.53084840	-53.33004714	108.13814509	108.96292951	-125.76397672	-124.56226764	40.91052797	54.45403254
10.59000000	-13.60155302	-53.37445057	108.11451429	109.10218208	-125.66268162	-124.53995184	40.70496720	54.22752993
10.59833300	-13.60118728	-53.37394545	108.11435068	109.10261473	-125.66217449	-124.54072827	40.70501608	54.22779356
10.60666700	-13.60838241	-53.36347392	108.12171511	109.08646286	-125.62326437	-124.55886665	40.70438849	54.23325683
10.61500000	-13.60834849	-53.36265132	108.12199279	109.08604341	-125.62260970	-124.55800067	40.70435029	54.23347851
10.62333300	-13.63416396	-53.33807500	108.12863606	109.05658998	-125.56103655	-124.53534062	40.69960029	54.24125335
10.63166700	-13.66387039	-53.32411442	108.12417603	109.04450039	-125.52283836	-124.45246069	40.69020224	54.23132212
10.64000000	-13.65557130	-53.30059706	108.12111265	109.03791954	-125.51617831	-124.45683707	40.68931155	54.22997940
10.64833300	-13.65956515	-53.30451509	108.12955216	109.03116168	-125.49167552	-124.46700980	40.68793531	54.23491893
10.65666700	-13.66025868	-53.30383230	108.12982547	109.02987498	-125.48974294	-124.46596985	40.68785567	54.23489040
10.66500000	-13.72441007	-53.29649185	108.12091072	108.99456596	-125.34390284	-124.36052249	40.66858523	54.28069295
10.67333300	-13.71741679	-53.28506036	108.13541847	108.97503675	-125.34685074	-124.35984365	40.66705110	54.27594810
10.68166700	-13.70874927	-53.28498256	108.13606148	108.97750858	-125.32902805	-124.36710774	40.66514972	54.28244896
10.69000000	-13.70779660	-53.28368384	108.13583880	108.97694913	-125.32797367	-124.36666369	40.66510018	54.28284026
10.69833300	-13.68859395	-53.26509722	108.13855160	108.96977175	-125.30427015	-124.35317248	40.66417227	54.28692671
10.70666700	-13.76357328	-53.25817858	108.09352760	108.93040410	-125.13546847	-124.21239318	40.64482406	54.32458958
10.71500000	-13.76167442	-53.25681581	108.09405900	108.93010510	-125.13551237	-124.21175039	40.64487395	54.32430767
10.72333300	-13.73363532	-53.23902309	108.09529072	108.93316607	-125.12281838	-124.20951615	40.64517967	54.32614660
10.73166700	-13.73692431	-53.32835167	107.98140208	108.95778307	-124.99058907	-124.17544290	40.63539015	54.35943295
10.74000000	-13.72028156	-53.30851861	107.97826838	108.95300611	-124.98315303	-124.16658827	40.63491256	54.35570497
10.74833300	-13.75079331	-53.28436207	107.95371247	108.90765241	-124.87845146	-124.04507979	40.62344834	54.32740409
10.75666700	-13.73213450	-53.26743991	107.95379485	108.90776637	-124.86573803	-124.04309855	40.62295399	54.32678723
10.76500000	-13.75030194	-53.31285830	107.83607053	108.91804747	-124.72320389	-123.93141248	40.55533623	54.23900552
10.77333300	-13.73699734	-53.29601243	107.84070946	108.91078482	-124.70325120	-123.93621040	40.55410117	54.24678421
10.78166700	-13.72011018	-53.28005414	107.83930417	108.91330225	-124.69553019	-123.92080869	40.55318884	54.24800712
10.79000000	-13.79120199	-53.24390202	107.81486492	108.87569268	-124.52871586	-123.75351580	40.54528600	54.20594300
10.79833300	-13.77081677	-53.22838527	107.81738772	108.87948936	-124.51559824	-123.74659193	40.54448578	54.20629795
10.80666700	-13.75688219	-53.20192244	107.81882865	108.87088722	-124.49264164	-123.73190348	40.54262510	54.20670420
10.81500000	-13.92654660	-53.05963036	107.84690999	109.04444878	-124.30383292	-123.61347064	40.38593722	54.13655273
10.82333300	-13.89526897	-53.02356081	107.84416447	109.04005143	-124.28835339	-123.59850486	40.38547422	54.13241895
10.83166700	-13.95573345	-52.98060045	107.79474016	108.98384843	-124.12652060	-123.43266610	40.37216049	54.07825809
10.84000000	-13.93174631	-52.96331423	107.79594934	108.98508334	-124.11226585	-123.41975674	40.37125790	54.07544622
10.84833300	-13.96698445	-52.91297300	107.76853771	108.92980551	-123.98682653	-123.31076582	40.35790541	54.04985207
10.85666700	-13.94336953	-52.90288977	107.77097299	108.93932452	-123.96749698	-123.28834271	40.35598573	54.04655091
10.86500000	-13.99656182	-52.86361862	107.74178175	108.89386888	-123.81664378	-123.12401126	40.33854062	54.00744197
10.87333300	-13.97792080	-52.85643258	107.74463899	108.90186478	-123.80203698	-123.11182676	40.33643908	54.00290795
10.88166700	-14.00957711	-52.81449350	107.71825687	108.86038741	-123.68925096	-123.01479780	40.31677616	53.97319255
10.89000000	-13.98807992	-52.80181974	107.72019586	108.86663613	-123.66703897	-122.99256691	40.31417608	53.96940510
10.89833300	-14.03729372	-52.74161619	107.67185414	108.80752027	-123.51664533	-122.84795320	40.28752108	53.93483216
10.90666700	-14.01456240	-52.73174395	107.67397201	108.81711779	-123.49617577	-122.82158331	40.28394846	53.92991983
10.91500000	-14.11413393	-52.72414391	107.61381778	108.91171057	-123.27952176	-122.67461238	40.01760755	53.55903403
10.92333300	-14.09036561	-52.70874212	107.61568557	108.91421139	-123.26210124	-122.65050306	40.01731202	53.55578452
10.93166700	-14.12667487	-52.65826954	107.58395281	108.84071172	-123.14098111	-122.49291906	40.01064156	53.52286622
10.94000000	-14.10302477	-52.65222520	107.57952738	108.85856571	-123.11616555	-122.48059066	40.00862880	53.52385969
10.94833300	-14.16396396	-52.61103036	107.52701893	108.78528442	-122.95070695	-122.29037039	39.99494854	53.48199122
10.95666700	-14.14228871	-52.60026760	107.52616690	108.79130819	-122.93343107	-122.27783929	39.99331669	53.48043594
10.96500000	-14.13197623	-52.57134260	107.46527397	108.58652965	-122.77850152	-122.09205174	39.80874896	53.31296953
10.97333300	-14.14107966	-52.52726989	107.44837889	108.55353709	-122.72135797	-122.02805848	39.80481479	53.30801338
10.98166700	-14.19607841	-52.46322252	107.39490013	108.50641553	-122.58234329	-121.88084420	39.79712575	53.29171621
10.99000000	-14.23413664	-52.39382594	107.35927911	108.47097973	-122.47426078	-121.75865134	39.79026326	53.27606609
10.99833300	-14.29947927	-52.31910218	107.32755844	108.40156306	-122.33804054	-121.56654823	39.77959408	53.23646461
11.00666700	-14.37996352	-52.24577803	107.28293055	108.37187510	-122.14215800	-121.41665593	39.76440514	53.20745400
11.01500000	-14.48878443	-52.05244475	107.32950961	108.35922412	-121.99955877	-121.24766823	39.67452424	52.91290910
11.02333300	-14.55720771	-51.99706345	107.27950427	108.28130024	-121.85598438	-121.07817563	39.66718071	52.90474129
11.03166700	-14.60924529	-51.83381916	107.12834240	108.21557865	-121.62829264	-120.87977177	39.60431682	52.77450483
11.04000000	-14.69242277	-51.74339574	107.03640698	108.12611736	-121.42364350	-120.66666673	39.59241927	52.76112803
11.04833300	-14.77334634	-51.62691625	106.92573707	108.02327802	-121.20278026	-120.43876705	39.58282336	52.73366076
11.05666700	-14.85979097	-51.49932078	106.80554587	107.91896856	-120.96449422	-120.25156482	39.57228749	52.73013752
11.06500000	-14.92814153	-51.28631074	106.57977818	107.75479919	-120.66730177	-119.92862411	39.48344420	52.46522110
11.07333300	-15.04805433	-51.14280869	106.44258615	107.60712323	-120.37149348	-119.61543534	39.47743709	52.43123181
11.08166700	-15.15452437	-50.98047007	106.29209898	107.46288984	-120.08507832	-119.32796746	39.46078013	52.40236582
11.09000000	-15.29290088	-50.79901389	106.10771897	107.27883019	-119.74861427	-118.96809466	39.43851101	52.35672246
11.09833300	-15.31504317	-50.59469481	105.79605298	107.04246006	-119.40784823	-118.65614529	39.35878723	52.06724349
11.10666700	-15.47838280	-50.38364403	105.58521668	106.84575821	-119.00492223	-118.25567724	39.33675050	52.05734051
11.11500000	-15.63192007	-50.19007916	105.35405049	106.65145027	-118.59567265	-117.85679949	39.29720594	52.01353769
11.12333300	-15.76844673	-49.94785001	105.11183677	106.43497079	-118.19495717	-117.45580056	39.26314203	51.93883057
11.13166700	-15.78855567	-49.70920506	104.62422294	106.16709039	-117.73175229	-117.05867566	39.10491365	51.59977722
11.14000000	-15.97957238	-49.39225324	104.39008490	105.92858508	-117.28255577	-116.62117971	39.07923305	51.66602965
11.14833300	-16.15719478	-49.10684642	104.11366431	105.66556186	-116.80265550	-116.11320506	39.04942868	51.58300900
11.15666700	-16.31687296	-48.79613771	103.81309201	105.41531688	-116.32924652	-115.65338831	39.00235835	51.50340052
11.16500000	-16.39831237	-48.50408281	103.34149679	105.08956847	-115.80665650	-115.14536273	38.85466663	51.22458598
11.17333300	-16.57872703	-48.16782445	103.02096035	104.80713658	-115.29444542	-114.64368862	38.82625617	51.21498118
11.18166700	-16.72902500	-47.82956014	102.67957098	104.51902796	-114.78067963	-114.14490641	38.78689534	51.15007861
11.19000000	-16.77446893	-47.56043981	102.10983825	104.13341474	-114.22482999	-113.61773819	38.67808327	50.85571013
11.19833300	-16.94474536	-47.17591802	101.75662219	103.82658062	-113.68002981	-113.08984895	38.65202217	50.81775450
11.20666700	-17.09148358	-46.83852595	101.36663355	103.47140694	-113.11326914	-112.55881502	38.60626801	50.72178866
11.21500000	-17.05202489	-46.62298849	100.72390595	102.93861356	-112.54742880	-112.00642348	38.45993024	50.40918820
11.22333300	-17.22981579	-46.20088148	100.35204978	102.59532173	-111.97930983	-111.44216369	38.44539510	50.35944994
11.23166700	-17.23867207	-45.93802074	99.73610856	102.05230268	-111.36697959	-110.82131313	38.33340746	50.15958700
11.24000000	-17.40236488	-45.52310081	99.35368684	101.69560139	-110.78439610	-110.25994258	38.30939964	50.12663428
11.24833300	-17.30632777	-45.35452272	98.63209687	101.05167963	-110.17994498	-109.72082519	38.21355292	50.03674878
11.25666700	-17.49760381	-44.91534207	98.22722614	100.68457005	-109.53101669	-109.07347702	38.18064432	49.93228855
11.26500000	-17.46279993	-44.67119379	97.56225455	100.06642332	-108.89344616	-108.43918000	38.06017043	49.58531644
11.27333300	-17.65570637	-44.22308837	97.15946797	99.67444430	-108.22872577	-107.81521731	38.03202642	49.60658127
11.28166700	-17.60410950	-43.92611464	96.50569360	99.03455707	-107.60300166	-107.16610262	37.92423353	49.29234081
11.29000000	-17.80900147	-43.46559730	96.08776758	98.62602854	-106.90536655	-106.48810758	37.88305427	49.24131020
11.29833300	-17.73605936	-43.20427474	95.29621695	97.95673755	-106.20424486	-105.82102418	37.71509401	48.99378236
11.30666700	-17.90902620	-42.73073637	94.86341473	97.53507375	-105.50645254	-105.13763173	37.67910755	48.93264763
11.31500000	-17.78449585	-42.50846844	94.09392927	96.76655515	-104.82932707	-104.49359947	37.51711848	48.82454950
11.32333300	-17.96129973	-42.04749478	93.63125011	96.31795338	-104.07843474	-103.76543275	37.48252416	48.71320204
11.33166700	-17.80123997	-41.83510373	92.80469986	95.54363448	-103.38126521	-103.10567993	37.34651727	48.28214054
11.34000000	-17.95792919	-41.34662657	92.34154604	95.09199335	-102.63659950	-102.40955157	37.29835344	48.23664891
11.34833300	-17.72839036	-41.20077533	91.39160061	94.20412165	-101.88133973	-101.71809268	37.05169658	47.92188181
11.35666700	-17.89476002	-40.70057492	90.93859372	93.72967634	-101.12048909	-100.96115656	37.02036118	47.85773670
11.36500000	-17.68216870	-40.52461902	90.02162907	92.83643887	-100.34742737	-100.25405016	36.80261818	47.52087463
11.37333300	-17.83809393	-40.03190260	89.54806127	92.34402816	-99.54749374	-99.47207123	36.74980542	47.43673256
11.38166700	-17.53049320	-39.91797133	88.53491578	91.26377239	-98.76568994	-98.70252291	36.53659866	47.15167260
11.39000000	-17.66707654	-39.43227296	88.02507984	90.72730573	-97.94705993	-97.92164606	36.46427564	47.08504760
11.39833300	-17.31437887	-39.35777831	86.91115391	89.64565489	-97.13140721	-97.13138670	36.21786771	46.73791901
11.40666700	-17.45468863	-38.85960130	86.39378167	89.10001297	-96.27747389	-96.30845000	36.16772925	46.67751041
11.41500000	-17.08530581	-38.77574654	85.25188300	88.02366905	-95.42944628	-95.52638515	35.92550224	46.25722778
11.42333300	-17.24394969	-38.25373265	84.76090974	87.50291211	-94.56311271	-94.69323353	35.91357749	46.19406180
11.43166700	-16.88153593	-38.14535768	83.69111400	86.33463678	-93.70667477	-93.84008757	35.52230517	45.75329797
11.44000000	-16.60514979	-38.01517712	82.63200163	85.28610066	-92.74606099	-92.96670468	35.35119323	45.53211455
11.44833300	-16.75865490	-37.44086582	82.12658442	84.72462965	-91.84774291	-92.07867565	35.27430379	45.43543546
11.45666700	-16.26498210	-37.43424244	80.89859413	83.42052674	-90.95978938	-91.23972853	34.86596577	44.98208466
11.46500000	-16.21659716	-36.99407443	80.14662979	82.58696822	-90.05913488	-90.29426487	34.68884000	44.65554792
11.47333300	-15.92053991	-36.84578597	79.10886669	81.45936636	-89.13781081	-89.39965023	34.44090892	44.29554726
11.48166700	-16.06516080	-36.24262286	78.56920622	80.87986466	-88.19045298	-88.50497083	34.38154494	44.21377028
11.49000000	-15.42651314	-36.38836913	77.10789882	79.32250607	-87.21476218	-87.55629499	34.01370111	43.67037597
11.49833300	-15.30334935	-35.95854676	76.24381853	78.40451891	-86.29872902	-86.62094427	33.76926596	43.26294252
11.50666700	-14.96619738	-35.78171344	75.14180730	77.16117760	-85.33045739	-85.65094804	33.63243795	42.94799541
11.51500000	-14.78379707	-35.47223859	74.12601829	76.10998945	-84.29726257	-84.63112606	33.34046354	42.54563312
11.52333300	-14.59977824	-35.11743889	73.15608791	75.07360514	-83.30415094	-83.62455781	33.08736693	42.25667272
11.53166700	-14.44323350	-34.72322835	72.23151748	74.02636176	-82.30963810	-82.59732001	32.83064206	41.89400477
11.54000000	-14.04374970	-34.67025960	70.95099782	72.71868642	-81.21938198	-81.58792436	32.56753995	41.62069433
11.54833300	-13.97616890	-34.12314601	70.08080107	71.78604009	-80.22784322	-80.56502010	32.19110438	41.14665275
11.55666700	-13.63366578	-33.95522437	68.86897719	70.52343181	-79.12902178	-79.52379990	31.91373828	40.80826451
11.56500000	-13.55817370	-33.39110510	67.96346396	69.56270077	-78.07418417	-78.47598799	31.67535850	40.35723873
11.57333300	-13.36027952	-33.02950772	66.92334200	68.44825475	-77.00415773	-77.39004696	31.35884656	39.94199055
11.58166700	-13.02805083	-32.84701823	65.68851164	67.17449017	-75.89772149	-76.32208394	31.05769920	39.56805587
11.59000000	-12.90677305	-32.31045883	64.67981108	66.09155597	-74.74077078	-75.21526597	30.75345136	39.23347900
11.59833300	-12.87826274	-31.68181248	63.78695567	65.18064935	-73.61683661	-74.11663266	30.48023659	38.79200179
11.60666700	-12.54345175	-31.50641328	62.55952802	63.90738270	-72.50014975	-73.01594957	30.11080196	38.28386780
11.61500000	-12.52736553	-30.86496983	61.67293991	62.94661880	-71.37182134	-71.84413495	29.81422421	37.86391610
11.62333300	-12.34866284	-30.45001269	60.62777365	61.80354453	-70.22852631	-70.69514079	29.48119711	37.37846052
11.63166700	-12.02700362	-30.23084143	59.32846919	60.54304425	-68.95733705	-69.61092697	29.16521619	36.92010341
11.64000000	-12.03734206	-29.51558906	58.47007950	59.65330462	-67.83081628	-68.44195959	28.88597365	36.37484993
11.64833300	-12.27047721	-28.71648537	57.90986986	59.07081321	-66.69838650	-67.38520515	28.76833529	36.25734227
11.65666700	-11.69491396	-28.67950965	56.28422760	57.43415018	-65.36604347	-66.19080199	28.10392416	35.47905712
11.66500000	-11.36930864	-28.39436785	55.05602353	56.08513514	-64.13888257	-64.99425826	27.70097472	34.95831610
11.67333300	-11.29462746	-27.81019364	54.09599178	55.04822154	-62.92229347	-63.81480519	27.33849689	34.73127195
11.68166700	-11.28288148	-27.11236240	53.24110931	54.13474662	-61.78254953	-62.63003111	26.97747392	34.06672179
11.69000000	-10.95653833	-26.94713877	51.98910039	52.85669895	-60.51347316	-61.46128851	26.52826066	33.59865854
11.69833300	-10.71645395	-26.57030038	50.85662814	51.66614927	-59.28182724	-60.34564475	26.12084100	33.01605438
11.70666700	-10.73807227	-25.83100559	50.02191622	50.81045077	-58.10329277	-59.19912614	25.73558946	32.47558488
11.71500000	-10.31612709	-25.72302325	48.69237126	49.35229985	-56.85252375	-57.93531685	25.20551580	31.96498958
11.72333300	-10.11335214	-25.31564495	47.58659789	48.21888251	-55.61964942	-56.71290792	24.80653964	31.50978818
11.73166700	-10.07818185	-24.66350886	46.73145960	47.39121627	-54.47014885	-55.67829056	24.56817883	30.93908741
11.74000000	-9.53223483	-24.74794627	45.20897822	45.79340912	-53.15170317	-54.38805762	24.13640950	30.33122374
11.74833300	-9.62959978	-23.95992721	44.51672238	45.07988438	-52.01741255	-53.26512374	23.77073908	29.91677970
11.75666700	-9.33525081	-23.69727795	43.33998119	43.91217747	-50.76530439	-52.10496774	23.30282420	29.33283335
11.76500000	-9.49714010	-22.89333610	42.77900476	43.29384608	-49.72806333	-51.00901976	23.15419632	28.98750250
11.77333300	-8.86780418	-23.10570948	41.15208136	41.63316445	-48.31648799	-49.80237995	22.37201978	28.71475969
11.78166700	-8.79430101	-22.52574839	40.19304428	40.78786865	-47.10273465	-48.58839068	22.10719189	27.92048758
11.79000000	-8.64120709	-22.06403143	39.26618019	39.83613984	-46.01337121	-47.58420945	21.71820549	27.27588225
11.79833300	-8.38295455	-21.80105619	38.07315900	38.72681147	-44.68915921	-46.41427806	21.27523663	26.94421871
11.80666700	-8.09232911	-21.57628218	36.94180524	37.64158065	-43.53799386	-45.32134074	20.84153322	26.38586642
11.81500000	-7.84219121	-21.30502578	35.82835649	36.53398852	-42.30839398	-44.15354704	20.42149905	25.89977553
11.82333300	-7.98130503	-20.52111522	35.28035477	36.00661422	-41.36220567	-43.15855309	20.25717825	25.63201417
11.83166700	-7.38567094	-20.71175945	33.65817594	34.52782774	-39.92561914	-41.96041123	19.61658261	24.97031034
11.84000000	-7.53957479	-19.92814171	33.14390305	34.03280040	-38.99514650	-40.97227888	19.43652608	24.70239955
11.84833300	-6.85707371	-20.21884914	31.45826625	32.36502324	-37.63057754	-39.68915780	18.80995541	24.12309550
11.85666700	-7.00378060	-19.51262656	30.90080305	31.86590599	-36.60502950	-38.69919336	18.61947154	23.84400574
11.86500000	-6.38528926	-19.73520246	29.28269658	30.29886990	-35.23126728	-37.37953969	17.94774571	23.30634918
11.87333300	-6.45781538	-19.07309800	28.60589239	29.66414613	-34.12560726	-36.33397459	17.71746258	22.92474625
11.88166700	-5.57800430	-19.65155768	26.72098597	27.75740843	-32.80678515	-35.00545158	17.12994943	22.78045108
11.89000000	-5.14855131	-19.62107725	25.36515336	26.44681764	-31.52146091	-33.86972629	16.77280431	22.41100414
11.89833300	-4.91418820	-19.41481381	24.29195309	25.36563857	-30.32306685	-32.68704180	16.32032809	22.21030909
11.90666700	-4.41150653	-19.46659352	22.84878910	24.06083273	-29.09832105	-31.47500248	16.00292895	21.55714298
11.91500000	-3.93233456	-19.49511229	21.48093714	22.74251084	-27.89971316	-30.33863776	15.71121083	21.28034426
11.92333300	-3.20027994	-19.81601777	19.84419056	21.01115124	-26.74699554	-29.05164241	15.55168824	21.02013558
11.93166700	-3.19780270	-19.31340133	19.07423787	20.39882262	-25.65970984	-28.10598365	15.23586202	20.72919347
11.94000000	-2.57335141	-19.47325066	17.58922367	18.89169016	-24.54144524	-26.97100337	14.87071247	20.58035856
11.94833300	-1.63163632	-20.18395086	15.65350939	17.05175519	-23.25819798	-25.75610800	14.59923355	20.43656578
11.95666700	-0.92542081	-20.52197234	14.08023959	15.52168644	-22.10820858	-24.73856968	14.42597067	20.49198904
11.96500000	-0.98212482	-19.91618655	13.62046986	15.10683321	-21.45856894	-24.05252550	14.41540946	20.32827142
11.97333300	0.43291410	-21.13573390	11.17116714	12.58463168	-20.17250829	-22.62578865	14.14629769	20.18169193
11.98166700	0.25361622	-20.62888856	10.89750878	12.40478818	-19.52147655	-22.08862373	14.16706983	20.13922745
11.99000000	1.76475685	-21.78013094	8.38184060	9.88945640	-18.32238623	-20.90315653	13.93664237	20.10284514
11.99833300	1.63240027	-21.34120329	8.15517156	9.67296143	-17.84128641	-20.41071600	13.97189500	20.09942053
12.00666700	3.33973448	-22.75547028	5.47230659	6.93164057	-16.70485488	-19.21493839	13.91355499	20.25400693
12.01500000	3.24276106	-22.41257810	5.27013438	6.78188888	-16.31304154	-18.85574126	13.94971972	20.22618934
12.02333300	4.47103047	-23.22959650	3.26801467	4.84642303	-15.38560885	-18.07146195	13.70586313	20.33771043
12.03166700	4.40960166	-22.98799581	3.04721926	4.65736096	-15.01223303	-17.70906697	13.81302486	20.38947281
12.04000000	6.11265770	-24.52428958	0.58389386	2.05628659	-14.22491598	-16.83475817	14.02589366	20.50120097
12.04833300	6.08834362	-24.51619580	0.57412470	2.04295141	-14.22577250	-16.83199259	14.02647343	20.50083354
12.05666700	6.01276772	-24.15783731	0.44289242	1.86629303	-13.94974767	-16.45496048	14.06052930	20.58232893
12.06500000	7.56911156	-25.41978965	-1.87288164	-0.51301742	-13.10117971	-15.54830935	14.15452972	20.57914030
12.07333300	7.54783586	-25.41325664	-1.88578881	-0.52202024	-13.10158789	-15.54724015	14.15504981	20.57875331
12.08166700	7.83260066	-25.27949697	-2.56601284	-1.13280811	-12.55998767	-15.09457684	14.14077805	20.76184974
12.09000000	7.81553281	-25.27155369	-2.57810238	-1.14581203	-12.56201965	-15.09856585	14.14049914	20.76410736
12.09833300	8.96865407	-26.19360896	-4.29851182	-2.85533784	-11.92040954	-14.55851594	14.09192879	20.87937175
12.10666700	8.94890757	-26.18065984	-4.31283598	-2.86652746	-11.92069969	-14.55758815	14.09376349	20.87831968
12.11500000	9.42351443	-26.33106811	-5.18156305	-3.67313105	-11.38585424	-14.20450543	14.10746267	20.82977944
12.12333300	9.41640464	-26.26595862	-5.21770162	-3.69815993	-11.35788529	-14.20670260	14.11489744	20.83511079
12.13166700	9.41068270	-26.17484387	-5.27551692	-3.73912073	-11.29593465	-14.19866981	14.12583014	20.84305115
12.14000000	9.39026037	-26.15840050	-5.30135363	-3.74879306	-11.29379875	-14.19768625	14.12717972	20.84412977
12.14833300	9.86908170	-26.24068016	-6.32748598	-4.41613711	-10.48960474	-13.96223976	14.10037069	20.83813118
12.15666700	9.87368024	-26.17671069	-6.35870306	-4.45591399	-10.49024236	-13.95564707	14.09922857	20.84802328
12.16500000	11.11269105	-27.30046166	-8.06581755	-6.28123283	-10.03344021	-13.39528098	14.20295064	20.78327114
12.17333300	11.11628038	-27.19046469	-8.10431985	-6.31593416	-10.03039186	-13.39442775	14.20899259	20.77329886
12.18166700	11.13253701	-26.99407723	-8.35502478	-6.43600769	-9.71172628	-13.26223234	14.27507209	20.66311400
12.19000000	11.14070836	-26.89233116	-8.38836118	-6.48908501	-9.71909071	-13.27420437	14.27322118	20.67676182
12.19833300	11.15615818	-26.75282589	-8.43960552	-6.54835344	-9.71561636	-13.27158847	14.27441945	20.69094321
12.20666700	11.39069352	-26.82211388	-8.94993765	-6.96095647	-9.37760976	-13.04226293	14.28273129	20.91199163
12.21500000	11.39968585	-26.69440628	-8.98637056	-7.01835836	-9.36673145	-13.03284617	14.28432657	20.89796636
12.22333300	11.94702936	-27.14276385	-9.80031027	-7.93029948	-9.08826976	-12.60046447	14.33605398	20.66570742
12.23166700	11.95379807	-27.01058776	-9.83784197	-7.97838450	-9.08035039	-12.61099547	14.33823365	20.66371748
12.24000000	11.91875559	-26.78115835	-10.01223043	-8.00406660	-8.76986232	-12.47730418	14.36114626	20.81838177
12.24833300	11.92636295	-26.66280944	-10.03992189	-8.05625420	-8.77246408	-12.48094203	14.36249896	20.82165099
12.25666700	11.94658920	-26.53841818	-10.19679867	-8.17431487	-8.58300676	-12.35370051	14.33944140	20.74382619
12.26500000	11.95403952	-26.41259275	-10.22584024	-8.23264403	-8.58336944	-12.35505674	14.34075756	20.75311892
12.27333300	12.40173651	-26.66644106	-10.89310392	-8.89813349	-8.37892694	-12.09265060	14.49621570	20.70524126
12.28166700	12.40483864	-26.53754001	-10.91329869	-8.95116612	-8.37549664	-12.08952179	14.50023095	20.69621887
12.29000000	12.33592728	-26.44315943	-10.92092986	-8.93220793	-8.25100359	-12.00232449	14.52802520	20.67644281
12.29833300	12.34864946	-26.28941743	-10.98848067	-8.97000068	-8.18808903	-11.93954017	14.48476549	20.71581614
12.30666700	12.38387978	-26.18947796	-11.06629647	-9.03109236	-8.13915078	-11.93357078	14.49197365	20.44714885
12.31500000	12.40015246	-26.17438574	-11.14129780	-9.08288934	-8.05258024	-11.86737684	14.45373784	20.52038529
12.32333300	12.43411623	-26.13856854	-11.19130664	-9.11975469	-8.03891558	-11.88087188	14.47477692	20.87426247
12.33166700	12.46358305	-26.06311680	-11.26408054	-9.16544367	-7.99261294	-11.87675496	14.46167627	20.72559909
12.34000000	12.52467665	-26.04099189	-11.33576342	-9.23982388	-7.99274383	-11.87439799	14.47715473	20.68168676
12.34833300	12.57587651	-26.01581842	-11.41467146	-9.29133820	-7.97786899	-11.86881786	14.48077571	20.82439840
12.35666700	12.63805400	-25.99716383	-11.47727271	-9.34550212	-7.99392723	-11.88960104	14.49837365	20.71073359