0.00000000	-17.44512177	24.21774004	22.68470331	-12.78024104	-11.48318235	3.92159150	6.76386443
0.00833333	-17.49870636	24.09950979	22.77099686	-12.42040586	-11.51315800	3.74166106	6.70318126
0.01666667	-17.55207705	24.16112073	22.83877740	-12.42976549	-11.52950646	3.76151625	6.76261376
0.02500000	-17.57458980	24.24848662	22.88954202	-12.52791513	-11.57571521	3.79313197	6.78543739
0.03333333	-17.59381739	24.26262519	22.91663597	-12.50128166	-11.58268333	3.74886044	6.75423941
0.04166667	-17.43774291	24.08337988	22.73613020	-12.46193356	-11.56363882	3.66992910	6.70344212
0.05000000	-17.54153779	24.20585344	22.87351412	-12.48618576	-11.59776365	3.74535138	6.78677210
0.05833333	-17.58492441	24.24883165	22.93251176	-12.47043171	-11.60969541	3.74385497	6.79854937
0.06666667	-17.52217917	24.16533225	22.85125158	-12.43135343	-11.59312461	3.65309924	6.73949593
0.07500000	-17.61141142	24.29065539	22.98630765	-12.47987305	-11.64651090	3.72464515	6.80365195
0.08333333	-17.67305496	24.35106342	23.06684343	-12.46349230	-11.65756871	3.70552397	6.80026518
0.09166667	-17.40880041	24.00710575	22.73665495	-12.35398790	-11.59697231	3.61513749	6.76698654
0.10000000	-17.46048342	24.08237928	22.80839489	-12.38544454	-11.62285044	3.64486919	6.77954476
0.10833333	-17.52120471	24.20247417	22.94410390	-12.45798994	-11.73299573	3.69765884	6.81413773
0.11666667	-17.52136862	24.15344893	22.89707265	-12.39506468	-11.64788298	3.63622127	6.77772859
0.12500000	-17.56623158	24.21966144	22.97189293	-12.42663468	-11.69266713	3.68331712	6.81795179
0.13333333	-17.61128424	24.26895974	23.04858050	-12.44127886	-11.72418377	3.70550010	6.83785154
0.14166667	-17.54621839	24.21620708	22.94599894	-12.43386663	-11.67560142	3.62877867	6.77460339
0.15000000	-17.58921540	24.26709780	23.00904599	-12.44599668	-11.69534138	3.66507117	6.79817800
0.15833333	-17.61448473	24.29767879	23.04295866	-12.45658485	-11.69721036	3.68244396	6.81218944
0.16666667	-17.57647009	24.24404927	22.98083468	-12.42372503	-11.66694037	3.62653134	6.75711734
0.17500000	-17.60328808	24.29138529	23.02308782	-12.45432620	-11.69224920	3.66129599	6.78553677
0.18333333	-17.63338037	24.42456203	23.18066509	-12.60340514	-11.87653326	3.70614142	6.80522396
0.19166667	-17.63317785	24.33728560	23.08232499	-12.46499363	-11.72356531	3.65384012	6.78852267
0.20000000	-17.63809332	24.34224994	23.08816217	-12.47596213	-11.71720882	3.66387017	6.80634319
0.20833333	-17.31662883	23.93789637	22.67073829	-12.38497743	-11.61262638	3.65216146	6.73653967
0.21666667	-17.39538753	24.04490645	22.77154871	-12.42089337	-11.63791472	3.67370358	6.78250283
0.22500000	-17.43382050	24.09504482	22.82550502	-12.42529465	-11.64495222	3.66147242	6.78358113
0.23333333	-17.48332270	24.23380806	22.98743594	-12.55371548	-11.81832405	3.71239620	6.80858382
0.24166667	-17.52702396	24.22629293	22.95386321	-12.47615846	-11.68874580	3.69092725	6.82122368
0.25000000	-17.53534040	24.24102762	22.97679814	-12.46772388	-11.70328653	3.66299083	6.79768258
0.25833333	-17.54392163	24.26251144	22.97626016	-12.49072599	-11.69834982	3.67325324	6.80240500
0.26666667	-17.36230912	24.04672306	22.76543032	-12.45198365	-11.66069302	3.64030951	6.74012216
0.27500000	-17.40690907	24.13900732	22.84974720	-12.52546004	-11.70488798	3.68254306	6.77983749
0.28333333	-17.45019897	24.27523947	22.99453099	-12.66600868	-11.86870771	3.73394981	6.80503171
0.29166667	-17.42635140	24.23304124	22.88082702	-12.64954805	-11.72831293	3.70648376	6.77479907
0.30000000	-17.45327970	24.30271401	22.93507569	-12.72414364	-11.76675239	3.76079722	6.80523113
0.30833333	-17.48907644	24.38326788	23.00517995	-12.79278579	-11.81905420	3.80212002	6.82942130
0.31666667	-17.50405413	24.41577776	23.02142458	-12.82301834	-11.79986272	3.80064426	6.82937573
0.32500000	-17.53850615	24.51302270	23.12946149	-12.90879687	-11.92236893	3.83666662	6.84416554
0.33333333	-17.38162872	24.29196084	22.87376654	-12.82376391	-11.77097667	3.78638732	6.75259591
0.34166667	-17.40236663	24.35961485	22.89404792	-12.87816700	-11.77549990	3.78737297	6.79023278
0.35000000	-17.45197205	24.46452836	23.00459926	-12.93311251	-11.85939765	3.82161539	6.82366038
0.35833333	-17.48455188	24.57347960	23.12548884	-13.03126763	-11.99169117	3.85270547	6.84268116
0.36666667	-17.48395495	24.49827403	23.04831891	-12.91644988	-11.86562358	3.80048780	6.83669828
0.37500000	-17.11045212	24.01668193	22.56254631	-12.78495778	-11.74263670	3.74054876	6.77076231
0.38333333	-17.18162887	24.10699148	22.66543694	-12.81202327	-11.78673932	3.77028606	6.80556134
0.39166667	-17.23294921	24.24243903	22.81113118	-12.91414861	-11.93032488	3.80829936	6.83081665
0.40000000	-17.26467871	24.25346369	22.79183493	-12.86608015	-11.84835460	3.74696478	6.82095821
0.40833333	-17.31577606	24.32667064	22.86985319	-12.89810781	-11.88366554	3.78346633	6.85579030
0.41666667	-17.35913466	24.39026490	22.94194129	-12.91968362	-11.91719651	3.79828990	6.87484897
0.42500000	-17.39691764	24.43297418	23.00368689	-12.92197991	-11.95936654	3.81814066	6.89024243
0.43333333	-17.34980602	24.36464468	22.93479622	-12.89027651	-11.92166522	3.74664977	6.84045453
0.44166667	-17.37992809	24.42894112	22.98776772	-12.93624226	-11.95168252	3.78366190	6.87548153
0.45000000	-17.31271613	24.35165101	22.89187700	-12.91878409	-11.90962766	3.73704678	6.83220216
0.45833333	-17.34860572	24.40701314	22.94869756	-12.94222674	-11.94350848	3.78234138	6.87034839
0.46666667	-17.38392376	24.45404003	22.98851037	-12.94885757	-11.96144497	3.80368736	6.88921298
0.47500000	-17.38379017	24.44093917	22.96429110	-12.93856557	-11.91622343	3.78502212	6.88094613
0.48333333	-17.36504072	24.43321174	22.97699990	-12.94431349	-11.95077828	3.77532947	6.87163725
0.49166667	-17.41423364	24.52600298	23.06156123	-12.99490458	-12.02202649	3.81426214	6.90290002
0.50000000	-17.40009804	24.48938759	23.01450129	-12.96954736	-11.95697297	3.78418348	6.88621101
0.50833333	-17.43151790	24.58226097	23.13499368	-13.05455376	-12.08732976	3.82517642	6.90302093
0.51666667	-17.42764058	24.54473083	23.09902085	-13.00814816	-12.02027107	3.81068227	6.90507816
0.52500000	-16.91320062	23.87753612	22.37488124	-12.82425856	-11.78460608	3.73784267	6.79130027
0.53333333	-16.96863819	24.02493341	22.55401992	-12.95249805	-11.95432099	3.78499131	6.82253504
0.54166667	-17.06593811	24.09798558	22.63572056	-12.90278042	-11.90224107	3.73853718	6.81513132
0.55000000	-17.11989854	24.17131180	22.71682467	-12.93244544	-11.93266234	3.76414892	6.84136594
0.55833333	-17.17357130	24.27160102	22.82335781	-12.98064138	-12.01727509	3.79894968	6.86441633
0.56666667	-17.18839946	24.26228584	22.80881693	-12.94252768	-11.95075039	3.74457738	6.84202703
0.57500000	-17.23435494	24.34447603	22.88544680	-12.98744502	-12.00110065	3.77983920	6.87224367
0.58333333	-17.20140441	24.28850473	22.83733713	-12.95252140	-11.96461077	3.71540123	6.82321835
0.59166667	-17.24831737	24.38257338	22.93672680	-13.01175596	-12.04790810	3.76782182	6.85958851
0.60000000	-17.27688561	24.38822152	22.94027391	-12.98634812	-11.99128885	3.77086722	6.87640436
0.60833333	-17.31771475	24.48725861	23.06093434	-13.06431421	-12.11683494	3.80596964	6.88963415
0.61666667	-17.17558234	24.25747367	22.83329981	-12.94689009	-11.98754210	3.69964212	6.81276222
0.62500000	-17.22997788	24.23597262	22.87157304	-12.93417212	-11.87425101	3.84157182	6.70959958
0.63333333	-17.25689532	24.36797857	22.92130250	-13.05748560	-11.91731321	3.83603365	6.75735013
0.64166667	-17.31030129	24.35192013	22.98748849	-12.96719989	-11.93101657	3.84080044	6.75901065
0.65000000	-17.34102461	24.49920086	23.13221031	-13.11284903	-12.09837324	3.87533615	6.78647393
0.65833333	-17.24140472	24.39389004	22.92021732	-13.05545029	-11.96809504	3.76770912	6.76640529
0.66666667	-17.23523852	24.38190193	22.92198705	-13.03661381	-11.98033683	3.78438548	6.78221437
0.67500000	-17.26839317	24.40766747	22.97421264	-13.03554622	-12.00741317	3.81210879	6.81748409
0.68333333	-17.28962624	24.42208326	23.01215280	-13.02557351	-12.03606359	3.81542702	6.83642718
0.69166667	-17.32315644	24.49052513	23.10438749	-13.06224560	-12.12513063	3.84094196	6.85754261
0.70000000	-17.34893996	24.51076757	23.11654528	-13.05713730	-12.09671663	3.82008082	6.88679115
0.70833333	-17.37501001	24.62126857	23.25750322	-13.18681806	-12.27383820	3.85197194	6.89703177
0.71666667	-17.27844616	24.41315491	23.05607170	-13.01331162	-12.11830026	3.73576877	6.86256188
0.72500000	-17.32871835	24.39029499	23.12233590	-12.95666484	-12.14112245	3.80029999	6.89636795
0.73333333	-17.35503798	24.51008649	23.21557521	-13.05503839	-12.24592976	3.82239695	6.92254674
0.74166667	-17.37162186	24.56893911	23.24364720	-13.09634831	-12.26471686	3.82328019	6.95253163
0.75000000	-17.03999050	24.12853094	22.78304472	-12.95257710	-12.11670238	3.74783597	6.85273941
0.75833333	-17.09784162	24.21917929	22.89041422	-12.99357768	-12.19018603	3.78776053	6.89973849
0.76666667	-17.06700633	24.16806589	22.85142152	-12.97108781	-12.18036610	3.72102157	6.90136985
0.77500000	-17.11267701	24.23102397	22.92817098	-13.00125264	-12.22102352	3.76643119	6.93882363
0.78333333	-16.94571793	24.01639256	22.70274859	-12.93607930	-12.16903572	3.72648245	6.92425756
0.79166667	-16.99095923	24.07914267	22.77684699	-12.95867436	-12.20516467	3.74344186	6.94305928
0.80000000	-17.02640542	24.12387970	22.83227221	-12.96890377	-12.23634451	3.74360739	6.95564640
0.80833333	-17.06073330	24.17921966	22.89168206	-12.99881440	-12.27340211	3.76295483	6.97749284
0.81666667	-17.09533501	24.22591421	22.95088335	-13.01945840	-12.30427054	3.78032077	6.99688499
0.82500000	-17.01445071	24.12662692	22.84310158	-12.98204206	-12.27868712	3.71515075	6.94642379
0.83333333	-17.06584834	24.20269864	22.92891502	-13.00543681	-12.33520622	3.76048547	6.97988636
0.84166667	-17.06993273	24.19100558	22.93260047	-12.98057722	-12.31863187	3.71188760	6.96332946
0.85000000	-17.10530306	24.24844096	22.98527247	-13.00010315	-12.34450967	3.72421271	6.98593139
0.85833333	-17.12750754	24.25952455	23.01485752	-12.98272535	-12.34127137	3.71450912	6.98930033
0.86666667	-17.15026853	24.30360221	23.04874800	-13.00591506	-12.36431251	3.71647209	7.00162802
0.87500000	-17.14364913	24.28984472	23.04800381	-12.99687804	-12.37237832	3.71237321	6.99222813
0.88333333	-17.18734591	24.39948413	23.16350674	-13.09983970	-12.48436543	3.76219585	7.02337725
0.89166667	-17.20399363	24.38003513	23.14115625	-13.06031466	-12.41109184	3.77527575	7.04907678
0.90000000	-17.18591995	24.35886899	23.11489584	-13.05416652	-12.40406546	3.76139762	7.04203761
0.90833333	-17.15253378	24.31397865	23.07211710	-13.04402903	-12.39761408	3.75310664	7.03103963
0.91666667	-17.16384858	24.33634056	23.09013856	-13.05993310	-12.41283347	3.76718091	7.04470230
0.92500000	-17.07738788	24.21541766	22.98200145	-13.01052583	-12.38866870	3.70416024	6.99327507
0.93333333	-16.78976628	23.84820169	22.60669293	-12.91520338	-12.28539066	3.68544419	6.95138324
0.94166667	-16.87147595	23.93632886	22.70752159	-12.92738923	-12.31593302	3.71869071	6.99665070
0.95000000	-16.92608086	23.99914276	22.77905253	-12.93819477	-12.34260777	3.73199673	7.02218430
0.95833333	-16.96703180	24.06280328	22.84732908	-12.96856208	-12.37178341	3.73287890	7.03607906
0.96666667	-16.98167258	24.08298283	22.86232493	-12.96335929	-12.37987783	3.69048344	7.01836316
0.97500000	-17.01928348	24.14208692	22.93256790	-12.99656522	-12.42664808	3.73788102	7.05175925
0.98333333	-17.01487813	24.13670847	22.94657294	-12.99151868	-12.44157767	3.73074231	7.04986908
0.99166667	-17.02279076	24.15018160	22.95027315	-13.00015965	-12.43934342	3.73114644	7.06138741
1.00000000	-16.97239046	24.03206080	22.87619496	-12.95565612	-12.36926898	3.75221391	6.98445003
1.00833333	-17.01122249	24.13560343	22.93211906	-13.02681786	-12.39209485	3.76433418	7.01935047
1.01666667	-17.06850705	24.24968954	23.03420028	-13.07888980	-12.46019549	3.79460386	7.05380082
1.02500000	-17.10969094	24.36625167	23.17073182	-13.19612484	-12.61179884	3.82918896	7.06732940
1.03333333	-17.06817047	24.23630841	23.02919744	-13.05028473	-12.46177664	3.72992110	7.01600099
1.04166667	-17.11309725	24.33114743	23.12753285	-13.10620213	-12.54512424	3.78075550	7.05131628
1.05000000	-17.02483651	24.18000131	22.95848460	-13.02759387	-12.43192367	3.70084604	7.01226955
1.05833333	-17.06403508	24.16303660	23.01365214	-12.97195590	-12.45238055	3.74320778	7.02733390
1.06666667	-17.09757664	24.29954825	23.15889071	-13.11131837	-12.61184752	3.78388376	7.05152745
1.07500000	-17.14520171	24.35126410	23.17345170	-13.08998328	-12.56607311	3.78755761	7.09203992
1.08333333	-16.99458674	24.13893802	22.92813029	-13.00094018	-12.44562828	3.66754638	7.01530488
1.09166667	-17.02129113	24.17891183	22.96640015	-13.00971326	-12.46152324	3.69022784	7.04258547
1.10000000	-17.04615810	24.20270279	22.99811331	-13.00785816	-12.46524118	3.69709969	7.05899404
1.10833333	-17.04192555	24.19502337	22.99537446	-12.99308521	-12.47127905	3.67959181	7.04835855
1.11666667	-17.05936199	24.21568397	23.01652858	-13.00762639	-12.47068317	3.69024461	7.06376792
1.12500000	-17.05147209	24.19430364	23.00620507	-12.99046063	-12.46625025	3.67949187	7.05496675
1.13333333	-17.07803132	24.22980295	23.02353918	-13.01470062	-12.45334818	3.70155775	7.08430767
1.14166667	-17.03609871	24.15490860	22.96945869	-12.97372189	-12.43182044	3.66235490	7.04272826
1.15000000	-17.06523422	24.20219312	23.01026283	-12.99179840	-12.44935105	3.68661951	7.07268905
1.15833333	-17.10418717	24.32383411	23.15057778	-13.10915957	-12.60078608	3.72649797	7.08817210
1.16666667	-17.10048043	24.22486045	23.05586664	-12.97308496	-12.45486121	3.65942113	7.05280558
1.17500000	-17.13377469	24.34831897	23.16839319	-13.08599709	-12.58401597	3.70378553	7.08013078
1.18333333	-16.74189909	23.79662010	22.58211484	-12.85636330	-12.35934995	3.58706219	7.04039538
1.19166667	-16.82007065	23.88217754	22.69744531	-12.87803202	-12.41083309	3.63727903	7.07596989
1.20000000	-16.87188356	23.94808354	22.76092899	-12.88204703	-12.41317002	3.62904354	7.08129039
1.20833333	-16.90212558	24.00592771	22.80268433	-12.91821435	-12.43151841	3.62333311	7.08857781
1.21666667	-16.95863409	24.07308159	22.87006316	-12.93642961	-12.45380109	3.65795695	7.11822877
1.22500000	-17.00640247	24.14324107	22.94755674	-12.95909090	-12.49493469	3.68365409	7.13448495
1.23333333	-17.00896352	24.12712638	22.91698965	-12.93932596	-12.43675849	3.64496910	7.11476988
1.24166667	-16.71470209	23.73320567	22.52196129	-12.81542669	-12.31018313	3.57730792	7.04088487
1.25000000	-16.78082805	23.82071905	22.61384903	-12.85728722	-12.32905927	3.60046879	7.06831542
1.25833333	-16.84908818	23.91724506	22.70121119	-12.88124534	-12.36867667	3.61760729	7.08220100
1.26666667	-16.87773939	23.97107338	22.71554243	-12.90117954	-12.34584107	3.57650432	7.05090171
1.27500000	-16.93335069	24.02337980	22.78183548	-12.90583658	-12.35938665	3.61339102	7.07612737
1.28333333	-16.97745189	24.06925653	22.83407445	-12.90163938	-12.36111462	3.62083721	7.08479259
1.29166667	-17.01652677	24.20353669	22.97440360	-13.02989779	-12.51231292	3.65437807	7.09556115
1.30000000	-17.06863389	24.15326471	22.92655361	-12.89403546	-12.35863486	3.62243578	7.09030419
1.30833333	-17.10605134	24.18853408	22.98191872	-12.89349577	-12.38294684	3.63110612	7.08990472
1.31666667	-17.13785402	24.22228732	23.00216029	-12.88717920	-12.35267774	3.62147724	7.09033222
1.32500000	-17.15522267	24.25672600	23.02139535	-12.90697802	-12.35725884	3.61227303	7.08748512
1.33333333	-17.18639220	24.28827515	23.06128524	-12.90964077	-12.37035872	3.62581539	7.09187043
1.34166667	-17.19186773	24.29037052	23.05746489	-12.91388251	-12.34793220	3.61245288	7.07907120
1.35000000	-17.17439252	24.24771388	23.01339017	-12.87631722	-12.31400588	3.57699575	7.04105630
1.35833333	-17.21195777	24.29196519	23.06596018	-12.89645897	-12.33236361	3.61260644	7.06326783
1.36666667	-17.24446461	24.40002846	23.18805652	-13.01486272	-12.46039788	3.64613853	7.07387605
1.37500000	-17.21013701	24.27602915	23.02309955	-12.86949210	-12.26052810	3.54656510	7.01058592
1.38333333	-17.25385963	24.39889811	23.15211442	-12.98829368	-12.38354583	3.59554082	7.03776135
1.39166667	-17.17927106	24.25007723	22.96000417	-12.87722287	-12.21135090	3.52684539	6.98631902
1.40000000	-17.21703535	24.37811351	23.10324151	-13.01942837	-12.36306623	3.57541824	7.01005954
1.40833333	-16.99794990	24.02942868	22.70001777	-12.81820659	-12.13637368	3.51361540	6.98075490
1.41666667	-17.06200528	24.09985621	22.77630556	-12.83390611	-12.14673745	3.53430697	7.02274960
1.42500000	-17.12060246	24.16535379	22.84826358	-12.84357481	-12.15888618	3.54395762	7.04384924
1.43333333	-17.17892879	24.21975500	22.89827314	-12.84706119	-12.14979288	3.54417462	7.05578064
1.44166667	-17.21442828	24.26034618	22.93347526	-12.85380358	-12.13636455	3.52970521	7.05583384
1.45000000	-17.28357890	24.29022319	22.99256088	-12.82476218	-12.12975054	3.55739499	7.06822333
1.45833333	-17.33394245	24.32384805	23.04055328	-12.81615704	-12.11505391	3.55879887	7.06616309
1.46666667	-17.36520695	24.39106965	23.09387385	-12.87283889	-12.15179853	3.56565435	7.07651930
1.47500000	-17.25460922	24.20917904	22.90728454	-12.79460970	-12.06413407	3.52990556	7.02084583
1.48333333	-17.31202146	24.25011643	22.95666784	-12.79247628	-12.04354983	3.55694611	7.05098506
1.49166667	-17.36809579	24.30363450	23.01998070	-12.79602777	-12.05635352	3.57009121	7.06538050
1.50000000	-17.41645358	24.39820553	23.10085300	-12.85038711	-12.11096271	3.59657393	7.08736435
1.50833333	-17.45349469	24.46943624	23.12567172	-12.89125833	-12.09380975	3.59696095	7.10202323
1.51666667	-17.34074084	24.30116261	22.92124558	-12.84556886	-11.98317136	3.53814181	7.01946223
1.52500000	-17.40130685	24.36659369	23.01127327	-12.85834350	-12.02770206	3.59710531	7.05606723
1.53333333	-17.44243353	24.38866067	23.03089848	-12.85547022	-11.98937630	3.60428664	7.07202763
1.54166667	-17.47500575	24.47668149	23.15240378	-12.92851783	-12.11605016	3.64222671	7.08322721
1.55000000	-17.22002435	24.11837539	22.74592334	-12.83649003	-11.89198117	3.59940351	6.98110626
1.55833333	-17.27423828	24.18835830	22.81011124	-12.86779074	-11.91342662	3.63396802	7.01886450
1.56666667	-17.33983060	24.27646521	22.86002773	-12.90088125	-11.90524374	3.65290913	7.05291709
1.57500000	-17.35827601	24.31124421	22.90988838	-12.92369746	-11.93666248	3.65814516	7.05739888
1.58333333	-17.41100418	24.43550370	23.04436053	-13.03298530	-12.08431595	3.70401592	7.08007435
1.59166667	-17.40550753	24.36592651	22.93526875	-12.93139477	-11.94853165	3.64160931	7.06812816
1.60000000	-17.44510257	24.42992521	22.99498975	-12.97400685	-11.99539292	3.68731809	7.10584851
1.60833333	-17.45946036	24.41907165	23.02374409	-12.94518364	-12.00176305	3.70614124	7.12049110
1.61666667	-17.46141340	24.40610058	22.99757418	-12.92939109	-11.98576933	3.68073950	7.11280971
1.62500000	-17.40716163	24.38208185	22.93311431	-12.95878319	-11.98963564	3.64854427	7.10688679
1.63333333	-17.45798878	24.49139094	23.07885795	-13.06433921	-12.15327624	3.70992177	7.13471088
1.64166667	-17.36519303	24.29149355	22.86749773	-12.89782354	-11.98886749	3.64931905	7.12134089
1.65000000	-17.40635368	24.38324801	22.98181034	-12.96279553	-12.11295745	3.70756246	7.16309186
1.65833333	-17.41464559	24.33671953	22.97518600	-12.90077023	-12.08867933	3.70724843	7.20008743
1.66666667	-17.46065967	24.42816249	23.10414477	-12.96651151	-12.23432199	3.74903621	7.22507347
1.67500000	-17.04698584	23.83436927	22.49600139	-12.73893399	-11.96199420	3.64212489	7.13244574
1.68333333	-17.12034028	23.96168763	22.66385594	-12.82333968	-12.11797082	3.70187622	7.16684202
1.69166667	-17.19756391	23.99219640	22.73716624	-12.74924795	-12.09978923	3.66355121	7.19491899
1.70000000	-17.25994116	24.07301054	22.85534676	-12.77153480	-12.18120412	3.70216343	7.23301521
1.70833333	-17.29244800	24.20068177	23.04556324	-12.91944629	-12.40893110	3.74756340	7.24713341
1.71666667	-17.18006199	23.95623592	22.79052775	-12.76181368	-12.16493975	3.72094057	7.14116000
1.72500000	-17.25971790	24.05345047	22.92010386	-12.78295311	-12.25152526	3.75034865	7.18767786
1.73333333	-17.31383595	24.13440933	23.06362424	-12.81244378	-12.38966270	3.78788391	7.22020422
1.74166667	-17.33073833	24.13027118	23.12394237	-12.78511953	-12.45127062	3.74573959	7.24833283
1.75000000	-17.37329620	24.13114691	23.22812691	-12.75863214	-12.53848919	3.77312495	7.28618874
1.75833333	-17.39985972	24.17663568	23.32716500	-12.79461152	-12.64139419	3.79133265	7.33601369
1.76666667	-17.43253082	24.25660177	23.47137156	-12.87438622	-12.82984890	3.83413833	7.36299230
1.77500000	-17.40633557	24.19006757	23.49082927	-12.83564075	-12.91103052	3.80385681	7.44812085
1.78333333	-17.42020946	24.30372241	23.65355688	-13.00609920	-13.14545537	3.84980076	7.46255122
1.79166667	-17.41526091	24.24102642	23.69559407	-12.92465568	-13.25216906	3.87971016	7.56897824
1.80000000	-17.43083907	24.34321883	23.86086929	-13.10587276	-13.48172400	3.92460181	7.58714418
1.80833333	-17.37224794	24.19278441	23.86886518	-12.99132944	-13.59680358	3.94245301	7.76220996
1.81666667	-17.35631810	24.25339945	23.95772845	-13.11878723	-13.76823360	3.98278658	7.83168798
1.82500000	-17.28411323	24.22547071	23.97851205	-13.19155384	-13.92073086	4.02196306	7.94224155
1.83333333	-17.27942680	24.34227233	24.13635433	-13.40749980	-14.16867008	4.06422256	7.94933593
1.84166667	-17.12144212	24.17596043	24.02759107	-13.38026948	-14.26284301	4.10317035	8.15343409
1.85000000	-17.09819573	24.29590062	24.16900273	-13.62079238	-14.51543177	4.13795887	8.15167880
1.85833333	-16.96823445	24.09995697	24.09061647	-13.54657218	-14.61389245	4.20204875	8.33997348
1.86666667	-16.70344116	23.78781162	23.85242435	-13.45411143	-14.63346015	4.00113789	8.18930872
1.87500000	-16.68393259	23.89411346	23.99629624	-13.69745521	-14.90487975	4.04870517	8.18863026
1.88333333	-16.69077326	23.86141840	24.06877028	-13.68600493	-15.04766749	4.18282265	8.36386397
1.89166667	-16.67047711	23.97651067	24.21185550	-13.94754724	-15.31236520	4.21938019	8.36696298
1.90000000	-16.51628960	23.70437888	24.10370747	-13.77741729	-15.33544357	4.06049783	8.38230046
1.90833333	-16.50733954	23.82023120	24.24275861	-14.02555248	-15.57888539	4.11204610	8.39446489
1.91666667	-16.43182864	23.78433401	24.22646101	-14.15041485	-15.70698037	4.27265686	8.61325214
1.92500000	-16.26885305	23.67607220	24.12114885	-14.30234509	-15.83550144	4.32435370	8.70858472
1.93333333	-16.24711925	23.78755776	24.23780136	-14.57681508	-16.08216886	4.35970904	8.69771010
1.94166667	-15.93683094	23.35133202	23.88593219	-14.44967336	-16.08150467	4.29674122	8.79979325
1.95000000	-15.91636121	23.46433522	24.00191023	-14.74774876	-16.32194322	4.34071851	8.79862424
1.95833333	-15.87750904	23.46905464	23.97719366	-14.91225153	-16.37140873	4.56619513	9.01309047
1.96666667	-15.85488815	23.59364654	24.06891906	-15.23178982	-16.59833754	4.60320858	9.01079565
1.97500000	-15.71841574	23.51729139	23.80169865	-15.32202915	-16.45205164	4.50961767	9.03804546
1.98333333	-15.68134598	23.65930466	23.87774475	-15.68058393	-16.67639220	4.54744214	9.04408167
1.99166667	-15.62856705	23.78702683	23.75799164	-16.05386021	-16.65107419	4.86183759	9.34972823
2.00000000	-15.56132173	23.91641654	23.79842222	-16.44397211	-16.85317443	4.88544157	9.34525961
2.00833333	-15.30623360	23.72237946	23.51638129	-16.58921713	-16.87212875	4.63688215	9.46950597
2.01666667	-15.23427883	23.90536152	23.48994919	-17.11062511	-16.99047176	4.83748083	9.59780706
2.02500000	-15.13372890	24.10930163	23.41532943	-17.69559794	-17.07716318	4.99572483	9.70774408
2.03333333	-14.96947323	24.27620307	23.23020600	-18.30699988	-17.12800622	5.12244731	9.78139620
2.04166667	-14.79281381	24.33290449	23.00795942	-18.72405465	-17.13010124	4.80555704	9.73268626
2.05000000	-14.70407533	24.61075052	22.90202777	-19.43964391	-17.17670482	4.97307666	9.86588351
2.05833333	-14.57858591	24.84795715	22.73465590	-20.13384265	-17.20724402	5.07447832	9.95302513
2.06666667	-14.44650183	25.13077373	22.60127328	-20.93751921	-17.27500488	5.15222524	10.07263499
2.07500000	-14.25348672	25.26392189	22.41559887	-21.52382035	-17.35272033	4.71460581	10.10745568
2.08333333	-14.09009971	25.56745054	22.27179532	-22.41934644	-17.45823424	4.79858746	10.25581521
2.09166667	-13.91407293	25.89186029	22.11985209	-23.35785563	-17.55607140	4.80210827	10.37458340
2.10000000	-13.68444209	26.19665494	21.88308824	-24.34776972	-17.62942965	4.70121092	10.52213918
2.10833333	-13.31357448	26.25803429	21.44322033	-25.12125924	-17.61009260	3.92688231	10.49333072
2.11666667	-13.11603602	26.70973648	21.20596301	-26.27544058	-17.64216574	3.72079779	10.62519072
2.12500000	-12.88387446	27.12399540	20.93391162	-27.44506630	-17.65534488	3.28783026	10.70286345
2.13333333	-12.51601510	27.44777575	20.51639671	-28.59101647	-17.66380672	2.34544477	10.69389945
2.14166667	-12.21019529	27.94576225	20.18546821	-29.97268751	-17.68351641	1.74162626	10.80013853
2.15000000	-11.87097888	28.37886998	19.83100807	-31.34128126	-17.75196703	1.38567703	10.80874941
2.15833333	-11.53258892	28.91207287	19.41065534	-32.82466526	-17.69864826	0.23512697	10.95142374
2.16666667	-11.19668476	29.45406603	19.05124805	-34.32385955	-17.72301304	-0.27946903	10.96903834
2.17500000	-10.63421057	29.74552952	18.38521711	-35.65900875	-17.72186504	-2.35549560	11.14407043
2.18333333	-10.26038631	30.36341767	17.99349455	-37.27751012	-17.80814965	-3.22643358	11.25645391
2.19166667	-9.81712340	30.84856657	17.47932321	-38.77323568	-17.82272787	-4.59273149	11.41089371
2.20000000	-9.35923842	31.41222071	17.00268885	-40.32287650	-17.87465045	-5.62432131	11.51121197
2.20833333	-8.80366678	31.81744908	16.35945175	-41.79900319	-17.84475961	-6.82989880	11.60090572
2.21666667	-8.34478967	32.32297299	15.84441284	-43.22925469	-17.86459155	-7.88787615	11.68989421
2.22500000	-7.91275075	32.83224271	15.36013166	-44.58375482	-17.89428770	-8.80338737	11.77280896
2.23333333	-6.93136789	32.63222393	14.23263930	-45.60635909	-17.92338799	-10.09858971	12.02352679
2.24166667	-6.59930332	33.20413004	13.88163196	-46.79641496	-17.97974583	-10.66451929	12.10190002
2.25000000	-6.30660186	33.70735276	13.62560884	-47.86144219	-18.10247492	-11.14949638	12.22121300
2.25833333	-6.05945030	34.20726148	13.36532235	-48.76214186	-18.15338559	-11.37852296	12.27740846
2.26666667	-5.78498596	34.58864192	13.15215964	-49.52195869	-18.32551008	-11.83369899	12.48185289
2.27500000	-5.81201718	35.18163705	13.28331805	-50.06574421	-18.51150845	-12.51933870	12.62264385
2.28333333	-5.58920139	35.52731678	13.06797290	-50.55941702	-18.62427439	-12.48185146	12.70983921
2.29166667	-5.44328529	35.84576340	12.82410746	-50.78558140	-18.59453137	-12.95394410	12.87212092
2.30000000	-5.24364737	36.04425909	12.60963380	-50.81063893	-18.70744058	-13.66474985	12.96739091
2.30833333	-5.11485655	36.26285104	12.43442238	-50.68391397	-18.73250790	-14.03494578	13.07793960
2.31666667	-4.97996457	36.47281495	12.33360236	-50.58388302	-18.89570769	-13.75549153	13.13904846
2.32500000	-4.88574511	36.62391647	12.24389179	-50.26708672	-19.00457523	-13.61367443	13.22543879
2.33333333	-4.78681434	36.66440423	12.17684968	-49.65189623	-19.12961799	-14.93110324	13.34355277
2.34166667	-4.78259515	36.86189866	12.13646383	-49.07252018	-19.18739804	-14.78244296	13.37243092
2.35000000	-4.51214422	36.52727748	11.87867973	-48.18355789	-19.31480021	-15.64118642	13.47500296
2.35833333	-4.51504974	36.54222733	11.86696240	-47.34589668	-19.41311194	-15.57025575	13.59240158
2.36666667	-4.57357023	36.59225139	11.83185496	-46.40173340	-19.44538878	-15.54505504	13.68096565
2.37500000	-4.61962626	36.59601034	11.81092819	-45.35006367	-19.50641451	-15.58554706	13.77332835
2.38333333	-4.21040997	35.91908783	11.29324013	-43.97113205	-19.54372488	-17.14065120	13.92061851
2.39166667	-4.24405076	35.79666229	11.33062874	-42.75974788	-19.71449350	-17.51656039	14.10403576
2.40000000	-4.30878710	35.73200693	11.41017849	-41.54597278	-19.90383634	-17.68151911	14.19556177
2.40833333	-3.93088348	34.98519037	11.02880836	-40.10410701	-20.08880449	-18.93432228	14.41831889
2.41666667	-3.95094308	34.78665090	11.05948981	-38.79093031	-20.32650620	-19.56771330	14.59836640
2.42500000	-3.92006837	34.48023847	11.05432946	-37.44946001	-20.59213836	-20.43844068	14.84469141
2.43333333	-3.93512871	34.18941589	11.00857641	-36.04976067	-20.79852902	-21.35750092	15.11270265
2.44166667	-3.63714615	33.50094218	10.68942053	-34.55931638	-21.03487339	-22.90514778	15.32777419
2.45000000	-3.67363755	33.22457275	10.83582376	-33.26408439	-21.44934489	-23.79236930	15.62059092
2.45833333	-3.68586502	32.89985131	10.97669726	-31.93042079	-21.91059083	-24.42090115	15.84617666
2.46666667	-3.53074964	32.31462783	10.95614012	-30.57537132	-22.33414482	-25.49448570	16.25995301
2.47500000	-3.55365609	31.99044896	11.05793794	-29.31202521	-22.73549906	-26.29959825	16.54773969
2.48333333	-3.53816061	31.60403386	11.14760792	-28.04448194	-23.20606140	-26.95619672	16.90369011
2.49166667	-3.65811747	31.37535872	11.23509642	-26.82279025	-23.53815668	-27.47133838	17.25599677
2.50000000	-3.67745530	31.07141350	11.52428900	-25.71506157	-24.22813505	-28.01585701	17.69525297
2.50833333	-3.82264170	30.89242469	11.89683198	-24.80654086	-24.81186475	-27.28455335	18.01191788
2.51666667	-3.81041923	30.55935100	12.10327398	-23.75794910	-25.47851184	-27.63219953	18.29190625
2.52500000	-3.87654886	30.25751445	12.46170240	-22.75591800	-26.24018645	-28.07631524	19.03219945
2.53333333	-3.98835704	30.11567649	12.87256718	-22.02198442	-27.02981414	-27.24961702	19.47990796
2.54166667	-4.01073877	29.83847694	13.15501763	-21.17841942	-27.77677262	-27.53872354	19.99203723
2.55000000	-4.46149803	30.15174266	13.82646304	-20.57596847	-28.56672955	-26.97256321	20.57342831
2.55833333	-4.42495444	29.78168017	14.15744727	-19.81337218	-29.45279918	-27.17344379	21.18626532
2.56666667	-4.57236200	29.66899057	14.64862168	-19.16410895	-30.35067678	-26.96539864	21.78338919
2.57500000	-4.54921619	29.40472455	14.92922867	-18.56688707	-31.19086178	-26.96597088	22.01977926
2.58333333	-4.93576283	29.60321170	15.86230194	-18.17232307	-32.35447383	-26.46478086	23.05075733
2.59166667	-4.91450522	29.35248311	16.08943872	-17.66361684	-33.13691049	-26.46247537	23.26146857
2.60000000	-5.35478108	29.69237446	16.96148223	-17.43286465	-34.17228972	-25.72725416	24.14020955
2.60833333	-5.72581335	29.96931952	17.69949949	-17.19994245	-35.17148337	-25.14502616	24.75272317
2.61666667	-5.73402754	29.74366766	17.98747339	-16.79868787	-36.02231290	-25.21392770	25.30590155
2.62500000	-5.86428459	29.69763563	18.45855229	-16.51207318	-36.94839482	-25.05712535	25.94300700
2.63333333	-6.21341393	29.95117474	19.25900472	-16.40211849	-38.00557498	-24.57623977	26.43313471
2.64166667	-6.34822038	29.89142982	19.64407961	-16.13457968	-38.88320091	-24.59948435	27.12237605
2.65000000	-6.29452773	29.60287238	19.87405465	-15.87954697	-39.76892982	-24.67130496	27.38559000
2.65833333	-6.89403460	30.19662911	20.94154959	-15.87903205	-40.86775232	-24.33910636	28.20567549
2.66666667	-6.84658880	29.86951499	21.17257803	-15.62262244	-41.73439593	-24.46002316	28.65009666
2.67500000	-7.21835831	30.13290942	21.95569202	-15.60736319	-42.76818519	-24.29235837	29.23258745
2.68333333	-7.37932355	30.12959010	22.29686990	-15.42676187	-43.61091973	-24.40104252	29.89920864
2.69166667	-7.71898699	30.27506202	23.03433743	-15.36646691	-44.60274042	-24.48176806	30.34585268
2.70000000	-7.69080936	29.95848104	23.26029803	-15.16744973	-45.45362355	-24.72554915	30.82637012
2.70833333	-8.04176835	30.11237168	23.96872802	-15.08554454	-46.44769327	-24.87392299	31.31026647
2.71666667	-8.48219993	30.39973421	24.62517782	-15.02284794	-47.31458809	-25.11324273	31.83117308
2.72500000	-8.43207580	30.01572911	24.74971122	-14.83115452	-48.09395753	-25.37102942	32.16393386
2.73333333	-8.40510952	29.68601797	24.97460495	-14.68540227	-48.98344374	-25.59561460	32.50255345
2.74166667	-8.72025911	29.69144479	25.67218241	-14.59729882	-49.98879340	-26.05326060	33.11167554
2.75000000	-9.28227624	30.08056501	26.35000703	-14.58132005	-50.77499747	-26.18581734	33.57312083
2.75833333	-9.26035516	29.73054963	26.57957453	-14.45696853	-51.69725847	-26.33615327	33.82924364
2.76666667	-9.43470795	29.50792079	27.12539204	-14.33079704	-52.72685206	-26.85797613	34.47536338
2.77500000	-9.45161623	29.17608870	27.34863446	-14.22648326	-53.62606194	-26.96713243	34.64675214
2.78333333	-9.65544730	28.99132818	27.86099111	-14.18393530	-54.61107245	-27.45322993	35.28432414
2.79166667	-9.74039772	28.72180687	28.10804004	-14.10415078	-55.51928890	-27.54308489	35.41010796
2.80000000	-10.58904623	29.35826697	29.49237779	-14.30600039	-56.76497109	-27.82488418	35.77571717
2.80833333	-10.60689456	29.00612604	29.69805549	-14.27741281	-57.71603106	-27.94971705	35.95912814
2.81666667	-10.98761806	29.00993009	30.50627471	-14.33955858	-58.89047243	-28.47126713	36.47426172
2.82500000	-10.99967653	28.65454865	30.74688169	-14.37652277	-59.89761949	-28.52849687	36.63586296
2.83333333	-11.58668213	28.99048422	31.75093174	-14.60976627	-61.10832626	-28.23670320	37.15616441
2.84166667	-11.96442031	29.10858327	32.48526059	-14.80231641	-62.28856238	-27.35899466	37.47128271
2.85000000	-12.01286187	28.83250897	32.81640290	-14.91663410	-63.38632168	-26.07312440	37.70808268
2.85833333	-12.10659919	28.65980726	33.23809857	-15.11418017	-64.54656710	-24.29213314	37.92024072
2.86666667	-12.64180291	29.12605349	34.24745539	-15.62304459	-65.89349142	-21.60767839	38.24039443
2.87500000	-12.63344663	28.85663216	34.52602905	-15.72981916	-67.05980832	-19.59386944	38.30427231
2.88333333	-12.71082257	28.80391352	34.98369157	-15.95412640	-68.35856595	-17.13245795	38.32731237
2.89166667	-12.77681852	28.74748599	35.47173233	-16.16117610	-69.69664386	-15.10832092	38.25205549
2.90000000	-13.17208880	29.21164426	36.50067849	-16.71782844	-71.25695516	-12.54893772	38.16909893
2.90833333	-13.03274020	29.01983471	36.82592013	-16.98572978	-72.67796643	-10.74120986	37.75620382
2.91666667	-12.92925873	28.96730918	37.31746212	-17.36272525	-74.29326421	-8.91627680	37.20196887
2.92500000	-12.88820919	29.05908580	37.87139462	-17.83295235	-75.95381352	-7.13375504	36.45664262
2.93333333	-12.74001581	29.07758757	38.57075673	-18.39851882	-77.84989873	-5.51035106	35.51770216
2.94166667	-12.56499605	29.09775338	39.21396911	-19.01578928	-79.73157903	-3.97435273	34.36988197
2.95000000	-12.37153840	29.18246076	40.07204614	-19.72152647	-81.82121402	-2.62535147	33.03372690
2.95833333	-12.40293025	29.58830810	41.13102798	-20.50285551	-83.84260179	-1.62262678	31.35528651
2.96666667	-12.03623404	29.50156349	41.88728500	-21.27020301	-85.93817566	-0.46746947	29.72951745
2.97500000	-11.94580803	29.83441687	42.92606609	-22.17731534	-87.94541326	0.40311996	27.82219725
2.98333333	-11.47021028	29.71349836	43.66429247	-23.07200590	-89.89539241	1.20939208	25.95473208
2.99166667	-11.07632774	29.71132290	44.44217080	-24.01024222	-91.70234408	1.88813505	23.96553613
3.00000000	-10.78467889	29.95644302	45.37576182	-25.07132313	-93.40710942	2.27765050	21.68582911
3.00833333	-10.18487867	29.77604897	45.92288431	-26.00154278	-94.95121373	2.81475451	20.19470785
3.01666667	-9.65515077	29.53014855	46.42009680	-26.74378369	-96.25282368	3.19822521	18.96132907
3.02500000	-9.21536861	29.29562545	46.96085337	-27.39496240	-97.38230794	3.69061570	18.42429524
3.03333333	-8.59925278	28.71873455	47.22197386	-27.84832861	-98.18276591	3.88493511	17.79470893
3.04166667	-8.17775532	28.31319974	47.72118493	-28.14081331	-98.95612915	4.28643117	18.20074261
3.05000000	-7.58504660	27.56787669	47.95664569	-28.23439088	-99.41154263	4.46173618	17.94944491
3.05833333	-7.36183698	27.25475971	48.59792866	-28.35817087	-99.82752179	4.79377907	18.45451792
3.06666667	-7.24116679	26.97335679	49.23179130	-28.36563346	-100.01265584	5.10811413	18.78067522
3.07500000	-7.10951243	26.59531790	49.85872738	-28.32031911	-100.04384273	5.18954423	18.84710189
3.08333333	-6.99546926	26.37113409	50.48506319	-28.34686983	-99.85094211	5.27410285	18.35876229
3.09166667	-6.85724810	26.05159313	51.07234930	-28.38138540	-99.58067116	5.36964722	18.39561422
3.10000000	-6.57113170	25.58775659	51.33413818	-28.33051665	-99.07472380	5.60943508	18.61544825
3.10833333	-6.25178187	25.05134991	51.56676605	-28.34610300	-98.37918903	5.89419165	18.38125053
3.11666667	-6.20311102	24.77681348	52.02654472	-28.30951314	-97.54105840	6.13227409	17.96800434
3.12500000	-6.09295257	24.42283610	52.40376478	-28.24095549	-96.56889557	6.33204876	17.55310547
3.13333333	-5.68476193	23.64628880	52.28727308	-27.98338696	-95.32443573	6.38060563	17.44412786
3.14166667	-5.62427686	23.35081763	52.61120591	-27.86427633	-94.01726361	6.52118423	16.72613320
3.15000000	-5.60378704	23.05368018	52.85643284	-27.70686886	-92.51365052	6.66462639	15.98384141
3.15833333	-5.50291424	22.77063185	52.92780740	-27.69211576	-90.82192494	6.81987224	15.10498667
3.16666667	-5.48500167	22.35296318	53.05353948	-27.39398905	-88.98685265	6.98280374	14.18570765
3.17500000	-5.41013443	22.02410193	53.01481708	-27.31621832	-87.00416303	7.15262958	12.86307584
3.18333333	-5.36927928	21.74227996	52.91341456	-27.25360306	-84.85759158	7.32694027	11.50365872
3.19166667	-5.27721868	21.44536169	52.66876811	-27.27130673	-82.55771884	7.52704873	9.88840243
3.20000000	-5.25964234	21.17761905	52.44576499	-27.17799224	-80.17993866	7.73786738	8.07967219
3.20833333	-5.08556281	20.86573513	51.96619536	-27.28636417	-77.66428418	7.96681374	5.99665736
3.21666667	-5.00771322	20.59406173	51.49507836	-27.34612902	-75.00760217	8.21494334	3.68590731
3.22500000	-4.99641360	20.42130100	50.98071602	-27.48106228	-72.23224444	8.50799582	1.22066992
3.23333333	-4.99916440	20.29214495	50.42278599	-27.66259630	-69.35799561	8.84980176	-1.36801805
3.24166667	-4.93652208	20.17207039	49.75077312	-27.99179384	-66.41842740	9.22942482	-4.07760748
3.25000000	-4.91869451	20.09229619	49.03541616	-28.33808361	-63.40725672	9.62234497	-6.76305902
3.25833333	-4.89028525	20.06732545	48.23977389	-28.79336497	-60.36116822	10.04777945	-9.47703710
3.26666667	-4.90402065	20.08662632	47.41561160	-29.25564988	-57.29873673	10.49526051	-12.00642876
3.27500000	-4.75288599	19.97640543	46.29295537	-29.78268646	-54.18090491	10.97695868	-14.44359883
3.28333333	-4.73754411	19.95244546	45.36925022	-30.29529734	-51.10284834	11.53548489	-16.74707586
3.29166667	-4.43359290	19.60866565	44.04967181	-30.84074379	-48.11249611	12.09799930	-18.76848028
3.30000000	-4.50961476	19.73759141	43.14663480	-31.51075911	-45.20321657	12.72720968	-20.66199339
3.30833333	-4.59766192	19.83409640	42.22276908	-32.15497041	-42.38131103	13.39013713	-22.12962189
3.31666667	-4.49275177	19.82424668	41.10368186	-32.93986426	-39.74423447	14.06308776	-23.65365865
3.32500000	-4.43937112	19.83503604	40.03727257	-33.71010927	-37.30067958	14.76407393	-24.74535833
3.33333333	-4.35001058	19.82326310	38.99750750	-34.53557730	-35.05875545	15.48582980	-25.70039177
3.34166667	-4.26626628	19.84617140	37.94355991	-35.40499437	-32.97259923	16.19888798	-26.50274379
3.35000000	-4.07938021	19.75947756	36.84680790	-36.29244958	-31.07716021	16.85998427	-27.34325989
3.35833333	-3.97044689	19.82372532	35.90399250	-37.28461911	-29.28737421	17.69996123	-28.09240317
3.36666667	-4.15999999	20.27107187	35.23032803	-38.40807121	-27.64745729	18.43129631	-28.81082772
3.37500000	-4.21339883	20.58869836	34.49846997	-39.53639987	-26.17562744	19.23816285	-29.35947262
3.38333333	-4.32974487	20.98737282	33.78961549	-40.69697691	-24.77496594	20.05142140	-29.88251594
3.39166667	-4.69428743	21.76295167	33.34992838	-42.03557647	-23.40293275	20.77895858	-30.54562198
3.40000000	-4.84821894	22.23292510	32.65059003	-43.26224104	-22.12725423	21.59037438	-30.90453206
3.40833333	-4.90210026	22.59949752	31.91628748	-44.47431446	-20.99334127	21.97280982	-30.83640171
3.41666667	-5.17298638	23.17567701	31.39854443	-45.71277785	-19.84557601	23.20804875	-31.45480009
3.42500000	-5.38656941	23.62020462	30.81792492	-46.86886818	-18.79336559	23.81754405	-31.43160088
3.43333333	-6.55036260	25.45252320	31.50181579	-48.69404796	-17.91305971	25.43216206	-31.95072328
3.44166667	-6.44737681	25.60138990	30.56740895	-49.74354770	-17.14970900	26.15804007	-32.04039563
3.45000000	-6.43623400	25.86397226	29.81590511	-50.96237670	-16.44962222	26.80912140	-31.97676168
3.45833333	-6.49935465	26.11357035	29.16954349	-52.08709116	-15.84483356	27.23621827	-31.85185356
3.46666667	-7.16674712	27.18951806	29.31092483	-53.51295062	-15.54537155	28.40937192	-31.77899794
3.47500000	-7.21064242	27.46679660	28.73007906	-54.68919684	-15.16652822	28.86582018	-31.73343019
3.48333333	-7.30728150	27.84857565	28.27570462	-55.93247823	-14.90400398	29.62186523	-31.78668057
3.49166667	-8.05841323	29.05031251	28.73265319	-57.40720509	-15.07304696	30.79320367	-31.48638745
3.50000000	-8.20700567	29.43371892	28.28762332	-58.61360716	-14.94743762	31.55449046	-30.99334904
3.50833333	-8.44726463	29.92921279	28.39115499	-59.83888075	-15.30473278	32.38940859	-29.60249055
3.51666667	-8.75426906	30.42463129	27.98267087	-61.04467158	-15.21883200	33.27560075	-27.70083986
3.52500000	-9.17638222	31.18864638	28.40147666	-62.37181984	-15.95052498	34.23169925	-24.94220495
3.53333333	-9.31278304	31.48199164	27.94312437	-63.54780203	-16.02696663	34.90188503	-22.04113267
3.54166667	-9.57173057	31.94247944	28.08110601	-64.72510478	-16.59272112	35.53868983	-18.80534594
3.55000000	-9.54313477	32.11623174	27.92909439	-65.91383857	-17.07792622	36.19931145	-16.18627345
3.55833333	-9.60545660	32.34293741	27.74633833	-67.08581981	-17.44158413	36.63218771	-13.28911111
3.56666667	-10.38537855	33.45175257	28.66580887	-68.47609469	-18.43309753	37.31662545	-10.37859087
3.57500000	-10.38609629	33.69266543	28.61330740	-69.76336182	-19.00795029	37.44564120	-8.13892282
3.58333333	-10.31748514	33.97019921	28.81473049	-71.16633293	-19.76555944	37.38496990	-5.95289160
3.59166667	-10.30018696	34.40055655	28.98447833	-72.75292495	-20.49427277	37.08575384	-3.95929873
3.60000000	-10.35233802	34.98902951	29.13038706	-74.49910860	-21.14045838	36.53859452	-2.11889610
3.60833333	-10.27781029	35.58453489	29.23531823	-76.39320529	-21.89646912	35.65756210	-0.38056165
3.61666667	-10.20433012	36.30785756	29.26808157	-78.46126530	-22.60660266	34.50419289	1.24238820
3.62500000	-9.96799687	36.95134936	29.14536103	-80.63540355	-23.26719692	32.98753081	2.82649035
3.63333333	-9.65205278	37.56310429	28.89609302	-82.83417970	-23.92968491	31.24725075	4.25222610
3.64166667	-9.36319228	38.25678307	28.59487723	-85.04467761	-24.47151465	29.17082675	5.58305324
3.65000000	-9.01989113	38.94981933	28.24599187	-87.26641856	-24.99984195	26.98555815	6.65238339
3.65833333	-8.83875765	39.98723106	28.06587848	-89.47140878	-25.52127576	24.32065278	7.38052257
3.66666667	-8.58551343	41.14014550	27.92245214	-91.63986023	-26.24371453	21.67767520	8.06154020
3.67500000	-8.15801846	41.97092078	27.68052771	-93.62924004	-27.01113727	19.68304273	8.78839880
3.68333333	-7.74032836	42.76703915	27.40006239	-95.42549790	-27.75665321	17.75912418	9.23272442
3.69166667	-7.19514597	43.38826277	27.17877738	-97.07504139	-28.70639672	16.47929970	9.79919945
3.70000000	-6.63085435	43.94144188	26.62663950	-98.49226809	-29.31576927	15.46439625	10.34688963
3.70833333	-6.05375171	44.35306809	26.21859110	-99.63755909	-30.07085976	14.84608200	10.83860919
3.71666667	-5.34799756	44.54138006	25.40841754	-100.45185248	-30.61547842	14.04960117	11.33369248
3.72500000	-4.87843518	44.93948333	24.87632133	-101.07550317	-31.00302632	14.02667057	11.84094174
3.73333333	-4.58467160	45.46049917	24.39943615	-101.42692146	-31.23380720	14.11934775	12.22193712
3.74166667	-4.20255499	45.79451279	23.68061450	-101.37561638	-31.29332837	12.85838456	12.63242032
3.75000000	-4.04016485	46.31746113	23.24978545	-101.27058151	-31.21154751	13.18654728	12.88265406
3.75833333	-3.63708382	46.48842466	22.34453275	-100.75936993	-30.86776621	11.70216181	13.03925364
3.76666667	-3.51940092	46.96553413	21.75699278	-100.20967782	-30.53162268	11.55260086	13.27165160
3.77500000	-3.24444840	47.15919922	21.02608011	-99.31846657	-30.13096260	9.78548438	13.34503874
3.78333333	-3.31127317	47.72363084	20.64948554	-98.44778839	-29.77724903	9.85933649	13.49236475
3.79166667	-3.25340551	48.04526872	20.19076108	-97.20782170	-29.43682142	7.48674993	13.66359851
3.80000000	-3.32570656	48.47059496	19.80423577	-95.95281788	-29.06245503	7.40323908	13.79500676
3.80833333	-3.40112236	48.79671691	19.44905510	-94.55361523	-28.71238880	7.16565734	13.91308015
3.81666667	-3.50912553	49.04270327	19.16808052	-92.98779145	-28.39700215	6.70309922	14.01401665
3.82500000	-3.78323254	49.38757795	19.16989570	-91.13524181	-28.14425297	3.64813380	13.94190438
3.83333333	-3.85305947	49.45282155	18.97718033	-89.22066999	-28.06659279	2.76417210	14.02714770
3.84166667	-3.73953694	49.20140951	18.45533073	-87.08671054	-27.79404161	1.41303733	14.11976960
3.85000000	-3.51775063	48.80735886	17.76212336	-84.81957892	-27.48659072	-1.05744287	14.21654903
3.85833333	-3.37458958	48.36407620	17.31491361	-82.47657795	-27.29805210	-2.49004974	14.27788815
3.86666667	-3.47503504	48.14850163	17.07855421	-80.07555189	-27.15099207	-3.98210080	14.43417137
3.87500000	-3.40603324	47.62025188	16.65172371	-77.47219163	-26.93494893	-7.10817908	14.50397424
3.88333333	-3.45080752	47.15709330	16.43765530	-74.81522355	-26.86056168	-9.44812103	14.75199720
3.89166667	-3.62656485	46.79648992	16.32402624	-72.12802087	-26.81271707	-10.93080590	15.07083193
3.90000000	-3.29224934	45.67545622	15.75146021	-69.09867752	-26.84355241	-14.82250479	15.33787176
3.90833333	-3.41516928	45.11086354	15.66615651	-66.23572274	-26.94792809	-16.55218613	15.71779664
3.91666667	-3.06599123	43.85379620	14.96944353	-63.13969768	-26.90440642	-19.16344122	15.97457120
3.92500000	-3.28569083	43.24491073	15.10701196	-60.23027068	-27.17178896	-21.03232250	16.42926269
3.93333333	-3.70483407	42.59526523	15.53428231	-57.14317006	-27.46168869	-23.35108285	16.67279932
3.94166667	-3.90850777	41.86768600	15.62792216	-54.10729074	-27.81895916	-25.21627253	17.22240250
3.95000000	-3.99160731	40.91658049	15.69883844	-50.98301040	-28.29462009	-27.05761402	17.77023767
3.95833333	-3.75223904	39.55618110	15.31740988	-47.92705961	-28.60346076	-28.16585926	18.09721301
3.96666667	-3.95483031	38.67515960	15.55223498	-44.85556362	-29.26110552	-29.81290301	18.81810529
3.97500000	-3.91194720	37.48785928	15.57547484	-41.96291577	-29.96714590	-29.92593796	19.45668068
3.98333333	-4.02033359	36.47158671	15.83809713	-39.13644205	-30.80523632	-30.54013743	20.17219488
3.99166667	-4.21123706	35.54930766	16.19111222	-36.33953031	-31.74470724	-31.63699906	20.93840181
4.00000000	-4.36830462	34.67759784	16.52541785	-33.93296493	-32.73407439	-30.83144712	21.79259196
4.00833333	-4.52122316	33.76739094	16.97154294	-31.45885051	-33.89628431	-31.63087765	22.66575654
4.01666667	-4.75791259	33.05798107	17.53473594	-29.48881492	-35.09152637	-30.56430462	23.42423147
4.02500000	-4.93238268	32.27446018	17.98865633	-27.38816693	-36.30858531	-31.05108870	24.35736781
4.03333333	-5.40997256	31.92217733	18.90368835	-25.72676773	-37.78375604	-30.31848503	25.46467587
4.04166667	-5.65574866	31.36333059	19.45297616	-24.17053296	-39.05006560	-30.13888323	26.40564153
4.05000000	-5.94631233	30.84080376	20.13310461	-22.65731942	-40.46303168	-30.41454557	27.44484511
4.05833333	-6.35892406	30.54369500	20.96216768	-21.44071662	-41.89581341	-30.44245958	28.48294564
4.06666667	-7.04895957	30.63261823	22.18144318	-20.47800260	-43.47032874	-30.07052165	29.39333302
4.07500000	-7.44999927	30.37861831	23.01755927	-19.53083703	-44.92176533	-30.03504638	30.31830398
4.08333333	-7.68179694	29.89097498	23.63354251	-18.54364866	-46.34247353	-30.25543557	31.22980690
4.09166667	-8.51302287	30.21645646	25.06998107	-17.99300556	-48.02219383	-29.94673714	32.12603790
4.10000000	-9.12330956	30.25851380	26.29737953	-17.43292060	-49.71533230	-29.92775062	32.95532820
4.10833333	-9.18000377	29.64729725	26.66044444	-16.85862594	-51.06178293	-30.03972308	33.36952761
4.11666667	-9.88864536	29.86507665	27.87136837	-16.56469289	-52.66434154	-30.00674257	34.52125478
4.12500000	-10.20899258	29.64918990	28.52574028	-16.31897088	-54.10640249	-30.17991246	35.26953652
4.13333333	-10.31774655	29.19762384	28.98807915	-16.18100235	-55.56156650	-30.32126957	36.04929972
4.14166667	-10.73570666	29.13253738	29.92818074	-16.16958216	-57.28633555	-29.93009516	36.80218808
4.15000000	-10.85750884	28.78666889	30.35922804	-16.30411637	-58.74879336	-29.07186675	37.53385327
4.15833333	-11.02847173	28.49024757	30.91731468	-16.52068623	-60.33627867	-27.30328759	38.15686453
4.16666667	-11.75619587	28.99115949	32.22206536	-17.09873876	-62.17237365	-24.49228664	38.78248328
4.17500000	-11.77326699	28.53902661	32.76409020	-17.35147132	-63.96323007	-21.77135231	39.17516180
4.18333333	-12.41572359	29.01280341	34.01723117	-18.06253508	-65.84572674	-18.04327359	39.35660722
4.19166667	-12.33093034	28.54409422	34.58548568	-18.33848708	-67.83836943	-15.01728041	39.36228004
4.20000000	-12.41404005	28.33089183	35.35336572	-18.63386830	-69.90849656	-12.06705274	39.12152634
4.20833333	-12.95623195	28.85455550	36.84581011	-19.27620182	-72.29889705	-9.24913675	38.55447910
4.21666667	-12.82123613	28.56480970	37.64801571	-19.67811067	-74.72063144	-6.86484400	37.76208940
4.22500000	-13.16972583	29.19342516	39.04494377	-20.47576275	-77.28378425	-4.66320146	36.57308941
4.23333333	-12.70990201	28.90922826	39.89806837	-21.17210605	-80.11786376	-2.59122753	35.28069400
4.24166667	-12.85296208	29.13833972	41.49569312	-21.71130341	-83.02524412	-0.83647826	33.65577046
4.25000000	-12.35948427	28.78988198	42.23662378	-22.37317946	-85.69076800	0.91373306	32.11772413
4.25833333	-11.89156694	28.59626290	43.01722692	-23.31075295	-88.27051566	2.38505631	30.56219161
4.26666667	-11.83864083	28.77788507	44.44489825	-23.93286887	-90.83703094	3.51305495	28.41669676
4.27500000	-11.27007270	28.43722045	45.12074071	-24.87928505	-93.00215639	4.50548788	27.02623616
4.28333333	-10.66586844	28.07102453	45.76760375	-25.71794840	-94.97311379	5.83074319	24.95906469
4.29166667	-10.11614497	27.83526653	46.34662916	-26.74892581	-96.60873905	6.74793527	23.27728045
4.30000000	-9.45791194	27.50016405	46.76191586	-27.75606735	-97.91739655	7.14732515	21.64854641
4.30833333	-8.97400212	27.37847105	47.18258945	-28.88896536	-98.96892797	7.87160583	20.99230928
4.31666667	-8.49569885	27.09555138	47.51607719	-29.76756216	-99.69503179	8.56150699	20.51650317
4.32500000	-8.03764662	26.70583246	47.80760369	-30.44588159	-100.14467034	8.97580845	20.20660480
4.33333333	-7.75793852	26.40676766	48.35229444	-30.94258584	-100.40689869	9.55448194	20.23559262
4.34166667	-7.57078314	26.09293524	48.83006073	-31.21049938	-100.30184354	9.71039099	20.24774215
4.35000000	-7.20776161	25.40346899	48.87546852	-31.15783203	-99.85297689	10.28335694	20.08618924
4.35833333	-6.94273571	24.69209990	48.94764142	-30.87580407	-99.15534139	10.07726426	19.89383435
4.36666667	-6.91312391	24.11389915	49.34999080	-30.49353085	-98.29071216	10.35192438	19.68757143
4.37500000	-6.94857763	23.63791535	49.74282575	-30.12237897	-97.23448353	10.50946286	19.48252111
4.38333333	-6.64709086	22.71535217	49.66840279	-29.63487810	-95.96640927	10.69233175	19.20804806
4.39166667	-6.85479949	22.28018587	49.99190847	-29.18915738	-94.51018057	10.90094295	18.89035133
4.40000000	-7.00018728	21.82886932	50.33216604	-28.76248974	-92.94268481	11.16889679	18.26169103
4.40833333	-6.99812953	21.25521306	50.32124949	-28.45945877	-91.14836392	11.57697998	17.49686232
4.41666667	-6.91236955	20.59580547	50.17849380	-28.10324849	-89.17663169	11.76497083	16.53162671
4.42500000	-6.94998065	19.92538701	50.12584789	-27.59429718	-87.09956141	11.92952831	15.39712769
4.43333333	-7.01393419	19.41773268	49.83328153	-27.26023263	-84.78046689	12.04971228	14.27458975
4.44166667	-7.17030072	19.06098742	49.77856555	-26.94588539	-82.47165914	12.05876968	12.84605359
4.45000000	-7.28583059	18.56883335	49.53842070	-26.55769970	-79.94010837	12.09598380	11.10706452
4.45833333	-7.25455676	18.04781210	49.08544357	-26.32387352	-77.32863572	12.08442374	9.29411645
4.46666667	-7.31810794	17.63909931	48.69911740	-26.10993117	-74.61019308	12.15915727	7.28267209
4.47500000	-7.38865621	17.26670762	48.18427966	-25.94864549	-71.76317340	12.23609149	5.15320415
4.48333333	-7.03633774	16.25316773	47.05825455	-25.58425953	-68.70156881	12.28830997	2.86331879
4.49166667	-7.25717588	16.13146097	46.61010557	-25.59347319	-65.70493316	12.45498806	0.59764552
4.50000000	-7.38419485	15.95818720	45.92181586	-25.74439628	-62.54755524	12.66581229	-1.89557436
4.50833333	-7.02186939	15.22322246	44.59309590	-25.86385557	-59.20487702	12.92842860	-4.46059450
4.51666667	-7.17319320	15.03582273	43.93894256	-26.02094822	-56.00075341	13.28878729	-6.85198897
4.52500000	-7.23771574	14.99793975	43.04843779	-26.54432027	-52.71604704	13.61904748	-9.28895942
4.53333333	-7.24186231	14.85972944	42.10642058	-27.06841034	-49.45082671	14.08578579	-11.50595728
4.54166667	-6.75072357	14.18066507	40.45903016	-27.62999912	-46.13539359	14.64291778	-13.45306621
4.55000000	-6.90377391	14.32509347	39.63522889	-28.40358144	-43.01793414	15.18389516	-15.38186439
4.55833333	-7.00384188	14.42911614	38.83209644	-29.21688481	-40.05873389	15.80298365	-17.09060365
4.56666667	-6.96311464	14.43980773	37.85728057	-30.14343706	-37.19519159	16.45257502	-18.66147106
4.57500000	-7.02953663	14.58896906	36.96048072	-31.16186608	-34.48372388	17.13201955	-19.85738672
4.58333333	-6.90789698	14.52285358	35.90489747	-32.20159173	-32.03056386	17.95929942	-20.71845272
4.59166667	-6.98645687	14.74277007	35.14776728	-33.36034110	-29.65154267	18.72769161	-21.81193317
4.60000000	-7.12970195	14.94443998	34.46719562	-34.44997573	-27.48374391	19.54213680	-22.68301153
4.60833333	-7.29806561	15.36708433	33.87645696	-35.84368716	-25.65001151	20.46752233	-23.53909485
4.61666667	-7.47354444	15.69308619	33.31578984	-37.12654832	-23.95285749	21.39054316	-24.22146238
4.62500000	-7.61398732	16.02351282	32.80671102	-38.48773764	-22.48574569	22.33348302	-24.92675200
4.63333333	-7.73944186	16.41800056	32.30829420	-39.98798306	-21.20286776	23.30086603	-25.64626344
4.64166667	-7.82607487	16.64834384	31.82912693	-41.31629126	-20.09085556	23.79008850	-25.80928328
4.65000000	-8.05839055	17.20129347	31.45635099	-42.93281851	-19.03788844	25.27363705	-27.09567053
4.65833333	-8.66329129	18.32569844	31.50623800	-44.85835932	-18.00800152	26.57850098	-27.88122162
4.66666667	-8.85399664	18.83289013	31.07856472	-46.46382301	-17.15095037	27.46345080	-28.53345698
4.67500000	-9.23817242	19.62005160	30.83773187	-48.21729885	-16.40468775	28.45186702	-29.12857797
4.68333333	-9.44659052	20.05970091	30.46528379	-49.73452185	-15.81273959	29.41094835	-29.59041531
4.69166667	-9.82580061	20.68165983	30.26520843	-51.32276465	-15.31179966	30.43505489	-30.13085071
4.70000000	-10.39944903	21.61213250	30.33554071	-53.05999185	-15.09167969	31.42898972	-30.53449113
4.70833333	-10.60069479	22.01375259	29.95717555	-54.57779988	-14.89636727	32.35001422	-30.59819286
4.71666667	-10.71648873	22.28639705	29.49580423	-56.04188704	-14.83852688	32.99241904	-30.22865654
4.72500000	-10.98868036	22.66367927	29.24485868	-57.56038582	-14.97323928	33.85795945	-28.83917304
4.73333333	-11.71991492	23.75069333	29.76266424	-59.35625336	-15.72852754	34.48122925	-26.40829829
4.74166667	-11.85562490	24.14396421	29.40825045	-61.06174753	-16.22125292	34.79799883	-23.38980948
4.75000000	-11.99102286	24.65513715	29.18951090	-62.95836303	-16.93026279	34.83027469	-19.88767505
4.75833333	-12.71832318	25.86337273	29.89448012	-65.00613332	-18.02694121	34.94779664	-15.90115111
4.76666667	-12.96839658	26.62038338	29.99072837	-67.11468689	-18.94900175	34.64031092	-12.18805808
4.77500000	-13.91280183	28.38060278	31.15299330	-69.52713826	-20.17833720	34.07026983	-8.85677101
4.78333333	-13.75116915	28.90213335	31.04441707	-71.83504100	-21.22081107	33.20339360	-6.13830950
4.79166667	-13.77240129	29.72761496	31.10995572	-74.29153936	-22.10438490	32.08327376	-3.07128483
4.80000000	-13.81871441	30.78529088	31.31090416	-76.90277411	-23.03297406	30.68370095	-0.47074162
4.80833333	-14.92472417	33.39744144	32.89983446	-79.88950812	-24.07373236	28.67946999	1.60438005
4.81666667	-14.93723533	34.60186717	33.06753638	-82.50368954	-24.99220376	26.60038192	3.77993105
4.82500000	-14.57248020	35.37555630	32.77790335	-85.02582789	-25.85075576	24.53822359	5.85804635
4.83333333	-14.13794486	36.14961138	32.50839994	-87.52016962	-26.78296020	22.23046466	7.66416003
4.84166667	-13.81956667	37.09848155	32.20054577	-89.87447231	-27.53699064	19.63903954	9.15963055
4.85000000	-13.71205035	38.27957967	32.24192975	-92.18931635	-28.43309477	17.21580015	10.50986781
4.85833333	-13.33443422	39.16655859	31.92291009	-94.35247133	-29.27575540	15.23785157	11.85304865
4.86666667	-13.18348108	40.31844439	31.95113236	-96.29176675	-30.19915317	12.47095482	12.59953215
4.87500000	-12.77875986	41.06797517	31.65520963	-98.02866446	-31.06410025	11.03018838	13.57772188
4.88333333	-12.35707567	41.73639320	31.22842190	-99.34132555	-31.82447333	8.68846199	14.16387673
4.89166667	-11.66087556	42.04119403	30.42035319	-100.47401285	-32.39169230	7.79434096	14.89477930
4.90000000	-10.78982765	41.99877539	29.28319489	-101.13505370	-32.76863880	6.04558256	15.31037121
4.90833333	-10.21099073	42.32552738	28.33984996	-101.62982460	-32.98516566	4.98409258	15.82825775
4.91666667	-9.62069134	42.57566453	27.16859933	-101.83384124	-32.82037811	4.01763714	16.27735063
4.92500000	-9.55538872	43.30456601	26.46389440	-101.91440466	-32.46793910	4.70949721	16.61008411
4.93333333	-8.70824536	43.13716198	24.77832825	-101.50566410	-31.83233398	2.01710937	16.77831241
4.94166667	-8.64989980	43.89440892	23.75592732	-101.09166642	-30.99791525	0.55570186	17.01596054
4.95000000	-8.68906093	44.72096546	22.89000781	-100.57003145	-30.15479059	0.81968178	17.16947500
4.95833333	-8.77581857	45.56949265	22.08184085	-99.84383181	-29.28345729	0.87378755	17.28517759
4.96666667	-7.89332735	45.14198745	19.83126596	-98.63614150	-27.80772067	-0.85050815	17.05585710
4.97500000	-7.96045421	45.85206164	18.82431306	-97.43734591	-26.70472204	-1.04297943	17.03317119
4.98333333	-7.56648406	45.88824055	17.21608502	-95.90226485	-25.44826484	-0.88116674	17.02996580
4.99166667	-7.82899762	46.67899025	16.52188403	-94.28879596	-24.47864152	-1.00168571	17.05201941
5.00000000	-7.32671104	46.44800221	14.83437880	-92.34672642	-23.29885403	0.81916147	16.90970698
5.00833333	-7.60015202	47.04203294	14.34785171	-90.25240456	-22.53180871	0.77848603	16.75640599
5.01666667	-7.84941040	47.61037250	13.71991195	-87.99999952	-21.64682934	0.69585546	16.77869180
5.02500000	-7.18289720	46.89340415	11.88675244	-85.51854000	-20.53629281	3.53569080	16.55672286
5.03333333	-7.49105516	47.33102034	11.31772024	-82.94183874	-19.67155552	3.39938927	16.47425936
5.04166667	-7.15060038	46.85617128	10.06198838	-80.15033185	-18.86794084	4.63441198	16.18120908
5.05000000	-7.31033203	46.98279866	9.49595705	-77.32648901	-18.17887281	4.39869350	15.90790244
5.05833333	-7.49034958	47.05093211	8.96329688	-74.41035026	-17.56963097	4.21894822	15.84793571
5.06666667	-7.28781171	46.47595581	8.11698094	-71.18170839	-17.06553264	3.86162722	15.47001432
5.07500000	-6.58935977	45.36969748	6.67976996	-67.92069668	-16.57793078	3.29992566	15.62994234
5.08333333	-6.73031962	45.20033990	6.16355374	-64.72803270	-16.06348666	2.70920310	15.44600886
5.09166667	-6.16975701	44.11087486	4.74867847	-61.30436886	-15.45670104	1.51767831	15.42075913
5.10000000	-5.84165742	43.26400153	3.79960410	-57.84495760	-15.13335778	0.14603712	15.46834232
5.10833333	-5.88314235	42.80886099	3.35108366	-54.45145554	-14.88995112	-0.76206932	15.51042295
5.11666667	-5.52881459	41.80833548	2.33586090	-50.84351985	-14.60696553	-2.52304469	15.72582304
5.12500000	-5.26861675	40.89338206	1.32262949	-47.30926781	-14.12238775	-3.70955592	15.79342562
5.13333333	-5.48176385	40.57956482	0.96756860	-43.91650949	-13.86636364	-4.68582695	15.95383757
5.14166667	-5.04958534	39.37841045	-0.20733449	-40.33271247	-13.39019830	-6.16456033	16.02104265
5.15000000	-5.23839875	38.98674715	-0.66765350	-36.98849813	-13.06033514	-7.56626589	16.12094459
5.15833333	-4.77469203	37.77866505	-1.93187696	-33.64317891	-12.57450628	-8.12373042	16.14730176
5.16666667	-4.73104914	37.14682041	-2.63004735	-30.56449283	-12.27910105	-8.56182283	16.15085497
5.17500000	-4.71490179	36.50671738	-3.35364522	-27.56253934	-11.92217520	-9.15394666	16.19021344
5.18333333	-4.60779356	35.86719374	-4.15568948	-24.84353519	-11.64326320	-9.14784178	16.23823443
5.19166667	-4.59759677	35.40500498	-4.84643294	-22.44091160	-11.37796371	-9.09145294	16.25348701
5.20000000	-4.54053472	34.97998007	-5.52628649	-20.36740608	-11.20561035	-8.96156942	16.26953919
5.20833333	-4.50707764	34.61994605	-6.08993759	-18.57479732	-11.16714626	-8.82954671	16.32540524
5.21666667	-4.51055441	34.38572731	-6.61238572	-17.13188114	-11.15937372	-8.60774415	16.36060590
5.22500000	-4.44491211	34.10799419	-7.18525370	-15.99763021	-11.18762303	-8.27314579	16.33160618
5.23333333	-4.45307208	33.95146032	-7.58470714	-15.13948279	-11.37913781	-7.91792397	16.31871356
5.24166667	-4.62866219	33.94448373	-7.71770196	-14.48900941	-11.70905791	-7.57668448	16.30987047
5.25000000	-4.75590427	33.81448351	-7.84293822	-13.84660211	-12.12814650	-7.47800969	16.17091723
5.25833333	-4.81892564	33.69402706	-8.07292378	-13.67609547	-12.50398468	-6.93911344	15.97145703
5.26666667	-4.94320489	33.54285630	-8.07850102	-13.45653190	-13.13245746	-7.11604667	15.75277367
5.27500000	-5.13927978	33.46260129	-7.95060816	-13.40036657	-13.85423753	-7.69563289	15.48100370
5.28333333	-5.57601950	33.63223865	-7.54067398	-13.46627568	-14.59993573	-8.69880633	15.07648738
5.29166667	-5.73148008	33.50235613	-7.41710366	-13.58396744	-15.41144002	-9.90805049	14.53642380
5.30000000	-6.19622759	33.68269427	-6.75339267	-13.71162589	-16.49379422	-11.23956415	13.92090884
5.30833333	-6.31896823	33.54252158	-6.43629466	-13.90737950	-17.67238444	-12.24530206	13.10910855
5.31666667	-6.97474682	34.00179524	-5.43855353	-14.11203773	-19.00989947	-13.23803655	12.16526572
5.32500000	-7.20021316	34.00743004	-4.82432027	-14.35826332	-20.44163054	-13.71893558	10.94022677
5.33333333	-7.25864468	33.85939810	-4.28453378	-14.71247297	-22.08327208	-13.57046197	9.54390907
5.34166667	-7.73105423	34.16609243	-3.01261394	-15.09687464	-24.06657899	-13.62072634	7.95020853
5.35000000	-7.67656139	33.90472286	-2.27647606	-15.56951786	-26.11681207	-13.06367417	6.16918415
5.35833333	-8.06351940	34.11904115	-0.87519622	-16.04909236	-28.35253748	-12.82540543	4.04004171
5.36666667	-7.94935113	33.76559897	0.04633496	-16.55233049	-30.63740765	-12.03601567	1.80457411
5.37500000	-8.41012230	34.05271496	1.71521729	-17.05601577	-33.03741958	-11.67519582	-0.72848312
5.38333333	-8.59986396	33.96022679	3.13713540	-17.44933085	-35.39320029	-11.05833691	-3.24186908
5.39166667	-8.82277709	33.87376748	4.67599285	-17.78178578	-37.77631802	-10.47076534	-5.76088784
5.40000000	-8.80117637	33.43883915	5.98718800	-17.96490729	-40.16608864	-9.69760472	-7.91204150
5.40833333	-9.61108779	33.96483375	8.40142099	-18.23592870	-42.70327573	-9.31679791	-10.14747814
5.41666667	-9.95053577	33.93776307	10.22005438	-18.42681178	-45.06812069	-8.77396548	-11.85841228
5.42500000	-9.99256136	33.47760690	11.78966901	-18.41484026	-47.41165642	-8.03451761	-12.80345273
5.43333333	-10.97754703	34.21927499	14.55417822	-18.67611866	-49.85200087	-7.72556339	-13.82660595
5.44166667	-11.45777110	34.30777220	16.64596009	-18.76021782	-52.02472660	-7.17976042	-14.20477664
5.45000000	-11.32700507	33.64956036	17.99083581	-18.70661074	-53.91460147	-6.64520417	-13.78410074
5.45833333	-12.44203341	34.49222318	20.92777646	-18.86553157	-55.93155343	-6.08901886	-14.06771318
5.46666667	-12.88385718	34.51983270	22.98904123	-18.89128349	-57.60949476	-5.61302774	-13.79053368
5.47500000	-13.01779542	34.10056514	24.59956003	-18.75056457	-59.02700539	-5.08197091	-13.20449054
5.48333333	-13.55735437	34.24700866	26.79532858	-18.77860507	-60.37227976	-4.62397973	-13.18951716
5.49166667	-13.54732433	33.64158775	28.18297878	-18.58553963	-61.39166076	-4.11433495	-12.41450994
5.50000000	-13.84784336	33.47740516	29.92513002	-18.60550227	-62.21100289	-3.40556901	-12.34294480
5.50833333	-13.85210374	32.79034724	30.89020990	-18.37013247	-62.58656395	-2.95060190	-11.32292284
5.51666667	-13.80761639	32.15028615	32.14219037	-18.20670082	-63.06120051	-2.33814867	-10.60096843
5.52500000	-13.72074995	31.39954942	33.24406741	-17.91184541	-63.22667172	-1.89517952	-9.56509349
5.53333333	-13.56627638	30.67393308	34.21070727	-17.87583855	-63.26547189	-0.91957050	-8.14613988
5.54166667	-13.52620400	29.91627634	35.11257700	-17.57985495	-62.99039411	-0.50212428	-7.05394638
5.55000000	-13.42182555	29.06587904	35.98673819	-17.23945343	-62.61806072	0.01701672	-5.72129848
5.55833333	-13.31797704	28.46829358	36.75734454	-17.29327312	-62.20304325	0.72276987	-3.60325908
5.56666667	-13.12917414	27.55887483	37.35008687	-17.01573552	-61.46163451	1.22214229	-2.24878730
5.57500000	-12.79705915	26.50696802	37.81357961	-16.73379597	-60.60662341	1.72099909	-0.81453762
5.58333333	-12.75363673	25.83106724	38.50984596	-16.56200274	-59.60741853	2.26661702	0.36812023
5.59166667	-12.34024019	24.65638890	38.68656507	-16.26260814	-58.34851769	2.81362473	1.39439189
5.60000000	-12.39359153	24.05577148	39.34553468	-16.01944909	-57.00362282	3.26579590	2.04367485
5.60833333	-12.30247923	23.37629995	39.89807907	-15.86557355	-55.60785591	3.80781590	2.51421481
5.61666667	-11.66606400	21.86173699	39.57215108	-15.47226044	-53.83420695	4.38027288	3.16886457
5.62500000	-11.70836060	21.23352373	39.96241079	-15.26715054	-52.02755977	4.92443359	3.42735858
5.63333333	-11.47528789	20.31880965	40.09255966	-15.05381896	-50.11174967	5.44915955	3.51033959
5.64166667	-10.97482519	19.06387213	39.79442980	-14.83539183	-48.05472558	6.05864098	3.65794652
5.65000000	-11.03062777	18.51490483	40.22575282	-14.68310474	-46.05470301	6.31058606	3.56336405
5.65833333	-10.88247641	17.48960977	40.30663175	-14.18334025	-43.91425251	6.85157120	2.88567697
5.66666667	-10.60417885	16.50162195	40.06917139	-13.98302997	-41.56186809	7.24901092	2.36549132
5.67500000	-9.60981963	14.68901285	38.93647816	-13.69178873	-39.13514608	7.67992924	2.39747111
5.68333333	-9.28436580	13.49835719	38.66524981	-13.28937006	-36.68742621	8.13685077	1.88571697
5.69166667	-9.00265426	12.45409531	38.28744291	-13.02646045	-34.17759014	8.56929340	1.21519940