0.00000000	-17.60282171	24.44043307	23.86743424	-12.82747393	-12.89326222	3.60352068	6.97874303
0.00833333	-17.64789969	24.40840293	23.90677197	-12.72927674	-12.86875172	3.52211468	6.95917104
0.01666667	-17.71491384	24.38225595	23.97625192	-12.66793998	-12.82878791	3.54495084	6.94549158
0.02500000	-17.75271064	24.50724337	24.00745938	-12.75251081	-12.83219991	3.56284381	7.00098012
0.03333333	-17.80048329	24.53244903	24.06471443	-12.73755624	-12.83159527	3.60716098	7.02152932
0.04166667	-17.81647197	24.50640451	24.06668410	-12.68548911	-12.80137521	3.56229930	6.96656383
0.05000000	-17.82456074	24.53901649	24.08121490	-12.72639918	-12.80888911	3.54905905	6.95130145
0.05833333	-17.88401207	24.62886745	24.15614155	-12.76561237	-12.82141792	3.60669235	6.98335955
0.06666667	-17.90987672	24.68388072	24.20478933	-12.79953877	-12.84304138	3.63440232	6.99213832
0.07500000	-17.92337194	24.68610120	24.18388779	-12.78847801	-12.78652656	3.62288050	6.99167317
0.08333333	-17.69611973	24.39644058	23.90066444	-12.68609015	-12.73206443	3.51562946	6.94516098
0.09166667	-17.69977037	24.56543603	23.92562581	-12.86782798	-12.75946098	3.53969263	7.00116834
0.10000000	-17.72495742	24.62229146	23.96214916	-12.89956710	-12.79613165	3.57663892	7.02166728
0.10833333	-17.73694227	24.62280648	23.92428725	-12.86995725	-12.70751702	3.57243996	7.03412939
0.11666667	-17.73941432	24.62459522	23.92608579	-12.86436170	-12.72472636	3.54144143	6.97441084
0.12500000	-17.78155940	24.51859875	23.98291735	-12.74042721	-12.69726107	3.56582432	6.91728850
0.13333333	-17.81593198	24.57369534	24.02526612	-12.76453059	-12.69983817	3.59958440	6.94654255
0.14166667	-17.85457885	24.62729745	24.07190816	-12.77776031	-12.70555650	3.63332971	6.96029401
0.15000000	-17.85507453	24.62496077	24.03770212	-12.77191262	-12.65026024	3.55321479	6.90187851
0.15833333	-17.84911886	24.63472008	24.03040625	-12.78971956	-12.64999844	3.56063049	6.90201574
0.16666667	-17.88665482	24.67966882	24.07441346	-12.79546640	-12.65174345	3.60816993	6.93082818
0.17500000	-17.90607648	24.69557055	24.08628514	-12.78718331	-12.62551766	3.60660398	6.92742387
0.18333333	-17.91445305	24.71630918	24.10792841	-12.79786056	-12.65159344	3.57251955	6.90762164
0.19166667	-17.93783232	24.74429966	24.13623668	-12.79185365	-12.65436486	3.59067002	6.90193653
0.20000000	-17.96179095	24.78029672	24.17092386	-12.81334311	-12.66335605	3.61974121	6.92098496
0.20833333	-17.91024259	24.71621510	24.12387201	-12.77629413	-12.66992333	3.55849006	6.86216673
0.21666667	-17.93227567	24.74768820	24.15004402	-12.79199427	-12.67224539	3.57347200	6.88652616
0.22500000	-17.94844557	24.76861312	24.17528207	-12.79805167	-12.67975584	3.57819920	6.90199953
0.23333333	-17.97284203	24.80286186	24.19796888	-12.80717595	-12.68029312	3.59062243	6.92544112
0.24166667	-17.95525841	24.79353549	24.17714031	-12.79922202	-12.67625587	3.53119135	6.91823876
0.25000000	-17.97529567	24.85232333	24.23124906	-12.84502073	-12.72336402	3.58282017	6.94768970
0.25833333	-17.95345043	24.81543782	24.19964469	-12.81558147	-12.70590494	3.53126453	6.93435670
0.26666667	-17.83361033	24.63878497	24.07789033	-12.73390934	-12.72541950	3.49835144	6.97856579
0.27500000	-17.87392090	24.70016694	24.12499556	-12.76056851	-12.72829181	3.53407826	6.99443237
0.28333333	-17.89191909	24.76112836	24.15008287	-12.78945366	-12.73511757	3.51341070	6.99105000
0.29166667	-17.90206615	24.78963868	24.16357424	-12.80484046	-12.75076371	3.49975302	6.98521824
0.30000000	-17.91554375	24.82555978	24.19970892	-12.82486256	-12.77410498	3.52198118	6.98915667
0.30833333	-17.91193918	24.85288100	24.19022602	-12.83904110	-12.76874436	3.50358697	6.97553834
0.31666667	-17.91505817	24.85073096	24.21023450	-12.83064507	-12.78148967	3.52014048	6.96289044
0.32500000	-17.93041601	24.92264070	24.23370155	-12.88476751	-12.78142654	3.53005368	6.98391645
0.33333333	-17.87714148	24.84940987	24.16881113	-12.85874220	-12.76720671	3.47133724	6.90708388
0.34166667	-17.91084731	24.87387475	24.21410168	-12.82619660	-12.78097962	3.50357496	6.92055251
0.35000000	-17.94592376	24.95366245	24.30641115	-12.87634419	-12.87119609	3.55223089	6.93920342
0.35833333	-17.94990726	24.89038784	24.26349931	-12.78623853	-12.78241866	3.49625286	6.94861387
0.36666667	-17.96429845	24.89855940	24.27979574	-12.77446701	-12.78412932	3.46998969	6.95572701
0.37500000	-17.95237834	24.88291207	24.26807985	-12.76841953	-12.78486058	3.42913740	6.93320478
0.38333333	-17.97960284	24.91694683	24.30736023	-12.76708119	-12.79771391	3.47145880	6.95420329
0.39166667	-17.81978740	24.80627104	24.12668255	-12.81359605	-12.77755072	3.47773735	6.94995990
0.40000000	-17.89108721	24.83929391	24.21614078	-12.77901470	-12.79376993	3.46351334	6.95154136
0.40833333	-17.94674984	24.88652788	24.28476221	-12.77792542	-12.80651179	3.51517713	6.98104404
0.41666667	-17.96246778	24.88209936	24.32373797	-12.74997322	-12.83494041	3.47929897	6.93781243
0.42500000	-17.98569020	24.92528106	24.36059375	-12.76769815	-12.85597938	3.50341101	6.95306452
0.43333333	-17.97503852	24.97551866	24.33386461	-12.82785206	-12.83024409	3.46981418	6.95689338
0.44166667	-17.89734902	24.92747669	24.23287629	-12.84622800	-12.82454556	3.47239451	6.89765386
0.45000000	-17.91052018	24.93639888	24.26218597	-12.84278665	-12.83992747	3.49273871	6.90537180
0.45833333	-17.91533005	24.94842536	24.26320645	-12.84680187	-12.82707354	3.47277752	6.90361917
0.46666667	-17.89274211	24.90766074	24.22843681	-12.83151283	-12.81478811	3.44800338	6.88299414
0.47500000	-17.90963585	24.93033985	24.25165116	-12.84063486	-12.81602667	3.48705727	6.89049162
0.48333333	-17.90153337	24.93096717	24.23659449	-12.84313939	-12.81118317	3.46410806	6.83882464
0.49166667	-17.90969762	24.92437856	24.23599662	-12.84423707	-12.79131537	3.49868701	6.84778321
0.50000000	-17.90884058	24.93447374	24.23730643	-12.84736720	-12.79467670	3.49436723	6.83046070
0.50833333	-17.92251613	24.95191170	24.24772240	-12.86298257	-12.78766086	3.52564770	6.85038164
0.51666667	-17.81417406	24.81947031	24.11737101	-12.83387166	-12.77866539	3.48963666	6.82056976
0.52500000	-17.84522187	24.88166832	24.16525853	-12.87398063	-12.79419951	3.54204544	6.86002585
0.53333333	-17.84251078	24.86672130	24.13424643	-12.85683561	-12.75158600	3.53409729	6.88375675
0.54166667	-17.80684853	24.83726502	24.08255683	-12.85779701	-12.73691937	3.50804896	6.88775834
0.55000000	-17.81465158	24.85847851	24.08934336	-12.88343074	-12.73651807	3.54535900	6.91325410
0.55833333	-17.56245146	24.49152107	23.79477116	-12.71571016	-12.74479613	3.42949924	6.98158814
0.56666667	-17.61084267	24.56966140	23.85125772	-12.77612821	-12.74328620	3.48851037	7.00027967
0.57500000	-17.64560198	24.60937606	23.87266654	-12.76953859	-12.71424087	3.47032385	6.95052249
0.58333333	-17.68377346	24.68619247	23.92260723	-12.82132866	-12.72933213	3.52047310	6.97471965
0.59166667	-17.70911477	24.70292575	23.91932210	-12.82265072	-12.67386354	3.52903614	6.97142412
0.60000000	-17.69517012	24.69557412	23.89209085	-12.82122863	-12.66775285	3.46130220	6.87767788
0.60833333	-17.72054177	24.72526390	23.88143437	-12.84793326	-12.61315214	3.52083317	6.91774485
0.61666667	-17.70030238	24.71496332	23.86550188	-12.85561214	-12.60928124	3.49724707	6.84958921
0.62500000	-17.74878347	24.69361832	23.92009691	-12.79514134	-12.59434860	3.52646987	6.82382605
0.63333333	-17.81274493	24.69877891	23.97797512	-12.75217033	-12.57584112	3.59433465	6.85436014
0.64166667	-17.86027538	24.66196450	24.02576334	-12.66528037	-12.54719117	3.58656885	6.81006140
0.65000000	-17.83086971	24.84235040	23.97561675	-12.88421567	-12.53463282	3.51710524	6.80813138
0.65833333	-17.65100853	24.66551470	23.72364377	-12.86875185	-12.45943875	3.54243665	6.73134362
0.66666667	-17.68561839	24.69134753	23.76332832	-12.86395864	-12.44896688	3.55606077	6.76045495
0.67500000	-17.71799293	24.71703660	23.78622043	-12.86063454	-12.41873986	3.55688331	6.75488875
0.68333333	-17.74954013	24.75338361	23.80753234	-12.87625697	-12.39520211	3.57546929	6.76745954
0.69166667	-17.78079250	24.80135745	23.84700761	-12.90240212	-12.39191488	3.60145864	6.77522243
0.70000000	-17.73519874	24.73394962	23.76331523	-12.87162450	-12.33177528	3.56073328	6.69579809
0.70833333	-17.76879236	24.79207534	23.78865176	-12.91097902	-12.31349608	3.58834903	6.72093359
0.71666667	-17.78130115	24.80139301	23.79295803	-12.90057058	-12.27931361	3.56007519	6.68297895
0.72500000	-17.82940128	24.85532547	23.82943159	-12.91832930	-12.25613800	3.60832670	6.70524691
0.73333333	-17.66380341	24.66189638	23.60178242	-12.90285112	-12.15174604	3.58277206	6.60379736
0.74166667	-17.71719279	24.73688136	23.65446977	-12.93082858	-12.13484412	3.63124452	6.64174240
0.75000000	-17.76474999	24.78302336	23.66392830	-12.92606500	-12.07129288	3.60783714	6.62145148
0.75833333	-17.87860495	24.79369394	23.80909701	-12.84765759	-12.07293398	3.61043244	6.59620442
0.76666667	-17.91771963	24.87232568	23.82067381	-12.88660511	-12.01844973	3.62409374	6.57750477
0.77500000	-17.92634323	24.98182324	23.81456359	-12.99612715	-11.97118210	3.63670683	6.58209371
0.78333333	-17.88037882	24.81008380	23.73228180	-12.89081623	-11.91529783	3.65243584	6.46621628
0.79166667	-17.89141012	24.93984999	23.70142049	-13.00912902	-11.84176773	3.65898757	6.45051076
0.80000000	-17.95164293	24.92758622	23.74255914	-12.95573388	-11.80270355	3.72263601	6.45592328
0.80833333	-17.94154928	25.01241051	23.69685300	-13.02167522	-11.76014040	3.66807922	6.39692131
0.81666667	-17.91456469	25.04033288	23.65028422	-13.08617681	-11.72256693	3.66290200	6.36159096
0.82500000	-17.95844943	25.12813283	23.73629678	-13.13602817	-11.78676499	3.72856693	6.38864225
0.83333333	-18.01768539	25.05506754	23.72590696	-13.02672485	-11.66497740	3.77455055	6.39533621
0.84166667	-18.01213150	25.11034386	23.71323488	-13.08612832	-11.63229096	3.72965284	6.35264270
0.85000000	-18.03153271	25.19873171	23.75310919	-13.15850955	-11.66474325	3.75371917	6.36839424
0.85833333	-18.01427702	25.16950309	23.69035245	-13.13601554	-11.59705134	3.72750524	6.32840067
0.86666667	-17.82541950	24.92073759	23.47084458	-13.04929718	-11.61593594	3.67979737	6.35638389
0.87500000	-17.88455670	25.00956605	23.54899388	-13.09368363	-11.64688161	3.74267709	6.40240427
0.88333333	-17.90846033	25.01909714	23.56569273	-13.08603937	-11.61413411	3.74799570	6.40609754
0.89166667	-17.91730318	25.03236035	23.56490978	-13.10083336	-11.60063324	3.72482552	6.38821929
0.90000000	-17.88445683	24.99344412	23.53611454	-13.08596287	-11.59943450	3.67130650	6.32827784
0.90833333	-17.90991917	25.02358144	23.56462486	-13.10555131	-11.60114382	3.71411153	6.35008900
0.91666667	-17.91024173	25.01397132	23.55248413	-13.08913112	-11.59233706	3.68308233	6.31804761
0.92500000	-17.96822269	25.00260690	23.60721079	-13.02580318	-11.58276699	3.74286857	6.33486470
0.93333333	-18.00434482	24.93268275	23.66110962	-12.92799860	-11.58716898	3.76312244	6.32297819
0.94166667	-18.02295327	24.94304167	23.73528074	-12.93316830	-11.64133689	3.70982211	6.32280706
0.95000000	-18.05384497	25.00211024	23.80004596	-12.97596476	-11.68687159	3.77302116	6.35398826
0.95833333	-18.07039740	25.01244109	23.80813252	-12.97263342	-11.66783896	3.79427918	6.36395982
0.96666667	-18.08297970	25.03335526	23.83695342	-12.98320091	-11.68603127	3.80873493	6.36119007
0.97500000	-18.05137245	25.00355500	23.80859209	-12.97796956	-11.70228786	3.76959646	6.30351973
0.98333333	-17.93653785	24.85412042	23.69087432	-12.95068254	-11.70335456	3.77803736	6.28193966
0.99166667	-17.97161517	24.92834832	23.75153642	-13.00062919	-11.73843213	3.82729293	6.33542000
1.00000000	-17.97211101	24.91670430	23.76169834	-12.98888671	-11.74991818	3.81283704	6.33793282
1.00833333	-17.81607388	24.71250096	23.58995209	-12.92324956	-11.75137839	3.75074355	6.33230629
1.01666667	-17.85902896	24.79767628	23.68783901	-12.97229659	-11.84304713	3.81325925	6.36461343
1.02500000	-17.87534927	24.78761222	23.67786072	-12.94633638	-11.78792574	3.80482890	6.38792222
1.03333333	-17.90341849	24.86730031	23.77518079	-13.00933899	-11.90486395	3.85027183	6.40726029
1.04166667	-17.91732113	24.86342686	23.76481876	-13.00919624	-11.85948187	3.84396348	6.42589118
1.05000000	-17.92499056	24.87405949	23.80395831	-12.99878146	-11.91353070	3.83176045	6.40524893
1.05833333	-17.92290648	24.86814707	23.81206789	-13.00870243	-11.92532547	3.83568262	6.40405320
1.06666667	-17.90414890	24.86501994	23.80993702	-13.02220730	-11.96732639	3.81029470	6.37940758
1.07500000	-17.86378388	24.80706344	23.77949021	-13.01257115	-11.99036893	3.79584605	6.34965179
1.08333333	-17.89540725	24.84605420	23.82217917	-13.01317295	-11.99702685	3.83886549	6.38971191
1.09166667	-17.92265750	24.88385538	23.85982993	-13.03349649	-12.01645991	3.86493711	6.41818712
1.10000000	-17.83402839	24.75712375	23.75999172	-12.97460575	-12.02101964	3.79670631	6.41166206
1.10833333	-17.87313077	24.80172316	23.80219866	-12.98200564	-12.02596658	3.81626128	6.43047685
1.11666667	-17.89862432	24.83606664	23.83930882	-12.99510157	-12.02862016	3.82100460	6.43349545
1.12500000	-17.90324176	24.86439929	23.83476631	-13.02303992	-12.01623864	3.79603663	6.39493343
1.13333333	-17.93602642	24.89760180	23.86543674	-13.01152563	-12.00466667	3.81809634	6.40285036
1.14166667	-17.97073793	24.96919883	23.92537394	-13.06251601	-12.03910010	3.86044929	6.42838595
1.15000000	-17.99910607	24.97999024	23.90709777	-13.03295687	-11.96500126	3.85062693	6.42124751
1.15833333	-18.03144007	25.05151018	23.97110677	-13.06983704	-12.01039631	3.88108330	6.43120484
1.16666667	-18.05819030	25.07166983	23.96232770	-13.06563739	-11.94340184	3.87584590	6.44065327
1.17500000	-18.06151718	25.07148355	23.93787160	-13.04357782	-11.90604133	3.81130168	6.38367720
1.18333333	-18.06851976	25.10074415	23.94941418	-13.06355126	-11.90100793	3.81361216	6.36499414
1.19166667	-18.09371466	25.14001962	23.96621003	-13.07530300	-11.86881548	3.83244645	6.37477251
1.20000000	-18.10025965	25.15038290	23.95981859	-13.07163792	-11.85502921	3.80150130	6.33420790
1.20833333	-18.14098197	25.21273644	24.00155236	-13.10391246	-11.83832826	3.84695900	6.37012478
1.21666667	-18.17263984	25.26244444	24.03395681	-13.12023389	-11.83086703	3.86971685	6.37595118
1.22500000	-18.12267479	25.17549970	23.95646835	-13.05848873	-11.80740535	3.78727431	6.33456610
1.23333333	-18.15928605	25.22920185	23.98820046	-13.07962109	-11.79130195	3.82271583	6.35298516
1.24166667	-18.17375560	25.24404497	23.99473267	-13.06613916	-11.76403153	3.78378378	6.29949416
1.25000000	-18.21237013	25.31312791	24.04769917	-13.08771011	-11.77968318	3.83101131	6.32881142
1.25833333	-18.24657897	25.36060807	24.08722695	-13.09884730	-11.78278724	3.85601105	6.33940603
1.26666667	-18.21374733	25.31768032	24.04572071	-13.08312899	-11.74472848	3.75742341	6.25579444
1.27500000	-18.23318444	25.33521614	24.07440930	-13.07267188	-11.74705256	3.78198176	6.25861658
1.28333333	-18.26557541	25.39441516	24.13535912	-13.09518045	-11.77300948	3.81886021	6.27992290
1.29166667	-18.28400476	25.41117884	24.13905430	-13.08553232	-11.74081174	3.82074505	6.27880344
1.30000000	-18.15490134	25.23722426	24.00454017	-13.02751729	-11.75540295	3.71564656	6.24774715
1.30833333	-18.19555608	25.28475473	24.05787309	-13.02940818	-11.75609286	3.77472666	6.27872104
1.31666667	-18.20405314	25.28341106	24.07337346	-13.00838009	-11.75204895	3.73526786	6.22496289
1.32500000	-18.24153308	25.33746341	24.13924368	-13.01826271	-11.77794600	3.78714531	6.25265845
1.33333333	-18.24200206	25.31453659	24.14277616	-12.97856200	-11.76413141	3.73623270	6.21299404
1.34166667	-18.26021870	25.33300174	24.18414460	-12.97669509	-11.77646562	3.75610473	6.23282664
1.35000000	-18.28714012	25.39712974	24.26670844	-13.00854479	-11.85124349	3.79629981	6.25430633
1.35833333	-18.30499339	25.40198013	24.28704292	-12.99227191	-11.83645965	3.79818882	6.26486542
1.36666667	-18.28356082	25.35376513	24.28307223	-12.93987085	-11.85413854	3.68837292	6.18247451
1.37500000	-18.32382239	25.44314285	24.38776035	-12.99426461	-11.92922061	3.75940895	6.22496822
1.38333333	-18.25306752	25.34849066	24.25130728	-12.97006614	-11.80674566	3.66701321	6.17653431
1.39166667	-18.28567705	25.39650102	24.33677376	-12.97328767	-11.87784264	3.72281663	6.19121508
1.40000000	-18.30478074	25.39011941	24.34457570	-12.93834394	-11.82716921	3.72948161	6.17889135
1.40833333	-18.32959861	25.45197592	24.42221205	-12.97148828	-11.90389043	3.77062070	6.18993228
1.41666667	-18.34470470	25.44907593	24.41731033	-12.96614179	-11.87121197	3.77601962	6.20076274
1.42500000	-18.35657911	25.46608312	24.45167028	-12.95992249	-11.87441479	3.78856075	6.20457886
1.43333333	-18.36331583	25.47135287	24.46721784	-12.96389989	-11.87955245	3.79830632	6.20661167
1.44166667	-18.30654040	25.40237708	24.41561690	-12.94025227	-11.88189468	3.71434482	6.13251060
1.45000000	-18.32137630	25.41858667	24.42462630	-12.94966111	-11.87512290	3.75318628	6.15817000
1.45833333	-18.33193402	25.44373451	24.45128113	-12.94654697	-11.87829001	3.75859351	6.15651418
1.46666667	-18.24066772	25.35263740	24.33927876	-12.94700668	-11.85666050	3.70575437	6.09845933
1.47500000	-18.27132771	25.39379065	24.38511817	-12.96496266	-11.86615880	3.74436862	6.13114205
1.48333333	-18.29105347	25.42646590	24.40875505	-12.98264177	-11.86038826	3.75263319	6.14450609
1.49166667	-18.26915009	25.41286718	24.38492916	-12.99056848	-11.85337888	3.69622763	6.08811450
1.50000000	-18.05719460	25.11986902	24.13037809	-12.88634354	-11.82120783	3.66879576	6.10240125
1.50833333	-18.09500383	25.17337159	24.17193262	-12.90945080	-11.80269924	3.70731052	6.12079017
1.51666667	-18.13364227	25.22524612	24.20929186	-12.92918094	-11.79946096	3.73731828	6.12993737
1.52500000	-18.15201798	25.24359377	24.22830725	-12.91649172	-11.78924697	3.71376941	6.09705109
1.53333333	-18.18954383	25.35580331	24.29400176	-12.99468584	-11.82921090	3.75326473	6.12786020
1.54166667	-18.20565408	25.43154996	24.28284055	-13.06504982	-11.78043078	3.74250652	6.13619814
1.55000000	-18.17892240	25.42778686	24.23246611	-13.07322073	-11.75992873	3.68861977	6.05727105
1.55833333	-18.19872643	25.45536282	24.25675666	-13.09491135	-11.76111975	3.73490881	6.08353059
1.56666667	-18.12502489	25.35909346	24.16820765	-13.05641998	-11.74539745	3.68228354	6.03444108
1.57500000	-18.15317468	25.40419941	24.19888649	-13.07749342	-11.73618046	3.72011173	6.07013313
1.58333333	-18.05606006	25.24548662	24.09467292	-12.96864262	-11.77029985	3.64521344	6.08740204
1.59166667	-18.09570686	25.30464193	24.14665882	-12.99996505	-11.78501320	3.69375332	6.12332036
1.60000000	-18.09787857	25.30878898	24.13684527	-12.99305809	-11.76798291	3.65841158	6.10002949
1.60833333	-18.13432667	25.39201469	24.23195202	-13.04747357	-11.84999023	3.72015984	6.13299393
1.61666667	-18.14348658	25.36703594	24.19177401	-13.01529125	-11.76648119	3.72305019	6.15284264
1.62500000	-18.13374113	25.35735365	24.18645284	-13.00456552	-11.78813124	3.67616726	6.11633313
1.63333333	-18.15621642	25.40969083	24.22886200	-13.04401945	-11.82304966	3.72494517	6.15237723
1.64166667	-18.11769216	25.35389856	24.17578567	-13.03083552	-11.81506739	3.65654434	6.12029867
1.65000000	-18.15207055	25.41583847	24.24714367	-13.05645879	-11.86632680	3.71733485	6.15416638
1.65833333	-18.14184509	25.37412193	24.20759639	-13.01805976	-11.82340089	3.67295459	6.13407206
1.66666667	-18.15978864	25.41761072	24.25586612	-13.06842327	-11.87089622	3.71624000	6.17111455
1.67500000	-18.02613223	25.22967264	24.07762892	-12.97600383	-11.85723915	3.63375235	6.18421468
1.68333333	-18.05298644	25.26133669	24.12117397	-12.98260315	-11.86226857	3.67383742	6.18279705
1.69166667	-18.04489777	25.27371872	24.10789891	-13.00872120	-11.85469328	3.67151341	6.16432996
1.70000000	-18.08412761	25.32051886	24.14675032	-13.02265877	-11.84780361	3.72110865	6.19676838
1.70833333	-18.10797358	25.33516853	24.16795023	-13.01125675	-11.83837012	3.72895838	6.19178235
1.71666667	-18.13501673	25.38836710	24.21043973	-13.04216247	-11.85882569	3.74869782	6.19977510
1.72500000	-18.14219808	25.38842278	24.20632895	-13.01972813	-11.84053055	3.70720941	6.15169884
1.73333333	-18.16540807	25.45638941	24.26684019	-13.08950511	-11.89869959	3.74697725	6.17546962
1.74166667	-18.18242179	25.44379517	24.24084080	-13.04870444	-11.82625646	3.72897469	6.16407659
1.75000000	-18.20943558	25.46612077	24.26510367	-13.05052518	-11.82471166	3.73111705	6.15698913
1.75833333	-18.23820785	25.40117433	24.30851255	-12.95942914	-11.83143709	3.73611087	6.12610605
1.76666667	-18.18202557	25.47814260	24.22396181	-13.11304085	-11.81367650	3.72879630	6.09763249
1.77500000	-18.21165356	25.54587003	24.27163415	-13.14743472	-11.84170067	3.76269363	6.14096009
1.78333333	-18.22277626	25.57915883	24.27382487	-13.16032914	-11.83344366	3.76232351	6.15711296
1.79166667	-18.22652363	25.57240769	24.26403846	-13.13319195	-11.82207656	3.74833041	6.14374701
1.80000000	-18.16713031	25.46004039	24.18902926	-13.06591393	-11.81002635	3.68382321	6.09566410
1.80833333	-18.22573507	25.41265080	24.24635511	-12.98508568	-11.79520898	3.75970467	6.13318198
1.81666667	-18.21997116	25.48037740	24.24767199	-13.02547401	-11.79924639	3.67734718	6.11461167
1.82500000	-18.22141039	25.52668603	24.23698873	-13.07560441	-11.77966916	3.69541793	6.12864651
1.83333333	-18.26245854	25.58904485	24.30855999	-13.10169546	-11.84410439	3.74899082	6.15845369
1.84166667	-18.27107104	25.56755300	24.27510461	-13.05965593	-11.77708334	3.73066025	6.15506351
1.85000000	-18.27270586	25.57348611	24.27989494	-13.05241296	-11.79295358	3.71546866	6.14629142
1.85833333	-18.12861786	25.38691883	24.12251144	-13.00258206	-11.81582564	3.66273020	6.15831803
1.86666667	-18.16996875	25.45359327	24.18169331	-13.02816870	-11.83679159	3.70571887	6.19629466
1.87500000	-18.20266737	25.49981345	24.21972475	-13.05045332	-11.84914213	3.72798245	6.21762277
1.88333333	-18.21169662	25.50110387	24.22387609	-13.03414561	-11.83560500	3.66833497	6.17078647
1.89166667	-18.24841539	25.58374926	24.27442523	-13.09538033	-11.84474260	3.71948221	6.21629687
1.90000000	-18.21567624	25.54874197	24.22837124	-13.08881805	-11.83669321	3.65919053	6.14692205
1.90833333	-18.25930405	25.60707500	24.29961656	-13.10943607	-11.88228123	3.72838436	6.18765053
1.91666667	-18.27804130	25.60156003	24.28977687	-13.08441826	-11.81851428	3.72111454	6.18925757
1.92500000	-18.24766041	25.56030584	24.26342085	-13.07168033	-11.83316888	3.66915608	6.14296446
1.93333333	-18.26872636	25.57757560	24.28389399	-13.06367021	-11.82701719	3.70028757	6.15870368
1.94166667	-18.29046661	25.60592749	24.31046260	-13.07247773	-11.82439090	3.71849183	6.17613213
1.95000000	-18.30543076	25.62391385	24.31747852	-13.08386226	-11.81433636	3.72317493	6.17902853
1.95833333	-18.32538252	25.66189676	24.34182930	-13.09791234	-11.82682574	3.73728345	6.18756331
1.96666667	-18.29197620	25.62887023	24.29496847	-13.09493723	-11.81410341	3.68205084	6.13679941
1.97500000	-18.35517372	25.58352479	24.35933007	-12.99207268	-11.81038597	3.76252263	6.16783276
1.98333333	-18.37219346	25.56743920	24.39634208	-12.95649439	-11.80744712	3.73409813	6.15823684
1.99166667	-18.39483174	25.59611655	24.43074419	-12.96921449	-11.82009067	3.74512415	6.18564926
2.00000000	-18.38527172	25.58593024	24.43767465	-12.96309207	-11.84415263	3.69843855	6.15781384
2.00833333	-18.42471491	25.62984260	24.47663864	-12.97477699	-11.84172126	3.75349217	6.20268844
2.01666667	-18.42483366	25.62354755	24.49109377	-12.94764164	-11.86635764	3.72801768	6.16457884
2.02500000	-18.36664563	25.56140956	24.41242330	-12.96681715	-11.84263832	3.72287508	6.13398687
2.03333333	-18.40266368	25.59910958	24.45625055	-12.96051059	-11.84239699	3.75267661	6.16319482
2.04166667	-18.44310150	25.64251202	24.49403970	-12.96520076	-11.84547321	3.76612334	6.18532021
2.05000000	-18.46243986	25.67062271	24.52570082	-12.97494458	-11.86154581	3.76756331	6.18882827
2.05833333	-18.49794379	25.73852201	24.60444949	-13.01416826	-11.92934229	3.81524237	6.21495247
2.06666667	-18.50413899	25.70919361	24.57991437	-12.97246348	-11.86568914	3.79233899	6.20846908
2.07500000	-18.51201440	25.71971002	24.59128569	-12.96676853	-11.87766382	3.76524167	6.17860876
2.08333333	-18.33666594	25.52474235	24.38133133	-12.96626857	-11.84654456	3.76795093	6.15290463
2.09166667	-18.37070820	25.59501275	24.46900691	-13.01668448	-11.92687649	3.81979650	6.18243527
2.10000000	-18.41016575	25.61868285	24.47156738	-12.99564121	-11.87248043	3.84395691	6.23088335
2.10833333	-18.41174028	25.60738537	24.47047460	-12.97141338	-11.86360914	3.79194386	6.19499279
2.11666667	-18.46157018	25.69642665	24.56227450	-13.02731474	-11.92521622	3.85352885	6.24132882
2.12500000	-18.45305378	25.65859734	24.49502114	-12.98648133	-11.84800774	3.78594925	6.18961338
2.13333333	-18.46191043	25.70625348	24.52266406	-13.06422033	-11.86917199	3.82260443	6.21602206
2.14166667	-18.46013260	25.66981980	24.50784351	-13.04256368	-11.82249470	3.79199036	6.13299806
2.15000000	-18.40559808	25.65681852	24.44700953	-13.07607847	-11.82619627	3.79253905	6.13916216
2.15833333	-18.40732747	25.68088747	24.45545151	-13.11529812	-11.82385629	3.83471260	6.15614383
2.16666667	-18.37317602	25.63934438	24.40530675	-13.10901539	-11.80501187	3.81883494	6.12325507
2.17500000	-18.39942166	25.70587305	24.45535520	-13.18873103	-11.83631865	3.88448203	6.16856490
2.18333333	-18.42914710	25.75232602	24.48019933	-13.20056118	-11.84213498	3.93978311	6.18567345
2.19166667	-18.16220637	25.40896288	24.13069683	-13.12303097	-11.76930055	3.86195185	6.10179765
2.20000000	-18.22249100	25.50207313	24.20539862	-13.18661859	-11.79351299	3.92330539	6.15167338
2.20833333	-18.27318145	25.57379924	24.24309607	-13.23146794	-11.77957164	3.95611503	6.15079652
2.21666667	-18.30271560	25.67194548	24.27340881	-13.35862480	-11.80347861	4.02802947	6.19631978
2.22500000	-18.20203277	25.56432205	24.11284714	-13.38015583	-11.75054305	3.99613533	6.12516907
2.23333333	-18.23232088	25.66866863	24.13759279	-13.51063243	-11.76298466	4.08270629	6.17428523
2.24166667	-18.19390069	25.66042710	24.02518483	-13.58653598	-11.66688109	4.12152373	6.14771470
2.25000000	-17.76260914	25.12806501	23.50032963	-13.47086073	-11.69585514	4.06312830	6.24902501
2.25833333	-17.78885814	25.23815350	23.49269012	-13.63071609	-11.63536220	4.13684242	6.28167506
2.26666667	-17.80088898	25.33906869	23.50181549	-13.78144661	-11.63446094	4.21689849	6.29941996
2.27500000	-17.77751174	25.39421102	23.37119751	-13.95438096	-11.47303897	4.28793553	6.28373797
2.28333333	-17.59097458	25.27872901	23.05900636	-14.08984493	-11.36884968	4.37545230	6.16743657
2.29166667	-17.59954574	25.39503504	23.05105599	-14.28411284	-11.38267578	4.45271477	6.22390763
2.30000000	-17.35942168	25.18676095	22.61473234	-14.37848213	-11.18847145	4.50271914	6.16282781
2.30833333	-17.35644533	25.29348194	22.56661471	-14.60973185	-11.16677419	4.56719448	6.22834997
2.31666667	-17.30910385	25.37159865	22.47631608	-14.86565284	-11.13747211	4.68100400	6.26854397
2.32500000	-17.27080062	25.47363270	22.45206856	-15.11827064	-11.20140665	4.78968266	6.31576493
2.33333333	-17.13050169	25.44075017	22.22698601	-15.36478364	-11.11172592	4.99747532	6.33307533
2.34166667	-16.83949167	25.14553608	21.87601694	-15.36140864	-11.13226776	4.75559404	6.29619320
2.35000000	-16.80799168	25.25968849	21.85442230	-15.66072687	-11.22029256	4.87320013	6.39748172
2.35833333	-16.74481668	25.35937005	21.81103768	-15.99178512	-11.31264979	5.03394151	6.52017075
2.36666667	-16.47955092	25.08579541	21.52350010	-15.98291125	-11.33126595	4.78946411	6.48340007
2.37500000	-16.41311775	25.17782271	21.50109812	-16.32183573	-11.48878268	4.97362255	6.63929472
2.38333333	-16.34286066	25.27333540	21.56669276	-16.64771750	-11.77240097	5.11024685	6.73635319
2.39166667	-16.29721255	25.31763206	21.48627660	-16.90312839	-11.88539387	5.29429596	6.94733370
2.40000000	-16.22569151	25.25535096	21.46418723	-16.91398132	-12.07790017	5.01571322	7.03504747
2.40833333	-16.16220435	25.28936730	21.56758147	-17.17014678	-12.47048683	5.14953974	7.14731899
2.41666667	-16.12973274	25.29583915	21.69430921	-17.29440935	-12.81907529	5.17713480	7.33968328
2.42500000	-16.06143531	25.29728159	21.81676485	-17.50307157	-13.30050507	5.33423045	7.51014320
2.43333333	-15.95560001	25.21609818	21.99211135	-17.65442086	-13.94962871	5.57482798	7.95619420
2.44166667	-16.07621454	25.33560959	22.43548766	-17.70054959	-14.52100691	5.41875285	7.98736155
2.45000000	-15.93862763	25.22390313	22.69014520	-17.85708058	-15.31572813	5.62975564	8.30541002
2.45833333	-15.80735934	25.08765165	22.96586054	-17.97532955	-16.21262290	5.80603694	8.67235959
2.46666667	-15.62403239	24.91041814	23.50683433	-18.03685147	-17.24578837	5.77224875	8.78575169
2.47500000	-15.34086036	24.64191986	23.90050283	-18.16763118	-18.42453036	6.03169603	9.12339399
2.48333333	-15.01397763	24.32237267	24.11663729	-18.27887456	-19.23090399	6.08435795	8.84817755
2.49166667	-14.78721881	24.12127089	24.44073771	-18.46162205	-20.36471172	6.20466980	8.94568899
2.50000000	-14.68164545	23.96168676	24.95493986	-18.49271899	-21.63214825	6.48595139	9.34477971
2.50833333	-14.54977417	23.83647748	25.59816111	-18.57974860	-23.00804017	6.59807459	9.36517037
2.51666667	-14.46030564	23.76598690	26.21445096	-18.70592177	-24.31060543	6.65541841	9.24681695
2.52500000	-14.17249624	23.55787198	26.63524985	-18.95328820	-25.64345680	6.71896543	9.07572307
2.53333333	-14.31388185	23.82557894	27.64378431	-19.15531674	-27.01231388	6.74131371	8.31934545
2.54166667	-14.03673735	23.59089693	28.14312815	-19.33335984	-28.49876850	6.88102316	8.09957966
2.55000000	-13.72086345	23.33462500	28.73965848	-19.50923849	-30.10181975	7.01206574	7.78602547
2.55833333	-13.89489222	23.64380035	30.02176384	-19.67569717	-31.70093774	6.98113851	6.44605640
2.56666667	-13.64081852	23.43895684	30.79135523	-19.78850782	-33.33738075	7.05558810	5.61466318
2.57500000	-13.29297506	23.12331052	31.39174133	-19.93133644	-34.97989971	7.11573620	5.09321614
2.58333333	-13.24636213	23.15040830	32.33084942	-20.07363276	-36.48381391	7.10061876	3.23333379
2.59166667	-12.90333162	22.79496205	32.96904741	-20.17038608	-38.15147230	7.14292810	2.73625428
2.60000000	-12.71933992	22.61403347	33.89908418	-20.25217356	-39.83094960	7.29036321	1.09718122
2.60833333	-12.33088180	22.25706797	34.59028964	-20.36837734	-41.49027405	7.31673685	0.54267271
2.61666667	-12.01848828	21.94751079	35.27263768	-20.46279660	-42.83860197	7.36886881	-1.58193536
2.62500000	-11.69587963	21.57868573	35.90097543	-20.51805637	-44.34478658	7.42228339	-2.03946062
2.63333333	-11.45611913	21.32537712	36.58523079	-20.60378944	-45.67564362	7.59941833	-3.64027329
2.64166667	-11.15299731	20.97950362	37.18798687	-20.66987175	-47.00878158	7.75466142	-4.26035767
2.65000000	-10.87830548	20.65559535	37.76453040	-20.70784050	-48.19604947	7.78868869	-4.58004367
2.65833333	-10.60987559	20.34516223	38.32161894	-20.78123632	-49.27272314	7.86342692	-4.88428710
2.66666667	-10.37162565	20.07666571	38.81595932	-20.86100246	-50.13193246	7.97334127	-5.15993626
2.67500000	-10.15113082	19.82677856	39.26300474	-20.94852556	-50.80052044	8.10427020	-5.34487692
2.68333333	-9.94870479	19.58552200	39.61985729	-21.03103637	-51.20665658	8.34907408	-5.60137302
2.69166667	-9.81008137	19.41068673	40.03738410	-21.09409101	-51.49657342	8.33301549	-5.55765993
2.70000000	-9.69717891	19.26529020	40.37904097	-21.15331063	-51.53859794	8.34672676	-5.50448193
2.70833333	-9.60462114	19.14297151	40.70314380	-21.22170770	-51.46204050	8.37825652	-5.40931522
2.71666667	-9.35793191	18.91657701	40.67265481	-21.42643641	-51.17660430	8.66145385	-4.36848761
2.72500000	-9.29217571	18.80553347	40.94948889	-21.49462411	-50.85554311	8.67844530	-4.32129533
2.73333333	-9.36773900	18.89194643	41.17784798	-21.65107844	-50.25963366	8.82806634	-3.72425200
2.74166667	-9.35856110	18.83964878	41.34667787	-21.72621934	-49.56493718	8.90878365	-3.65648961
2.75000000	-9.33646702	18.78686933	41.39749516	-21.85447684	-48.68145978	9.11308012	-3.51483954
2.75833333	-9.34516838	18.75852461	41.49071204	-21.94772000	-47.73392767	9.18253993	-3.46753675
2.76666667	-8.94261253	18.23382835	41.00933143	-21.96759540	-46.61775367	9.33599166	-3.04136173
2.77500000	-8.94663840	18.21094121	40.98907486	-22.10714115	-45.39290746	9.49090522	-3.27563410
2.78333333	-8.95094637	18.25275312	40.95164146	-22.32055659	-44.12031373	9.57970103	-3.41481157
2.79166667	-8.49640882	17.69288053	40.28215661	-22.42295341	-42.66577896	9.80442363	-3.82058490
2.80000000	-8.49707070	17.70811493	40.14427785	-22.65089347	-41.19500769	9.97816834	-4.57973950
2.80833333	-8.43482597	17.69018587	39.88950889	-22.93150010	-39.67735800	10.17044548	-5.50453555
2.81666667	-8.35391715	17.61828701	39.56741199	-23.21514221	-38.12106280	10.37086133	-6.47464260
2.82500000	-8.28559552	17.59638497	39.22983754	-23.53128198	-36.53116621	10.60257069	-7.64194170
2.83333333	-8.23885330	17.59628912	38.90777326	-23.86165418	-34.95112894	10.84392767	-8.85284764
2.84166667	-7.78752419	17.08295459	38.05660737	-24.07983859	-33.33930335	11.07544998	-9.84787462
2.85000000	-7.76335197	17.17507841	37.75036110	-24.52065964	-31.76715900	11.35438665	-11.30456022
2.85833333	-7.67239057	17.17865594	37.34400156	-24.95274157	-30.23660041	11.65051230	-12.71595250
2.86666667	-7.66066664	17.27058834	36.97967522	-25.40743444	-28.75395589	11.97132894	-14.08083532
2.87500000	-7.47848628	17.15633736	36.41473889	-25.83488725	-27.42770045	12.26575632	-14.99765864
2.88333333	-7.49497926	17.30747463	36.11664564	-26.33658736	-26.12205768	12.57019013	-16.18693729
2.89166667	-7.46512071	17.42982447	35.75607866	-26.86843506	-24.90587992	12.90400971	-17.28348260
2.90000000	-7.53635369	17.66257604	35.48630649	-27.44089657	-23.79420677	13.26228524	-18.16729465
2.90833333	-7.56560950	17.85219465	35.27841940	-27.97913254	-22.85177734	13.63788261	-19.02767423
2.91666667	-7.54713531	18.00439986	34.98989489	-28.56383943	-21.99053493	13.84168419	-19.29987744
2.92500000	-7.55050500	18.16324457	34.66411224	-29.14420347	-21.10077152	14.35458452	-20.33563923
2.93333333	-7.56208415	18.34603287	34.35560979	-29.75317226	-20.33180965	14.58502603	-20.53653972
2.94166667	-7.66932894	18.67048122	34.17132426	-30.44105064	-19.66203958	15.13348982	-21.36209862
2.95000000	-7.69099646	18.93076995	33.96160297	-31.14152056	-19.11760658	15.52979246	-21.70755883
2.95833333	-7.66786591	19.14032721	33.65387654	-31.83553363	-18.53466438	15.81663980	-21.87407280
2.96666667	-7.63841361	19.31215430	33.31829323	-32.54438677	-18.07077482	16.05838907	-21.98851631
2.97500000	-7.73185105	19.76215290	33.04785338	-33.47667756	-17.50244622	16.91055135	-22.85312676
2.98333333	-7.67878298	19.93194633	32.73940906	-34.20211392	-17.16434388	17.09041532	-22.87302580
2.99166667	-7.69427777	20.24023476	32.46803977	-35.03178484	-16.80509748	17.55152439	-23.07586697
3.00000000	-7.80322048	20.68635606	32.25455803	-35.98317463	-16.50127922	18.36774387	-23.64146178
3.00833333	-7.80419621	20.89381413	31.93441481	-36.72036542	-16.19591045	18.64591250	-23.75028985
3.01666667	-8.04549457	21.55521701	31.93123626	-37.78653274	-15.94995274	19.78966511	-24.38685525
3.02500000	-8.08371171	21.84522421	31.64060460	-38.61775837	-15.74564610	20.36069115	-24.60150180
3.03333333	-8.11276499	22.09671504	31.36987300	-39.40802396	-15.58915804	20.90913094	-24.84769549
3.04166667	-8.09942975	22.29949287	31.10321021	-40.16828502	-15.43863898	21.32465043	-24.95259343
3.05000000	-8.22077673	22.69484269	30.93202866	-41.06130603	-15.34399439	22.11449264	-25.23515559
3.05833333	-8.18992604	22.87146427	30.62079267	-41.84732745	-15.25147849	22.41282652	-25.27199697
3.06666667	-8.24121178	23.18361428	30.50511808	-42.70283677	-15.30036591	23.29687795	-25.51774323
3.07500000	-8.58132962	23.82783824	30.52472021	-43.67317279	-15.24746405	24.04947069	-25.65848476
3.08333333	-8.57127767	24.03710819	30.30123986	-44.48501813	-15.26470534	24.49905749	-25.69965869
3.09166667	-8.80884126	24.52991258	30.30852216	-45.38735809	-15.28775686	25.36728445	-25.80296411
3.10000000	-8.90247636	24.82507480	30.15093962	-46.21821474	-15.38087337	26.01485631	-25.85962129
3.10833333	-9.13475457	25.32029253	30.14653092	-47.13496201	-15.44696813	26.69042424	-25.93610323
3.11666667	-9.17775144	25.48227681	29.78898842	-47.88483029	-15.41681711	27.05087393	-25.94021606
3.12500000	-9.18355774	25.70866370	29.60881178	-48.73961276	-15.62129148	27.74982920	-25.97298738
3.13333333	-9.67718885	26.46911393	29.84149956	-49.69766587	-15.84167242	28.52598682	-25.54416104
3.14166667	-9.67660089	26.66153161	29.54005141	-50.53643130	-15.92436554	29.02723884	-25.10660863
3.15000000	-10.00657039	27.20207093	29.63235815	-51.43490555	-16.15103319	29.71343547	-23.81149044
3.15833333	-10.15042685	27.50663951	29.45293488	-52.27572179	-16.28869701	30.25354155	-22.29309067
3.16666667	-10.45089819	27.99255083	29.54127326	-53.12676396	-16.58030384	30.87949962	-20.39235838
3.17500000	-10.55458047	28.18832285	29.21879750	-53.91541564	-16.55276126	31.43388706	-18.47226449
3.18333333	-10.84809197	28.60730144	29.25977116	-54.73581967	-16.82912637	32.10514762	-16.24015300
3.19166667	-10.83645527	28.67937278	29.02708948	-55.46299219	-16.98738623	32.64511737	-14.27598739
3.20000000	-10.98996120	28.88825688	28.83040134	-56.21537620	-17.04756368	33.13047876	-12.31722883
3.20833333	-11.18369465	29.18821273	28.97258454	-57.01140710	-17.43610545	33.86402894	-10.43526422
3.21666667	-11.29361796	29.30713885	28.79384500	-57.67287402	-17.55205590	34.29761186	-8.74817678
3.22500000	-11.33236466	29.45077171	28.71905418	-58.46333471	-17.82781701	34.67384702	-7.14150054
3.23333333	-11.77271794	30.07574885	29.13133142	-59.36809534	-18.20993119	35.17450454	-5.43512008
3.24166667	-11.70264865	30.10422913	29.05172396	-60.17399546	-18.63964741	35.38416599	-3.99253442
3.25000000	-11.72376885	30.25519558	28.98072842	-61.05923880	-18.99729109	35.45885450	-2.41597083
3.25833333	-11.72082397	30.48473071	28.98250263	-62.09493034	-19.42040070	35.37862753	-0.95252345
3.26666667	-11.71844529	30.74925321	28.98862430	-63.22177393	-19.91896885	35.07094076	0.32116804
3.27500000	-11.65241766	31.09068333	28.96231223	-64.54546194	-20.38338630	34.53072187	1.59009825
3.28333333	-12.10107306	32.24422320	29.46967038	-66.23387973	-20.82989867	33.49903358	2.37906294
3.29166667	-11.84881704	32.63722373	29.23408312	-67.91324461	-21.31132470	32.50985652	3.39325898
3.30000000	-11.83474167	33.47191391	29.29649429	-69.81123400	-21.82320011	30.93800465	4.14925559
3.30833333	-11.53267480	34.03686943	29.13465714	-71.74000968	-22.51750640	29.62725923	4.80039483
3.31666667	-11.28459972	34.86732219	28.97839001	-73.89607206	-23.09464346	27.62335490	5.66993040
3.32500000	-11.34812162	36.14381313	29.29435238	-76.06847633	-23.90400118	25.25422407	6.16089950
3.33333333	-10.92164240	36.88569721	29.07509999	-78.19768547	-24.67070000	23.26057654	6.72387982
3.34166667	-10.44939762	37.60161384	28.74170385	-80.25812652	-25.30410457	21.11163415	7.19914272
3.35000000	-9.95231887	38.28777757	28.14719073	-82.14445318	-25.70363759	18.53768350	7.58303213
3.35833333	-9.47622284	38.96827846	27.65440607	-83.92782487	-26.14369092	16.45137149	8.03241795
3.36666667	-8.76246827	39.36891764	26.83226010	-85.52727104	-26.40044822	14.24201842	8.40102121
3.37500000	-8.35798401	40.07294827	26.34347031	-87.00497917	-26.66293625	13.01607170	8.66248306
3.38333333	-8.01592133	40.78987258	25.71401198	-88.28561283	-26.64715620	11.84612086	9.07789663
3.39166667	-7.36694432	41.02372258	24.75963284	-89.20782748	-26.62773783	10.67110193	9.52287405
3.40000000	-7.17511845	41.77597015	24.24209839	-90.09067031	-26.44200406	10.72721370	9.72760405
3.40833333	-6.84825268	42.29592449	23.52130999	-90.72105112	-26.21392394	10.69261493	10.15353931
3.41666667	-6.64167438	42.90154404	22.99598311	-91.16267345	-25.97711175	11.31337881	10.33357593
3.42500000	-6.27431072	43.21710673	22.27902437	-91.31518892	-25.73523029	11.20449981	10.61772752
3.43333333	-6.14905096	43.81429107	21.82523966	-91.38617586	-25.50568467	11.85939672	10.75165112
3.44166667	-5.77326383	44.02394175	21.14973942	-91.10023959	-25.33147568	10.77517701	10.93167869
3.45000000	-5.73884798	44.61278194	20.66902828	-90.82196221	-25.02703259	10.75036039	11.11130819
3.45833333	-5.43649440	44.82246360	20.05565273	-90.26382360	-24.81763375	9.59831400	11.24684626
3.46666667	-5.27121416	45.19919433	19.59484769	-89.74791737	-24.60309405	9.80725063	11.34066217
3.47500000	-4.77552478	45.08640177	18.79811150	-88.85699438	-24.35601649	8.17955560	11.36902376
3.48333333	-4.81814088	45.55951996	18.41892172	-88.02403490	-24.03484705	8.35690235	11.48877545
3.49166667	-4.66419786	45.75024761	17.97379210	-86.90413560	-23.92499273	6.80823867	11.71404258
3.50000000	-4.65813553	46.04767230	17.67821954	-85.75524020	-23.76343567	6.77957983	11.84236669
3.50833333	-4.71236952	46.40994061	17.42123281	-84.57449231	-23.60549180	6.71813969	11.93743393
3.51666667	-4.44931152	46.22780325	16.67346798	-83.02827180	-23.23412505	5.56015127	12.13488758
3.52500000	-4.52963595	46.48233471	16.42702560	-81.55848403	-23.01963778	5.21454136	12.23958902
3.53333333	-4.60984983	46.63122649	16.14613962	-79.91751133	-22.81308790	4.59447547	12.38792829
3.54166667	-4.62849639	46.65304482	15.90401565	-78.16315927	-22.72860477	3.84964165	12.54443424
3.55000000	-4.69657308	46.66508438	15.68409754	-76.31048423	-22.64516128	3.08529533	12.73979117
3.55833333	-4.69760437	46.52979740	15.47542274	-74.29698679	-22.65545172	2.04814808	12.95127053
3.56666667	-4.17531834	45.61180642	14.62420911	-71.98586725	-22.58479532	0.18321892	13.20504374
3.57500000	-4.27375420	45.42367862	14.53133321	-69.73802390	-22.73074125	-1.46647925	13.56829621
3.58333333	-4.35265538	45.17172965	14.46906528	-67.47805635	-22.89109150	-2.72606177	13.86454410
3.59166667	-4.04849493	44.31040220	13.98741466	-64.91124183	-23.01055211	-5.25092201	14.20522278
3.60000000	-4.14651488	43.93498064	13.96395097	-62.49476226	-23.26458251	-6.89470705	14.61664874
3.60833333	-3.87210832	42.96016618	13.57401676	-59.80206162	-23.49117459	-9.43544503	14.97608439
3.61666667	-3.81887522	42.23096098	13.43360732	-57.12498673	-23.86711480	-11.89748024	15.41637616
3.62500000	-3.92003246	41.66432219	13.52635055	-54.52798595	-24.34881878	-13.62599103	15.92629023
3.63333333	-3.98986036	40.98699373	13.59695835	-51.87479894	-24.86376707	-15.39415623	16.48835273
3.64166667	-3.76188490	39.83930035	13.32321615	-49.06497712	-25.27984224	-17.51369739	16.89369773
3.65000000	-3.87075139	39.14029267	13.52756525	-46.39723448	-25.98030363	-19.22118114	17.56418919
3.65833333	-3.91887602	38.30136118	13.69114726	-43.69521283	-26.72543201	-20.81373736	18.28288300
3.66666667	-4.15483631	37.65618185	14.00145349	-41.21047198	-27.37599544	-21.40841722	18.86342266
3.67500000	-4.01448225	36.75127890	13.99001269	-38.63153712	-28.24066790	-22.96270290	19.61197773
3.68333333	-3.90446303	35.76498986	14.07288690	-36.12211015	-29.16441664	-24.30161280	20.37757213
3.69166667	-3.46709872	34.34233304	13.45036647	-33.75718611	-29.74440814	-24.11190783	21.19928887
3.70000000	-3.71748046	33.78501418	13.89296724	-31.66641324	-30.70976057	-24.53161720	21.97384206
3.70833333	-3.95555068	33.20515968	14.12353963	-29.55875231	-31.50220983	-25.47142238	22.76840678
3.71666667	-3.86304184	32.35675201	14.33642864	-27.86908901	-32.60348484	-25.07689637	23.53704551
3.72500000	-4.06481558	31.81518404	14.77973956	-26.10951458	-33.76028404	-25.78564864	24.39950950
3.73333333	-4.42556268	31.57054437	15.46578951	-24.76305970	-35.05866383	-25.60159598	25.33351079
3.74166667	-4.60670259	31.14611782	15.76230807	-23.45559373	-36.05529773	-26.12431739	26.20131804
3.75000000	-4.74470369	30.66132939	16.24398850	-22.31644036	-37.31677442	-26.50098527	27.07089764
3.75833333	-5.27795044	30.75784023	17.25805485	-21.62445352	-38.74108408	-26.19148192	27.78949387
3.76666667	-5.48338556	30.39527541	17.76743255	-20.76035703	-39.98799267	-26.65319151	28.63514444
3.77500000	-5.57363436	29.91351956	18.12567964	-19.99346449	-41.17476328	-26.81114240	28.98285699
3.78333333	-6.81022462	30.83878607	20.08666982	-19.66980053	-42.91242794	-27.17996033	30.10972071
3.79166667	-6.87907013	30.36357448	20.44662218	-19.11600756	-44.12511426	-27.62077751	30.78929471
3.80000000	-7.53563019	30.53798254	21.65045724	-18.76594750	-45.66988764	-27.94442038	31.48846308
3.80833333	-7.72188651	30.21059559	22.10826444	-18.44898029	-46.91557698	-28.16810351	32.26087983
3.81666667	-8.01731671	30.03241662	22.76136977	-18.24172166	-48.29594498	-27.97506186	33.04871314
3.82500000	-8.82791074	30.53896202	24.06673607	-18.36244355	-49.82371495	-27.10034810	33.75970073
3.83333333	-9.14038187	30.44264863	24.72846595	-18.43843251	-51.20142405	-25.66211606	34.46157696
3.84166667	-9.21330687	30.02021319	25.05645753	-18.48269844	-52.46828321	-23.74708784	35.09933003
3.85000000	-9.77734929	30.25735665	26.00871405	-18.81374241	-53.90975999	-21.04240374	35.68939749
3.85833333	-10.11809276	30.27588337	26.71645182	-19.13809290	-55.31031438	-18.25412030	36.12257397
3.86666667	-10.05771762	29.79295750	26.90464182	-19.27168235	-56.59327147	-15.82901780	36.45955512
3.87500000	-10.17804990	29.57454024	27.30287386	-19.44323912	-57.97548355	-13.38438547	36.71434035
3.88333333	-10.32778640	29.48461426	27.70250664	-19.73303533	-59.35181974	-11.22974770	36.86140476
3.89166667	-10.41436971	29.36613214	28.27763093	-19.98652983	-60.95595110	-9.30346001	36.75916500
3.90000000	-10.59199407	29.37432752	28.90135316	-20.26653221	-62.57721827	-7.48783952	36.46125392
3.90833333	-10.56552071	29.26712185	29.48350743	-20.65002810	-64.36863293	-6.04415355	35.99118692
3.91666667	-10.90790339	29.52724191	30.52696020	-20.96136842	-66.33412070	-4.22613367	35.11667372
3.92500000	-10.97076334	29.60507570	31.47904644	-21.43975979	-68.44187601	-2.83304556	33.95665555
3.93333333	-11.87220725	30.72946603	33.56413682	-22.07722577	-70.89334272	-1.82525329	32.33390494
3.94166667	-11.57455047	30.39521412	34.21647301	-22.54127785	-73.13328128	-0.55393031	30.76543125
3.95000000	-11.64582593	30.53222156	35.52841117	-23.02328105	-75.58244674	0.33334973	28.56347172
3.95833333	-11.30802544	30.22666874	36.30393240	-23.62273734	-77.90341417	1.45376079	26.66775517
3.96666667	-10.98243214	29.92738502	37.26581310	-24.14363580	-80.22967886	2.41654474	24.47530084
3.97500000	-11.21038657	30.31450120	38.91036243	-24.72593356	-82.55124265	2.84629285	21.73811275
3.98333333	-10.66139965	29.89386137	39.75629221	-25.39748392	-84.67929500	3.61544955	19.59658987
3.99166667	-10.33294034	29.60428800	40.63428491	-25.99056354	-86.40274980	4.09356691	17.03833776
4.00000000	-9.88183846	29.25069923	41.34371622	-26.63632853	-88.02477505	4.70062822	15.31116961
4.00833333	-9.42908645	28.91521901	41.99913600	-27.32683294	-89.41823270	5.17367198	14.10797335
4.01666667	-8.98278537	28.55422161	42.69260975	-27.93673648	-90.52012559	5.32801842	13.76925631
4.02500000	-8.24726298	27.69683353	43.00369650	-28.22715868	-91.28922839	5.67803003	12.59647461
4.03333333	-7.94656182	27.46290434	43.60493495	-28.78730028	-91.79932946	6.15761395	12.78345673
4.04166667	-7.72098061	27.04697162	44.20622143	-28.99133196	-91.95228627	6.49765507	13.11341382
4.05000000	-7.57828309	26.71143204	44.88212978	-29.12418884	-91.86436240	6.63562513	13.29685175
4.05833333	-7.36761148	26.22614027	45.32811365	-29.17364276	-91.38860977	6.97195081	13.41037643
4.06666667	-7.36197364	25.91508472	45.90438719	-29.13715587	-90.74540457	7.24220803	13.68788223
4.07500000	-7.31176472	25.55704739	46.46400893	-29.06770516	-89.93262172	7.52336574	13.87108157
4.08333333	-7.31422325	25.20531909	46.91953687	-28.96649778	-88.86020039	7.74338090	13.97593037
4.09166667	-7.28646222	24.78389434	47.28487389	-28.82669717	-87.61871886	7.99576059	14.09875374
4.10000000	-6.86979456	23.90335465	47.14947435	-28.54637139	-86.17546164	8.14126909	14.32725212
4.10833333	-6.99891900	23.62868606	47.53390651	-28.36370416	-84.56529631	8.35447349	14.07845085
4.11666667	-7.14368065	23.41291754	47.81868380	-28.23677592	-82.78824574	8.53616415	13.74240082
4.12500000	-7.20917862	23.18002666	47.99960226	-28.18157684	-80.88335373	8.75779328	13.10618063
4.13333333	-7.28884284	22.95137444	48.07981138	-28.10503581	-78.80269762	8.95894305	12.36926168
4.14166667	-7.26942611	22.70494128	48.01078411	-28.13217468	-76.61164904	9.17419489	11.30959377
4.15000000	-7.23327745	22.34606840	47.88477553	-28.04517054	-74.26347223	9.40231002	10.05120804
4.15833333	-7.25328562	22.03222936	47.70187035	-27.97882251	-71.77161970	9.63023410	8.53812872
4.16666667	-6.91211991	21.34495782	46.98371942	-27.97252329	-69.05053812	9.96129671	6.55245927
4.17500000	-7.04258510	21.18294571	46.77610583	-27.93880941	-66.33277593	10.25763407	4.58569451
4.18333333	-7.13212922	21.07058486	46.40874458	-28.09993553	-63.49979463	10.60645956	2.28537759
4.19166667	-7.11937694	20.85307475	45.88862584	-28.25819989	-60.55013729	10.96956366	-0.12831711
4.20000000	-6.82409835	20.29486393	44.88680269	-28.41078717	-57.43611679	11.41788281	-2.55580447
4.20833333	-6.94799554	20.22677473	44.37333881	-28.60521243	-54.39784672	11.81913361	-4.91219636
4.21666667	-6.95440680	20.10632966	43.66697674	-28.94100973	-51.34920684	12.26231813	-7.21426851
4.22500000	-7.01872935	20.03949287	42.94814867	-29.29096653	-48.29227132	12.74925112	-9.37540642
4.23333333	-7.00700050	19.91660306	42.09517548	-29.67227837	-45.24676867	13.24329142	-11.41567856
4.24166667	-6.89175172	19.73418134	41.11745622	-30.17297905	-42.31616467	13.78811784	-13.31910823
4.25000000	-6.63257228	19.39010764	39.94619205	-30.69155250	-39.51599295	14.41286090	-14.90501277
4.25833333	-6.50774685	19.20811710	38.98349683	-31.23868294	-36.90868456	15.04389057	-16.35309312
4.26666667	-6.03173585	18.56630016	37.57075299	-31.70728062	-34.51249093	15.71190085	-17.30727875
4.27500000	-6.11317800	18.67559609	36.85346662	-32.42623870	-32.26764177	16.37149126	-18.58331825
4.28333333	-6.23892896	18.87555754	36.20532839	-33.25270181	-30.28960803	17.13916136	-19.66711091
4.29166667	-6.28735525	18.97417045	35.49366714	-34.06686425	-28.52758100	17.92038211	-20.61419531
4.30000000	-6.41082330	19.17169372	34.91499690	-34.94964286	-27.03168510	18.73781699	-21.41951095
4.30833333	-6.46467351	19.32392391	34.22769336	-35.87267780	-25.66450609	19.52981209	-22.23349789
4.31666667	-6.58725000	19.54265719	33.70015001	-36.80710116	-24.55787190	20.33572149	-22.91892984
4.32500000	-6.69372962	19.82590779	33.07215581	-37.87105642	-23.46209841	21.10432636	-23.62867954
4.33333333	-7.07552611	20.50337422	32.76056151	-39.11814962	-22.46209819	22.04206054	-24.31302797
4.34166667	-7.29467827	20.97577539	32.26201707	-40.30531212	-21.62012755	22.77459425	-24.88607631
4.35000000	-7.56899766	21.50832364	31.85911655	-41.53439857	-20.95063997	23.63986899	-25.26901310
4.35833333	-7.86496073	22.05959175	31.42551988	-42.74036505	-20.26568111	24.36868870	-25.75981559
4.36666667	-8.45385581	22.79274069	31.40580549	-43.84633361	-19.54720750	25.35011996	-26.28563398
4.37500000	-8.64348402	23.14180434	30.93281254	-44.96837158	-19.06810587	26.09516164	-26.56142867
4.38333333	-8.79432719	23.46368297	30.37093002	-46.09664463	-18.61782496	26.65924647	-26.65104328
4.39166667	-9.30148288	24.30071791	30.18338123	-47.49720081	-18.27096624	27.87983791	-26.68298131
4.40000000	-9.45014079	24.67500848	29.57951958	-48.73442579	-17.90204849	28.60110142	-26.02846179
4.40833333	-9.81101859	25.22336665	29.29275959	-49.98534774	-17.85152637	29.55155006	-24.34847790
4.41666667	-10.03859712	25.62048947	28.83454598	-51.22877723	-17.66363176	30.30231843	-22.24643403
4.42500000	-10.65259752	26.47579666	28.98847784	-52.57187362	-17.92781953	31.24672533	-19.44863571
4.43333333	-10.95059577	26.98560532	28.76791224	-53.93103120	-18.06388830	32.02331207	-16.38802572
4.44166667	-11.19155670	27.40343120	28.55333109	-55.23610113	-18.36503953	32.60888740	-13.22709280
4.45000000	-11.27049488	27.60530448	28.15006453	-56.49908954	-18.54619657	33.03179010	-10.32024744
4.45833333	-11.39339057	27.88350694	27.88962687	-57.84314128	-18.82877334	33.35133455	-7.62812662
4.46666667	-11.96412971	28.83681743	28.36182310	-59.50636229	-19.36262713	33.76467186	-4.98393811
4.47500000	-11.98277097	29.17740451	28.16424890	-61.08577020	-19.83001610	33.67350215	-2.65710477
4.48333333	-11.96449671	29.59893502	28.02622330	-62.85895096	-20.37162665	33.33677526	-0.44355624
4.49166667	-12.75926427	31.20864196	29.02449328	-65.10228174	-21.06853269	32.83724804	1.46068806
4.50000000	-12.64024919	31.78137433	28.89056134	-67.30087452	-21.73476814	31.85021355	3.34995258
4.50833333	-12.37659103	32.35310768	28.60260041	-69.59971683	-22.45270124	30.49283545	4.99644309
4.51666667	-12.16710287	33.16150118	28.56810974	-72.17248816	-23.29985047	28.75434341	6.67256312
4.52500000	-12.03005502	34.17628539	28.70699226	-74.86711412	-24.29400513	26.65296596	8.04683883
4.53333333	-11.92307318	35.39055782	28.79743694	-77.51865691	-25.23193903	23.93228464	8.98316773
4.54166667	-11.53101341	36.28306199	28.66173671	-80.12237489	-26.33814421	21.50612200	10.15260529
4.55000000	-10.90880275	36.94244218	28.41809082	-82.54418715	-27.65442290	19.08179621	11.08764406
4.55833333	-10.39525215	37.80028906	28.11253290	-84.87487089	-28.76087760	16.12196682	12.02632140
4.56666667	-9.77577990	38.51353477	27.68032759	-87.03528290	-29.85427574	14.12627026	12.86836046
4.57500000	-9.02799104	39.04044388	27.06871531	-88.93060954	-30.83256687	12.35065470	13.68142232
4.58333333	-8.35331133	39.48761542	26.39884496	-90.56643346	-31.66422223	10.89127446	14.41577605
4.59166667	-7.91985743	40.14621078	25.98169089	-91.99006110	-32.36065980	10.60496572	14.72985436
4.60000000	-7.25187797	40.43875652	24.97442534	-93.03705744	-32.58904325	9.47253618	15.63047193
4.60833333	-6.97551680	41.08495249	24.40310542	-93.90173721	-32.80801035	9.90775485	16.27860036
4.61666667	-6.57825209	41.40453660	23.50255467	-94.26524070	-32.64933426	8.85534771	16.77488172
4.62500000	-6.36424923	41.73310190	22.90644601	-94.31034770	-32.56557341	8.54404348	17.20955215
4.63333333	-6.40150087	42.36050434	22.39925255	-94.24000024	-32.25029103	9.30537817	17.54485001
4.64166667	-6.14181928	42.58547280	21.67669352	-93.77273875	-32.01052678	7.83691781	17.87612116
4.65000000	-6.22380198	43.08880820	21.15468927	-93.17737574	-31.58238649	8.34877680	18.14721640
4.65833333	-6.20996059	43.35564582	20.69495008	-92.38549235	-31.37181324	8.64558761	18.46667050
4.66666667	-5.94518769	43.25473513	19.94939490	-91.23663382	-31.10516630	6.98399102	18.68527051
4.67500000	-6.06707442	43.65590417	19.42154454	-90.09389429	-30.64830259	6.99846988	18.85860274
4.68333333	-5.28906446	42.88400555	18.11365497	-88.54710658	-30.40770293	5.61058388	19.06826019
4.69166667	-5.25578248	42.96695948	17.72085413	-87.06411508	-30.28986307	5.31765127	19.26295200
4.70000000	-5.28968285	42.98808839	17.21150157	-85.41478044	-29.96108982	4.96448452	19.39563896
4.70833333	-5.20706979	42.73767114	16.48109241	-83.57995198	-29.49420442	4.96410573	19.44932890
4.71666667	-5.41330443	42.89696702	16.15147392	-81.72018786	-29.20593404	4.45733172	19.62950619
4.72500000	-5.53045227	42.81521402	15.77779150	-79.60915049	-28.94537024	3.55209426	19.87288138
4.73333333	-5.57940599	42.61006874	15.20619232	-77.37645677	-28.49747880	2.63735861	20.01637881
4.74166667	-4.92804323	41.45190950	13.58121106	-74.89699357	-27.59717053	1.85451454	19.95728846
4.75000000	-4.89935876	40.95247174	12.88269416	-72.30396988	-27.11920689	0.40247580	20.16716852
4.75833333	-5.12950484	40.72025578	12.54932455	-69.68266472	-26.78617316	-0.94053381	20.45100986
4.76666667	-4.94154349	39.82801566	11.61419329	-66.72564466	-26.23175589	-2.87183235	20.64305145
4.77500000	-5.21640675	39.49370483	11.33172896	-63.84527517	-25.94075059	-4.08070603	20.98357599
4.78333333	-4.64372649	37.99278958	9.97825840	-60.52953146	-25.43781710	-6.73962848	21.27240550
4.79166667	-4.94814660	37.56653915	9.75948479	-57.46600482	-25.28786394	-8.13582496	21.73695220
4.80000000	-4.72471896	36.37199304	8.92142473	-54.09148180	-25.02992178	-10.17725066	22.18321452
4.80833333	-4.90460837	35.70206733	8.58467440	-50.85457665	-24.93282708	-11.78098253	22.60753458
4.81666667	-4.99047084	34.87749001	8.16540330	-47.56069002	-24.89089124	-13.53288869	23.09362644
4.82500000	-4.50777646	33.28362825	7.07087507	-44.07423022	-24.75596296	-15.40529372	23.49352486
4.83333333	-4.84750343	32.72974878	7.09317375	-40.81419196	-25.03712339	-17.06910160	24.05504056
4.84166667	-4.79239859	31.67332127	6.71652001	-37.52936606	-25.39691656	-18.15762609	24.70799918
4.85000000	-5.10371310	31.11728084	6.79365173	-34.39520482	-25.82931191	-19.81460491	25.27919694
4.85833333	-5.30508022	30.46094780	6.75383376	-31.46780438	-26.30715916	-20.10874187	25.90107572
4.86666667	-5.58750570	29.89225526	6.85394340	-28.44870412	-26.86177826	-21.70875168	26.51323196
4.87500000	-5.80328978	29.39586771	6.88130754	-26.01414518	-27.44778408	-21.40938128	27.14869570
4.88333333	-5.97925993	28.86613684	6.88926231	-23.57021620	-28.05355936	-21.81238839	27.77248552
4.89166667	-6.31681973	28.54725928	7.12847491	-21.22095441	-28.81079324	-22.67402998	28.53772838
4.90000000	-6.71551593	28.53045972	7.47421164	-19.58966196	-29.61562488	-22.16302170	29.29313517
4.90833333	-6.97719874	28.26215263	7.63627086	-17.75900249	-30.36890021	-22.76747013	30.06669900
4.91666667	-7.37346557	28.39455240	8.04513144	-16.72557688	-31.33843882	-22.41213154	30.79755373
4.92500000	-7.69571524	28.45734471	8.26375927	-15.72593317	-32.11795657	-22.67917966	31.50059352
4.93333333	-8.22950533	28.79117747	8.92577158	-14.99927486	-33.27216257	-23.12320348	32.32304354
4.94166667	-8.43978260	28.76088370	9.11083525	-14.35264177	-34.23610168	-23.75185363	33.10962667
4.95000000	-9.02272259	29.24023262	9.80883486	-14.17571280	-35.41692085	-24.21878058	33.87043137
4.95833333	-9.08919152	29.05933008	9.83599560	-13.94425744	-36.42811280	-24.71227087	34.52387269
4.96666667	-9.09767437	28.84324831	9.78575447	-13.98013075	-37.42693967	-24.88328122	34.88298685
4.97500000	-9.27799164	28.76016292	9.99464474	-14.06680384	-38.64708184	-24.57837027	35.79549063
4.98333333	-9.34315791	28.58792668	10.08588454	-14.40441748	-39.87106434	-23.53118598	36.30153329
4.99166667	-9.42493840	28.39637990	10.23691420	-14.84669222	-41.21149509	-21.77541694	36.76172073
5.00000000	-9.43307769	28.13546931	10.33834772	-15.39266546	-42.62776089	-19.50301619	37.14720700
5.00833333	-9.48660042	27.90322499	10.52943926	-15.98298985	-44.14450599	-16.88215572	37.47894013
5.01666667	-9.53462813	27.74302723	10.77181635	-16.75920697	-45.73077201	-14.08739930	37.68575714
5.02500000	-9.57506085	27.62802491	11.07908077	-17.54290744	-47.43772317	-11.63756389	37.67438870
5.03333333	-10.85994779	29.00609769	13.02941512	-18.40988926	-49.67841352	-9.23826883	37.73271823
5.04166667	-11.36684816	29.53842436	14.13196057	-19.29177472	-51.80559027	-7.11449071	37.39414069
5.05000000	-11.95113342	30.20554808	15.33093672	-20.22167008	-53.96875245	-5.13061991	36.85920902
5.05833333	-11.87255781	30.11258491	15.73786213	-21.06399307	-56.01830270	-3.09578533	36.07380554
5.06666667	-12.94506831	31.37749580	17.83049510	-21.97190006	-58.67829005	-1.66132000	35.17878377
5.07500000	-12.82625873	31.21744408	18.32305172	-22.80120761	-60.85334375	0.08052920	33.92179186
5.08333333	-13.68537124	32.21163911	20.31194367	-23.63526131	-63.57778958	1.33858314	32.42931357
5.09166667	-13.47013588	31.93400519	20.91534314	-24.38662472	-65.86007889	2.80397663	30.72807318
5.10000000	-14.14123300	32.69615797	22.91259637	-25.15396857	-68.59641264	3.83201389	28.53147707
5.10833333	-14.03904539	32.51668494	23.88193327	-25.81612127	-70.95816079	5.03339149	26.39141421
5.11666667	-14.74946993	33.23008289	26.00543400	-26.43339310	-73.44547113	5.67502635	23.55845094
5.12500000	-15.30031299	33.81740233	27.92093032	-27.12730023	-75.70641125	6.37875669	20.81504831
5.13333333	-15.42951334	33.93408993	29.39031954	-27.72219260	-77.75332484	7.02579796	18.10513019
5.14166667	-15.32148129	33.63168372	30.53826924	-28.13707081	-79.58229333	7.76220856	16.12019187
5.15000000	-15.18311077	33.29121627	31.62374872	-28.50960059	-81.13368436	8.30964939	14.43245530
5.15833333	-15.25399554	33.07349304	32.89585559	-28.68775306	-82.26428448	8.29412278	12.66122825
5.16666667	-15.08788479	32.47388904	33.94719593	-28.72347564	-83.24073563	8.85901938	12.25731014
5.17500000	-14.87776184	31.89815841	34.70021681	-28.83821836	-83.68793111	9.12130981	11.35234798
5.18333333	-14.75251581	31.24682929	35.59981274	-28.67415716	-84.00858386	9.33460208	11.25659569
5.19166667	-14.61395454	30.53256952	36.47043810	-28.41726101	-84.03374284	9.53601737	11.02478536
5.20000000	-14.57537340	29.92907246	37.45239109	-28.14271426	-83.99562266	9.65991259	11.19647511
5.20833333	-14.42837303	29.09174606	38.05993971	-27.71407409	-83.45215428	9.88177669	10.85088207
5.21666667	-14.48088423	28.38566787	38.76040013	-27.21612826	-82.71918678	10.05215947	10.98861861
5.22500000	-14.45776767	27.59882919	39.50519634	-26.64674532	-81.92544993	10.13976974	11.05839486
5.23333333	-14.38937350	26.82359433	40.27523634	-26.11429644	-81.05113961	10.19892859	11.18166677
5.24166667	-13.91479253	25.48503204	40.35922698	-25.48246492	-79.80245998	10.46092446	11.77459595
5.25000000	-13.98241089	24.79626482	41.11774128	-24.87220473	-78.50120889	10.45685927	11.79195688
5.25833333	-13.47792410	23.44046884	41.01318215	-24.25137237	-76.91888331	10.70625145	12.64495768
5.26666667	-13.58048437	22.76622780	41.62880163	-23.61321730	-75.22905211	10.59505661	12.62341856
5.27500000	-13.72607704	22.13856163	42.22736020	-23.00555208	-73.41553951	10.59333839	12.67880461
5.28333333	-13.12960824	20.66624649	41.86352081	-22.41230450	-71.35572052	10.83780473	13.27854629
5.29166667	-13.32914109	20.26120993	42.44372119	-22.01032493	-69.31170193	10.83497351	13.26811029
5.30000000	-13.11426318	19.29786434	42.28360326	-21.52017124	-66.91154709	10.81255579	13.15830041
5.30833333	-13.17526651	18.62244814	42.57442830	-20.99208228	-64.51137200	10.69289505	12.90151266
5.31666667	-13.08376340	17.89134342	42.53527629	-20.62821550	-61.93556904	10.59452232	12.58270923
5.32500000	-12.58239184	16.71515333	41.94475456	-20.25358823	-59.17098835	10.80197061	12.22845560
5.33333333	-12.68345686	16.25435110	42.08969013	-19.93116069	-56.41617783	10.58053864	11.54604836
5.34166667	-12.23164159	15.11280167	41.41480474	-19.56178248	-53.37206428	10.64734966	10.77957400
5.35000000	-12.39498657	14.71383959	41.51190731	-19.25821435	-50.43152171	10.50002352	9.95939802
5.35833333	-12.36000908	14.17621086	41.27996803	-19.06793017	-47.37900087	10.39993984	8.95888586
5.36666667	-12.06811249	13.31451202	40.64005884	-18.83779087	-44.21958108	10.37175771	8.06727175
5.37500000	-11.61067183	12.14856976	39.83750088	-18.46797498	-40.95062490	10.44132636	6.97786217
5.38333333	-11.82253754	11.81911872	39.83070569	-18.27630757	-37.88010773	10.39429643	5.61041849
5.39166667	-11.75149789	11.19449686	39.39340310	-18.10738393	-34.76174401	10.35776289	4.18364377
5.40000000	-11.74450659	10.64520416	39.12340251	-17.99174600	-31.79449479	10.36616598	2.70764452
5.40833333	-11.17059670	9.38254676	38.12165579	-17.71682511	-28.88474768	10.40590103	1.60074198
5.41666667	-11.32097827	9.03595831	38.06733427	-17.69392757	-26.18979721	10.41622624	0.06042265
5.42500000	-11.35934620	8.58783685	37.86043580	-17.70760404	-23.66123330	10.43144914	-1.33310859
5.43333333	-10.56731504	7.09304295	36.75191380	-17.51065487	-21.45183097	10.49970741	-1.74494552
5.44166667	-10.68741280	6.78447331	36.72009312	-17.62509423	-19.38415446	10.46927244	-2.79570310
5.45000000	-10.23454662	5.64422073	36.14291807	-17.47102826	-17.78359928	10.46853536	-2.84078145
5.45833333	-10.41282193	5.33678307	36.31279550	-17.55515955	-16.31156435	10.48482067	-2.98784215
5.46666667	-10.01017448	4.28468989	35.91326541	-17.46673315	-15.26417923	10.41065322	-2.97873799
5.47500000	-10.15240905	4.02194840	36.05151235	-17.69179734	-14.19876057	10.38641737	-2.92456902
5.48333333	-10.00319471	3.39068070	35.95284101	-17.84229644	-13.59291596	10.30069200	-2.52677357
5.49166667	-10.10543253	3.15229965	36.01866232	-18.18841239	-12.89358017	10.21156178	-2.37014200
5.50000000	-10.05931345	2.73768034	35.96881114	-18.52689228	-12.54780895	9.95105611	-1.79301984
5.50833333	-10.12898064	2.54337321	35.95012963	-19.02220316	-12.20569634	9.70822222	-1.53305790
5.51666667	-10.11906927	2.29275168	35.89288015	-19.59260138	-12.18403314	9.54223276	-1.43985808
5.52500000	-10.22117768	2.22588931	35.84127328	-20.21987888	-12.18180726	8.88936970	-0.98374277
5.53333333	-10.37543423	2.24406624	35.85728414	-20.88646627	-12.34210720	8.23740991	-1.35637398
5.54166667	-10.39059175	2.20552964	35.76316106	-21.71696714	-12.78953741	7.59131366	-1.86594637
5.55000000	-10.63638824	2.54793366	35.86588083	-22.73326961	-13.19751327	6.78764203	-2.86294299
5.55833333	-10.92060471	3.01742631	36.06262519	-23.89189689	-13.79929221	5.86170934	-3.96032532
5.56666667	-10.92294315	3.30632681	35.95281715	-25.23697169	-14.46890835	4.80031357	-4.95983483
5.57500000	-11.35858532	4.24728519	36.36332106	-26.86831556	-15.13270244	3.42756172	-5.99898950
5.58333333	-11.25260601	4.71048837	36.17959128	-28.65960056	-15.86365204	1.94606121	-6.51981215
5.59166667	-11.69780814	6.02837174	36.63180324	-30.79885120	-16.58289974	0.01319325	-7.00082486
5.60000000	-11.86424255	7.20473696	36.78762846	-33.13592245	-17.34807958	-2.02635202	-7.08568497
5.60833333	-11.76823039	8.22120466	36.61462591	-35.59103168	-18.08592299	-4.19023090	-6.88750552
5.61666667	-11.94668516	9.61996499	36.75563734	-38.08361090	-18.84040702	-6.72249475	-6.56514170
5.62500000	-11.72032539	10.72107736	36.32970144	-40.69685271	-19.48046114	-8.84302061	-5.87879319
5.63333333	-11.63884326	11.99735426	36.00818115	-43.26149419	-19.98609908	-11.03439157	-5.18974051
5.64166667	-12.11938584	13.97146503	36.36755434	-45.85198985	-20.56423319	-13.46657998	-4.71564772
5.65000000	-11.94917521	14.78301351	35.82107175	-47.83763483	-20.91630731	-15.28453500	-3.86528547
5.65833333	-12.16429641	16.42719793	35.75579981	-50.21071320	-21.33093227	-17.24595286	-3.20212252
5.66666667	-12.01710993	17.59549064	35.17957788	-52.40275712	-21.56447020	-18.54289245	-2.37445159
5.67500000	-12.28270068	19.29345413	35.16482890	-54.54677568	-21.95526277	-20.32742351	-1.65424421
5.68333333	-12.54829910	21.06406649	35.12255201	-56.67699927	-22.29578006	-21.80652958	-0.86266287
5.69166667	-12.28210298	22.09138271	34.31523984	-58.44250666	-22.31722300	-22.06844580	-0.49716052
5.70000000	-12.48993355	23.84677793	34.13157862	-60.33061624	-22.48698508	-23.77917313	0.50712456
5.70833333	-12.72864379	25.44897118	33.99473894	-61.81019397	-22.73057050	-25.09100339	1.27601980
5.71666667	-12.59189120	26.66553106	33.28026638	-63.26863058	-22.65881813	-24.61233911	1.93640527
5.72500000	-12.79498260	28.12477311	32.99960225	-64.32264041	-22.69906238	-26.20789454	2.46657751
5.73333333	-12.64393717	29.28844246	32.22985262	-65.43342987	-22.54220204	-25.25124612	2.92064391
5.74166667	-12.62181823	30.39132476	31.59824547	-66.09968090	-22.38506513	-26.20810459	3.41730645
5.75000000	-12.49822900	31.45629930	30.73835047	-66.77384163	-22.04277877	-25.05561541	3.76938395
5.75833333	-12.25546436	32.24968111	29.77471442	-67.10025598	-21.76456047	-25.18101942	4.26455899
5.76666667	-12.17192685	33.29544399	28.92892154	-67.41635132	-21.34328779	-24.04120251	4.56902697
5.77500000	-12.00057988	34.06339641	28.00147567	-67.46661131	-20.97343733	-22.90688707	4.97808956
5.78333333	-11.78516240	34.84583824	26.96979750	-67.41046697	-20.51709716	-21.89750998	5.42521910
5.79166667	-11.06343669	34.88293287	25.31844811	-66.97880034	-19.98277180	-20.67936705	5.90881153
5.80000000	-10.59557302	35.28865142	23.92787110	-66.56373682	-19.40650183	-19.20564131	6.28292385
5.80833333	-10.59571581	36.18567621	23.19489176	-66.05762975	-19.00329720	-18.12330192	6.68039052
5.81666667	-9.97184410	36.20593680	21.65501973	-65.21684052	-18.44970528	-15.95599969	7.18214673
5.82500000	-9.96924809	36.94416058	20.88920364	-64.27081143	-17.97380006	-15.16477561	7.50770707
5.83333333	-9.14088132	36.59533293	19.10260608	-63.11948309	-17.38834083	-12.75734876	8.06617196
5.84166667	-8.71763580	36.79135402	17.79199987	-61.89224540	-16.85311676	-11.28256412	8.49019714
5.85000000	-8.34581740	36.86862805	16.57555710	-60.46089771	-16.34954622	-9.83458999	8.93008254
5.85833333	-8.14817000	37.08516818	15.72708244	-58.87122155	-16.05114892	-8.91438508	9.36908950
5.86666667	-8.20439207	37.56944960	14.96955444	-57.21904296	-15.55926524	-8.27115691	9.65674803
5.87500000	-6.91910511	36.36366782	12.71403086	-55.26285892	-14.98209974	-6.52410011	10.02157251
5.88333333	-6.87937685	36.62106345	11.87756388	-53.37911006	-14.57300577	-6.00690900	10.36700321