0.00000000	-17.17863873	24.10569337	24.61697065	-11.40074612	-10.90536041	1.87383471	3.85690524
0.00833333	-17.11396844	24.00847621	24.48517108	-11.36930121	-10.82834770	1.75844728	3.82066850
0.01666667	-17.30692716	24.21002549	24.79211002	-11.41879533	-10.99742387	1.69640528	3.90132377
0.02500000	-17.19796069	24.05114998	24.59544496	-11.34186805	-10.87087911	1.78815743	3.89540915
0.03333333	-17.11785071	23.92732078	24.44909785	-11.28780125	-10.79066649	1.77547786	3.84808446
0.04166667	-17.61244795	24.50257476	25.10468272	-11.45698967	-10.96781234	1.86441791	3.86126644
0.05000000	-17.44849434	24.33682408	24.86993733	-11.42017792	-10.92495440	1.81565103	3.79884516
0.05833333	-17.36172662	24.19036219	24.70171714	-11.32891123	-10.80658770	1.86092469	3.79308448
0.06666667	-17.30058033	24.05404851	24.57321629	-11.25460164	-10.73083678	1.81047647	3.74031392
0.07500000	-17.39594638	24.16637917	24.71419159	-11.32194833	-10.82734974	1.88162216	3.82395779
0.08333333	-17.35055403	24.07031860	24.61029083	-11.25270427	-10.75251081	1.90000782	3.81849575
0.09166667	-17.29855225	23.95641940	24.49893586	-11.17359393	-10.68287318	1.86531174	3.78310009
0.10000000	-17.32682561	23.95915185	24.50020959	-11.14946806	-10.65512416	1.83074899	3.78599423
0.10833333	-17.52099817	24.17426541	24.75797157	-11.21081557	-10.75374416	1.94024423	3.87634351
0.11666667	-17.41358231	24.01840432	24.59142365	-11.17295230	-10.70637009	1.94629356	3.90716256
0.12500000	-17.37492191	23.91124110	24.47847292	-11.08370726	-10.59467975	1.94912508	3.90156129
0.13333333	-17.34492113	23.82056094	24.38871798	-11.00064920	-10.52437536	1.88255239	3.86802166
0.14166667	-17.41725639	23.87810414	24.45648506	-10.98635879	-10.53856663	1.85879643	3.86713110
0.15000000	-17.50388006	23.98551361	24.52608418	-11.02690512	-10.53962234	1.87019874	3.85952406
0.15833333	-17.45836391	23.86032001	24.41577127	-10.92554481	-10.44580303	1.93759201	3.87279081
0.16666667	-17.41733696	23.77257256	24.31643690	-10.86461863	-10.38791278	1.89103456	3.83116468
0.17500000	-17.36404354	23.66474776	24.18910806	-10.79297003	-10.28849344	1.89942539	3.82552386
0.18333333	-17.39477983	23.69619464	24.20575364	-10.80082520	-10.29959514	1.85286077	3.81249266
0.19166667	-17.61086357	23.98274137	24.50518220	-10.94623723	-10.47757579	1.96421028	3.98958066
0.20000000	-17.52083593	23.84648820	24.32359428	-10.87009269	-10.37561646	1.94460731	3.95532817
0.20833333	-17.44134816	23.71182909	24.16029677	-10.81236931	-10.25837980	1.91633271	3.94579153
0.21666667	-17.63509016	23.96528145	24.42197507	-10.91599175	-10.39192245	1.93415240	4.06354004
0.22500000	-17.53578349	23.81182470	24.24128082	-10.84948410	-10.28612143	1.89622497	4.02473094
0.23333333	-17.51629239	23.78351892	24.15928122	-10.83072440	-10.21623800	1.87884311	4.00919595
0.24166667	-17.61737512	23.89218673	24.27201789	-10.85696891	-10.25650300	1.94390161	4.03194797
0.25000000	-17.51105517	23.74901283	24.07392762	-10.81737920	-10.15971834	1.86592473	3.99489869
0.25833333	-17.43477164	23.62067023	23.93133651	-10.74253908	-10.06571096	1.91171571	3.97900612
0.26666667	-17.60785876	23.85679224	24.17649179	-10.85981953	-10.20482154	1.94207597	4.03053904
0.27500000	-17.54045795	23.75487611	24.05297404	-10.82117621	-10.13818801	1.92580188	4.01533551
0.28333333	-17.46683893	23.64051748	23.92039199	-10.76972675	-10.06376276	1.93145896	3.99799408
0.29166667	-17.42780324	23.56464395	23.83273974	-10.72722831	-10.01179882	1.91789254	3.99566822
0.30000000	-17.49791131	23.66585873	23.91311256	-10.77397773	-10.05284944	1.89425183	4.01328149
0.30833333	-17.60907840	23.80733790	24.08722494	-10.83870483	-10.17893814	1.97917688	4.10981604
0.31666667	-17.52140132	23.67740755	23.95419489	-10.77692297	-10.13030630	1.96661915	4.07783253
0.32500000	-17.76916898	23.80735736	24.28962934	-10.71907446	-10.18562018	1.96222646	4.09333946
0.33333333	-17.75483602	23.77339651	24.22770154	-10.70509506	-10.13721168	1.96345706	4.05732984
0.34166667	-17.65870416	23.81718454	24.06371126	-10.82691031	-10.10572562	1.89815739	4.03865835
0.35000000	-17.59947495	23.73431978	23.94504241	-10.79368624	-10.04218765	1.90986560	4.01688010
0.35833333	-17.76089936	23.93272543	24.19716565	-10.85614465	-10.23684304	1.94397694	4.15257012
0.36666667	-17.63086254	23.74739828	23.99895287	-10.77889730	-10.15498775	1.90814823	4.12233509
0.37500000	-17.57429385	23.65470534	23.88134319	-10.73293248	-10.07652107	1.89660379	4.11972560
0.38333333	-17.62349733	23.72184291	23.93956478	-10.75472130	-10.11593378	1.88501135	4.12402014
0.39166667	-17.69924868	23.79990805	24.02285214	-10.76891717	-10.14475828	1.90685048	4.18172897
0.40000000	-17.65405219	23.72601248	23.92665532	-10.73758739	-10.07740898	1.95153955	4.19119265
0.40833333	-17.62608617	23.67353837	23.87203076	-10.70949020	-10.06768490	1.89093911	4.16965438
0.41666667	-17.62655342	23.66887740	23.85667835	-10.72764441	-10.04940979	1.91927744	4.19690858
0.42500000	-17.63847063	23.65875499	23.85010561	-10.69596864	-10.05780013	1.85743467	4.17480870
0.43333333	-17.67690325	23.68968216	23.86884907	-10.69173924	-10.03470752	1.86765353	4.19238783
0.44166667	-18.16244105	24.33239124	24.53264721	-10.93015643	-10.28101429	1.92734501	4.31059706
0.45000000	-18.05116199	24.16328867	24.35791037	-10.86106233	-10.21450142	1.94284658	4.23684708
0.45833333	-18.01033441	24.10507847	24.26067808	-10.83908449	-10.15709430	1.90157509	4.19266184
0.46666667	-17.97876448	24.04173246	24.19382581	-10.80674682	-10.11062476	1.91267245	4.16892938
0.47500000	-18.11766284	24.22130032	24.36619038	-10.89460422	-10.16506506	1.99855456	4.18995450
0.48333333	-18.01639091	24.06274093	24.18647641	-10.81589119	-10.05311474	2.01588619	4.16712417
0.49166667	-18.02092479	24.07440397	24.16429917	-10.84381426	-10.01793005	1.99919948	4.15918443
0.50000000	-18.17115802	24.27007239	24.35627492	-10.92365836	-10.09220998	2.07396960	4.20286823
0.50833333	-18.09626646	24.14510200	24.22378653	-10.86052148	-10.02207872	2.08245720	4.18665670
0.51666667	-18.07555064	24.10264407	24.15691317	-10.85221220	-9.96809387	2.07685363	4.16476800
0.52500000	-18.15988079	24.20221533	24.24787401	-10.89651267	-9.98541313	2.09069793	4.17801217
0.53333333	-18.27108431	24.33685444	24.40100746	-10.95779559	-10.07125330	2.11612207	4.27257896
0.54166667	-18.18113465	24.17966894	24.22014325	-10.88158062	-9.94277873	2.17129607	4.22332249
0.55000000	-18.16763127	24.17738806	24.17587712	-10.92514481	-9.92132567	2.20196425	4.21546885
0.55833333	-18.11348859	24.08323433	24.06289761	-10.87987909	-9.83613246	2.22101633	4.19398652
0.56666667	-18.55097699	24.64412161	24.68752166	-11.06051271	-10.11127132	2.23850654	4.32887220
0.57500000	-18.42217711	24.44688237	24.47071756	-10.97614314	-9.98972456	2.22418462	4.27985309
0.58333333	-18.33072363	24.32430146	24.31971020	-10.92850671	-9.90177565	2.24116552	4.25041377
0.59166667	-18.47275468	24.49629060	24.49832556	-11.02314891	-9.99333822	2.22590142	4.31626658
0.60000000	-18.37525646	24.33837820	24.31030308	-10.94778343	-9.86514566	2.22831188	4.30540398
0.60833333	-18.33470303	24.28732935	24.23562383	-10.93444692	-9.83473131	2.17403142	4.29007957
0.61666667	-18.33772719	24.25775654	24.20704249	-10.88701215	-9.79954702	2.17318204	4.28593644
0.62500000	-18.38653958	24.31128975	24.26716633	-10.90437852	-9.83352238	2.19202446	4.29994607
0.63333333	-18.47727527	24.41700854	24.37699334	-10.93103574	-9.87789590	2.18697758	4.30432016
0.64166667	-18.70456833	24.69807501	24.70332330	-11.02971135	-10.03031027	2.25583028	4.40192885
0.65000000	-18.59076610	24.51755007	24.50363809	-10.94047494	-9.91753730	2.27136628	4.36266968
0.65833333	-18.54753126	24.45920678	24.42691179	-10.93434695	-9.89079802	2.22854997	4.32246314
0.66666667	-18.74942324	24.70346600	24.70478378	-11.00456540	-9.99599491	2.30716287	4.35898240
0.67500000	-18.67251952	24.58170989	24.56320440	-10.95132385	-9.92158740	2.26148386	4.35189952
0.68333333	-18.76573817	24.68211822	24.69239413	-10.98134132	-9.97835928	2.31352328	4.38654718
0.69166667	-18.67322000	24.53856837	24.52556318	-10.91335716	-9.89655652	2.27187744	4.36718213
0.70000000	-18.62533111	24.46818137	24.44399848	-10.89285465	-9.86572003	2.26565122	4.34876895
0.70833333	-18.96622494	24.78859312	24.86978498	-11.03988783	-9.88229226	2.42169851	4.31002536
0.71666667	-18.86057232	24.61976036	24.67684292	-10.95179966	-9.76560376	2.44997490	4.29121594
0.72500000	-18.75083753	24.42433636	24.50343477	-10.85779874	-9.69613694	2.37501324	4.26955319
0.73333333	-18.65189693	24.45331423	24.35936191	-10.95548043	-9.70508931	2.30300216	4.30729494
0.74166667	-18.56653168	24.32926972	24.19577589	-10.90526614	-9.60166932	2.33925723	4.31607736
0.75000000	-18.54509436	24.24681654	24.29681092	-10.78666671	-9.95272924	2.29687568	4.59766023
0.75833333	-18.52361306	24.21761507	24.21359737	-10.78280494	-9.86387562	2.29930289	4.57164979
0.76666667	-18.44397868	24.09878707	24.05994585	-10.74230683	-9.76181355	2.29728024	4.55544550
0.77500000	-18.67783324	24.40001120	24.38458572	-10.84159220	-9.90089073	2.37456542	4.60750023
0.78333333	-18.54481211	24.21164489	24.16940032	-10.76830630	-9.80612486	2.35707416	4.56929745
0.79166667	-18.70937428	24.41691422	24.39775072	-10.83659735	-9.91477570	2.34708449	4.61868682
0.80000000	-18.58053229	24.22245478	24.18894398	-10.75799146	-9.81316968	2.35275990	4.57131025
0.80833333	-18.50573967	24.11100842	24.06303326	-10.71629451	-9.76127142	2.31481640	4.52653684
0.81666667	-18.53224675	24.13586234	24.07536763	-10.72705312	-9.75464435	2.30680029	4.52209633
0.82500000	-18.79864727	24.36208906	24.45046799	-10.75092523	-9.87012539	2.36750968	4.58377315
0.83333333	-18.59255444	24.17771491	24.17576726	-10.74548949	-9.85817743	2.34357256	4.61138893
0.84166667	-18.51117729	24.05517430	24.02752203	-10.69225476	-9.77354134	2.35136253	4.58622348
0.85000000	-18.44541309	23.94032055	23.90132795	-10.64350661	-9.69369592	2.35703694	4.56044797
0.85833333	-18.56372337	24.09015457	24.05741284	-10.70120952	-9.75972139	2.35441374	4.58964502
0.86666667	-18.49135839	23.96481627	23.94229949	-10.64531488	-9.70416006	2.38457303	4.58128620
0.87500000	-18.68708455	24.22660639	24.22341692	-10.76270115	-9.86743525	2.43386564	4.68670337
0.88333333	-18.60727240	24.10123251	24.10528231	-10.71307847	-9.82058866	2.40424225	4.63542156
0.89166667	-18.53599364	24.00100888	23.99451215	-10.67699097	-9.77249766	2.43460230	4.62527563
0.90000000	-18.69942569	24.18846846	24.20729597	-10.74054922	-9.85780502	2.45794518	4.67943456
0.90833333	-18.59054010	24.00843577	24.01216502	-10.64752680	-9.75196948	2.46987906	4.65146882
0.91666667	-18.53448632	23.92592383	23.91844786	-10.63177212	-9.72121221	2.47753550	4.59210270
0.92500000	-18.49641814	23.86040840	23.84730578	-10.60361689	-9.70805058	2.48277129	4.45997812
0.93333333	-18.71521913	24.17171260	24.20258190	-10.77966135	-9.96911499	2.58287449	4.43694497
0.94166667	-18.64266298	24.04643038	24.07113981	-10.72411714	-9.90419158	2.59405701	4.34858537
0.95000000	-18.68536675	24.10747340	24.11552357	-10.76187312	-9.94452111	2.58601495	4.20926215
0.95833333	-18.60681100	23.97891001	23.98108490	-10.71132319	-9.89415494	2.61691027	4.14207802
0.96666667	-18.53554583	23.86418647	23.84860965	-10.66766606	-9.82163740	2.60221849	4.07216854
0.97500000	-18.53369554	23.86814891	23.82506885	-10.67608766	-9.82128494	2.56611066	4.02949063
0.98333333	-18.45111405	23.73340493	23.67342771	-10.61807196	-9.73671606	2.57845776	4.01601714
0.99166667	-18.68165132	24.03251257	23.93664705	-10.73588725	-9.81556996	2.57907821	4.07344710
1.00000000	-18.84125454	24.25781846	24.22145666	-10.85358355	-10.01752600	2.67150714	4.16044440
1.00833333	-18.72354487	24.08541008	24.03154284	-10.77981192	-9.92883486	2.64052611	4.13526548
1.01666667	-18.63213746	23.94459582	23.87858879	-10.72140579	-9.84213432	2.63904002	4.12024437
1.02500000	-18.63072853	23.94270459	23.83802475	-10.72680235	-9.81053523	2.61556220	4.10944175
1.03333333	-18.68465646	24.00550417	23.91761675	-10.77343969	-9.85498383	2.62731180	4.12914785
1.04166667	-18.93087157	24.31624891	24.25964616	-10.86651932	-10.01993605	2.73305086	4.21296200
1.05000000	-18.82015813	24.15134129	24.09274358	-10.80764072	-9.94744677	2.69900632	4.21181985
1.05833333	-18.73638362	24.03494236	23.96625435	-10.77132346	-9.89743330	2.68088031	4.19967201
1.06666667	-18.77087215	24.07474204	23.99516346	-10.78060720	-9.92240523	2.69283454	4.19689784
1.07500000	-18.71492500	23.97937253	23.90184539	-10.72869624	-9.87525751	2.71968567	4.19756331
1.08333333	-18.90915898	24.28356374	24.16802719	-10.89994485	-9.97176447	2.75704368	4.21087449
1.09166667	-18.79785014	24.07991047	23.97980281	-10.78086176	-9.88082077	2.75572339	4.19570325
1.10000000	-18.74717679	24.00834559	23.92415870	-10.75849213	-9.90422224	2.68868632	4.18452666
1.10833333	-18.84874662	24.20427436	24.06238536	-10.91370779	-9.95655866	2.78752752	4.22812580
1.11666667	-18.78915954	24.11627168	23.96854489	-10.87687179	-9.91613175	2.73378000	4.21644091
1.12500000	-18.72835899	24.01933933	23.86960594	-10.82727875	-9.86184329	2.74652431	4.21657747
1.13333333	-18.87991718	24.20848155	24.08417621	-10.89237061	-9.96716089	2.75191146	4.25807356
1.14166667	-18.80098096	24.08513116	23.96358877	-10.83985614	-9.91281926	2.76755225	4.24136045
1.15000000	-18.76400394	24.02341676	23.89911603	-10.81691543	-9.88472070	2.74748032	4.23163944
1.15833333	-18.87757611	24.19710599	24.07170357	-10.95213872	-9.97329979	2.80320382	4.27074779
1.16666667	-18.77732347	24.05147626	23.90591336	-10.87842892	-9.89745330	2.80917086	4.25318977
1.17500000	-18.79984252	24.08833013	23.93717536	-10.91220891	-9.91813349	2.79813216	4.25410356
1.18333333	-18.78094051	24.07312357	23.88053993	-10.92137543	-9.88087911	2.79718868	4.22952838
1.19166667	-19.00839599	24.32496018	24.22092692	-10.95810398	-10.04021191	2.87393553	4.29389208
1.20000000	-18.90682100	24.17846748	24.05112619	-10.90187558	-9.94145252	2.89253076	4.27941890
1.20833333	-18.86220474	24.12347509	23.99795641	-10.89415151	-9.95619292	2.84957235	4.25180286
1.21666667	-18.85248792	24.09030229	23.98062149	-10.85791901	-9.96399455	2.84194004	4.24598647
1.22500000	-18.84892012	24.04487933	23.96931780	-10.81108070	-9.96216188	2.84777555	4.24499359
1.23333333	-18.91861412	24.14205663	24.09460991	-10.88125483	-10.06205072	2.89946115	4.34185509
1.24166667	-18.83884041	24.02862593	23.95167184	-10.83733596	-9.97327259	2.87708165	4.29989138
1.25000000	-18.81305852	23.98694568	23.89674845	-10.81343029	-9.93185894	2.86353281	4.27864846
1.25833333	-18.82183685	23.98587623	23.88411137	-10.80087510	-9.90241980	2.86099805	4.27022748
1.26666667	-18.75451680	23.88847134	23.78559339	-10.74995272	-9.83947526	2.87906558	4.24738639
1.27500000	-18.68224385	23.75019857	23.63713627	-10.68486090	-9.73916744	2.86723024	4.22956677
1.28333333	-18.87382057	24.03161866	23.93824898	-10.82119298	-9.92324930	2.89707796	4.26029878
1.29166667	-18.95888115	24.11224955	24.09599594	-10.82819384	-10.06043190	2.91832097	4.39144121
1.30000000	-18.84829436	23.94715523	23.89262275	-10.75883380	-9.91987325	2.91634251	4.33447071
1.30833333	-19.14561112	24.33884835	24.31517315	-10.90296472	-10.08897052	3.00021661	4.37717439
1.31666667	-19.01294078	24.13233830	24.09096476	-10.79880950	-9.95625483	2.95455481	4.33913461
1.32500000	-19.09411311	24.25598528	24.20123449	-10.86531089	-9.97448325	3.00865171	4.29354975
1.33333333	-19.15416813	24.27548911	24.25176985	-10.77832075	-9.95913172	2.89494625	4.30138269
1.34166667	-19.01963855	24.07963827	24.03511718	-10.70948800	-9.83302081	2.90549002	4.24162550
1.35000000	-18.97046965	24.05712017	23.96210631	-10.76750200	-9.82093088	2.89553325	4.22229282
1.35833333	-19.15151766	24.29577232	24.27648099	-10.88191862	-10.01283259	3.02629295	4.32253916
1.36666667	-19.21630866	24.37366216	24.35540878	-10.90680378	-10.04148907	3.04534954	4.32382251
1.37500000	-19.20382836	24.34228240	24.33426260	-10.87829744	-10.01492383	3.02686295	4.31636034
1.38333333	-19.12195749	24.24036886	24.18617730	-10.85560237	-9.91784144	2.99514063	4.26887435
1.39166667	-19.20951855	24.33081126	24.32175889	-10.85407142	-9.99571726	3.00716150	4.31981619
1.40000000	-19.12615885	24.20741253	24.18582208	-10.80467300	-9.91464964	3.01187408	4.29015029
1.40833333	-19.08153155	24.17425114	24.09896707	-10.83165466	-9.85589654	2.97951571	4.23432508
1.41666667	-19.13941969	24.24338509	24.18760696	-10.85786830	-9.88640593	3.05224712	4.23800475
1.42500000	-19.22850908	24.34882715	24.30927645	-10.87573717	-9.92778812	3.07345400	4.26851149
1.43333333	-19.11191137	24.20147727	24.12293951	-10.84490529	-9.82333146	3.03031351	4.22288165
1.44166667	-19.30694810	24.42989267	24.43099122	-10.88414064	-9.99522140	3.08347456	4.32236975
1.45000000	-19.13842999	24.18936933	24.15714091	-10.78955773	-9.82280401	3.07240069	4.25849091
1.45833333	-19.26600994	24.34804013	24.37778886	-10.84381853	-9.99204682	3.08467931	4.36778349
1.46666667	-19.07399363	24.07673954	24.08395356	-10.74362417	-9.83486669	3.07251155	4.30110993
1.47500000	-19.13011364	24.18152441	24.17303248	-10.81722089	-9.88953553	3.07392999	4.26732733
1.48333333	-19.04740432	24.04967022	24.02689068	-10.75742189	-9.80320420	3.06585027	4.26837235
1.49166667	-19.26758176	24.32767490	24.35885899	-10.84073735	-9.96070127	3.12368930	4.34772311
1.50000000	-19.18738934	24.22346120	24.25282420	-10.82258665	-9.93107710	3.11876722	4.33889176
1.50833333	-19.02791349	23.98593937	23.98888802	-10.72832167	-9.77396354	3.13161138	4.28760143
1.51666667	-19.12872179	24.13512508	24.14042973	-10.80291496	-9.84453073	3.18431978	4.27930456
1.52500000	-19.09727754	24.10237020	24.10028170	-10.81026218	-9.83902493	3.12244673	4.27737989
1.53333333	-19.34473181	24.40697672	24.46537440	-10.88256865	-10.01018436	3.17358930	4.37290884
1.54166667	-19.23712119	24.25638583	24.29765964	-10.83552717	-9.92027422	3.16926605	4.33136111
1.55000000	-19.17875935	24.17501375	24.19879118	-10.80591715	-9.86426675	3.16200961	4.31074887
1.55833333	-19.14792313	24.11094362	24.14941871	-10.78113557	-9.83281608	3.18021689	4.29416501
1.56666667	-19.38680558	24.42068156	24.49771885	-10.90720143	-9.98948952	3.21909805	4.36168467
1.57500000	-19.27221367	24.30188571	24.29724115	-10.90693266	-9.86549582	3.24202772	4.28834179
1.58333333	-19.28896698	24.27896988	24.35904245	-10.84044134	-9.97019515	3.18167194	4.36103558
1.59166667	-19.16666617	24.11469810	24.14040836	-10.80589126	-9.83177360	3.18061174	4.31530367
1.60000000	-19.08157893	23.99980317	24.00474813	-10.77375932	-9.75896323	3.17179490	4.26736126
1.60833333	-19.44256325	24.45241337	24.55672658	-10.91682575	-10.02750085	3.27516879	4.37860172
1.61666667	-19.36754250	24.36478799	24.46468856	-10.90236815	-9.99895313	3.27775257	4.35732429
1.62500000	-19.27951477	24.21938485	24.27482626	-10.81854710	-9.89061697	3.23556578	4.32669291
1.63333333	-19.49041075	24.50708856	24.60641643	-10.98395863	-10.05988748	3.28491548	4.42480614
1.64166667	-19.32914674	24.28484379	24.31772671	-10.89634811	-9.88721255	3.27604880	4.35413647
1.65000000	-19.33835151	24.31681907	24.34792752	-10.93376092	-9.95816772	3.30241901	4.38683028
1.65833333	-19.23136691	24.15993581	24.17535237	-10.87262139	-9.86348713	3.29668804	4.37924008
1.66666667	-19.25969209	24.20456522	24.19953435	-10.89919125	-9.86278077	3.28695492	4.46255221
1.67500000	-19.32393893	24.27027200	24.27639146	-10.91229493	-9.87885125	3.31451305	4.58718868
1.68333333	-19.25102625	24.15776929	24.16187989	-10.85648217	-9.81289593	3.32019160	4.67488145
1.69166667	-19.47348073	24.45197921	24.48977593	-10.97694226	-9.98562053	3.37667784	4.90386788
1.70000000	-19.35367159	24.27805610	24.30211870	-10.88864687	-9.86116979	3.37891767	4.89342064
1.70833333	-19.27429273	24.15982834	24.16420393	-10.85231792	-9.80128602	3.31325287	5.01233770
1.71666667	-19.52466430	24.49332910	24.54675694	-10.99535885	-10.01092059	3.36123824	5.16270324
1.72500000	-19.35483933	24.26579593	24.26321763	-10.92581325	-9.84969005	3.33801197	5.09179594
1.73333333	-19.35619858	24.25458285	24.29656259	-10.91665138	-9.91478725	3.35051013	5.13168183
1.74166667	-19.45526041	24.37773567	24.41529351	-10.96832737	-9.94176979	3.45144656	5.11517188
1.75000000	-19.36646496	24.24249127	24.28182573	-10.90326045	-9.87122073	3.41903828	5.10450091
1.75833333	-19.32333657	24.17669649	24.19551418	-10.87176705	-9.82972344	3.41247677	5.08101483
1.76666667	-19.40931256	24.29955635	24.30543229	-10.93969367	-9.86391487	3.47800709	5.07543966
1.77500000	-19.47123229	24.38522615	24.38198219	-10.98837168	-9.87929527	3.47678170	5.08764532
1.78333333	-19.39843183	24.29377067	24.25026590	-10.96816502	-9.80522331	3.46840048	5.03091992
1.79166667	-19.31697353	24.16924485	24.11100305	-10.93098941	-9.72458031	3.47849644	5.02029857
1.80000000	-19.49565218	24.41903445	24.38422335	-11.02743844	-9.87284739	3.52264995	5.08345741
1.80833333	-19.41148045	24.29735004	24.25376187	-10.97247806	-9.81500375	3.50529114	5.06108649
1.81666667	-19.36570045	24.22930131	24.17125494	-10.95009380	-9.77340282	3.48620923	5.04445066
1.82500000	-19.28813733	24.11685316	24.01818659	-10.90159762	-9.66569626	3.47551035	4.99766116
1.83333333	-19.32498028	24.18725321	24.05552693	-10.96500221	-9.67154906	3.46020679	4.99309610
1.84166667	-19.66378053	24.61503740	24.55809650	-11.10476219	-9.89918693	3.53931107	5.10071474
1.85000000	-19.56764270	24.50663234	24.43878644	-11.08309080	-9.86598469	3.54556032	5.06096889
1.85833333	-19.47451661	24.34413561	24.24510204	-10.98996001	-9.74392432	3.49457948	5.04646184
1.86666667	-19.52049094	24.42112846	24.30022382	-11.05747426	-9.75279425	3.52842351	5.04653516
1.87500000	-19.43952996	24.30364176	24.16066056	-11.01116301	-9.67606467	3.52830197	5.02417606
1.88333333	-19.35978677	24.17229171	24.01229958	-10.93115364	-9.58094525	3.53417602	5.00714473
1.89166667	-19.49709928	24.37691527	24.22691869	-11.03162636	-9.71692508	3.55141625	5.06972849
1.90000000	-19.40166846	24.24067230	24.07638479	-10.97646458	-9.64524807	3.55288669	5.03530007
1.90833333	-19.36220708	24.18916755	24.00553824	-10.95943073	-9.60865104	3.52992063	5.01272212
1.91666667	-19.46981869	24.33441910	24.13717843	-11.01437089	-9.64562606	3.54810912	5.02464485
1.92500000	-19.37529195	24.19731259	23.98474104	-10.94889476	-9.55606202	3.55677754	4.99363491
1.93333333	-19.31920501	24.12295690	23.90273787	-10.93216208	-9.53196604	3.52404215	4.97645895
1.94166667	-19.31631329	24.10174547	23.88691912	-10.90575317	-9.50692042	3.51279827	4.97264166
1.95000000	-19.43137667	24.27508699	24.08535428	-11.03639808	-9.65450348	3.59095327	5.07007204
1.95833333	-19.44234054	24.29794471	24.06502616	-11.07334260	-9.58175774	3.56435483	5.07747161
1.96666667	-19.35463748	24.16683300	23.95947721	-10.98600528	-9.56875916	3.60632374	5.05324714
1.97500000	-19.30725831	24.07568960	23.86721264	-10.93287087	-9.52371030	3.58019160	4.99998511
1.98333333	-19.51723500	24.34972774	24.14620460	-11.03145969	-9.62574037	3.63422056	5.06502170
1.99166667	-19.63050510	24.52187382	24.31965231	-11.12231778	-9.70855217	3.65796716	5.05181095
2.00000000	-19.52070984	24.36545566	24.17482546	-11.06890444	-9.69000286	3.64136176	5.07347851
2.00833333	-19.41870391	24.24940396	24.00674980	-11.05065892	-9.59029115	3.60571600	5.03372253
2.01666667	-19.39838477	24.23782754	23.97413917	-11.06608598	-9.55942653	3.62552609	5.05053117
2.02500000	-19.36967142	24.15999906	23.91611369	-10.99852177	-9.52898560	3.60604419	5.02037793
2.03333333	-19.47173520	24.28791268	24.05081803	-11.03284485	-9.57747038	3.62105057	5.03440349
2.04166667	-19.43174012	24.26258378	23.97900070	-11.04626250	-9.53059231	3.60810518	5.02569116
2.05000000	-19.47149223	24.29209161	24.04867748	-11.05116947	-9.58078250	3.59221436	5.03050939
2.05833333	-19.68431103	24.54676253	24.39198072	-11.10315841	-9.77852243	3.69592027	5.09041965
2.06666667	-19.54059009	24.36295404	24.13767595	-11.04464987	-9.62640200	3.57952862	5.07570489
2.07500000	-19.44202539	24.22661797	23.97827695	-10.98977683	-9.53408042	3.58872084	5.04722973
2.08333333	-19.52315073	24.33516602	24.10023481	-11.03194911	-9.60908586	3.60981510	5.06399971
2.09166667	-19.46477897	24.26271515	23.99833608	-11.01063472	-9.55872949	3.58424340	5.04889834
2.10000000	-19.44871119	24.24663740	23.99361399	-11.02457764	-9.58618942	3.60102420	5.09802981
2.10833333	-19.40209335	24.17610679	23.89924183	-10.99727326	-9.51366145	3.63540284	5.10449185
2.11666667	-19.24260010	23.96007916	23.63528288	-10.91915054	-9.35777172	3.64118079	5.08850991
2.12500000	-19.44834085	24.25122220	23.99694060	-11.02382216	-9.62085207	3.55238833	5.12396480
2.13333333	-19.45363599	24.26601261	23.97196221	-11.04165147	-9.57523635	3.55171538	5.10684515
2.14166667	-19.38964155	24.16522623	23.85171432	-10.99322371	-9.48366002	3.57571106	5.09536773
2.15000000	-19.25726387	23.97586334	23.64216535	-10.90254645	-9.38976547	3.51920751	5.04848113
2.15833333	-19.53890121	24.38390627	24.08938363	-11.10772042	-9.63869928	3.61034380	5.14223684
2.16666667	-19.41001204	24.19528123	23.85343905	-11.03238510	-9.47031064	3.66026476	5.14793576
2.17500000	-19.47017036	24.31804363	23.97595042	-11.11788971	-9.62213638	3.57495221	5.16167513
2.18333333	-19.45526057	24.30271158	23.95157157	-11.11992032	-9.60350892	3.62806951	5.14312532
2.19166667	-19.36258143	24.17691019	23.80018694	-11.08831087	-9.51510960	3.62803397	5.13196609
2.20000000	-19.27079173	24.07972340	23.66861511	-11.06356262	-9.47560383	3.63692326	5.09807549
2.20833333	-19.43983583	24.32398783	24.02885213	-11.20612030	-9.84893399	3.64765223	5.31369494
2.21666667	-19.41879427	24.31953408	24.03696524	-11.24365502	-9.89342418	3.67676331	5.28828151
2.22500000	-19.31495797	24.19568988	23.90053937	-11.24147010	-9.83937633	3.68134949	5.23266208
2.23333333	-19.43398511	24.38833004	24.14767035	-11.36742251	-10.06027942	3.68825586	5.30347000
2.24166667	-19.31149744	24.26835859	23.98892611	-11.38018294	-10.01864236	3.68776462	5.21842725
2.25000000	-19.26597488	24.24237979	23.96061398	-11.40780915	-10.06724227	3.68502092	5.17152307
2.25833333	-19.29536272	24.30444752	24.06989353	-11.48462466	-10.19657286	3.72704253	5.27254299
2.26666667	-19.24249434	24.26781446	24.00975064	-11.49979145	-10.26494008	3.73059615	5.35028121
2.27500000	-19.36145657	24.45341841	24.17350799	-11.58228453	-10.35896784	3.74072770	5.44134001
2.28333333	-19.14258774	24.22305817	23.82704866	-11.57824639	-10.16631400	3.74363902	5.41204988
2.29166667	-19.15943288	24.33752781	23.82274334	-11.73448852	-10.18458193	3.80236089	5.47702487
2.30000000	-19.16679508	24.39965373	23.88906012	-11.80078588	-10.32512778	3.82197749	5.59074827
2.30833333	-19.11282666	24.39471838	23.73734727	-11.89261960	-10.18600475	3.83740212	5.59585617
2.31666667	-19.13907562	24.51380230	23.75825821	-12.05314027	-10.16240545	3.90093121	5.59521751
2.32500000	-19.02606985	24.42690556	23.55636328	-12.12715346	-10.02050127	3.92570114	5.55956243
2.33333333	-19.06454451	24.52839438	23.65640311	-12.23359723	-10.14645773	3.92761142	5.63743160
2.34166667	-19.08003877	24.62568256	23.61731583	-12.37273808	-10.04175448	3.98619901	5.54661370
2.35000000	-19.04316353	24.60052385	23.62202737	-12.39653389	-10.19839194	3.99571000	5.66106405
2.35833333	-19.03809142	24.66414679	23.57170451	-12.51395144	-10.12644160	4.04815278	5.61049457
2.36666667	-19.08895701	24.75825039	23.61997122	-12.57609300	-10.16132921	4.08877837	5.61635295
2.37500000	-19.04676086	24.74558117	23.48992099	-12.66259456	-10.05266247	4.15863872	5.55404391
2.38333333	-19.11972256	24.87148143	23.59476463	-12.74508945	-10.10839736	4.21040716	5.59690696
2.39166667	-19.05138274	24.79846432	23.52866396	-12.75486665	-10.16448774	4.21950662	5.61508273
2.40000000	-19.03258579	24.80546823	23.49875357	-12.82554669	-10.15547782	4.28627096	5.59878682
2.40833333	-18.97359967	24.75772291	23.38256283	-12.88681497	-10.09388886	4.34687422	5.59991399
2.41666667	-18.93458390	24.69368267	23.38700181	-12.83926187	-10.23510262	4.33071533	5.67423492
2.42500000	-18.77016218	24.50502652	23.14873690	-12.87563881	-10.14661054	4.42379292	5.65427986
2.43333333	-18.69645766	24.43826915	23.02568725	-12.94147446	-10.10614059	4.51358379	5.65684915
2.44166667	-18.95487189	24.70402085	23.47227519	-12.92401826	-10.41834225	4.51444915	5.79250954
2.45000000	-18.80003416	24.49437865	23.27589428	-12.89470372	-10.39897845	4.57854805	5.78510769
2.45833333	-18.68285770	24.32290605	23.17143701	-12.87450916	-10.46582943	4.62595590	5.86682520
2.46666667	-18.58783179	24.18079882	23.07332049	-12.86313848	-10.51776920	4.66867105	5.89610231
2.47500000	-18.49867431	24.05040052	23.04353630	-12.85068903	-10.69298494	4.73109373	6.01147960
2.48333333	-18.45138981	23.97378591	23.05195766	-12.85559156	-10.87489655	4.78679861	6.09804613
2.49166667	-18.55379197	24.05803303	23.25525215	-12.84221594	-11.10313051	4.80948731	6.17031918
2.50000000	-18.44376815	23.90118634	23.18872938	-12.83040328	-11.30398861	4.85055820	6.23194185
2.50833333	-18.33690013	23.74886437	23.17590530	-12.82185175	-11.58119784	4.91814883	6.35136446
2.51666667	-18.23167231	23.60872228	23.21101431	-12.83301458	-11.91853322	4.98419057	6.50766766
2.52500000	-18.13344474	23.46380518	23.26605994	-12.83279540	-12.29880056	5.06060848	6.68211385
2.53333333	-18.39154792	23.78079620	23.76245900	-12.98191789	-12.67488621	5.19778534	6.72814093
2.54166667	-18.20592992	23.49886136	23.74992750	-12.92297919	-13.12767477	5.28424633	6.81152211
2.55000000	-18.01757583	23.23022913	23.83834219	-12.89249397	-13.81359271	5.40711717	7.20063335
2.55833333	-17.82857621	22.96548827	23.94813743	-12.85701814	-14.49940775	5.50229918	7.38616558
2.56666667	-17.64599978	22.72374981	24.13436399	-12.84027133	-15.30446273	5.61189524	7.63824764
2.57500000	-17.96712991	23.14893583	24.93443597	-13.01421242	-16.00447393	5.67126534	7.47007173
2.58333333	-17.68262116	22.78633699	25.08162740	-12.98479155	-16.91757209	5.77761499	7.51205720
2.59166667	-17.55037427	22.58990498	25.48785548	-12.96929837	-17.92079483	5.88650916	7.69419652
2.60000000	-17.43558578	22.42118802	25.95121176	-12.96873603	-18.95662565	6.00522576	7.64583701
2.60833333	-17.23748788	22.21529719	26.28803298	-13.05766301	-20.00009451	6.04436204	7.51235507
2.61666667	-17.34218045	22.39952978	27.03795412	-13.26449426	-20.90509477	6.21030519	6.88193342
2.62500000	-17.10883450	22.09245369	27.49461086	-13.25791412	-22.19863812	6.34705657	6.92555056
2.63333333	-17.03215057	22.00398292	28.14327206	-13.35058169	-23.33349160	6.46838525	6.35786321
2.64166667	-16.87074025	21.78149313	28.76838382	-13.37636756	-24.65385453	6.61269349	5.98557277
2.65000000	-16.60036856	21.41857422	29.26107960	-13.33448644	-26.05965857	6.64218324	5.81042834
2.65833333	-16.40057161	21.08201662	29.97641013	-13.21800347	-27.48292235	6.75521846	5.26401501
2.66666667	-16.11658990	20.69102721	30.53087387	-13.15009514	-28.97566122	6.78415021	5.04551727
2.67500000	-15.86452604	20.28294818	31.18700526	-13.01777991	-30.38824458	6.89352978	4.19505040
2.68333333	-15.59629854	19.87793292	31.76060963	-12.91732711	-31.88351140	6.92568431	3.92257398
2.69166667	-15.31855204	19.43043855	32.34371568	-12.79476606	-33.38159636	6.95472857	3.61741441
2.70000000	-15.00719919	18.81089826	33.01135835	-12.42210264	-34.88296780	7.09764958	2.84490803
2.70833333	-14.77271094	18.39407100	33.56512890	-12.29318259	-36.21107826	7.06440743	2.55298874
2.71666667	-14.50021687	17.92708280	34.00789332	-12.18272968	-37.21530574	7.18273315	1.17829401
2.72500000	-14.29647385	17.54973778	34.55609285	-12.07510227	-38.37308004	7.19394822	1.08450991
2.73333333	-14.11852199	17.19521423	35.10051976	-11.93423832	-39.41004510	7.23274771	1.06999096
2.74166667	-13.93642733	16.81778055	35.65370720	-11.76840143	-40.37519398	7.38256378	1.37846151
2.75000000	-13.81831113	16.52839119	36.15199185	-11.64096228	-41.06384189	7.38891975	1.48114874
2.75833333	-13.72319623	16.26490416	36.65520454	-11.51618413	-41.62365449	7.41968912	1.72135047
2.76666667	-13.59624452	16.13059638	37.01915640	-11.86218189	-42.06327149	7.82043940	2.78428122
2.77500000	-13.53592998	15.92853436	37.44321791	-11.76754387	-42.30330053	7.85920198	3.05018791
2.78333333	-13.50073728	15.75093524	37.86020618	-11.66737968	-42.36584646	7.89421861	3.19308703
2.79166667	-13.42949519	15.62219799	38.13827247	-11.72866592	-42.31091001	8.04519134	3.66643003
2.80000000	-13.38949986	15.45628657	38.49642658	-11.68420051	-42.12915777	8.07623195	3.69031705
2.80833333	-13.38952723	15.35075380	38.64459241	-11.71556505	-41.69850510	8.23756108	3.81863714
2.81666667	-13.38372794	15.21549205	38.95730203	-11.66293631	-41.27159488	8.30328199	3.85551147
2.82500000	-13.37806330	15.08344369	39.26364869	-11.62949247	-40.76810444	8.37059780	3.87600748
2.83333333	-13.31408336	14.90124910	39.28689458	-11.64734355	-39.96326400	8.58318973	3.69237036
2.84166667	-13.34395728	14.79045570	39.56448144	-11.59043239	-39.25953347	8.65851062	3.65249176
2.85000000	-12.57132334	13.90733355	38.48755766	-11.93251178	-37.83322311	9.11792975	2.44910784
2.85833333	-12.64267483	13.80079629	38.70536856	-11.86656278	-36.91093124	9.21454106	2.33908253
2.86666667	-12.60046209	13.64981112	38.73768856	-11.89466028	-35.84565197	9.45752731	1.55423235
2.87500000	-12.23086421	13.08759590	38.29665856	-11.89039440	-34.58886955	9.62250978	0.91035711
2.88333333	-12.28603657	12.94572576	38.36203633	-11.83336155	-33.43448121	9.77858996	0.47212639
2.89166667	-12.24605466	12.69911755	38.30931727	-11.81060379	-32.20616969	9.94307769	0.05421971
2.90000000	-12.21541883	12.49109966	38.22391173	-11.81544530	-30.96077641	10.11235004	-0.37500473
2.90833333	-12.06725205	12.14262538	38.00658392	-11.81199643	-29.68814173	10.28282522	-0.72281520
2.91666667	-11.98672023	11.85170582	37.86504595	-11.79340905	-28.45503130	10.45156477	-0.98099523
2.92500000	-11.83983420	11.47404315	37.63005562	-11.77772283	-27.22588968	10.64375378	-0.98258543
2.93333333	-11.91868039	11.37281445	37.68401248	-11.80917375	-26.03547960	10.78012663	-1.06771731
2.94166667	-11.47782777	10.62914940	37.13391895	-11.68162794	-24.99258698	11.04637663	-0.55344767
2.95000000	-11.51127419	10.45217170	37.14492328	-11.71580027	-23.83119430	11.28848055	-0.79270423
2.95833333	-11.35465864	10.02118445	36.93118077	-11.57220428	-22.87730696	11.42964318	-0.40960878
2.96666667	-11.45815460	9.94425884	36.95725796	-11.68467773	-21.78347178	11.71667559	-0.55515988
2.97500000	-11.52215814	9.86295357	36.96804859	-11.81920881	-20.74864734	11.89127524	-0.61399731
2.98333333	-11.23596280	9.27059193	36.64503065	-11.78079079	-20.02332890	12.23214018	-0.13149900
2.99166667	-11.31667884	9.20194271	36.61296934	-11.94355166	-19.04308918	12.41961219	-0.26971703
3.00000000	-11.22553081	8.86639442	36.47746368	-11.91302141	-18.41058209	12.69823969	-0.04926291
3.00833333	-11.34192449	8.83339519	36.53281723	-12.09434748	-17.63074451	12.98865576	-0.19675661
3.01666667	-11.27872341	8.60943051	36.41428650	-12.16872558	-17.07747133	13.16949397	-0.09037743
3.02500000	-11.38075786	8.55257320	36.42154143	-12.36707200	-16.42656940	13.42945014	-0.18715898
3.03333333	-11.61130140	8.65252477	36.68002655	-12.45122143	-16.12145453	13.63203143	-0.08476176
3.04166667	-11.68694480	8.68671215	36.57718661	-12.82254481	-15.59126076	13.83116860	-0.04751111
3.05000000	-11.72318571	8.67381981	36.41566769	-13.16971297	-15.18081270	14.32296755	-0.01854396
3.05833333	-11.73372279	8.55513727	36.42078103	-13.43073604	-15.09878279	14.35574022	-0.00069856
3.06666667	-11.96100046	8.62896478	36.53285922	-13.40668916	-15.01355432	14.45099050	0.31713256
3.07500000	-11.95956364	8.50417852	36.48838171	-13.73452676	-15.09242918	14.53048790	0.35163172
3.08333333	-11.95204381	8.54709553	36.28779895	-14.32359067	-15.02567860	15.14146567	0.59879471
3.09166667	-12.10612179	8.55292051	36.34066844	-14.45837650	-15.21260806	14.99239611	0.45230018
3.10000000	-12.11981766	8.58734259	36.24103329	-15.02317318	-15.48439401	15.31545841	0.48425261
3.10833333	-12.08942995	8.55494580	36.12829003	-15.54965133	-15.84380794	15.56595737	0.28898436
3.11666667	-12.21346020	8.69137433	36.06092991	-16.05346850	-16.00239223	15.74222677	-0.28027671
3.12500000	-12.55850770	9.02782008	36.33726987	-16.45653231	-16.30929463	15.39988666	-1.00783974
3.13333333	-12.52539331	9.11300489	36.13661297	-17.19543877	-16.58227837	15.59341294	-1.54743194
3.14166667	-12.45315349	8.97929165	36.02720811	-17.73703186	-17.04729353	15.53262606	-1.79702276
3.15000000	-12.76208923	9.53144382	36.22292830	-18.50770143	-17.17052657	15.09698525	-3.13716770
3.15833333	-12.79875908	9.72170722	36.23342853	-19.35227571	-17.54170994	14.95912526	-3.72428427
3.16666667	-12.69094827	9.72795433	36.19403792	-20.19438190	-18.08245277	14.73778156	-3.95813109
3.17500000	-12.69124610	10.07902076	36.15856295	-21.31940139	-18.43331696	14.37964872	-4.25127312
3.18333333	-13.00049564	10.49622902	36.52291105	-22.07167661	-18.82396685	13.33672739	-4.78001110
3.19166667	-13.17019868	11.04694429	36.78544498	-23.28971551	-19.43189712	12.70206043	-4.78603738
3.20000000	-12.96268240	11.18199862	36.51662976	-24.57094670	-19.91276432	12.18954563	-4.58107871
3.20833333	-12.75489369	11.36409799	36.30315034	-25.93165295	-20.45124830	11.30421296	-4.13362968
3.21666667	-12.90310816	12.01320087	36.48909141	-27.39234798	-21.05462707	9.85045029	-3.76479818
3.22500000	-12.63839207	12.45578812	36.08442031	-29.23198044	-21.45203340	8.95300952	-3.40667105
3.23333333	-12.83992332	13.63297874	36.21043041	-31.30024968	-21.91133460	7.09990936	-2.77411773
3.24166667	-12.56535710	14.28241664	35.69194926	-33.42730765	-22.10363143	5.68667960	-2.32493441
3.25000000	-12.38525481	15.24448256	35.17383527	-35.79408530	-22.15785660	3.97644819	-1.86566213
3.25833333	-12.65790411	16.77043415	35.28158711	-38.16966454	-22.39561389	1.33725927	-1.40691934
3.26666667	-12.40628824	17.85458876	34.63386503	-40.73635112	-22.30381814	-0.43348380	-1.04566616
3.27500000	-12.59682756	19.51785814	34.43221736	-43.27884188	-22.17979655	-3.24098567	-0.69250213
3.28333333	-12.31726790	20.72429797	33.68322287	-45.88948564	-21.92439459	-5.03179425	-0.38438142
3.29166667	-12.49369031	22.43471199	33.40540210	-48.35707144	-21.65450244	-7.72804296	-0.07148208
3.30000000	-12.28444636	23.72546553	32.72302945	-50.81732299	-21.38039035	-9.36627472	0.19724218
3.30833333	-12.10317905	25.13567484	32.02589782	-53.25738469	-21.04346722	-10.85056376	0.46640207
3.31666667	-12.04328280	26.57953555	31.52634516	-55.56262220	-20.75402806	-12.28944541	0.73475525
3.32500000	-11.98418719	28.10254062	31.00531331	-57.82900211	-20.49214714	-13.58942607	1.00451320
3.33333333	-12.01160832	29.65885234	30.77783107	-59.89002847	-20.55518159	-15.18880831	1.38381599
3.34166667	-11.74365078	30.85537831	30.03647100	-61.96630158	-20.23330280	-15.21702540	1.61437245
3.35000000	-11.49108528	32.13447837	29.29195698	-64.00097191	-19.92298746	-15.10574793	1.84863089
3.35833333	-11.21886092	33.39304784	28.63287979	-65.95252013	-19.73631355	-15.21692193	2.08844279
3.36666667	-11.27695216	34.92390131	28.51408448	-67.68974532	-19.85917000	-15.86746861	2.58035334
3.37500000	-10.96595604	36.16270146	27.62344854	-69.51081218	-19.44412300	-15.02020409	2.71287606
3.38333333	-10.69857901	37.36261041	26.85489590	-71.18286368	-19.08386240	-14.10290034	2.87233469
3.39166667	-10.41643288	38.56862309	26.12841867	-72.77491780	-18.81956143	-13.43532582	3.12906552
3.40000000	-10.13144550	39.82847988	25.37347004	-74.31878368	-18.47970547	-12.38331049	3.24658330
3.40833333	-9.83111772	40.92938287	24.60215958	-75.67793796	-18.17918098	-11.31514752	3.48645524
3.41666667	-9.52914910	42.13847359	23.79969061	-76.99093814	-17.80015974	-10.19564233	3.60850807
3.42500000	-9.11764698	43.17109363	22.90744326	-78.25579288	-17.56420025	-8.52222550	3.92859308
3.43333333	-8.87721444	44.36750899	22.10621829	-79.33251608	-17.09695092	-7.41688068	4.03273851
3.44166667	-8.48155031	45.39516116	21.07680392	-80.39389411	-16.67354970	-5.70749960	4.21577606
3.45000000	-8.26931943	46.58489857	20.33622115	-81.26974599	-16.23596871	-4.67757254	4.31018778
3.45833333	-7.69606993	47.25394648	19.25724731	-82.02177083	-15.98610055	-2.20849523	4.56257450
3.46666667	-7.50785485	48.36670418	18.54910151	-82.65314863	-15.53531147	-1.31528942	4.58065241
3.47500000	-7.03358615	49.16177344	17.55925893	-83.22640664	-15.20776519	0.55615903	4.71019032
3.48333333	-6.91155046	50.27373104	16.88927827	-83.62123798	-14.73288120	1.18513369	4.77869149
3.49166667	-6.30971191	50.79612971	15.83620724	-83.90322222	-14.53595258	2.95010838	4.90473427
3.50000000	-6.13428175	51.71394369	15.27449889	-84.05213757	-14.24068920	3.68607891	4.97613323
3.50833333	-5.85505537	52.56650213	14.55227560	-84.16547212	-13.97566292	4.49764965	5.12344694
3.51666667	-5.54670235	53.22728046	13.85728746	-84.14973607	-13.85144467	5.90956856	5.30145087
3.52500000	-5.05771118	53.68395488	12.92701782	-83.97785256	-13.62952761	6.67776693	5.43217681
3.53333333	-4.96825309	54.53566929	12.51273097	-83.77580147	-13.44776224	7.09301249	5.61892354
3.54166667	-4.72288886	55.15895266	11.93595868	-83.48013075	-13.36296217	8.24331184	5.86095801
3.55000000	-4.55559600	55.78503174	11.48810617	-83.02282109	-13.27032755	8.62106645	6.09387620
3.55833333	-4.39955586	56.38272734	11.03531665	-82.55289051	-13.16759971	9.25522413	6.38104694
3.56666667	-4.20912383	56.91720632	10.48931704	-81.99378967	-13.06339242	9.89678958	6.65736536
3.57500000	-4.17554962	57.56296363	10.09493141	-81.38351710	-12.88139460	10.04719893	6.78829234
3.58333333	-3.96427256	57.86979842	9.64865805	-80.64505858	-12.95853071	11.25010784	7.08619555
3.59166667	-3.90520644	58.38929837	9.32511643	-79.92389796	-12.95768998	11.27304794	7.14636034
3.60000000	-3.83169636	58.76560059	8.97840297	-79.04473899	-12.91644326	11.43560841	7.49644034
3.60833333	-3.80388722	59.19859116	8.69076950	-78.22105553	-12.92818200	11.45249343	7.54690681
3.61666667	-3.82367273	59.60472913	8.36104039	-77.29569792	-12.78728480	11.48648715	7.78749717
3.62500000	-3.64646587	59.69580280	8.05056850	-76.37875269	-13.05402468	12.32511143	8.15226397
3.63333333	-3.64924678	59.99695654	7.77995189	-75.45406192	-13.06661654	12.24094666	8.28524539
3.64166667	-3.66336376	60.24172599	7.53743897	-74.49992259	-13.11286112	12.04208349	8.56145926
3.65000000	-3.69212566	60.46927506	7.31634738	-73.53004853	-13.21479564	11.70066850	9.04774386
3.65833333	-3.69011208	60.56536225	7.08353859	-72.53392890	-13.34323847	11.40263625	9.43076467
3.66666667	-3.55193204	60.43511490	6.74385378	-71.52839271	-13.50253209	11.22909626	9.80258130
3.67500000	-3.52957097	60.46504044	6.41644596	-70.60000931	-13.52728224	10.76486402	10.03742759
3.68333333	-3.55913264	60.50339368	6.21445633	-69.75193378	-13.63856840	10.62974545	10.12289495
3.69166667	-3.40997905	60.26039248	5.72887582	-68.93084303	-13.64472353	10.33664336	10.68028062
3.70000000	-3.39709452	60.19074752	5.42326434	-68.12270558	-13.67589180	9.72799370	10.80098302
3.70833333	-3.17814112	59.79988106	5.04713737	-67.30786876	-13.77748855	9.09164180	11.00227282
3.71666667	-3.06411027	59.48578547	4.59778987	-66.59485170	-13.74230506	8.74232031	11.17023435
3.72500000	-3.08972289	59.32298976	4.29812914	-65.95328835	-13.74738559	8.38115837	11.24487769
3.73333333	-2.98595162	59.02023266	3.78469857	-65.42523316	-13.61386019	7.53777743	11.36773489
3.74166667	-2.97828063	58.74117602	3.37177709	-64.94820027	-13.49904448	6.86406124	11.40402011
3.75000000	-3.02357202	58.48748525	3.03829076	-64.48840614	-13.40039546	6.08068389	11.44325384
3.75833333	-3.03488203	58.16251715	2.68766966	-64.03707402	-13.32555821	5.07282738	11.45119772
3.76666667	-2.73865115	57.45869002	1.90967903	-63.59102448	-13.11796022	3.73810065	11.31042659
3.77500000	-2.94072136	57.30690850	1.72523655	-63.30744074	-13.03781739	2.60354080	11.27311081
3.78333333	-3.14017935	57.08803039	1.54170378	-63.00809740	-12.90624298	1.62612874	11.17370107
3.79166667	-3.34521027	56.82109589	1.40452929	-62.67441820	-12.81407225	0.76892947	10.94477091
3.80000000	-3.57868134	56.55352515	1.30128136	-62.38435721	-12.79802603	0.63333559	10.89145485
3.80833333	-3.81335634	56.26965384	1.14029809	-62.13187121	-12.60222291	0.29380661	10.29419205
3.81666667	-4.05637632	55.96872946	1.05733799	-61.89014539	-12.58741834	0.41365448	10.19811975
3.82500000	-4.17259002	55.47846156	0.79532007	-61.66808729	-12.53514444	1.49722605	9.39471766
3.83333333	-4.50713049	55.23347110	0.79801993	-61.50457377	-12.45704647	2.23551033	8.90701318
3.84166667	-4.83819719	54.96367353	0.80618060	-61.33110284	-12.37751579	3.06095317	8.30500665
3.85000000	-5.15304781	54.64763491	0.85734362	-61.08062432	-12.35456703	3.90310235	7.59941720
3.85833333	-5.50818371	54.36791909	0.94081133	-60.76952912	-12.35751704	4.71270157	6.84006395
3.86666667	-5.85172249	54.06122558	1.00036397	-60.39154324	-12.34713480	5.51418094	5.92306959
3.87500000	-6.15338755	53.69499507	1.07389256	-59.95976368	-12.42701962	6.11687470	5.01980680
3.88333333	-6.50046962	53.37739969	1.18141488	-59.53649467	-12.38481004	6.85026741	4.04135186
3.89166667	-6.80412285	53.00911275	1.40011843	-58.99413567	-12.67280959	7.15337591	3.02197488
3.90000000	-7.18113483	52.67057004	1.68764624	-58.40637251	-12.88715275	7.36277322	1.62092099
3.90833333	-7.78866354	52.61812030	2.32241896	-57.86383883	-13.12441230	7.30085403	0.42684847
3.91666667	-8.02002363	52.14454479	2.64110498	-57.26868082	-13.62427049	7.45680984	-1.00731152
3.92500000	-8.38354316	51.79750482	3.09376921	-56.69930957	-13.98431443	7.55105596	-2.47741127
3.93333333	-8.69257896	51.38679246	3.58018302	-56.12107378	-14.54955543	7.75853742	-4.08980875
3.94166667	-9.15946470	51.12390759	4.42569496	-55.53046571	-15.31004487	7.92943334	-5.69742380
3.95000000	-9.39427290	50.55382309	4.99843169	-54.82281485	-16.15268409	8.06438939	-7.47907813
3.95833333	-9.72852188	50.07817026	5.67105964	-54.11662877	-17.01207328	8.19522224	-9.30173806
3.96666667	-10.13945940	49.73856667	6.56522401	-53.48828844	-17.95907767	8.26367952	-11.02557190
3.97500000	-10.27648790	49.00825251	7.40719576	-52.66689425	-19.26306562	8.39648566	-12.62738988
3.98333333	-10.48392631	48.34665897	8.33618521	-51.80258696	-20.59149475	8.41826091	-14.06412714
3.99166667	-10.81361010	47.90144041	9.56031671	-51.12027808	-22.17769104	8.40097916	-15.17368204
4.00000000	-10.78172661	47.01386354	10.52185840	-50.26088058	-24.05117028	8.45589572	-15.98037079
4.00833333	-10.95037755	46.36457115	11.87909323	-49.43497418	-26.12641267	8.40178666	-16.62174987
4.01666667	-10.79925154	45.39953906	12.92454939	-48.67453567	-28.42938948	8.42079095	-16.91438114
4.02500000	-11.15877317	45.04499209	14.68099341	-47.96716731	-30.90576480	8.32799216	-17.50369518
4.03333333	-11.00690527	44.04687710	15.96557355	-47.08634986	-33.70257239	8.36715482	-17.34629122
4.04166667	-11.24874431	43.60690116	17.88926924	-46.41227152	-36.70280654	8.29541158	-17.64271771
4.05000000	-11.08496311	42.67067349	19.29536286	-45.63429149	-39.82043298	8.31006241	-16.83919262
4.05833333	-11.47363528	42.34785208	21.48188085	-44.85650128	-43.04665496	8.28203652	-16.79089383
4.06666667	-11.54812741	41.68539288	23.27539314	-44.09702523	-46.32688279	8.32383582	-15.90876179
4.07500000	-11.93596670	41.37418992	25.51862608	-43.32685438	-49.71968919	8.32328217	-14.85452517
4.08333333	-11.60445827	40.24010511	26.83073785	-42.46974287	-52.94538881	8.22226040	-13.37468234
4.09166667	-11.41978528	39.34558022	28.35925122	-41.68671157	-56.21704769	8.14785240	-11.71064526
4.10000000	-11.93144267	39.27349377	30.81543867	-41.06304242	-59.60061708	8.25050874	-10.12457260
4.10833333	-11.70577126	38.30124793	32.26947940	-40.24875148	-62.64918724	8.13291368	-8.37383741
4.11666667	-11.95847552	37.97017142	34.38476871	-39.62613867	-65.85238911	8.25663030	-6.11434241
4.12500000	-11.87565321	37.16312055	35.94698955	-38.90425520	-68.66286280	8.19896728	-4.12382069
4.13333333	-12.34969683	37.14866816	38.26149182	-38.43707582	-71.62244291	8.47711730	-1.50165737
4.14166667	-12.15539864	36.18228701	39.73147165	-37.59563200	-74.16978092	8.36844298	0.54707301
4.15000000	-12.24095847	35.54040761	41.57000806	-36.82252683	-76.74869038	8.57341430	3.47576225
4.15833333	-12.09047363	34.71849291	42.96819639	-36.10536906	-78.91647099	8.46532545	5.47021341
4.16666667	-12.21862776	34.13942393	44.70715436	-35.36378466	-81.06680282	8.72523308	8.35933794
4.17500000	-12.03248909	33.20915156	45.95270543	-34.53386444	-82.81646674	8.58766461	10.20475841
4.18333333	-11.80051888	32.23170095	47.14924900	-33.69932289	-84.52441694	8.70335279	12.89288254
4.19166667	-11.73050197	31.37106389	48.39102365	-32.83431114	-85.83852656	8.57843245	14.55220295
4.20000000	-11.58690626	30.57442476	49.56628238	-32.15810448	-87.08196302	8.75519257	16.75643788
4.20833333	-11.35635232	29.65752829	50.65618597	-31.43667594	-88.07319966	8.79738956	18.43572950
4.21666667	-11.20901467	28.74782290	51.78902881	-30.58881542	-88.81987814	8.63614480	19.59917690
4.22500000	-10.88230142	27.63190766	52.68100334	-29.80028074	-89.44203146	8.81243328	21.34829140
4.23333333	-10.77561162	26.94721281	53.73290070	-29.14536814	-89.81652271	8.63381731	22.35963991
4.24166667	-10.45713463	25.97897949	54.46402037	-28.49908774	-90.05752698	8.72827751	23.87356866
4.25000000	-10.47454943	25.30391956	55.55999189	-27.75228678	-90.05962894	8.63583836	24.72834224
4.25833333	-10.46050292	24.71591530	56.60665362	-27.12994049	-89.91073723	8.62528305	25.00998525
4.26666667	-10.37368837	24.08570822	57.43888022	-26.61873545	-89.60310163	8.73269929	26.26708030
4.27500000	-10.39086459	23.54307069	58.37325560	-26.04336406	-89.12567796	8.73072942	26.43600845
4.28333333	-10.45113826	23.07384606	59.24760817	-25.49961666	-88.46601522	8.46032347	27.14818771
4.29166667	-10.44986560	22.61724218	60.05874052	-25.07652456	-87.71238198	8.52203696	27.22107608
4.30000000	-10.26162610	21.64782044	60.50816753	-24.27550614	-86.81257766	8.44020937	27.87804398
4.30833333	-10.15667082	21.18504191	60.91985321	-23.92572401	-85.74871191	8.50700802	27.97047878
4.31666667	-10.09258070	20.68463937	61.33718560	-23.53811203	-84.60336860	8.51306024	28.07413533
4.32500000	-10.05547854	20.20865492	61.72956781	-23.13354063	-83.38707358	8.50290231	27.92597839
4.33333333	-10.07201252	19.73736757	62.10651228	-22.72721386	-82.07179468	8.55216070	27.72842197
4.34166667	-10.16296008	19.35190671	62.49477749	-22.29341381	-80.74669797	8.61224101	27.52802780
4.35000000	-10.18935247	18.86587700	62.68864938	-21.88650158	-79.31998486	8.64810344	26.85455735
4.35833333	-10.27968587	18.52870902	62.91152205	-21.51748693	-77.94427811	8.69814585	26.54801715
4.36666667	-10.11649665	18.04431424	62.70149898	-21.42252367	-76.45846280	8.99981357	25.64407477
4.37500000	-10.25431729	17.64920413	62.81666130	-20.93883973	-75.10626614	8.95391199	24.90327302
4.38333333	-10.33742966	17.35252358	62.83270205	-20.64157705	-73.82185412	8.86482593	23.95366746
4.39166667	-10.43110821	17.01542778	62.79739192	-20.30641824	-72.60262733	8.82004978	23.12083346
4.40000000	-10.53321025	16.64918412	62.71794560	-19.93643226	-71.49610329	8.77787022	22.17125168
4.40833333	-10.53121498	16.29439908	62.49947032	-19.70112113	-70.47903587	8.69747233	20.92702167
4.41666667	-10.61678152	15.90693181	62.32154956	-19.33845959	-69.57927099	8.66739265	19.96742684
4.42500000	-10.71531906	15.56056749	62.10716336	-19.02437873	-68.78374851	8.61459380	18.81851336
4.43333333	-10.80374516	15.26470514	61.85516351	-18.77635928	-68.09218122	8.51631034	17.60819591
4.44166667	-10.91551673	14.97691214	61.55735204	-18.52929781	-67.45654941	8.38592219	16.45070663
4.45000000	-11.00759402	14.72772893	61.17784199	-18.38622777	-66.88884340	8.23022507	15.30702334
4.45833333	-11.19494916	14.50555449	60.88401289	-18.13882988	-66.40818083	8.00991125	14.63071884
4.46666667	-11.37755739	14.32332676	60.53827433	-17.95186425	-66.00985179	7.72715312	14.23003818
4.47500000	-11.62752757	14.23707181	60.19222630	-17.82938873	-65.63784721	7.57999715	14.26838179
4.48333333	-11.88401330	14.15047784	59.80710354	-17.64747633	-65.30861059	6.92029618	14.84034889
4.49166667	-12.16812565	14.08278507	59.38508223	-17.49767211	-64.93569237	6.54359514	15.56280714
4.50000000	-12.43015328	14.08365817	58.88364265	-17.44786920	-64.51637363	5.95540378	16.58310008
4.50833333	-12.70549271	14.08275725	58.41435168	-17.39916038	-64.06069869	5.36672505	17.45627432
4.51666667	-13.03513991	14.14719557	57.95488918	-17.36615037	-63.52349327	4.61553642	18.23174529
4.52500000	-13.38222663	14.32136340	57.56546743	-17.45492883	-62.94915691	3.73429312	18.81324153
4.53333333	-13.74226896	14.46916624	57.24205790	-17.51639956	-62.37524052	2.83325208	19.16440490
4.54166667	-14.08878819	14.63384404	56.96285197	-17.63943421	-61.80362342	1.79761359	19.08107253
4.55000000	-14.34835323	14.79210890	56.57750688	-17.85860817	-61.22215944	0.71746451	19.20238760
4.55833333	-14.55649838	14.95238967	56.15935010	-18.16780065	-60.67311821	-0.40390585	19.16313122
4.56666667	-14.89670628	15.37365515	55.93588958	-18.67948461	-60.12116275	-1.48934722	18.82305445
4.57500000	-14.97503198	15.54338639	55.38158010	-19.19401766	-59.59434956	-2.78311920	18.87393167
4.58333333	-15.03240104	15.77855514	54.77441788	-19.85657873	-59.02980069	-4.16664263	18.90987696
4.59166667	-15.04268690	16.04782204	54.08763811	-20.57440673	-58.40772303	-5.76352419	18.86282490
4.60000000	-15.06236762	16.51362815	53.34348121	-21.64586913	-57.71335877	-7.21450837	18.93836830
4.60833333	-15.07246923	17.19217726	52.56913007	-23.00650845	-56.93727584	-8.77611700	19.02232615
4.61666667	-15.02853753	18.00036710	51.68570540	-24.65050486	-56.07337086	-10.21746633	19.04961638
4.62500000	-15.08789256	18.87898434	50.97577322	-26.23239086	-55.29962649	-11.81204640	18.96120813
4.63333333	-14.96831632	19.63893450	49.96206897	-28.17293438	-54.41280873	-13.04593234	19.07374969
4.64166667	-14.95119362	20.77413376	49.07210688	-30.51661668	-53.52772960	-14.10146544	19.13261078
4.65000000	-14.77949211	21.72459326	48.25368269	-32.81880546	-52.89800733	-15.50003107	19.01028683
4.65833333	-14.50815671	22.74725260	47.22704707	-35.52181246	-52.11625612	-16.58008493	18.92089309
4.66666667	-14.29113079	24.07084507	46.20021241	-38.64124426	-51.22774051	-17.30238561	18.87921363
4.67500000	-14.20290428	25.35362705	45.39327349	-41.55986856	-50.48359581	-18.71892476	18.69313749
4.68333333	-14.20852403	27.01974947	44.67761411	-44.87746344	-49.67284905	-19.81687432	18.56495794
4.69166667	-13.80664854	28.22295852	43.45482987	-48.11935340	-48.72894138	-20.98959580	18.41724670
4.70000000	-13.72799290	29.70444988	42.65143970	-51.37160209	-47.86587419	-22.25283989	18.25143106
4.70833333	-13.58686434	31.23509402	41.70917086	-54.79659423	-46.88569880	-22.42027744	18.12282979
4.71666667	-13.42104851	32.55931193	40.80988565	-57.77318876	-46.05318101	-24.66067698	17.96442340
4.72500000	-13.15147717	34.03652134	39.74092721	-61.17947450	-45.06930909	-24.40021418	17.77793482
4.73333333	-13.30668437	35.90333670	39.23478758	-64.35472690	-44.22444165	-26.27135350	17.50890642
4.74166667	-13.02826805	37.05180135	38.22100439	-67.25449509	-43.39211824	-26.54673172	17.41187372
4.75000000	-12.75997877	38.35598090	37.23111934	-70.25033249	-42.54417576	-25.32876109	17.22442098
4.75833333	-12.70350509	39.88623369	36.55268398	-73.07144864	-41.83029255	-25.10603460	17.11904834
4.76666667	-12.49045381	41.21929315	35.64184134	-75.78724435	-41.01804851	-23.28916594	16.94287900
4.77500000	-12.32908879	42.50520792	34.91347421	-78.30636505	-40.29327651	-21.28430850	16.72459357
4.78333333	-12.20250859	43.92467975	34.04523131	-80.65705633	-39.40023031	-19.34959739	16.53735252
4.79166667	-12.09649685	45.27694258	33.21438108	-82.76229665	-38.55812630	-17.33889634	16.33571803
4.80000000	-12.12256937	46.85926941	32.57423585	-84.86282851	-37.79512346	-13.22140660	16.39389791
4.80833333	-11.70055208	47.75603987	31.30521081	-86.56545918	-36.72987198	-9.85967101	16.03864963
4.81666667	-11.64575542	49.00584958	30.50453393	-87.94978637	-35.76670083	-8.32347188	15.80713660
4.82500000	-11.42937158	50.17002784	29.55668866	-89.38671344	-34.88625395	-3.84657750	15.56436893
4.83333333	-11.18888901	51.22138551	28.52776303	-90.44333045	-33.93227254	-1.01087919	15.39153171
4.84166667	-10.95144249	52.20482124	27.50114726	-91.22782370	-32.95520072	1.18065113	15.08773548
4.85000000	-10.78452220	53.21286381	26.60395646	-91.91380818	-32.03889192	4.04917544	14.89243088
4.85833333	-10.66889915	54.28462789	25.78756953	-92.41261291	-31.16573761	6.25898798	14.63096944
4.86666667	-10.64627537	55.31294965	25.03456660	-92.50990314	-30.22540212	6.90551547	14.44091311
4.87500000	-10.04277214	55.57562991	23.60511662	-92.47910547	-29.30396771	9.60009071	14.17159323
4.88333333	-9.94986226	56.37661982	22.84597513	-92.25106772	-28.49445615	11.00491035	13.88832834
4.89166667	-9.92534177	57.24917515	22.23599155	-91.85899451	-27.76856157	11.50678939	13.68700904
4.90000000	-9.53691880	57.56572922	21.14815360	-91.32571466	-26.96869259	13.36064419	13.38778609
4.90833333	-9.57978251	58.39866082	20.61890035	-90.67229567	-26.28056323	13.58866919	13.28860271
4.91666667	-9.29392460	58.67126060	19.70335918	-89.78503656	-25.59265726	14.93081362	12.84180236
4.92500000	-9.24124249	59.17028078	19.17671359	-88.73244833	-25.02021069	15.34900025	12.49713538
4.93333333	-9.05068437	59.46101197	18.43464175	-87.65132887	-24.41830640	16.10915143	12.38622118
4.94166667	-9.13513182	60.03467823	18.01881321	-86.47267639	-23.84621448	16.23094215	12.30208068
4.95000000	-9.19142614	60.40377102	17.59534744	-85.10158959	-23.28474268	16.52844511	11.83339429
4.95833333	-8.98061532	60.38215917	17.02167396	-83.61479180	-22.95642174	17.19962513	11.57994327
4.96666667	-9.01519099	60.57895761	16.65238784	-82.06326599	-22.51665911	17.30560993	11.17000203
4.97500000	-8.97431999	60.61871059	16.23972401	-80.44161023	-22.23839449	17.43668103	11.02173551
4.98333333	-9.10721581	60.81924524	16.02795635	-78.83885858	-21.90050903	17.34403063	10.91058362
4.99166667	-9.23094266	60.82574090	15.95199865	-77.06319651	-21.68707441	17.04844875	10.41789758
5.00000000	-9.36710638	60.89477868	15.78053240	-75.45476670	-21.44425772	16.88139989	10.34697036
5.00833333	-9.49259826	60.81386199	15.68212997	-73.68914062	-21.29167226	16.08438242	10.00093977
5.01666667	-9.65359270	60.76403492	15.52166496	-72.14795544	-21.00569972	15.78217582	9.82850019
5.02500000	-9.73656035	60.56922680	15.43842355	-70.52957885	-20.90470063	14.77722941	9.44596770
5.03333333	-9.86678753	60.42493738	15.30241666	-69.12622028	-20.68409392	14.27430626	9.06501735
5.04166667	-10.00350698	60.23803875	15.12684223	-67.81629376	-20.43372550	13.92643587	8.90940569
5.05000000	-10.10674927	59.98013649	14.90895107	-66.57289501	-20.16058806	13.27952650	8.59090524
5.05833333	-10.17361107	59.70404568	14.67623893	-65.48778761	-19.95089413	12.53596943	8.29975656
5.06666667	-10.01884796	59.09618386	14.23735365	-64.36349840	-19.77477612	11.00212507	7.83732422
5.07500000	-10.13778764	58.82377541	14.02550753	-63.51292556	-19.57002730	10.37038853	7.75911598
5.08333333	-10.24113568	58.52193498	13.78669969	-62.78799795	-19.34303067	9.51359554	7.51373500
5.09166667	-10.32709814	58.18922510	13.49688072	-62.16361088	-19.04117454	8.62609247	7.13189293
5.10000000	-10.11996373	57.43857726	12.85470747	-61.53060931	-18.67991551	7.71089015	6.45729355
5.10833333	-10.27695531	57.12677478	12.67951851	-61.15854436	-18.47343217	7.55161694	6.27400644
5.11666667	-10.30310801	56.57059923	12.32762176	-60.74375574	-18.14245525	7.41476442	5.55132612
5.12500000	-10.51735675	56.27877355	12.14485064	-60.52749670	-17.83139292	7.62517603	5.11759114
5.13333333	-10.71900658	55.95487809	11.94289140	-60.32708007	-17.50982584	8.04235403	4.34024093
5.14166667	-10.92297695	55.58731771	11.76537835	-60.06223170	-17.23515649	8.49761314	3.59272999
5.15000000	-11.16504438	55.20814952	11.68213022	-59.67753902	-16.97928562	8.98120011	2.80332819
5.15833333	-11.42857685	54.83687062	11.61876919	-59.17243566	-16.72330193	9.35246372	2.09972802
5.16666667	-11.74243290	54.51177389	11.59893110	-58.56669832	-16.46665801	9.74389024	0.97031177
5.17500000	-12.03027259	54.17103524	11.58250514	-57.91147980	-16.27447757	9.94794322	-0.08324884
5.18333333	-12.26676500	53.74136049	11.52022541	-57.18824547	-16.06858928	10.02765660	-1.34261711
5.19166667	-12.46559800	53.25339014	11.37380134	-56.44452362	-15.81490054	9.95099976	-2.64142866
5.20000000	-12.72587289	52.85905791	11.36157055	-55.74008581	-15.63651072	9.87954731	-4.06078752
5.20833333	-12.88863253	52.40920414	11.40188428	-55.11697528	-15.72398922	9.74942209	-5.36675304
5.21666667	-12.82317847	51.59195647	10.93369102	-54.37927886	-15.37358458	9.38957353	-7.12227243
5.22500000	-13.07004749	51.15411123	11.14147567	-53.70780722	-15.53768500	9.40504164	-8.79349973
5.23333333	-13.18700629	50.65117617	11.27501716	-53.14170351	-15.79045846	9.40984317	-10.47877606
5.24166667	-13.30193258	50.03745243	11.53597426	-52.41887638	-16.22762530	9.44587629	-12.17476254
5.25000000	-13.32155834	49.29388356	11.80701782	-51.65086144	-16.82071570	9.47519502	-13.80761804
5.25833333	-13.27778718	48.57601577	12.21896176	-50.97327233	-17.79449222	9.46981532	-15.01044618
5.26666667	-13.23664990	47.83918969	12.55515141	-50.31560294	-18.52847615	9.55840354	-16.49377100
5.27500000	-13.15543796	47.03110120	13.22128841	-49.54711629	-20.02090849	9.54048082	-17.47290626
5.28333333	-13.06233140	46.20436550	13.92918896	-48.71627929	-21.62583911	9.42538984	-18.24021922
5.29166667	-13.09023826	45.61693404	14.99804872	-48.12539626	-23.57966007	9.33583592	-18.78767193
5.30000000	-12.90683134	44.74993608	15.96737152	-47.36358274	-25.97848004	9.30124825	-19.03086978
5.30833333	-12.72298446	43.88457058	17.11211075	-46.59504100	-28.65310490	9.20838941	-19.24247339
5.31666667	-12.85144055	43.41569978	18.69821986	-45.92448134	-31.46692443	9.06561654	-19.77697775
5.32500000	-12.91573768	42.84408466	20.40176247	-45.19511631	-34.72271322	9.02912308	-20.01991211
5.33333333	-12.70457757	41.92507836	21.80920754	-44.36950434	-38.12821266	8.98723360	-20.00503903
5.34166667	-12.94110205	41.58132352	23.86783215	-43.69218162	-41.72928244	8.86931396	-20.48998954
5.35000000	-12.97247243	40.95754408	25.69279504	-42.91084077	-45.41835530	8.83249469	-20.56079024
5.35833333	-12.64522024	39.89490731	27.08646124	-42.05798057	-49.09688541	8.79422089	-20.18428540
5.36666667	-12.82581841	39.48489490	29.22035005	-41.31844867	-52.86769481	8.67033978	-20.45789770
5.37500000	-12.53009258	38.65182387	30.74926387	-40.64284503	-56.58691021	8.57983654	-19.90362957
5.38333333	-12.86015402	38.56418737	33.05752452	-40.10627654	-60.31591081	8.47817453	-19.54996461
5.39166667	-12.46787368	37.63692853	34.42611891	-39.43742329	-63.77671898	8.33273494	-18.57907206
5.40000000	-12.20682503	36.85641547	35.98981028	-38.79589863	-67.19301285	8.21953013	-17.25068137
5.40833333	-12.52774088	36.83004080	38.27106723	-38.34037010	-70.63191022	8.20822250	-15.35508864
5.41666667	-12.29763729	36.11516656	39.72968171	-37.79738773	-73.62627573	8.09005538	-13.53087619
5.42500000	-12.62562157	36.00322887	41.94750415	-37.24477095	-76.73595767	8.22890695	-10.64853184
5.43333333	-12.37535249	35.00502544	43.32606690	-36.36706104	-79.31771013	8.11353025	-8.30923923
5.44166667	-12.38650260	34.44285171	45.08609879	-35.68089844	-81.94639433	8.22350274	-5.11735831
5.45000000	-12.24027997	33.72998405	46.51168492	-34.98152584	-84.12866430	8.12439542	-2.68875657
5.45833333	-12.18772211	33.16634549	48.02887180	-34.37376246	-86.20836252	8.27261021	0.44193083
5.46666667	-11.94962461	32.33359377	49.32696843	-33.65312570	-88.03478361	8.23045053	3.28568044
5.47500000	-11.63268412	31.18524940	50.48732322	-32.65709716	-89.56942970	8.14952697	5.99192180
5.48333333	-11.38987033	30.33661644	51.69344968	-31.90332283	-90.83144999	8.00026460	8.20630616
5.49166667	-11.07981875	29.43318337	52.56351707	-31.20276479	-91.84787295	8.03467254	11.04968138
5.50000000	-10.89214147	28.59683913	53.62228405	-30.40774901	-92.56909157	7.85624614	12.88411581
5.50833333	-10.54159223	27.56421517	54.41829090	-29.61367319	-93.18436497	7.85917289	15.36151325
5.51666667	-10.34890228	26.83199934	55.36319094	-28.94898072	-93.55668720	7.77788175	17.24050319
5.52500000	-10.21731538	26.06094895	56.37589305	-28.20246934	-93.70272964	7.64034480	18.68537912
5.53333333	-9.99090651	25.59135342	57.17125705	-27.86338712	-93.62905460	7.57585906	20.00078581
5.54166667	-9.70399612	24.71651764	57.87911217	-27.18862266	-93.47308884	7.68267475	21.52845559
5.55000000	-9.60354242	24.04334004	58.76928482	-26.51494661	-93.10628039	7.55544325	22.47101791
5.55833333	-9.31032229	23.22689141	59.30599152	-25.89406752	-92.57628884	7.62018643	23.57854135
5.56666667	-9.24560579	22.76658147	60.14215166	-25.45138444	-91.90020792	7.62632707	23.75436916
5.57500000	-8.93339065	21.85093051	60.51050795	-24.74243312	-91.04792573	7.57262448	24.95427232
5.58333333	-8.78584381	21.31447439	61.03389449	-24.29376790	-90.06093842	7.46594975	25.45445575
5.59166667	-8.75531493	20.76617661	61.64994736	-23.68680080	-88.96318841	7.44059581	25.65279582
5.60000000	-8.41979284	20.02874961	61.77691473	-23.28714569	-87.76007623	7.62726223	26.32715765
5.60833333	-8.43842605	19.59697015	62.27810661	-22.76785860	-86.45220383	7.51551446	26.39045965
5.61666667	-8.42785165	19.15114237	62.65738840	-22.28629497	-85.06016102	7.43878381	26.45602220
5.62500000	-8.47610019	18.87513371	63.04667265	-21.97847916	-83.63670063	7.46933368	26.49332767
5.63333333	-8.45893253	18.46521551	63.14748038	-21.53810319	-82.01579631	7.31955324	26.44742104
5.64166667	-8.35922888	18.03688589	63.17347714	-21.23994345	-80.46035092	7.43955059	26.32383073
5.65000000	-8.23517455	17.57100248	63.08179658	-21.00434101	-78.87016116	7.90915218	26.21330862
5.65833333	-8.34357870	17.35948907	63.22812572	-20.67724532	-77.31242089	7.85816527	25.81830465
5.66666667	-8.43111200	17.04744621	63.29070900	-20.31957300	-75.79855906	7.85434980	25.23302773
5.67500000	-8.53326299	16.88700753	63.29883583	-20.07462668	-74.29065638	7.88945581	24.53791663
5.68333333	-8.62362151	16.74422014	63.22757794	-20.00274740	-72.79950709	8.29398210	23.58444209
5.69166667	-8.67628716	16.50333161	63.09354245	-19.75174890	-71.45015267	8.27557764	22.58560011
5.70000000	-8.75344772	16.18951471	62.98521031	-19.43256286	-70.21888710	8.33056316	21.74963296
5.70833333	-8.63577251	15.76578710	62.62172957	-19.26132116	-69.05824622	8.54062799	20.36861634
5.71666667	-8.75098821	15.51519045	62.48351082	-18.99621287	-68.04536153	8.56490121	19.50492059
5.72500000	-8.79705260	15.31294422	62.26164629	-18.85621295	-67.11693893	8.63419134	18.37391931
5.73333333	-8.79662032	15.06031353	61.90887217	-18.75866006	-66.20977867	8.91646416	17.44954947
5.74166667	-8.95001018	14.86623381	61.74324260	-18.53016027	-65.50135635	8.97249175	17.11384025
5.75000000	-8.98417946	14.53998427	61.42176003	-18.25152172	-64.87633127	9.01711437	16.13782602
5.75833333	-9.16791141	14.40820937	61.22289417	-18.10900932	-64.32803874	9.06347472	16.02804678
5.76666667	-9.27066374	14.23162899	60.90078340	-17.85364887	-63.75069089	9.11158845	14.81187349
5.77500000	-9.47036887	14.04957646	60.62971407	-17.56438823	-63.17379789	9.15809524	14.23658211
5.78333333	-9.58092704	14.04453425	60.26355689	-17.61657216	-62.55436387	9.22539496	13.25927167
5.79166667	-9.79554204	13.89310873	60.02570250	-17.35000377	-62.10286445	9.21265308	12.92920067
5.80000000	-10.13019621	14.05928643	59.92079433	-17.35045132	-61.63261454	9.25200016	12.45885374
5.80833333	-10.33378190	14.02896857	59.66917877	-17.23590870	-61.31554667	9.21291023	12.53121278
5.81666667	-10.60502266	14.07838337	59.49512653	-17.11809535	-61.08602755	9.03990259	12.88149264
5.82500000	-10.87303417	14.16196049	59.38313620	-17.03250994	-60.97113035	8.88856362	13.26264652
5.83333333	-11.12589057	14.14993074	59.31882569	-16.85576600	-60.96213733	8.73982446	13.52875700
5.84166667	-11.39587803	14.13109572	59.31290914	-16.67875914	-60.97440524	8.51231459	13.80840296
5.85000000	-11.64955421	14.21843397	59.35015610	-16.63426962	-60.96771916	8.15103362	14.02446895
5.85833333	-12.20811230	14.73805033	59.74906241	-16.76373919	-60.90905900	7.85152967	13.86477765
5.86666667	-12.43042355	14.68210141	59.72291530	-16.58282537	-60.78304766	7.46120471	13.87754452
5.87500000	-12.60937253	14.77941523	59.62478686	-16.61030075	-60.51389287	6.76487767	13.73944119
5.88333333	-12.74227820	14.76559052	59.51761108	-16.66132556	-60.34236150	6.65610530	13.71784389
5.89166667	-13.05773733	14.80067369	59.45661267	-16.46863189	-59.82113507	5.56599323	13.18137878
5.90000000	-13.24519381	14.90068512	59.19826491	-16.48905509	-59.44933254	4.78076506	13.25794442
5.90833333	-13.47569371	14.98032584	58.98027378	-16.49036522	-59.05103046	4.02321581	13.32096638
5.91666667	-13.68637624	15.03589076	58.72384079	-16.50617667	-58.59346147	3.05508320	13.37207644
5.92500000	-13.84531327	15.16745751	58.31523062	-16.60234072	-58.05265923	2.13629819	13.40955225
5.93333333	-14.00732341	15.24729981	57.87457894	-16.63725896	-57.51279982	1.05220157	13.49349113
5.94166667	-14.19211999	15.29395344	57.46204907	-16.66833480	-56.93583087	0.06844198	13.55335772
5.95000000	-14.33678810	15.29073182	57.03763419	-16.69620110	-56.41615197	-1.07900682	13.59553403
5.95833333	-14.47421136	15.43657229	56.57711815	-16.87443480	-55.84871187	-2.15260103	13.63987087
5.96666667	-14.57558129	15.45845247	56.04213965	-16.93745440	-55.27338688	-3.39934151	13.66744123
5.97500000	-14.72790612	15.54395360	55.58991376	-17.05937433	-54.72256461	-4.52695302	13.70046917
5.98333333	-14.83304509	15.70093792	55.08207914	-17.31947866	-54.13801352	-5.73566425	13.69817477
5.99166667	-14.83096457	15.72238110	54.47828689	-17.55519672	-53.54342110	-6.99814254	13.62627604
6.00000000	-14.85626058	15.77003794	53.90056141	-17.83413658	-52.92705798	-8.19885621	13.57405420
6.00833333	-14.92454448	15.91449782	53.29232476	-18.19068730	-52.25175527	-9.38585426	13.53204077
6.01666667	-14.94203086	16.19438588	52.63568337	-18.76115030	-51.56072291	-10.51996819	13.47069161
6.02500000	-14.99021535	16.55564964	52.10124252	-19.48501829	-50.95576612	-11.57939843	13.39002298
6.03333333	-15.05176657	16.90561922	51.59006918	-20.27417568	-50.33278007	-12.57300039	13.30277903
6.04166667	-15.03106507	17.29330326	50.97967842	-21.28204338	-49.73511504	-13.00285875	13.26271511
6.05000000	-14.99358547	17.74040978	50.31317753	-22.24053749	-49.08094702	-14.42861142	13.15004648
6.05833333	-14.95901231	18.28413148	49.66264136	-23.58692100	-48.40935570	-15.01073547	13.11164696
6.06666667	-14.89628577	19.02148274	49.03994773	-25.19704990	-47.78542516	-15.64913044	13.02004372
6.07500000	-14.85191584	19.58224842	48.45566625	-26.74938553	-47.23356093	-16.32934289	12.98510723
6.08333333	-14.91077817	20.50395307	48.04653031	-28.54247058	-46.78443097	-17.49692889	12.89105282
6.09166667	-14.70669049	21.14922678	47.21029201	-30.51653110	-46.07763487	-18.05095639	12.88024471
6.10000000	-14.66631617	22.10297832	46.55662840	-32.51722323	-45.41279103	-19.47151975	12.82274905
6.10833333	-14.39300970	22.82865588	45.75388346	-34.71590044	-44.78348378	-20.51021226	12.63835984
6.11666667	-14.24470556	23.69628325	45.03329953	-36.94698222	-44.11293187	-21.66138158	12.51509044
6.12500000	-14.03956588	24.34364621	44.15910252	-39.01734098	-43.37865829	-22.80206374	12.42573563
6.13333333	-14.03993041	25.31627093	43.61055742	-41.25987001	-42.73224428	-23.93462538	12.28563872
6.14166667	-13.80444134	26.08984174	42.80845589	-43.49485081	-42.05816058	-25.07600667	12.13251736
6.15000000	-13.62960337	26.94477994	42.08094800	-45.71776984	-41.41853042	-26.11864844	12.02189841
6.15833333	-13.44079514	27.58825367	41.30569223	-47.83186090	-40.75239274	-25.88913925	11.93434838
6.16666667	-13.22981189	28.29655089	40.53992798	-49.84332837	-40.09490179	-27.14778231	11.70377884
6.17500000	-13.28646319	29.59853659	40.14388583	-52.12133909	-39.52968114	-26.95120316	11.61143154
6.18333333	-13.11840163	30.21220443	39.44653754	-53.94426340	-38.94748288	-25.76397772	11.48470092
6.19166667	-12.94357989	30.99968073	38.72010709	-55.78391555	-38.28882065	-24.50207906	11.37240327
6.20000000	-12.83677162	31.83508036	38.13842389	-57.50453188	-37.71745714	-23.10097644	11.24163827
6.20833333	-12.86294234	32.68909961	37.65977689	-58.98495301	-37.12116033	-21.59448099	11.11574582
6.21666667	-12.87871380	33.51554714	37.21010681	-60.28719631	-36.56636691	-20.06414566	10.98994377
6.22500000	-12.93630050	34.52316357	36.77221800	-61.61434534	-35.93646442	-17.52071681	10.86811076
6.23333333	-12.94170787	35.32819135	36.33757302	-62.62090953	-35.37932772	-16.29526150	10.70268849
6.24166667	-12.98961324	36.08209491	35.81454536	-63.34216156	-34.63527771	-15.28826895	10.56653980
6.25000000	-12.97843292	36.71474400	35.35183581	-63.98521201	-34.09914428	-12.26834237	10.40194023
6.25833333	-13.16032187	37.69130142	35.07802957	-64.51388936	-33.48001019	-10.57149072	10.23025759
6.26666667	-13.18821780	38.21247361	34.58490529	-64.58412159	-32.80823292	-9.52820131	10.01770080
6.27500000	-13.05328472	38.64394187	33.87924635	-64.61581628	-32.07492686	-7.35417807	9.91243748
6.28333333	-13.15608937	39.14749796	33.45026697	-64.27786618	-31.36828168	-6.91363466	9.82259810
6.29166667	-13.06369333	39.34144817	32.81397173	-63.81953081	-30.69740343	-4.57525901	9.62024142
6.30000000	-13.19189149	39.75312547	32.41968244	-63.10735107	-29.98844891	-4.13460842	9.48016530
6.30833333	-12.94804165	39.67356024	31.61680713	-62.28465917	-29.29878463	-2.10430158	9.30628164
6.31666667	-13.11973454	40.02417797	31.32178116	-61.27039115	-28.66995118	-1.81990254	9.25404883
6.32500000	-13.29766598	40.27994342	31.02591366	-60.08607090	-28.01814072	-1.36383309	9.08757448
6.33333333	-13.08637931	39.93359983	30.24981757	-58.71163106	-27.37407549	0.63400274	8.76649655
6.34166667	-13.27321883	40.05748412	30.02912068	-57.22272701	-26.80920053	0.92272022	8.75148902
6.35000000	-13.07142146	39.59566568	29.29851659	-55.57455093	-26.19679590	2.56951866	8.58731353
6.35833333	-13.09189059	39.32201373	28.88541914	-53.84138362	-25.62212251	3.46758773	8.52335281
6.36666667	-13.31314084	39.31862047	28.73410453	-52.08043501	-25.12089323	3.56188721	8.47513548
6.37500000	-13.50275222	39.22204793	28.53419428	-50.21985408	-24.56648608	3.65515399	8.29467818
6.38333333	-13.13127665	38.42038810	27.65509220	-48.34423465	-23.98694227	4.79880170	8.15647570
6.39166667	-13.33676128	38.29467452	27.60155789	-46.46941646	-23.63718927	4.68071384	8.13601274
6.40000000	-13.30981396	37.76312520	27.18452071	-44.49318358	-23.16592976	4.86637778	7.98278021
6.40833333	-13.27694435	37.23967535	26.79385293	-42.59774929	-22.71748928	5.14659059	7.97242113
6.41666667	-13.37041396	36.86757318	26.65800212	-40.73513425	-22.42879609	5.02161174	7.92772118
6.42500000	-13.58664189	36.59559497	26.63949473	-38.93439684	-22.16059297	4.92385635	7.96950339
6.43333333	-13.40947754	35.87317749	26.11039678	-37.21355320	-21.74277926	5.30519925	7.93509922
6.44166667	-13.52291990	35.41319087	26.04950818	-35.53233823	-21.56040823	5.41292802	7.98248913
6.45000000	-13.71724944	35.15257550	26.03167150	-34.02737358	-21.31625478	5.25120748	7.99729387
6.45833333	-13.79304899	34.64617836	25.94826324	-32.52857969	-21.20321495	5.14268718	8.04179941
6.46666667	-13.73361575	34.09940295	25.76280563	-31.26378840	-21.12230979	5.25340399	8.17593019
6.47500000	-13.86049357	33.76752033	25.74267748	-30.09778992	-21.01552028	4.84891400	8.23793349
6.48333333	-13.94342206	33.39178454	25.72531761	-29.03926033	-20.99387075	4.24065212	8.34712074
6.49166667	-14.02439250	33.04118352	25.77711677	-28.11786783	-21.05189534	3.55525085	8.48135481
6.50000000	-14.13702559	32.69066455	25.82697769	-27.26606979	-21.08375287	2.85954514	8.61182121
6.50833333	-14.23664862	32.36827277	25.88047113	-26.53484437	-21.15644323	2.37950646	8.72050404
6.51666667	-14.27877115	31.87869829	25.90588390	-25.78794675	-21.27266180	1.80739746	8.86929473
6.52500000	-14.39237510	31.61089766	26.02559917	-25.25244979	-21.39976532	1.71058150	8.94534838
6.53333333	-14.54082788	31.32706798	26.12766609	-24.71290935	-21.46060155	1.57363602	9.09224603
6.54166667	-14.67426730	31.04806641	26.25520923	-24.22201947	-21.56744328	1.68341379	9.16339285
6.55000000	-14.80714338	30.83661303	26.39341544	-23.80640733	-21.69073465	1.79386848	9.22774031
6.55833333	-15.22620584	30.94699685	26.87522601	-23.45913118	-21.82246015	1.74999852	9.24010034
6.56666667	-15.38394547	30.90738281	26.98421563	-23.19690975	-21.87208543	1.69749814	9.29663003
6.57500000	-15.54447962	30.93141654	27.13531883	-23.00766980	-21.95119689	1.57675448	9.32184977
6.58333333	-15.79723628	31.07342730	27.39093605	-22.86800483	-22.02315662	1.42337112	9.29883529
6.59166667	-15.88780388	31.05370618	27.34759558	-22.76087086	-21.93227668	1.34471678	9.30440238
6.60000000	-15.91711400	30.95473559	27.30223536	-22.62605884	-21.94960794	1.12629047	9.28267967
6.60833333	-15.93330064	30.91867519	27.21420283	-22.59976262	-21.88125414	1.05416758	9.26051026
6.61666667	-15.94512162	30.89692223	27.03697608	-22.61765013	-21.70540284	1.04253373	9.22564664
6.62500000	-15.73265559	30.57916426	26.55064173	-22.58301258	-21.42498241	1.19475847	9.19166173
6.63333333	-15.84631816	30.61641977	26.52514521	-22.53424876	-21.28033687	1.24187254	9.18468749
6.64166667	-15.96676647	30.60179315	26.40681760	-22.42066056	-20.99311518	1.23524707	9.17041017
6.65000000	-16.07971639	30.61477820	26.29308547	-22.30385042	-20.72815704	1.23420448	9.09319107
6.65833333	-16.18048478	30.61340131	26.21841669	-22.19256941	-20.50181964	1.29351448	9.02863940
6.66666667	-16.29911846	30.62221296	26.15034406	-22.03906139	-20.25729151	1.33660023	9.03447090
6.67500000	-16.39377220	30.61996818	26.02995532	-21.86326099	-19.96847389	1.31727772	8.96029292
6.68333333	-16.48223906	30.60327895	25.93289810	-21.70303577	-19.69850145	1.37270168	8.83530057
6.69166667	-16.61482308	30.60098750	25.92109125	-21.49652004	-19.48605444	1.42384293	8.84397096
6.70000000	-16.65094216	30.45673016	25.69861198	-21.24780392	-19.13714531	1.40420001	8.69729184
6.70833333	-16.79012708	30.40829756	25.67546429	-20.98210079	-18.90862796	1.46142925	8.70408261
6.71666667	-16.71613418	30.06144473	25.37579667	-20.66624338	-18.61721244	1.48805685	8.65884977
6.72500000	-16.85553936	29.99278933	25.39468717	-20.39080734	-18.46185163	1.53833291	8.65975120
6.73333333	-16.98468773	29.87679662	25.32793645	-20.09823437	-18.19348662	1.49135370	8.60137711
6.74166667	-17.11021944	29.89320795	25.34302874	-19.94519173	-18.04675802	1.51521883	8.59550289
6.75000000	-17.22025338	29.92850389	25.32036168	-19.82893466	-17.86169219	1.51852888	8.58207385
6.75833333	-17.31614353	29.87975203	25.23132906	-19.65874875	-17.60770411	1.45275532	8.44878517
6.76666667	-17.42481489	29.86600584	25.22605036	-19.51692160	-17.47175397	1.51935339	8.46361991
6.77500000	-17.45270459	29.65949512	25.07320557	-19.27082040	-17.21706745	1.44786967	8.38807617
6.78333333	-17.53828401	29.65167407	25.05442750	-19.16167892	-17.07393524	1.50799873	8.40527975
6.79166667	-17.62809476	29.62680882	25.00865174	-19.01857691	-16.89206473	1.54235370	8.39512255
6.80000000	-17.39133146	29.19375077	24.53678774	-18.82878881	-16.63320121	1.59964104	8.40363209
6.80833333	-17.52171756	29.21331198	24.51605622	-18.68075252	-16.41244822	1.59252824	8.33875093
6.81666667	-17.63461234	29.21645402	24.49632352	-18.54404401	-16.21530227	1.62622700	8.33364960
6.82500000	-17.74180148	29.21330914	24.45847572	-18.39440936	-15.99052475	1.63698559	8.30061250
6.83333333	-17.84354488	29.19736305	24.43315571	-18.23672123	-15.79349655	1.63936944	8.25148298
6.84166667	-17.74047153	28.93311752	24.14814066	-18.04821901	-15.55869447	1.65762040	8.14273280
6.85000000	-17.86051393	28.95284070	24.16426501	-17.89866163	-15.37283048	1.68391925	8.13161157
6.85833333	-17.98180450	28.93843051	24.15497029	-17.70069523	-15.16047593	1.59884726	7.98879903
6.86666667	-18.10944290	28.98532412	24.16891191	-17.56794449	-14.96334114	1.58510293	7.92299126
6.87500000	-18.21113809	28.98528207	24.17078698	-17.41574414	-14.80427391	1.58790683	7.84849426
6.88333333	-18.32673015	29.06939977	24.19523245	-17.35923252	-14.63837806	1.64628081	7.86016073
6.89166667	-18.43633451	29.11173058	24.17447340	-17.24605704	-14.41632635	1.62671700	7.79376642
6.90000000	-18.53018966	29.16733866	24.20316363	-17.17882348	-14.29195223	1.62827680	7.74002622
6.90833333	-18.61585736	29.20460275	24.24245594	-17.09450222	-14.19201115	1.60214328	7.64928730
6.91666667	-18.69548843	29.24615848	24.30429065	-17.03513965	-14.13270506	1.62742411	7.63638858
6.92500000	-18.77823973	29.25968092	24.34849226	-16.93173325	-14.06187323	1.59460407	7.57965312
6.93333333	-18.85648653	29.29548866	24.42064423	-16.87029947	-14.02593651	1.63046378	7.59341825
6.94166667	-18.92992887	29.34189282	24.54789536	-16.81860221	-14.07742648	1.66533268	7.59589571
6.95000000	-19.01613343	29.33800183	24.67718994	-16.67786928	-14.11824662	1.56479254	7.55691192
6.95833333	-18.90662553	29.20634113	24.33090568	-16.70557749	-13.88395361	1.74420176	7.59936138
6.96666667	-18.97595678	29.23523632	24.32601028	-16.64104618	-13.78866573	1.73731069	7.56558052
6.97500000	-19.01621216	29.25210593	24.39926506	-16.61551061	-13.82760292	1.78168616	7.57873670
6.98333333	-19.03312745	29.21549883	24.41815466	-16.53723810	-13.84561864	1.74986901	7.56230961
6.99166667	-19.03775808	29.19685670	24.47100746	-16.51198211	-13.92738882	1.73193950	7.58174283
7.00000000	-19.05910826	29.21335615	24.53182767	-16.51672051	-13.99332914	1.78421071	7.60526218
7.00833333	-19.04519465	29.16519908	24.50626460	-16.48299179	-14.00992177	1.76004052	7.61882268
7.01666667	-19.06299589	29.17568855	24.54160256	-16.49105231	-14.04750973	1.80764084	7.65162851
7.02500000	-19.06184838	29.17208877	24.55995747	-16.49480628	-14.09230708	1.82289354	7.67714884
7.03333333	-19.06128339	29.17136474	24.57543028	-16.50766073	-14.13306665	1.84565773	7.70091681
7.04166667	-19.01331180	29.08252740	24.58390339	-16.40941247	-14.19576130	1.62824079	7.62853439
7.05000000	-19.03000677	29.11165677	24.66666901	-16.44477141	-14.29807151	1.69109279	7.68434278
7.05833333	-19.06279424	29.14958948	24.69318643	-16.48246662	-14.30804582	1.74844854	7.70976929
7.06666667	-19.05913810	29.15335511	24.68625431	-16.50940529	-14.30797204	1.78479951	7.72541145
7.07500000	-18.89261785	28.93181810	24.51769464	-16.44026995	-14.35288789	1.71215403	7.73405602
7.08333333	-18.93095099	28.96448596	24.55777255	-16.45026165	-14.36216058	1.76454428	7.74978580
7.09166667	-18.95273901	28.97851191	24.58136365	-16.46143547	-14.38015461	1.80186831	7.77414782
7.10000000	-18.96385696	28.98581298	24.60852169	-16.46727496	-14.40815400	1.82914446	7.79595827
7.10833333	-18.97871353	29.00316160	24.63103191	-16.47218362	-14.41599767	1.85873651	7.81435513
7.11666667	-18.95343204	28.95061664	24.62308871	-16.43842291	-14.44762425	1.82073547	7.79383010
7.12500000	-18.98477993	28.98370245	24.64273064	-16.45273310	-14.41255409	1.86074868	7.80808229
7.13333333	-19.00478726	29.01341297	24.66268857	-16.45648143	-14.40259578	1.89211868	7.79968279
7.14166667	-19.01946920	29.02509505	24.67700301	-16.45776526	-14.40026849	1.90721587	7.75125776
7.15000000	-18.93708354	28.89725340	24.59425236	-16.36639562	-14.40037939	1.75410375	7.68083675
7.15833333	-18.96791013	28.93818764	24.64295639	-16.37832076	-14.41016757	1.79506469	7.66614756
7.16666667	-18.99314757	28.96283963	24.67912638	-16.37981136	-14.41480643	1.82732622	7.66857700
7.17500000	-18.94468482	28.90790970	24.61638797	-16.37205733	-14.39221636	1.82061611	7.65093498
7.18333333	-18.99081319	28.88788504	24.67875041	-16.30867425	-14.40298563	1.88880392	7.66289462
7.19166667	-18.98595112	28.83091740	24.68142915	-16.23349790	-14.40043721	1.86092653	7.64017076
7.20000000	-18.96215654	28.87068247	24.62929345	-16.28600110	-14.35466379	1.84295987	7.63427503
7.20833333	-18.98761404	28.92456752	24.67554280	-16.31076671	-14.38032385	1.90027235	7.64026982
7.21666667	-18.97472283	28.89434645	24.64488057	-16.27559319	-14.33494308	1.88603466	7.60091066
7.22500000	-18.93089916	28.85116935	24.64580811	-16.26218374	-14.38359366	1.84106541	7.56236071
7.23333333	-18.96009647	28.89247150	24.69877616	-16.26730841	-14.39567350	1.89074324	7.58469202
7.24166667	-18.94839317	28.85965036	24.67245198	-16.21988354	-14.35809491	1.86472852	7.56191188
7.25000000	-18.79928781	28.66991612	24.54424375	-16.14044826	-14.40914236	1.69244361	7.60073318
7.25833333	-18.83343553	28.71777213	24.60222621	-16.14799151	-14.40915178	1.74129141	7.58999884
7.26666667	-18.87426473	28.79385424	24.66874939	-16.18377237	-14.43755333	1.80060205	7.60898006
7.27500000	-18.87307692	28.80092254	24.63942761	-16.18588560	-14.37155935	1.76832805	7.57256543
7.28333333	-18.89990650	28.85713877	24.70438329	-16.21866713	-14.40363351	1.82312044	7.58958664
7.29166667	-18.89311590	28.82493033	24.70561760	-16.17361601	-14.39498407	1.77199961	7.54995775
7.30000000	-18.89838855	28.84378372	24.97968770	-16.14642486	-14.68203587	1.67103131	7.62722844
7.30833333	-18.94380300	28.92197703	24.99848480	-16.17203226	-14.62237921	1.69691758	7.61331269