0.00000000	-18.57368392	25.01079199	24.59747852	-11.05973152	-9.65645478	1.46468837	3.45323765
0.00833333	-18.64160007	25.12161032	24.65759770	-11.09478703	-9.63550915	1.43257380	3.35305616
0.01666667	-18.60678427	25.05595537	24.66685215	-11.07350764	-9.66061573	1.49732233	3.24907494
0.02500000	-18.55842115	25.01047420	24.61560591	-11.05487003	-9.71277587	1.41712069	3.40560755
0.03333333	-18.42629305	24.79926452	24.41939287	-10.94634939	-9.59148218	1.45342113	3.37520302
0.04166667	-18.48171436	24.88190856	24.48242605	-10.94154835	-9.60205916	1.36222105	3.34695516
0.05000000	-18.52367479	24.95512929	24.61772826	-11.02771747	-9.75798329	1.45681906	3.45376717
0.05833333	-18.46941731	24.88610118	24.54770310	-11.00196972	-9.74036035	1.42646146	3.48734947
0.06666667	-18.44301081	24.90239966	24.54388461	-11.02654649	-9.77623556	1.48855980	3.52683281
0.07500000	-18.72247059	25.30641894	24.85143878	-11.17811521	-9.75217948	1.51640518	3.43813813
0.08333333	-18.78373277	25.39982304	24.91405630	-11.21520167	-9.72976676	1.54865579	3.39117936
0.09166667	-18.83713324	25.46725955	24.97432252	-11.21504773	-9.72323758	1.47707652	3.33803495
0.10000000	-18.99838782	25.67499271	25.19383429	-11.27113285	-9.81097142	1.45650307	3.30383946
0.10833333	-18.92213381	25.56228366	25.09057827	-11.21807340	-9.78677657	1.50098076	3.24401505
0.11666667	-18.84663791	25.47252704	24.98548166	-11.17964715	-9.75978887	1.41291253	2.97396378
0.12500000	-18.80298840	25.41356461	24.92448499	-11.15181184	-9.75037402	1.42579452	2.89685092
0.13333333	-18.76383937	25.35512516	24.86615669	-11.11584491	-9.73439592	1.41800052	2.76070522
0.14166667	-18.93726391	25.62116922	25.12592754	-11.27363263	-9.83404168	1.43363973	2.64722783
0.15000000	-18.86310958	25.51193555	25.01198738	-11.21272087	-9.76363889	1.45082755	2.59766447
0.15833333	-18.88544276	25.50184971	24.99932536	-11.14861249	-9.68122279	1.44380729	2.58611131
0.16666667	-18.87660067	25.52652874	24.98867083	-11.19216144	-9.68921865	1.42418541	2.52503855
0.17500000	-18.83794653	25.48964551	24.94254861	-11.17396790	-9.66641818	1.44675257	2.53581463
0.18333333	-18.94322044	25.61150082	25.12536089	-11.21735848	-9.78207270	1.44600992	2.58336664
0.19166667	-19.04575907	25.75432232	25.21979285	-11.23021704	-9.74987145	1.40086263	2.52279852
0.20000000	-18.92671502	25.58218082	25.07112019	-11.16819228	-9.70955472	1.41920262	2.49391235
0.20833333	-18.91040230	25.56583307	25.08044038	-11.19172747	-9.76251819	1.47053528	2.52280321
0.21666667	-18.91557659	25.56677990	25.06563451	-11.16257852	-9.72022946	1.37546420	2.49249624
0.22500000	-18.88715979	25.52415777	25.01650275	-11.13851770	-9.67967605	1.37864377	2.47339047
0.23333333	-18.78487220	25.39128943	24.86648368	-11.06271145	-9.59782537	1.42207403	2.48094888
0.24166667	-19.05244262	25.74924991	25.26424359	-11.21321580	-9.78206358	1.44416257	2.52872910
0.25000000	-18.90218191	25.55338856	25.04438443	-11.14118655	-9.66867629	1.37322979	2.51063266
0.25833333	-18.83449150	25.45481962	24.93832157	-11.09162266	-9.61209651	1.33963706	2.45801645
0.26666667	-18.94537972	25.60989207	25.11444597	-11.16073681	-9.70095804	1.38963780	2.49298161
0.27500000	-18.88827077	25.53232506	25.01529006	-11.12883723	-9.63735824	1.36706523	2.47657473
0.28333333	-18.94525215	25.62170486	25.13312232	-11.18750115	-9.73991956	1.41261879	2.53403378
0.29166667	-18.96831154	25.65417405	25.13535068	-11.18379210	-9.69494268	1.40306124	2.49318438
0.30000000	-18.90844123	25.58823073	25.07056182	-11.17792329	-9.70179091	1.43328593	2.50199613
0.30833333	-18.86313765	25.51651451	24.98367801	-11.14116480	-9.61153758	1.41021695	2.46185127
0.31666667	-18.73865921	25.32936742	24.77987250	-11.03982886	-9.48820102	1.38114874	2.38462437
0.32500000	-18.92375915	25.60764048	25.10245970	-11.17729714	-9.69772915	1.37836204	2.45755396
0.33333333	-18.87015962	25.52456614	25.01656904	-11.13734505	-9.63436327	1.43228621	2.47505908
0.34166667	-18.92832629	25.60988406	25.10645516	-11.16172677	-9.66316318	1.38480232	2.43062322
0.35000000	-18.81045268	25.44664336	24.92627623	-11.08390864	-9.56707122	1.36896557	2.39235348
0.35833333	-18.79022384	25.41700693	24.88769764	-11.07236774	-9.53334044	1.34533330	2.38333247
0.36666667	-18.73240065	25.34647453	24.80583538	-11.05184919	-9.50459175	1.31969841	2.37074396
0.37500000	-18.94468941	25.64592373	25.13861757	-11.18606249	-9.67245792	1.36986645	2.43539990
0.38333333	-18.85459077	25.51731645	25.00279327	-11.11908893	-9.60611815	1.34272811	2.42399231
0.39166667	-18.84223451	25.53753510	24.96824224	-11.15517359	-9.58292209	1.29546134	2.40196170
0.40000000	-18.96719103	25.71062077	25.17158196	-11.23336478	-9.68489574	1.33175636	2.47647755
0.40833333	-18.94277485	25.66093666	25.13706035	-11.19143885	-9.67221483	1.33952072	2.44754587
0.41666667	-18.89656021	25.60954169	25.06929107	-11.20235793	-9.63106849	1.39019113	2.43929230
0.42500000	-18.80876960	25.48929764	24.93944401	-11.14129379	-9.55952825	1.37286369	2.41643416
0.43333333	-18.87039366	25.58715311	25.02258527	-11.17785534	-9.60303078	1.35643128	2.37928963
0.44166667	-18.81473785	25.51080606	24.94276936	-11.14996662	-9.55353168	1.33520429	2.37033853
0.45000000	-18.73108229	25.39916738	24.81297065	-11.10396753	-9.48337900	1.36270777	2.38145141
0.45833333	-18.66977898	25.31233853	24.70361185	-11.06609934	-9.39963725	1.32197122	2.35324384
0.46666667	-18.97256025	25.74656875	25.18064800	-11.23940036	-9.68735115	1.33968270	2.45705222
0.47500000	-18.84225551	25.58314820	25.01133884	-11.20644125	-9.62764745	1.34833914	2.45207276
0.48333333	-18.76656140	25.46222860	24.89399354	-11.13201914	-9.56258814	1.33925997	2.44535907
0.49166667	-18.82360045	25.54946692	24.98070965	-11.16104715	-9.60169650	1.31669772	2.41842432
0.50000000	-18.76212878	25.45533578	24.86230950	-11.09580648	-9.49905041	1.33070371	2.41816246
0.50833333	-18.81416918	25.56218746	25.00917999	-11.20882743	-9.68228538	1.39507900	2.47039511
0.51666667	-18.70783499	25.40570061	24.84294698	-11.14101254	-9.58937380	1.38389946	2.46428214
0.52500000	-18.69439343	25.41432907	24.82934255	-11.14240734	-9.58026631	1.30196225	2.39426001
0.53333333	-18.66211187	25.36257202	24.76986575	-11.11924173	-9.53783025	1.33440977	2.41635274
0.54166667	-18.84245779	25.61653171	25.03944877	-11.20620522	-9.66382654	1.34531649	2.42619044
0.55000000	-18.73052809	25.44298612	24.86000427	-11.11240826	-9.56071971	1.33446840	2.43066124
0.55833333	-18.87623427	25.64569774	25.09252342	-11.19267506	-9.67702679	1.33969418	2.48540455
0.56666667	-18.80933128	25.57278511	24.98437176	-11.17935407	-9.62045744	1.31867852	2.43734902
0.57500000	-18.71903744	25.44504496	24.86524490	-11.12014137	-9.56961912	1.32661995	2.40830479
0.58333333	-18.66006264	25.36313772	24.77513116	-11.08197631	-9.52630763	1.30943006	2.36844556
0.59166667	-18.66625203	25.36621775	24.76676972	-11.05724478	-9.49168402	1.29341541	2.33693103
0.60000000	-18.59861478	25.28168590	24.66121258	-11.02397021	-9.42668233	1.32562291	2.34713457
0.60833333	-18.81507798	25.57800057	25.00381299	-11.15124658	-9.61472888	1.35072176	2.36968057
0.61666667	-18.77610201	25.55482084	24.97291300	-11.19761037	-9.65735830	1.37099736	2.43480946
0.62500000	-18.66520038	25.40847915	24.80435821	-11.14131356	-9.57204113	1.32962272	2.39930183
0.63333333	-18.64779418	25.38172771	24.75323197	-11.11592400	-9.51561068	1.30525189	2.37734559
0.64166667	-18.90205887	25.75809731	25.12726640	-11.30039031	-9.66266255	1.49194592	2.43213930
0.65000000	-18.82091422	25.64512944	24.98287842	-11.25819650	-9.57205210	1.38882235	2.44493410
0.65833333	-18.73531829	25.54934786	24.88521535	-11.22170413	-9.58130695	1.32370129	2.42373718
0.66666667	-18.83587488	25.65443687	25.09338341	-11.20448954	-9.75776340	1.31246344	2.52189236
0.67500000	-18.71077212	25.48463521	24.89842520	-11.12822708	-9.65304966	1.32072252	2.49030981
0.68333333	-18.61408177	25.35741086	24.75568115	-11.08188036	-9.58191337	1.31192040	2.47124296
0.69166667	-18.60074048	25.34380355	24.74403711	-11.07652962	-9.59097768	1.26259533	2.41458515
0.70000000	-18.50915604	25.24398714	24.61710553	-11.03770370	-9.52908840	1.30473310	2.42612309
0.70833333	-18.48633830	25.18036798	24.57471912	-10.98242561	-9.48550861	1.26344597	2.38987157
0.71666667	-18.87302007	25.72872324	25.15389530	-11.23164352	-9.75719733	1.31306004	2.49947928
0.72500000	-18.73156145	25.53007919	24.94485476	-11.15321563	-9.65269120	1.32126403	2.47935321
0.73333333	-18.75114799	25.58654290	24.97225477	-11.23424410	-9.65183880	1.33453409	2.44944766
0.74166667	-18.64552806	25.43678505	24.81347487	-11.16735180	-9.57390508	1.33296175	2.42812781
0.75000000	-18.82158239	25.69089756	25.06673640	-11.25876326	-9.67925507	1.31687476	2.45637831
0.75833333	-18.70217758	25.52871529	24.90040715	-11.18384409	-9.62456016	1.27636434	2.41508803
0.76666667	-18.64422045	25.45539573	24.81369740	-11.14854789	-9.58127680	1.24857507	2.40017060
0.77500000	-18.54829674	25.31067535	24.65766050	-11.07067018	-9.47928284	1.27067326	2.40321297
0.78333333	-18.69231511	25.50809687	24.87065663	-11.13323801	-9.58475777	1.25337675	2.41054295
0.79166667	-18.62930593	25.40671382	24.77016467	-11.06632483	-9.51792528	1.23083655	2.39098209
0.80000000	-18.52147556	25.26768252	24.60957431	-11.01546937	-9.42910600	1.26077796	2.40024629
0.80833333	-18.89798053	25.75421189	25.15202499	-11.16544766	-9.66990658	1.29829370	2.43655807
0.81666667	-18.74127595	25.58047811	25.00199588	-11.14912949	-9.75874399	1.28190251	2.53133705
0.82500000	-18.78800922	25.62928958	25.04536477	-11.14109874	-9.76307069	1.26040763	2.54981887
0.83333333	-18.70676447	25.49877640	24.92379781	-11.06807451	-9.72089412	1.26505085	2.56456385
0.84166667	-18.60493641	25.38546110	24.78401665	-11.05459617	-9.67596014	1.23916174	2.60497435
0.85000000	-18.76512237	25.60638542	25.08269673	-11.15087259	-9.94972547	1.27736978	2.79370701
0.85833333	-18.66545711	25.48182685	24.93914723	-11.10828233	-9.90966639	1.21159338	2.81558379
0.86666667	-18.64299381	25.46129519	24.95449701	-11.12473571	-10.02350914	1.24959833	2.89124419
0.87500000	-18.51337471	25.25999163	24.74734773	-11.01995494	-9.90344613	1.23376160	2.86171787
0.88333333	-18.42413692	25.14367840	24.59714022	-10.97036668	-9.79600164	1.16558668	2.77327424
0.89166667	-18.64076907	25.43679828	24.91246091	-11.07337468	-9.93221775	1.22388244	2.83328752
0.90000000	-18.70478221	25.51853395	25.02123478	-11.12468944	-9.98814464	1.27625289	2.82829593
0.90833333	-18.64915466	25.42696820	24.95037780	-11.07776562	-9.96025471	1.25431839	2.79820447
0.91666667	-18.59542229	25.34345340	24.83627502	-11.03544221	-9.85997813	1.22528000	2.78095344
0.92500000	-18.72348451	25.53034553	25.07254550	-11.13512364	-10.03018175	1.32498247	2.83280276
0.93333333	-18.62574520	25.42739365	24.96680957	-11.13493261	-10.00671978	1.35517363	2.83194510
0.94166667	-18.46878285	25.20300705	24.68985600	-11.04412707	-9.84469098	1.19518830	2.70900676
0.95000000	-18.60891484	25.38983429	24.89758082	-11.11942420	-9.91855576	1.27099352	2.70363920
0.95833333	-18.52234371	25.23293076	24.73543684	-11.00399281	-9.78724177	1.27578390	2.69768501
0.96666667	-18.68516565	25.47935677	24.99334944	-11.11970357	-9.94244442	1.24828735	2.70722153
0.97500000	-18.66188059	25.41813374	24.95667677	-11.06116122	-9.91222507	1.26088013	2.70966551
0.98333333	-18.61469644	25.32582773	24.83928377	-10.99654749	-9.77685541	1.30327951	2.77136032
0.99166667	-18.74003208	25.52602211	25.08701025	-11.10922556	-9.99972805	1.29940443	2.84502493
1.00000000	-18.66063535	25.40081177	24.96016805	-11.05028186	-9.91059954	1.27187410	2.86044527
1.00833333	-18.66070133	25.40033806	24.97009876	-11.07077912	-9.92879438	1.23997781	2.85357501
1.01666667	-18.78853710	25.58662669	25.08862215	-11.14288079	-9.89282198	1.25586751	2.81802952
1.02500000	-18.75844937	25.54870116	25.04797788	-11.15351721	-9.86740417	1.26037740	2.80739206
1.03333333	-18.73444986	25.53367366	25.00065982	-11.16247530	-9.84087443	1.25375038	2.76422098
1.04166667	-18.75248934	25.52585785	25.06905277	-11.16060383	-9.93840437	1.27090849	2.85736022
1.05000000	-18.72187058	25.47579412	25.00678527	-11.11877828	-9.88971929	1.25793242	2.80405678
1.05833333	-18.61444313	25.34483469	24.85432699	-11.06956458	-9.81417178	1.28793752	2.79751532
1.06666667	-18.81139193	25.58881836	25.10780988	-11.17258579	-9.88634717	1.26725414	2.77619266
1.07500000	-18.74470856	25.49006233	24.99919890	-11.11530908	-9.82551276	1.25461834	2.79713544
1.08333333	-18.89791284	25.67126427	25.23106326	-11.15376899	-9.93010667	1.30993048	2.85175237
1.09166667	-18.79022958	25.51667461	25.05047636	-11.08978903	-9.82675042	1.27933969	2.86789592
1.10000000	-18.86609090	25.62005243	25.16316687	-11.14624298	-9.87666855	1.28064953	3.00591805
1.10833333	-18.86213518	25.59820438	25.16941468	-11.13192706	-9.88340177	1.30031610	3.13558813
1.11666667	-18.82970840	25.57154600	25.11775770	-11.16704610	-9.84951306	1.31161415	3.26135093
1.12500000	-18.90539863	25.66377118	25.18808498	-11.17249252	-9.80587825	1.28095853	3.38306781
1.13333333	-18.84697321	25.60446716	25.10974499	-11.17625730	-9.77744150	1.27626851	3.47036889
1.14166667	-18.83123307	25.56292447	25.14133032	-11.17033063	-9.86325779	1.32307536	3.58026438
1.15000000	-18.77799646	25.49718020	25.03481103	-11.14098042	-9.77335110	1.28223679	3.52824755
1.15833333	-18.77898727	25.48728452	25.02612876	-11.13342888	-9.75229127	1.28959458	3.50793312
1.16666667	-18.70487663	25.36968279	24.89306686	-11.06538613	-9.66844155	1.25533647	3.47701686
1.17500000	-18.82484294	25.54708841	25.10618068	-11.16306205	-9.83238454	1.33531047	3.55444133
1.18333333	-18.82908517	25.55842645	25.07103269	-11.14648174	-9.78467907	1.32006646	3.55577948
1.19166667	-18.69054765	25.35837045	24.85855312	-11.05928239	-9.68965029	1.24166557	3.53507887
1.20000000	-19.04162331	25.81432991	25.39623371	-11.22757126	-9.94080169	1.32955273	3.65601478
1.20833333	-18.86288225	25.58638767	25.10874533	-11.13645667	-9.81474079	1.25225585	3.61391878
1.21666667	-18.94132909	25.64990153	25.24251725	-11.13806514	-9.87671986	1.29880094	3.59676463
1.22500000	-18.85390179	25.51374414	25.06785582	-11.06620837	-9.73828115	1.30001812	3.55194141
1.23333333	-18.91343878	25.56990754	25.20270118	-11.09725131	-9.87262705	1.27731517	3.57147495
1.24166667	-18.87775537	25.51675914	25.11402488	-11.07993599	-9.78923535	1.34722965	3.59555048
1.25000000	-18.81994774	25.44492729	25.04644060	-11.06210515	-9.80590984	1.26056719	3.55974602
1.25833333	-18.74685230	25.33878383	24.91361122	-11.01833929	-9.72665692	1.29140159	3.56796395
1.26666667	-18.71002335	25.31092118	24.95312872	-11.06801220	-9.91531191	1.28902896	3.66504886
1.27500000	-18.94244741	25.68535846	25.22016341	-11.25281808	-9.96164413	1.33887483	3.64209248
1.28333333	-18.82417293	25.48333188	25.02979616	-11.15696292	-9.85244106	1.36413716	3.62331684
1.29166667	-18.75539362	25.37228217	24.92912245	-11.08959766	-9.82457251	1.29534746	3.58722530
1.30000000	-18.68941565	25.27899276	24.82260675	-11.06049526	-9.77024294	1.30405117	3.60179687
1.30833333	-19.43209250	26.39447251	25.75942884	-11.48128675	-9.92947923	1.48217342	3.56611470
1.31666667	-19.26848017	26.19004954	25.49267688	-11.42107750	-9.80928010	1.37969117	3.62936367
1.32500000	-18.72366275	25.31635538	24.90387625	-11.10201931	-9.93250824	1.31722640	3.82731894
1.33333333	-18.68519437	25.24722887	24.81245282	-11.05237977	-9.87782685	1.31430723	3.83192915
1.34166667	-18.61890693	25.14703307	24.69726445	-10.99657542	-9.80053001	1.33591087	3.79590830
1.35000000	-18.65006694	25.20982091	24.72076867	-11.04227480	-9.79466286	1.30454845	3.73903307
1.35833333	-18.68779040	25.24366337	24.74616662	-11.03499112	-9.77692874	1.31799458	3.72703138
1.36666667	-18.64803942	25.18782492	24.69639068	-11.02076313	-9.75424184	1.33196342	3.71900223
1.37500000	-18.68992208	25.23107341	24.70627518	-11.01195069	-9.72703285	1.30259914	3.68014534
1.38333333	-18.90196530	25.52667097	25.02777462	-11.15017773	-9.90221738	1.38731126	3.75936333
1.39166667	-18.80617878	25.38397658	24.86361100	-11.09147706	-9.81544926	1.36671055	3.75223471
1.40000000	-18.90316156	25.52835810	24.97976672	-11.14900585	-9.88145995	1.36031769	3.81231167
1.40833333	-18.80215592	25.37556414	24.81571440	-11.09129769	-9.79548404	1.37667602	3.81131315
1.41666667	-18.74858910	25.28831148	24.71753384	-11.05395162	-9.73702944	1.35000026	3.81657010
1.42500000	-19.01628282	25.64898773	25.11582589	-11.19476175	-9.95720078	1.36961051	3.94546680
1.43333333	-18.93226536	25.51451489	24.98200521	-11.12898479	-9.88926517	1.33103290	3.92313519
1.44166667	-18.83687819	25.36876553	24.81447664	-11.06590467	-9.79418654	1.37152448	3.89372581
1.45000000	-18.85706330	25.39981935	24.82478482	-11.08599398	-9.78820913	1.34823892	3.86206888
1.45833333	-19.00276855	25.56771529	25.03603790	-11.13606978	-9.88361916	1.40520965	3.91173272
1.46666667	-18.89636770	25.37719178	24.84045537	-11.03686869	-9.73864539	1.41576138	3.89825124
1.47500000	-18.90067333	25.39543172	24.84020307	-11.05931123	-9.75579512	1.34908445	3.86682113
1.48333333	-18.90388408	25.37800810	24.82998621	-11.04490429	-9.74242973	1.35739169	3.84362758
1.49166667	-19.08798813	25.57694118	25.11001118	-11.10744986	-9.88251066	1.40596901	3.90387601
1.50000000	-19.01970876	25.47438254	24.97933772	-11.05599196	-9.79635045	1.41992417	3.86889064
1.50833333	-19.07053131	25.55705024	25.02009809	-11.10535368	-9.78311794	1.39139030	3.77594857
1.51666667	-19.02858738	25.43367535	24.95979877	-11.01523192	-9.75487708	1.37350080	3.71103792
1.52500000	-19.11183820	25.52461840	25.08917462	-11.05788660	-9.82681577	1.37730669	3.75111802
1.53333333	-19.16937489	25.58513259	25.20102440	-11.10569612	-9.94518153	1.46362243	3.84162715
1.54166667	-19.05230866	25.41651588	25.02311859	-11.03121846	-9.85295170	1.49791955	3.82376168
1.55000000	-19.23328145	25.60974501	25.22672555	-11.08540904	-9.86243086	1.49890367	3.82781231
1.55833333	-19.13040817	25.44237331	25.05691148	-10.99761197	-9.76770020	1.48379562	3.84048925
1.56666667	-19.02429145	25.27292514	24.88179847	-10.92953056	-9.67282688	1.47005342	3.83710646
1.57500000	-19.01449812	25.24255304	24.85810923	-10.91379658	-9.65588577	1.41548045	3.82753121
1.58333333	-18.98046498	25.16865958	24.78516855	-10.85323122	-9.59332784	1.42963614	3.79522398
1.59166667	-18.96513846	25.12483785	24.73701444	-10.83341754	-9.54514999	1.43503848	3.79305827
1.60000000	-18.88059611	25.01690532	24.61192000	-10.79124863	-9.48759730	1.47484133	3.77391035
1.60833333	-19.35130298	25.62768351	25.31717197	-11.01176374	-9.85407921	1.49990918	3.92632326
1.61666667	-19.22045137	25.43238669	25.09533238	-10.93009712	-9.72006320	1.50411261	3.91230039
1.62500000	-19.12541805	25.30226349	24.94742463	-10.88410081	-9.65174842	1.48660958	3.88882961
1.63333333	-19.27094477	25.49335336	25.17792050	-10.94915019	-9.82019127	1.51521041	3.97166940
1.64166667	-19.14911560	25.34149627	24.97670083	-10.91760195	-9.69419431	1.49932218	3.93218220
1.65000000	-19.08695031	25.26176118	24.87448294	-10.89734343	-9.63255438	1.48012036	3.89381894
1.65833333	-19.01380672	25.14942142	24.73886301	-10.85227838	-9.53086867	1.49687890	3.87022129
1.66666667	-19.19315540	25.41706987	25.02547952	-10.97347499	-9.71605642	1.51638779	3.91365195
1.67500000	-19.06099941	25.20811692	24.81117539	-10.88058994	-9.57892800	1.51613252	3.86430555
1.68333333	-19.14122869	25.32063055	24.92500219	-10.92037585	-9.63057007	1.49030388	3.86782821
1.69166667	-19.07092377	25.22561993	24.81192746	-10.87929080	-9.56635220	1.50150796	3.86164332
1.70000000	-19.24344985	25.45295206	25.09297892	-10.97439252	-9.75372456	1.52383427	3.95275267
1.70833333	-19.15839849	25.32934362	24.96090929	-10.92750907	-9.68586731	1.55906417	3.95624261
1.71666667	-19.22554485	25.42718835	25.04699685	-10.96688016	-9.70985137	1.55969761	3.93135171
1.72500000	-19.12869677	25.30381495	24.92729766	-10.94454854	-9.70920657	1.54389542	3.96838396
1.73333333	-19.24144160	25.44372990	25.05550256	-10.98444120	-9.71481345	1.53612377	3.94978022
1.74166667	-19.20899010	25.40542668	24.99601457	-10.97699292	-9.66865747	1.55786902	3.91989212
1.75000000	-19.15913705	25.29620440	24.90138938	-10.89557314	-9.59135694	1.58255525	3.91123941
1.75833333	-19.34089639	25.53659540	25.17764614	-10.96976095	-9.74508041	1.56036321	3.85267205
1.76666667	-19.37690134	25.58651526	25.23274731	-11.00240371	-9.79679717	1.55638635	3.78732589
1.77500000	-19.30187289	25.45726276	25.11550946	-10.91752264	-9.74964399	1.55963703	3.72285840
1.78333333	-19.31036108	25.48022329	25.12352344	-10.92196990	-9.77824921	1.46482218	3.51509788
1.79166667	-19.24410053	25.35474361	25.00483615	-10.84225901	-9.71264017	1.49016575	3.45898615
1.80000000	-19.54571750	25.73682105	25.41939801	-10.95295646	-9.86973173	1.46021531	3.36310282
1.80833333	-19.50463803	25.69185700	25.33580244	-10.94998647	-9.81303469	1.42917510	3.29556584
1.81666667	-19.46642958	25.63593005	25.26391533	-10.91431354	-9.76643210	1.39598153	3.22920024
1.82500000	-19.64544280	25.84894689	25.49581588	-10.97153378	-9.81871114	1.39830953	3.23675874
1.83333333	-19.72792606	25.94000234	25.61101994	-11.00081648	-9.88034579	1.38134174	3.26786985
1.84166667	-19.67595289	25.86914704	25.52283535	-10.98069319	-9.82236097	1.38525004	3.23636523
1.85000000	-19.73045818	25.92324573	25.56474502	-10.96590791	-9.80072147	1.35265867	3.23114190
1.85833333	-19.75508015	25.95463248	25.60128300	-10.98532606	-9.82757392	1.36630979	3.25857966
1.86666667	-19.82984135	26.02568162	25.68716931	-10.97377825	-9.83192283	1.29229832	3.30331399
1.87500000	-19.78192334	25.95271362	25.58519189	-10.94106141	-9.74831883	1.28322623	3.27912976
1.88333333	-19.88119931	26.07816101	25.71226561	-10.97528895	-9.78506075	1.29698184	3.33198888
1.89166667	-19.90924473	26.10343832	25.75314042	-10.96393230	-9.81659836	1.24080251	3.37244902
1.90000000	-19.83737700	26.00769141	25.62185437	-10.93348194	-9.74315167	1.23196758	3.35707329
1.90833333	-19.86909939	26.04607208	25.68245071	-10.94173849	-9.81134328	1.21527505	3.43433417
1.91666667	-19.72533011	25.84172823	25.42486260	-10.86348414	-9.65184435	1.17076741	3.39806950
1.92500000	-19.69878888	25.80035930	25.36673024	-10.85590358	-9.60610757	1.15137214	3.38655287
1.93333333	-20.13084188	26.34826815	26.02587067	-11.04119652	-9.93891862	1.20781001	3.54373322
1.94166667	-19.93414895	26.08388014	25.72268075	-10.98227370	-9.81131764	1.22933032	3.49987600
1.95000000	-19.80955065	25.86804575	25.49095731	-10.87066588	-9.66162296	1.19780816	3.52004607
1.95833333	-19.74389796	25.80011661	25.39084678	-10.88712622	-9.65181134	1.17320921	3.51072174
1.96666667	-20.12334316	26.27104498	25.89450899	-11.01922900	-9.81513051	1.20485790	3.64501649
1.97500000	-19.96499442	26.05922550	25.65947472	-10.96930047	-9.72607865	1.19691850	3.61169912
1.98333333	-19.89488965	26.00862632	25.50235533	-11.01109518	-9.61412608	1.19569126	3.59877765
1.99166667	-19.85298375	25.95445108	25.42586835	-11.00462139	-9.59233741	1.17599237	3.63215337
2.00000000	-19.79508174	25.87786148	25.31429557	-10.98901506	-9.51969737	1.17742588	3.61545352
2.00833333	-20.07379033	26.33408524	25.61548332	-11.17923253	-9.51507283	1.22801173	3.60852745
2.01666667	-19.96117076	26.15121623	25.38346971	-11.07768638	-9.36510459	1.18599274	3.62056578
2.02500000	-19.95891380	26.19561638	25.37668075	-11.14092238	-9.39962197	1.18956536	3.59526746
2.03333333	-19.85507350	25.90417350	25.32832968	-10.91390661	-9.62375579	1.12346609	3.80088813
2.04166667	-19.75883598	25.77559132	25.11642896	-10.86924154	-9.48993662	1.12389922	3.76489065
2.05000000	-19.92769506	25.98738847	25.31569107	-10.91932285	-9.55882237	1.12164382	3.83214209
2.05833333	-19.88166781	25.91519012	25.21762799	-10.90445817	-9.49960061	1.11571025	3.84125717
2.06666667	-19.76901030	25.75066090	25.02539058	-10.84857664	-9.41493701	1.13368848	3.84748142
2.07500000	-20.15474161	26.28939570	25.43975760	-11.01630907	-9.41486605	1.18930690	3.86990702
2.08333333	-20.18343809	26.24019720	25.44622265	-10.94732275	-9.40674546	1.20565898	3.92037627
2.09166667	-20.24923456	26.19770342	25.52305118	-10.85784394	-9.43273626	1.22120061	3.99643271
2.10000000	-20.15977874	26.00066061	25.33094517	-10.73295741	-9.30887458	1.23250733	3.99075934
2.10833333	-19.98029280	25.72165270	25.16012846	-10.61787008	-9.42031126	1.15809814	4.10215041
2.11666667	-20.00696557	25.73793490	25.14656394	-10.60910239	-9.38756389	1.11570307	4.15802987
2.12500000	-19.79855216	25.43440422	24.77685314	-10.51253137	-9.18287766	1.10114270	4.12007802
2.13333333	-19.96403600	25.68777585	25.01364634	-10.64632225	-9.33030174	1.13763005	4.16856255
2.14166667	-20.28233752	26.24764275	25.36427565	-10.91043388	-9.34561141	1.25821962	4.15390190
2.15000000	-20.04937285	25.99801812	24.98238501	-10.90062718	-9.18313654	1.18978169	4.18187730
2.15833333	-20.19642464	26.18760483	25.24744619	-11.01860573	-9.42836274	1.26955042	4.30429943
2.16666667	-19.85574672	25.66508087	24.74396759	-10.85716373	-9.24243061	1.22350620	4.31542197
2.17500000	-19.86631326	25.71299260	24.78819920	-11.04060531	-9.38108832	1.33174937	4.46898979
2.18333333	-19.72353903	25.53110198	24.52250557	-11.05520222	-9.24693659	1.34255526	4.48409023
2.19166667	-19.87542476	25.76583220	24.73069233	-11.24527008	-9.36064401	1.45730714	4.56383763
2.20000000	-19.79407041	25.66584725	24.58529726	-11.28420682	-9.31791327	1.50239913	4.58037632
2.20833333	-19.77177810	25.73013368	24.51623190	-11.45897942	-9.31628485	1.58137022	4.65727345
2.21666667	-19.68014392	25.68303173	24.41981693	-11.59187225	-9.37241781	1.62766069	4.73390610
2.22500000	-19.48366212	25.48876575	24.25603023	-11.59484174	-9.61647894	1.60120446	4.94490424
2.23333333	-19.37130505	25.36064904	24.04532799	-11.72478252	-9.51280196	1.68350244	4.95728144
2.24166667	-19.71386706	25.83952726	24.50356405	-12.08507555	-9.66657956	1.88103239	5.06925376
2.25000000	-19.61810483	25.93866683	24.33622693	-12.47625213	-9.59476282	2.06626327	5.13221010
2.25833333	-19.53446801	25.96085196	24.18282663	-12.77195177	-9.56291424	2.26047307	5.18335030
2.26666667	-19.32420214	25.58793964	24.05424512	-12.67952661	-9.91338170	2.20268791	5.43319743
2.27500000	-19.17113017	25.56168290	23.79349503	-13.05978586	-9.83511930	2.46734968	5.52051349
2.28333333	-19.04664262	25.58157679	23.59547357	-13.46170207	-9.81138440	2.71908569	5.59844562
2.29166667	-18.89666546	25.42265482	23.51598159	-13.54760397	-10.11824275	2.63073819	5.81381022
2.30000000	-18.71936766	25.43868615	23.29502501	-14.06863847	-10.16654552	2.73026457	5.83126414
2.30833333	-18.69536166	25.75575202	23.13227480	-14.77972642	-10.03526072	3.08021681	5.92830027
2.31666667	-18.51367658	25.94384086	22.88207910	-15.54856634	-10.03567586	3.21606672	6.05198683
2.32500000	-18.20550535	25.86900705	22.54137115	-15.91626110	-10.25421342	2.82182826	6.35593730
2.33333333	-17.82261537	25.90331672	21.98870894	-16.71729559	-10.14392570	2.80459050	6.50934946
2.34166667	-17.55565340	26.17762523	21.57934144	-17.74484855	-10.06188045	3.00254443	6.69086353
2.35000000	-17.11886123	26.15012998	20.99543520	-18.47974623	-10.04252785	2.48575944	6.84889002
2.35833333	-16.67042299	26.22461645	20.38967254	-19.43888876	-10.01192288	2.29588537	7.00470994
2.36666667	-16.42122536	26.70781001	19.98999628	-20.73366112	-9.92292315	2.54170875	7.17566327
2.37500000	-15.97084347	26.75770160	19.39719066	-21.60182527	-9.96861299	1.86019799	7.25501508
2.38333333	-15.70949161	27.26125472	19.02014912	-22.93128209	-9.92134860	2.00174689	7.34052761
2.39166667	-15.24140919	27.46335250	18.38963996	-23.99238925	-9.88553902	1.36277641	7.37891646
2.40000000	-14.91313850	27.89802975	17.94902986	-25.21483604	-9.90523220	1.09940783	7.48090015
2.40833333	-14.51511011	28.23343951	17.40413863	-26.37750692	-9.88336395	0.84385114	7.63358985
2.41666667	-14.25671520	28.75333713	17.01507603	-27.60966003	-9.84021207	0.93212985	7.70202994
2.42500000	-13.99357659	29.30279208	16.60727073	-28.84957368	-9.76217469	1.11646911	7.82824267
2.43333333	-13.42413446	29.35289557	15.79610587	-29.68287199	-9.61254094	0.41249787	8.00012552
2.44166667	-12.93217543	29.32480207	15.22313682	-30.38008850	-9.82888408	0.24964019	8.22632772
2.45000000	-12.76265342	29.86860170	14.91765360	-31.28773566	-9.77619602	0.39282243	8.30680956
2.45833333	-12.62672296	30.38141528	14.64593922	-32.06411880	-9.74533858	0.65018210	8.47598588
2.46666667	-12.49421756	30.79112538	14.36337285	-32.64038905	-9.71734289	0.72270817	8.52357738
2.47500000	-12.37194692	31.15992975	14.18333576	-33.02029721	-9.78427696	0.84810541	8.72502293
2.48333333	-12.23045987	31.59089275	13.92331223	-33.35128707	-9.76187745	0.81262714	8.77417101
2.49166667	-12.04548348	31.92768494	13.56518323	-33.49455620	-9.68272670	0.78741704	9.11653211
2.50000000	-11.87741117	32.12012915	13.22558868	-33.43135421	-9.54551640	0.67917278	9.28377071
2.50833333	-11.82294554	32.37587400	13.02398401	-33.23847911	-9.43083054	0.56347232	9.48612875
2.51666667	-11.76468995	32.72119198	12.84659811	-33.04111295	-9.40242916	0.52577722	9.53310610
2.52500000	-11.72304966	33.09467111	12.58831821	-32.71294843	-9.19202412	0.06275998	9.86189267
2.53333333	-11.69289323	33.46077350	12.40584026	-32.31536566	-9.12759925	-0.05592272	9.94287941
2.54166667	-11.59347582	33.65749851	12.06306610	-31.77888885	-8.94970964	-0.76755502	10.15465833
2.55000000	-11.61125134	33.89548849	11.86802955	-31.08727304	-8.81472955	-0.98331065	10.21508386
2.55833333	-11.48065717	34.02226862	11.52263001	-30.41538235	-8.65338780	-1.81445850	10.23800560
2.56666667	-10.92854453	33.60558469	10.67286189	-29.51306963	-8.48364878	-2.43353892	10.22464816
2.57500000	-10.93166982	33.88317410	10.44361140	-28.72692222	-8.34545725	-2.95584585	10.25445240
2.58333333	-10.91132582	34.02394019	10.22533372	-27.82116439	-8.24544083	-3.58001566	10.24513222
2.59166667	-10.77016481	34.04154307	9.83380888	-26.86960232	-8.11090614	-4.12937550	10.25248570
2.60000000	-10.45969826	33.91304070	9.24087214	-25.94270771	-7.95067757	-4.50421534	10.30865778
2.60833333	-10.45326231	34.13065635	8.96144052	-25.04240376	-7.79855308	-5.08618924	10.44575711
2.61666667	-10.15555861	33.87744156	8.47424097	-23.99944448	-7.94372594	-5.46413118	10.53835468
2.62500000	-10.17628783	34.09320440	8.20416224	-23.07467324	-7.77177828	-6.19278074	10.64251948
2.63333333	-9.74788676	33.75305919	7.44191305	-22.07518439	-7.57707813	-6.59206714	10.72930944
2.64166667	-9.83465027	33.89320425	7.28176843	-21.07212088	-7.50313606	-7.38741924	10.86628199
2.65000000	-9.43899441	33.62038944	6.60800786	-20.19304178	-7.45370424	-7.47699356	11.03625492
2.65833333	-9.49868986	33.84049070	6.41443331	-19.30278606	-7.39982304	-8.22292924	11.25291234
2.66666667	-9.40169255	33.84124613	6.10210937	-18.47990120	-7.40424995	-8.34662103	11.52944390
2.67500000	-9.30036984	33.89491957	5.70488399	-17.68224280	-7.35222139	-8.70710706	11.81517384
2.68333333	-9.41007476	34.07577695	5.62393570	-16.83483009	-7.43023847	-9.11688650	12.13779856
2.69166667	-9.45348543	34.26681151	5.39423334	-15.97202339	-7.37838950	-9.63352672	12.35934043
2.70000000	-9.34222481	34.25433323	5.02090898	-15.37319585	-7.41653441	-9.30760998	12.61309153
2.70833333	-9.42930222	34.46497568	4.86563358	-14.59279585	-7.40566150	-9.49306684	12.73943964
2.71666667	-9.34390646	34.47561307	4.53662631	-14.03699816	-7.47614397	-9.20876362	13.10859630
2.72500000	-9.44659679	34.67548463	4.37074830	-13.39902914	-7.50990696	-9.01587489	13.36187202
2.73333333	-9.55972724	34.85272619	4.27099619	-12.78403289	-7.61518208	-8.73525661	13.52001828
2.74166667	-9.63041127	34.98041656	4.09764046	-12.06825268	-7.68277239	-8.69701651	13.62883935
2.75000000	-9.67865816	35.00539585	3.91689630	-11.59038267	-7.83193156	-8.01740423	13.73340749
2.75833333	-9.79737637	35.15482692	3.77502743	-10.96733152	-7.89923630	-7.90793375	13.86067770
2.76666667	-9.90552942	35.05147565	3.63963662	-10.20057444	-7.98319262	-7.71539850	13.99083716
2.77500000	-9.64136015	34.83478475	3.20462909	-10.08643515	-8.24440481	-7.07559070	14.43445855
2.78333333	-9.77422568	34.95804201	3.08996144	-9.67022295	-8.33020888	-7.00160261	14.63929756
2.79166667	-9.82176054	35.19401912	2.82811011	-9.75774585	-8.35136150	-6.59238454	15.29425605
2.80000000	-9.86573908	35.17033184	2.62633280	-9.49613312	-8.48610814	-6.53869080	15.61769541
2.80833333	-9.79348333	34.93704818	2.39114373	-9.31013650	-8.77476382	-6.33120932	16.21933825
2.81666667	-9.70388860	34.77922043	2.10133821	-9.31202741	-9.00780675	-6.11920467	16.68388239
2.82500000	-9.56970549	34.69052748	1.64770667	-9.65736329	-8.94081216	-5.72217218	16.94534489
2.83333333	-9.63127571	34.65441740	1.48485521	-9.79290563	-9.18858977	-5.41043573	17.36000776
2.84166667	-9.65677636	34.65057061	1.26362433	-10.07251354	-9.36557942	-5.37274297	17.41711209
2.85000000	-9.50444750	34.25885006	0.92139988	-10.14142150	-9.56024424	-4.93843167	18.17618951
2.85833333	-9.47133676	34.03226064	0.78662161	-10.42782390	-9.95876786	-4.64588719	18.62825124
2.86666667	-9.45948877	33.81317784	0.57774407	-10.63877649	-10.18787306	-4.78782976	19.04216994
2.87500000	-9.66543585	33.88666110	0.56312810	-10.97489936	-10.34633365	-5.08199384	19.21582213
2.88333333	-9.63549589	33.70402309	0.38964258	-11.36216620	-10.73188041	-5.62973351	19.47078380
2.89166667	-9.74344914	33.66472387	0.29326931	-11.62074474	-10.99333100	-6.53696299	19.55140335
2.90000000	-9.80778637	33.64190146	0.29427608	-11.98926768	-11.50281786	-7.48324111	19.65134462
2.90833333	-10.02940763	33.73988154	0.47778921	-12.18718397	-11.96987919	-8.71406518	19.59098135
2.91666667	-10.02045375	33.71966346	0.48249588	-12.57161461	-12.72265002	-9.44452074	19.49826832
2.92500000	-9.98870590	33.63779159	0.51899459	-12.90928335	-13.53471045	-10.05569844	19.37197248
2.93333333	-10.28651052	33.72013664	1.12328046	-12.84074233	-14.54616787	-11.26078548	19.33664903
2.94166667	-10.66854861	34.09185006	1.61592178	-13.15535942	-15.38458976	-11.82143196	18.88937680
2.95000000	-10.65180660	34.02353905	1.84829362	-13.54870825	-16.55289796	-12.04836082	18.58497261
2.95833333	-10.50843485	33.89960961	1.92003048	-14.19125283	-17.75142155	-12.08250507	18.20139548
2.96666667	-10.80454687	34.14122806	2.56865521	-14.60398560	-18.99074926	-12.11736952	17.25386413
2.97500000	-10.78865610	34.10167577	2.92944664	-15.23806589	-20.41372376	-11.81558598	16.35631660
2.98333333	-10.57501391	33.85669232	3.23075387	-15.93201875	-22.13899796	-11.14529158	15.42675799
2.99166667	-10.62677483	33.85469949	3.85784898	-16.55672195	-23.79022467	-10.88608949	13.87445902
3.00000000	-10.86222052	33.99411032	4.90956492	-17.14536407	-25.86555718	-10.35756003	12.30680704
3.00833333	-10.61144314	33.57565145	5.55598106	-17.60302004	-28.06096307	-9.83891406	10.50571423
3.01666667	-10.19816224	32.90662254	6.24360887	-17.96592800	-30.60488914	-9.44510632	9.40702756
3.02500000	-10.61280515	33.17904619	7.95628308	-18.34600670	-33.11786806	-8.85216587	6.38796501
3.03333333	-10.56069130	32.85755905	9.27080182	-18.59719923	-35.87003377	-8.29728177	4.17802962
3.04166667	-11.17511900	33.28715826	11.57265632	-18.85408877	-38.75540277	-7.94375940	1.30849455
3.05000000	-11.51010849	33.43042867	13.61832237	-19.13726352	-41.70379633	-7.40194617	-1.28416316
3.05833333	-11.31951294	32.74104022	15.02672874	-18.98150620	-44.53987439	-6.87627690	-3.32452817
3.06666667	-11.99673540	33.32550871	17.63396613	-19.33232305	-47.57068776	-6.43985394	-5.88681702
3.07500000	-12.12822946	33.11330270	19.58083947	-19.38282913	-50.53163585	-5.83316338	-7.24891576
3.08333333	-11.76504048	32.25045352	20.83771848	-19.21731682	-53.25248067	-5.67477354	-7.59182928
3.09166667	-12.74988369	33.18785790	24.04634580	-19.60240854	-56.48101969	-4.89059537	-8.19346574
3.10000000	-12.60087968	32.62414858	25.74346590	-19.52882606	-59.30782387	-4.43708625	-7.79582135
3.10833333	-12.92041424	32.70040205	28.09100229	-19.70766851	-62.21779267	-3.87412081	-6.93673616
3.11666667	-13.21226443	32.80357763	30.42955029	-19.92412112	-65.06633456	-3.34481814	-5.98707756
3.12500000	-13.20353534	32.35984808	32.31585040	-19.83370869	-67.64020591	-2.86040636	-4.93123402
3.13333333	-12.92879726	31.57624047	33.88511393	-19.64643964	-70.03916040	-2.42866997	-3.97094062
3.14166667	-12.94873934	31.22493606	35.79576960	-19.65586652	-72.44452754	-1.82248240	-2.64274756
3.15000000	-12.59938588	30.37653813	37.22185917	-19.46755793	-74.59538773	-1.45228382	-1.61892001
3.15833333	-12.28199130	29.55258741	38.67308956	-19.26371399	-76.66595190	-1.03186988	-0.36278317
3.16666667	-11.93912821	28.71874833	40.06831291	-19.08277462	-78.61772046	-0.63845701	1.06234100
3.17500000	-11.64465033	27.96166213	41.57738706	-19.02406872	-80.52243214	-0.10847876	3.09174726
3.18333333	-11.21579024	27.07243543	42.88411106	-18.85656939	-82.17923232	0.14109108	4.44762528
3.19166667	-10.74702406	26.05692329	44.04370819	-18.65448428	-83.70495597	0.52384306	6.62529535
3.20000000	-10.38830895	25.27650731	45.28400997	-18.53989142	-85.06870013	0.82901945	8.45461836
3.20833333	-10.07861224	24.38931541	46.60959703	-18.23057754	-86.24559868	1.05852285	9.88293642
3.21666667	-9.64920608	23.38395381	47.80975831	-17.94577483	-87.39294142	1.41023749	11.91429851
3.22500000	-9.19687688	22.40356936	48.86476975	-17.72364287	-88.30699472	1.77891859	13.75966708
3.23333333	-8.96784469	21.54404368	50.15122152	-17.31358974	-89.04694646	1.98418765	15.03235181
3.24166667	-8.45687404	20.42072539	51.07417620	-17.00088238	-89.65287617	2.37910897	16.82104613
3.25000000	-7.95937095	19.27465104	51.98881597	-16.60795618	-90.08368494	2.65575979	18.15290523
3.25833333	-7.49401089	18.26776159	52.88489353	-16.30657204	-90.35557865	2.95555534	19.32937990
3.26666667	-7.24037197	17.46224699	53.98108532	-15.94869026	-90.46186910	3.09131956	20.26414058
3.27500000	-7.04145970	16.79068916	55.14081168	-15.68780022	-90.43174175	3.19329537	20.52493043
3.28333333	-6.33235183	15.48475860	55.50304181	-15.39837796	-90.23587388	3.57981895	22.37708985
3.29166667	-6.16727236	14.87627982	56.58240178	-15.19309973	-89.90833243	3.66901198	22.57617356
3.30000000	-5.73051011	13.97178796	57.05274630	-15.04319963	-89.36263208	3.99679123	23.90072071
3.30833333	-5.49932140	13.28498431	57.78424926	-14.88790006	-88.69009340	4.17937755	24.48290050
3.31666667	-5.41112516	12.78038697	58.69121703	-14.69918888	-87.92990657	4.25700905	24.63664481
3.32500000	-5.32508118	12.29418862	59.48630090	-14.57448017	-87.00413014	4.33546050	24.75194550
3.33333333	-5.04145153	11.59713788	59.83910682	-14.43834617	-85.94063200	4.65505063	25.52482891
3.34166667	-5.00138055	11.17075191	60.55972886	-14.30420271	-84.81778690	4.72806671	25.56195188
3.35000000	-4.92993743	10.64499104	61.04172616	-14.03225491	-83.46891982	4.93079909	25.49733138
3.35833333	-4.75318352	10.20937460	61.35061089	-14.07717130	-82.12711646	5.21839849	25.57485685
3.36666667	-4.75869929	9.83500201	61.84228073	-13.98098843	-80.72212588	5.31031849	25.57483353
3.37500000	-4.69029251	9.26370675	62.11531942	-13.67310339	-79.17403444	5.62140436	25.07773800
3.38333333	-4.31667229	8.50257065	61.94615003	-13.59043891	-77.64981762	5.85502748	25.15409449
3.39166667	-4.34297093	8.13552201	62.19706952	-13.47757032	-76.05755968	6.10263776	24.55093646
3.40000000	-4.29643497	7.75447689	62.30761299	-13.43767524	-74.47549345	6.41893002	23.65259186
3.40833333	-4.26759145	7.42081601	62.26970514	-13.43687201	-72.82374751	6.65910951	22.72448397
3.41666667	-4.20361680	7.00032742	62.18932847	-13.41231978	-71.26671482	6.92754552	21.54610607
3.42500000	-4.10864681	6.61275986	61.99916129	-13.45573498	-69.75545699	7.12748960	20.19751901
3.43333333	-3.99962583	6.10397988	61.78605691	-13.40430636	-68.36984406	7.35800767	18.60862622
3.44166667	-3.78125564	5.50513861	61.33129932	-13.41062927	-66.98200856	7.57829997	16.70618342
3.45000000	-3.77427312	5.15776487	61.16056098	-13.45451814	-65.85615928	7.76860384	14.80271192
3.45833333	-3.75245518	4.78902827	60.86161053	-13.46588778	-64.77785943	7.91989133	12.73279046
3.46666667	-3.71048472	4.36647528	60.52488572	-13.44889865	-63.85251072	8.09644112	10.52932358
3.47500000	-3.66711652	3.96551636	60.16034419	-13.44452586	-63.05485958	8.22926236	8.28995471
3.48333333	-3.64875773	3.51521020	59.76547975	-13.37134453	-62.33220720	8.28871817	6.16034185
3.49166667	-3.60982079	3.11446596	59.33875511	-13.38812633	-61.75548923	8.27835694	4.05167043
3.50000000	-3.66764857	2.94967145	58.86517839	-13.53996880	-61.19448947	8.22189662	2.31661300
3.50833333	-3.82535331	2.72589872	58.48767775	-13.52849647	-60.79316993	8.15608084	1.22638954
3.51666667	-3.99123005	2.51427280	58.09289145	-13.57179345	-60.43617132	8.02370642	0.71009966
3.52500000	-4.08194419	2.45593679	57.57457936	-13.82244664	-60.31387009	7.80673558	0.86152641
3.53333333	-4.33397032	2.42309253	57.17564361	-13.92786473	-60.14779280	7.48565623	1.59552163
3.54166667	-4.57571506	2.31067891	56.77210049	-13.99230289	-60.02388152	7.14092810	2.72199069
3.55000000	-4.89532426	2.30996020	56.38451757	-14.07466418	-59.96382211	6.63388391	4.27963442
3.55833333	-5.20855712	2.48828105	55.94388449	-14.34025364	-59.80189200	6.18493753	5.75233638
3.56666667	-5.57790334	2.50010756	55.63574330	-14.41575331	-59.64965385	5.61097939	7.06884184
3.57500000	-5.94724672	2.68728952	55.31552286	-14.67141605	-59.45093838	4.89943105	8.23075639
3.58333333	-6.30549125	2.88341916	55.01785987	-14.96240179	-59.18294281	4.12519930	9.21044571
3.59166667	-6.73345337	3.11192504	54.83256185	-15.23434109	-58.88132366	3.16866230	10.01608890
3.60000000	-7.33539274	3.73611032	54.88975928	-15.68813882	-58.56055417	2.27795771	10.28009271
3.60833333	-7.57257621	4.07190184	54.49227747	-16.29171709	-58.19009573	1.13596237	10.82206175
3.61666667	-8.10155968	4.63641601	54.46209782	-16.83354932	-57.83951928	-0.09867070	10.96655560
3.62500000	-8.36260393	5.01815497	54.10894858	-17.55276353	-57.46143140	-1.50361528	11.40602687
3.63333333	-8.66730953	5.62623009	53.80597114	-18.49215301	-57.04409926	-3.01839698	11.65903676
3.64166667	-9.01209072	6.38676353	53.49086486	-19.52754132	-56.57486226	-4.69243607	11.87812431
3.65000000	-9.61896896	7.46512288	53.49509277	-20.62281532	-56.13609974	-6.43798277	11.98330654
3.65833333	-9.69877796	8.20605432	52.78733986	-22.00165897	-55.48544898	-8.26594631	12.32716117
3.66666667	-9.88543396	9.14432707	52.22270169	-23.51406109	-54.86856877	-10.11038378	12.54371615
3.67500000	-10.21452816	10.32880644	51.81195430	-25.14718273	-54.22889113	-11.83280388	12.56328852
3.68333333	-10.19972852	11.34188093	50.99479601	-27.06081213	-53.55240118	-13.36116572	12.77935519
3.69166667	-10.20396977	12.48087332	50.17595379	-29.17380792	-52.81992284	-14.78078844	13.00708925
3.70000000	-10.13872691	13.57015445	49.29021964	-31.32726918	-52.10074748	-16.15989082	13.06674433
3.70833333	-10.34913715	15.17378819	48.80165203	-33.74176026	-51.50595173	-17.59750225	13.04814438
3.71666667	-10.08066727	16.33405800	47.71650495	-36.26771920	-50.77201698	-18.88125659	13.12828519
3.72500000	-10.17816933	17.89920391	47.05951517	-38.85368333	-50.12368400	-20.43592453	13.17699406
3.73333333	-9.86668166	19.33020602	45.90872788	-41.80262316	-49.32507906	-21.51004908	13.26160133
3.74166667	-10.05919461	21.07137996	45.33133633	-44.53985944	-48.57248794	-23.29756602	13.18240999
3.75000000	-10.02347892	22.75603554	44.43710697	-47.49091856	-47.71912163	-24.58771955	13.19512509
3.75833333	-10.08923185	24.52791592	43.79948336	-50.54242019	-46.96114550	-25.52905999	13.11190141
3.76666667	-9.88046453	26.13140271	42.73320100	-53.58830882	-46.06597636	-26.27846274	13.08169931
3.77500000	-9.86273875	27.91361666	41.88119226	-56.67396776	-45.12853412	-26.35886541	12.98373479
3.78333333	-9.81176420	29.56657317	41.02455526	-59.63928263	-44.24868919	-25.99393395	12.89413499
3.79166667	-9.61547553	31.08614775	39.97207282	-62.60370962	-43.31021374	-24.36240028	12.80671563
3.80000000	-9.95528160	33.23202582	39.64013057	-65.54881492	-42.55846342	-23.43181570	12.70302123
3.80833333	-9.66343163	34.65305396	38.45423123	-68.30001091	-41.61149246	-21.28689796	12.59405014
3.81666667	-9.44815280	36.08529884	37.46065417	-70.94838940	-40.77711861	-19.08485953	12.50847298
3.82500000	-9.25679233	37.59438260	36.51255185	-73.50687962	-39.95929371	-16.94667455	12.42911405
3.83333333	-9.44452056	39.44180406	35.99700576	-75.94130425	-39.19053399	-15.01562494	12.41840061
3.84166667	-9.21162434	40.87230415	34.99211345	-78.17937056	-38.34476360	-12.96958080	12.28589013
3.85000000	-9.00876774	42.27496952	33.99144538	-80.23800063	-37.44655782	-11.06405717	12.20000151
3.85833333	-8.84073380	43.66304463	33.05468558	-82.09433302	-36.58217005	-9.09691268	12.06530780
3.86666667	-8.57070965	44.84840583	32.01764241	-83.72580045	-35.73668642	-6.54610442	12.00712707
3.87500000	-8.48668523	46.19301086	31.08004554	-85.16337706	-34.75277501	-4.72905105	11.81742099
3.88333333	-8.28119669	47.33590313	30.07897316	-86.40661757	-33.86275875	-1.83546135	11.77985932
3.89166667	-8.20236287	48.56250089	29.16853394	-87.40681522	-32.89293025	-0.27821823	11.54471495
3.90000000	-7.98047439	49.66101663	28.03101406	-88.36523444	-31.89155597	2.81873207	11.51261000
3.90833333	-7.94947606	50.88161835	27.21372451	-88.99749053	-30.94339876	3.52090342	11.41497880
3.91666667	-7.82453186	51.91444327	26.37777799	-89.50549774	-30.07780998	5.09287868	10.95336168
3.92500000	-7.39090864	52.52826194	24.94781130	-89.88304551	-29.00308991	8.12840772	11.03875267
3.93333333	-7.32012775	53.49726435	24.04269799	-90.07602722	-28.02457371	9.87405745	10.79281868
3.94166667	-7.15245949	54.26729608	23.07916335	-89.97632956	-27.11871037	10.85334443	10.61345221
3.95000000	-6.98303131	54.98547427	22.09590505	-89.77094362	-26.21658910	12.26649849	10.46935360
3.95833333	-6.82983635	55.58049771	21.15558874	-89.32434761	-25.33782775	13.56857483	10.30229140
3.96666667	-6.72017874	56.20073941	20.26450058	-88.76474268	-24.46478810	14.68453534	10.12949942
3.97500000	-6.84284010	57.04978274	19.67747433	-88.08110333	-23.65039763	14.81208563	10.11373526
3.98333333	-6.58611887	57.25657494	18.63514066	-87.15319662	-22.80974822	16.36057260	9.76714209
3.99166667	-6.73567953	57.93055315	18.08422706	-86.14518234	-22.00367706	16.51637853	9.57705959
4.00000000	-6.69245330	58.29635773	17.37378578	-84.98881855	-21.29169781	17.00109864	9.22885200
4.00833333	-6.65663418	58.62931222	16.65978963	-83.81348339	-20.58712547	17.53911621	9.06115237
4.01666667	-6.83179479	59.13079858	16.20935607	-82.54966162	-19.92777076	17.54796815	9.05052579
4.02500000	-6.94294483	59.43845143	15.75997534	-81.10186493	-19.33711208	17.60624736	8.73121862
4.03333333	-6.92351695	59.53742987	15.20030347	-79.66132491	-18.86589625	17.85209788	8.57993317
4.04166667	-7.07039911	59.76025533	14.84261901	-78.18265549	-18.37019108	17.76154615	8.37933980
4.05000000	-7.08165720	59.75194216	14.32922213	-76.62952776	-17.92670538	17.56066770	8.26196694
4.05833333	-7.30709482	59.96604014	14.04753642	-75.15015031	-17.45189740	17.38770028	8.20748199
4.06666667	-7.43520461	59.95408684	13.74840705	-73.57245982	-17.10335293	16.97290343	7.99444899
4.07500000	-7.56091356	59.89119340	13.45899856	-72.04373018	-16.77982741	16.46373618	7.85367739
4.08333333	-7.74889172	59.88437013	13.19670062	-70.65515600	-16.44129783	16.16799838	7.88635030
4.09166667	-7.91256802	59.80005408	12.91125308	-69.27209853	-16.09719089	15.38946399	7.71378583
4.10000000	-7.86674267	59.41755465	12.46240631	-67.89351520	-15.87174662	14.25229542	7.47237528
4.10833333	-8.03650425	59.29911996	12.21551991	-66.80057423	-15.62790103	13.63863097	7.39205886
4.11666667	-8.17608356	59.07171934	11.94590779	-65.73906671	-15.39810322	12.92470653	7.23540278
4.12500000	-8.06862510	58.52515224	11.40063626	-64.71832553	-15.14362519	11.49063883	6.75352037
4.13333333	-8.19686597	58.25210041	11.11163972	-63.92830773	-14.92745395	10.49649272	6.44213982
4.14166667	-8.12963537	57.70359527	10.55796207	-63.18326471	-14.61474623	9.48561016	5.98086667
4.15000000	-8.28127340	57.36324427	10.31810939	-62.55377507	-14.42713025	8.63989417	5.75778670
4.15833333	-8.42327506	56.98607885	10.09821699	-61.98954562	-14.24641912	7.81695075	5.21860246
4.16666667	-8.64101794	56.63487182	10.02427737	-61.49049288	-14.25315981	7.72570279	5.12373687
4.17500000	-8.69456198	55.96709140	9.59707553	-60.90985327	-13.86730044	7.45879654	3.86389814
4.18333333	-8.78208730	55.29744343	9.30884070	-60.33559914	-13.71754207	7.84128660	3.12746000
4.19166667	-9.00932891	54.78319800	9.19458836	-59.82782436	-13.58691417	8.38814319	2.37118906
4.20000000	-9.30194601	54.29779931	9.15209819	-59.26857732	-13.47752650	8.96795273	1.56641580
4.20833333	-9.61392594	53.82803609	9.14716232	-58.69419440	-13.39794024	9.39614349	0.38990493
4.21666667	-9.95697268	53.40334725	9.26409356	-58.03270597	-13.40337332	9.84096146	-0.68260832
4.22500000	-10.28346444	52.97374666	9.37461671	-57.34189476	-13.42316726	9.96241992	-1.99417368
4.23333333	-10.54741709	52.50603790	9.43132974	-56.65322753	-13.43854532	9.86239872	-3.38471050
4.24166667	-10.84216091	52.12610254	9.62774379	-56.02409863	-13.61067232	9.83741601	-4.84535262
4.25000000	-11.09076855	51.70712449	9.79139375	-55.41993171	-13.81694632	9.71799888	-6.43916087
4.25833333	-11.24923561	51.13607131	9.95863767	-54.73359328	-14.12132648	9.60156000	-8.13073649
4.26666667	-11.38421273	50.55123243	10.20583005	-54.09488642	-14.61045679	9.52492709	-9.84706206
4.27500000	-11.57550985	50.01030575	10.62171295	-53.45489063	-15.21742921	9.51921455	-11.61389932
4.28333333	-11.63432266	49.20043716	11.03919354	-52.59024240	-16.04125865	9.49921879	-13.33953771
4.29166667	-11.70346333	48.37977952	11.52051135	-51.69190790	-16.95966394	9.45654698	-15.15105637
4.30000000	-11.73006799	47.53502093	12.15678442	-50.80226820	-18.26184522	9.43552756	-16.52365594
4.30833333	-11.70772211	46.63646930	12.68095521	-49.93470090	-19.38897558	9.32652149	-17.73768272
4.31666667	-11.69075035	45.71737873	13.61286485	-48.99211371	-21.33373769	9.35608463	-18.71219551
4.32500000	-11.80783270	45.03089804	14.70678693	-48.16962185	-23.28392330	9.32730162	-19.51991858
4.33333333	-11.72703670	44.10283650	15.76348736	-47.30155882	-25.66067599	9.39808982	-20.09006494
4.34166667	-11.51492034	43.00632268	16.87929005	-46.36414011	-28.51739691	9.40386235	-20.32626549
4.35000000	-11.42310498	42.11670399	18.23755518	-45.51116251	-31.61760824	9.38892771	-20.39484248
4.35833333	-11.67398101	41.73332386	20.06018797	-44.90804490	-34.79972321	9.45296974	-21.02554907
4.36666667	-11.38816223	40.60230819	21.40382482	-43.95916214	-38.38937778	9.44210196	-20.66404051
4.37500000	-11.28447156	39.75391710	23.02904663	-43.11549103	-42.10153491	9.41531269	-20.57876248
4.38333333	-11.45318399	39.21972339	24.99739525	-42.31510635	-45.75555494	9.35420304	-21.45858256
4.39166667	-11.23992961	38.19006953	26.54752608	-41.38159334	-49.59784058	9.31489533	-20.77445178
4.40000000	-11.74726546	38.11429030	29.02858131	-40.70209019	-53.39682108	9.35002427	-21.64225951
4.40833333	-11.57410635	37.28665118	30.64853285	-39.91657117	-57.17586792	9.27314521	-21.21562674
4.41666667	-11.44252133	36.42180144	32.11222150	-39.04919225	-60.71966839	9.14148377	-20.45939811
4.42500000	-11.75671434	36.19317669	34.25466633	-38.41359958	-64.29768345	9.09987236	-20.07528462
4.43333333	-11.58099884	35.45938676	35.76855295	-37.80227420	-67.69021442	9.03799789	-18.65003665
4.44166667	-12.16279413	35.40048785	38.37497905	-37.10712262	-71.27411040	9.18905112	-16.59346741
4.45000000	-11.89779275	34.54253874	39.73409331	-36.42981641	-74.29985011	9.06964427	-14.65027596
4.45833333	-12.13973575	34.24634772	41.80302746	-35.81673491	-77.50514208	9.10690752	-10.98053093
4.46666667	-12.11780638	33.56531180	43.44286952	-35.09488370	-80.25257681	9.10799975	-8.35872925
4.47500000	-12.16472594	32.99073134	45.15722811	-34.39036777	-82.89684745	9.13630441	-4.64811147
4.48333333	-12.20427641	32.48718710	46.78338409	-33.77370515	-85.23145197	9.11470758	-1.48696570
4.49166667	-12.04942806	31.74247404	48.08782659	-33.10070375	-87.17112837	8.97372267	0.82685174
4.50000000	-11.68815924	30.51225768	49.18611464	-32.09737343	-89.05979514	8.94661545	4.64184213
4.50833333	-11.44607080	29.54411444	50.24545569	-31.28235867	-90.54072948	8.87060042	7.44500712
4.51666667	-11.22195601	28.70572974	51.28403474	-30.60614467	-91.78681688	8.81710667	10.03360445
4.52500000	-10.89624457	27.69584615	52.16291551	-29.86775659	-92.75190972	8.77364603	12.38948668
4.53333333	-10.75633704	26.79657094	53.20657044	-29.04193014	-93.53607692	8.72736346	14.56519930
4.54166667	-10.38912276	25.75777569	53.95231092	-28.32873455	-94.00518602	8.68970129	16.41308267
4.55000000	-10.24121323	25.17212322	54.90303942	-27.89626435	-94.30084456	8.62833059	17.86750349
4.55833333	-10.03424854	24.61273754	55.62175703	-27.51673202	-94.37658186	8.78680281	19.51033152
4.56666667	-9.91262977	23.66353410	56.52687916	-26.64379375	-94.26771929	8.68718558	20.80559994
4.57500000	-9.74184298	22.91798429	57.26763068	-26.05668063	-93.99453380	8.74740746	22.05770869
4.58333333	-9.62802707	22.37995918	57.96776796	-25.59670398	-93.52323883	8.74655158	23.01134307
4.59166667	-9.64136781	21.70325185	58.71651735	-24.83706951	-92.84368344	8.58501912	23.75978340
4.60000000	-9.37438662	20.84497385	59.16206693	-24.22905765	-92.05013136	8.62460900	24.57376256
4.60833333	-9.34675488	20.45838241	59.90053686	-23.84690703	-91.13012943	8.63531552	24.71840421
4.61666667	-9.36135946	19.91027571	60.50186561	-23.21469553	-90.03217688	8.54624346	25.05237954
4.62500000	-8.98300111	18.93225327	60.50444397	-22.68020884	-88.78967203	8.68941227	26.08029382
4.63333333	-9.06515388	18.47129466	61.02941872	-22.12106746	-87.41955176	8.59590353	26.19641614
4.64166667	-8.99699982	17.93509599	61.28201636	-21.69354723	-85.95923993	8.55193145	26.49626616
4.65000000	-8.95855231	17.46253017	61.49844281	-21.34643930	-84.39403683	8.76888841	26.56184267
4.65833333	-9.10673194	17.14441408	61.84994066	-20.87255254	-82.77384389	8.72193214	26.46070220
4.66666667	-9.18066118	16.88642241	61.98549418	-20.67530268	-81.00762729	8.86551782	26.16082641
4.67500000	-9.34701236	16.61908584	62.20831240	-20.24281398	-79.30499747	8.82629353	25.90170957
4.68333333	-9.43244154	16.37169883	62.19916678	-20.00236674	-77.47358283	8.85630315	25.08635532
4.69166667	-9.64784882	16.05182515	62.31376614	-19.47261453	-75.77146417	8.80180286	24.55277307
4.70000000	-9.77142932	15.88794792	62.25251140	-19.30051858	-74.00649790	8.80307969	23.28595507
4.70833333	-9.94692238	15.65353565	62.23454981	-18.93341170	-72.41383463	8.66215678	22.22665517
4.71666667	-10.13471985	15.28454994	62.15324228	-18.40327182	-70.89914907	8.57706374	21.28713791
4.72500000	-10.19650471	15.02740624	61.90269695	-18.16852602	-69.45309163	8.35192362	19.68416940
4.73333333	-10.33810005	14.73720574	61.69363830	-17.81238630	-68.12996136	8.22996716	18.32539317
4.74166667	-10.46464410	14.41564857	61.42816384	-17.46270471	-66.94198931	8.10225943	17.03097296
4.75000000	-10.58078423	14.09272389	61.11502490	-17.13985924	-65.87543080	7.86792759	15.45912460
4.75833333	-10.54538262	13.76513170	60.58162239	-17.08899997	-64.87970553	7.85622570	14.14659622
4.76666667	-10.67523193	13.47091041	60.25469870	-16.80112709	-64.11419244	7.59936803	13.27813127
4.77500000	-10.72332528	12.98931896	59.71788184	-16.41352150	-63.46166760	7.16855864	12.75173938
4.78333333	-10.92002365	12.78385068	59.29240020	-16.17325203	-62.91670002	6.82061417	12.73297689
4.79166667	-11.14623984	12.74625998	58.92463459	-16.15066537	-62.53001100	6.71881631	12.83021815
4.80000000	-11.33854282	12.50992634	58.35853600	-15.83416583	-62.13057395	5.78885729	13.86010818
4.80833333	-11.52699689	12.35837267	57.84713486	-15.69309298	-61.75574673	5.22799058	14.66308732
4.81666667	-11.78295794	12.30878228	57.35811423	-15.56855639	-61.29291263	4.58651171	15.37425802
4.82500000	-12.09785930	12.35977774	56.98413634	-15.52008597	-60.80871985	3.86360188	16.02786696
4.83333333	-12.40685787	12.46019543	56.63349522	-15.54027621	-60.25715552	3.06496557	16.46523506
4.84166667	-12.64773955	12.52907784	56.25773636	-15.63782829	-59.67690411	2.47499953	16.61474078
4.85000000	-13.02291462	12.79091841	56.11549523	-15.83444957	-59.09163487	1.16817532	16.40257378
4.85833333	-13.20497122	12.86065502	55.72726128	-16.04674502	-58.52414285	0.44437441	16.41920762
4.86666667	-13.24775948	12.78954358	55.22214228	-16.24051514	-57.98146843	-1.06997285	16.14030247
4.87500000	-13.33647352	12.90459241	54.73339332	-16.64343458	-57.44865040	-2.29097175	16.13558867
4.88333333	-13.39706343	13.05109801	54.20136638	-17.13396278	-56.92739507	-3.63129437	16.13387158
4.89166667	-13.43716858	13.27671692	53.58088577	-17.77157885	-56.30096672	-5.06375270	16.12907127
4.90000000	-13.46849061	13.66078871	52.93681995	-18.60103503	-55.64884665	-6.54842569	16.14147359
4.90833333	-13.58039003	14.25727516	52.35803731	-19.56056620	-54.90034796	-8.18794895	15.95743570
4.91666667	-13.54333489	14.89334721	51.55515427	-20.82493818	-54.10459861	-9.59665977	16.03156785
4.92500000	-13.63254933	15.38221316	50.87018982	-21.94371348	-53.25921760	-11.06632143	16.05377903
4.93333333	-13.60756126	16.10796637	50.11267250	-23.33981552	-52.44518201	-12.56418058	15.89781184
4.94166667	-13.51321031	16.97685233	49.22268832	-25.18736210	-51.55024715	-13.66928772	15.88669207
4.95000000	-13.48874292	18.00566157	48.40049796	-27.06976568	-50.68214656	-14.96883025	15.74959645
4.95833333	-13.37332388	19.21458186	47.48680162	-29.44286633	-49.82223858	-15.92972960	15.75329272
4.96666667	-13.22344963	20.47116194	46.67934101	-31.97705989	-48.98091116	-17.26546606	15.50333391
4.97500000	-12.93780880	21.51552379	45.67295057	-34.47127721	-48.17662537	-18.79385204	15.40078559
4.98333333	-12.83173706	22.84047917	44.87361795	-37.24917309	-47.35631047	-20.25854133	15.26589877
4.99166667	-12.58401778	23.69873112	43.89320517	-39.84224103	-46.49794176	-21.38023199	15.17231349
5.00000000	-12.38132752	25.04557115	42.89912702	-42.92922144	-45.52313777	-22.51566931	15.02935133
5.00833333	-12.48525965	26.95626921	42.37140172	-46.18649938	-44.70893588	-24.32411671	14.77483434
5.01666667	-12.14480762	28.41067459	41.22482465	-49.51578066	-43.69142224	-25.19232477	14.58214762
5.02500000	-11.86176924	29.80630415	40.25156445	-52.67037473	-42.81556900	-26.60078284	14.38326751
5.03333333	-11.60380172	31.30539625	39.21362209	-56.02962475	-41.78476164	-26.68701337	14.18521768
5.04166667	-11.46954114	32.86952978	38.45079230	-59.11406194	-40.99915607	-28.09352790	13.98680506
5.05000000	-11.13105687	34.24181233	37.41447706	-62.28546844	-40.12033345	-27.70167628	13.79405411
5.05833333	-10.84141538	35.65586779	36.47536825	-65.39118506	-39.28906641	-27.05073162	13.60814205
5.06666667	-10.62071076	37.01459981	35.57420649	-68.27414690	-38.44753016	-26.53879920	13.40977689
5.07500000	-10.39269464	38.32712317	34.68074136	-70.99844245	-37.62663085	-25.40987331	13.24214534
5.08333333	-10.50994598	40.17053497	34.28604945	-73.71988881	-37.01984711	-25.05646883	13.25130845
5.09166667	-10.28282024	41.57891877	33.41099788	-76.30322685	-36.21291398	-23.20324694	13.06960199
5.10000000	-10.06591907	42.94759053	32.51595130	-78.67047056	-35.37336430	-21.21545492	12.86970026
5.10833333	-9.87998477	44.36201573	31.66054201	-80.91274701	-34.54929035	-19.13390043	12.68789160
5.11666667	-9.72576382	45.81672922	30.87719378	-82.99435730	-33.77161733	-17.07482092	12.52776587
5.12500000	-9.74977878	47.42877650	30.40317920	-84.95256031	-33.14792929	-13.44881388	12.57214325
5.13333333	-9.57606879	48.64335794	29.46196844	-86.42678985	-32.16999540	-11.62028775	12.33489138
5.14166667	-8.89520087	49.29643347	27.96165590	-87.76657041	-31.23290837	-8.09333589	12.19700095
5.15000000	-8.99365668	50.80600002	27.47588603	-89.02364868	-30.43526260	-5.05997104	11.93492679
5.15833333	-8.93971138	52.07329047	26.72720478	-89.88849497	-29.52380386	-3.57947062	11.76372139
5.16666667	-8.52412686	52.92705653	25.58786028	-90.70545714	-28.70639648	0.41857761	11.57493556
5.17500000	-8.48124476	54.05678284	24.94742647	-91.15827754	-27.93817064	1.86128152	11.29672857
5.18333333	-8.16516129	54.84451871	23.89341389	-91.53905382	-27.03850340	4.92166177	11.13561445
5.19166667	-8.01921109	55.78111377	23.08264539	-91.71804396	-26.21533846	6.74593506	10.91757190
5.20000000	-7.79955965	56.48379687	22.21228160	-91.61819987	-25.43461481	8.15911690	10.74524585
5.20833333	-7.77723642	57.33285485	21.69107756	-91.35357507	-24.81271400	9.10922796	10.54535091
5.21666667	-7.82382258	58.08508891	21.21331276	-90.84137466	-24.13988051	9.98700276	10.27173519
5.22500000	-7.63496180	58.66271096	20.45737971	-90.36090011	-23.48010079	11.56497465	10.28638002
5.23333333	-7.39833841	59.12561084	19.61716143	-89.63679122	-22.80308547	12.40892637	10.13121475
5.24166667	-7.46427716	59.84467869	19.16070031	-88.78590224	-22.18728308	12.81187324	9.92490871
5.25000000	-7.38338567	60.30446591	18.58881352	-87.81048328	-21.65676782	13.58398562	9.84999838
5.25833333	-7.24844931	60.61271423	17.99055400	-86.73652413	-21.15033149	14.42421690	9.87386213
5.26666667	-7.26562622	61.09621787	17.51219798	-85.57676589	-20.63420438	14.73420588	9.69979818
5.27500000	-7.35595687	61.52194403	17.14347490	-84.30342403	-20.11799370	14.84031579	9.72361370
5.28333333	-7.22553071	61.53071122	16.66803375	-82.82661124	-19.82867296	15.35162596	9.56444997
5.29166667	-7.31189903	61.83410385	16.34054153	-81.43434149	-19.38588506	15.41267188	9.59917091
5.30000000	-7.38162611	62.03849179	16.01810473	-79.97374165	-19.00001479	15.40122606	9.56116620
5.30833333	-7.28172932	61.91110603	15.58520895	-78.41091961	-18.76484099	15.50930140	9.42054445
5.31666667	-7.13652855	61.73268083	15.08460091	-76.92463215	-18.52552577	15.66413177	9.57062319
5.32500000	-7.25772144	61.80556979	14.88291716	-75.45840007	-18.22840786	15.51122151	9.61337167
5.33333333	-7.35324236	61.78875518	14.61738618	-73.98050640	-17.91551451	15.13217583	9.54847747
5.34166667	-7.39268918	61.60478987	14.30449892	-72.51614655	-17.61745490	14.79552004	9.54947794
5.35000000	-7.27044131	61.27040941	13.79897261	-71.15630356	-17.33324973	14.33564991	9.59510073
5.35833333	-7.38243173	61.15123470	13.57511826	-69.92142477	-17.08117715	14.03515337	9.66876357
5.36666667	-7.45859956	61.00855928	13.31134450	-68.80730239	-16.83019255	13.52058297	9.73679278
5.37500000	-7.48101423	60.78625642	12.98727246	-67.79897022	-16.58694901	12.84156369	9.80482451
5.38333333	-7.46733085	60.49353927	12.61914289	-66.92231210	-16.31745229	11.98389052	9.87339913
5.39166667	-7.40494577	60.17601401	12.23815598	-66.15020210	-16.15726531	11.13850450	9.96383688
5.40000000	-6.89712846	59.31799768	11.31891094	-65.45054845	-16.01178259	10.22337232	10.03848622
5.40833333	-6.93124118	59.04931736	11.03870304	-64.88592294	-15.81940017	9.23598883	10.10531646
5.41666667	-6.90522471	58.70836673	10.71401422	-64.39791289	-15.66939423	8.16690517	10.14582733
5.42500000	-6.91311473	58.38998268	10.38301623	-63.95569889	-15.48312536	7.08713164	10.17806826
5.43333333	-6.91247588	58.00438416	10.07627335	-63.53136628	-15.33370895	6.05734329	10.16045638
5.44166667	-6.92627127	57.60369349	9.80514662	-63.11301873	-15.18123365	5.07411406	10.08177620
5.45000000	-7.02650944	57.29906574	9.65751770	-62.73102688	-15.14369786	4.80467631	10.06583271
5.45833333	-7.02286856	56.80141738	9.30075675	-62.30624748	-14.90656895	4.43063339	9.76043485
5.46666667	-7.18284290	56.44925154	9.18531784	-61.88162077	-14.81294018	4.53823826	9.71410748
5.47500000	-7.30926326	55.93732643	9.03602967	-61.32445959	-14.63232208	5.20491385	9.30216174
5.48333333	-7.53022080	55.59780568	8.97179557	-60.87759758	-14.51266861	5.91557877	9.02466354
5.49166667	-7.76248516	55.24386768	8.93434266	-60.41134434	-14.40142846	6.65334222	8.65125685
5.50000000	-8.03786100	54.88871009	9.00029963	-59.93110553	-14.33525574	7.33962704	8.04996055
5.50833333	-8.33295597	54.59224132	9.05884219	-59.47099711	-14.21532392	7.85840254	7.54626406
5.51666667	-8.63692131	54.43269234	9.13157314	-59.11271486	-14.13457674	8.20556896	6.92977582
5.52500000	-8.97533762	54.29158715	9.24424165	-58.74773766	-14.03373419	8.46149981	6.07112675
5.53333333	-9.32873780	54.20923904	9.38957393	-58.41226614	-13.92835144	8.52095009	5.18852438
5.54166667	-9.62610020	54.16152855	9.51444965	-58.14469490	-13.86410823	8.50043556	4.32276425
5.55000000	-9.94694886	54.08069759	9.62059931	-57.79948505	-13.74594094	8.51587053	3.35424798
5.55833333	-10.19977370	53.93518397	9.70077913	-57.40897882	-13.67136245	8.42403860	2.26179591
5.56666667	-10.35953663	53.60972603	9.66046790	-56.93788399	-13.55347890	8.35271875	1.08369220
5.57500000	-10.55311456	53.23449021	9.66583219	-56.39993514	-13.43176362	8.34331311	-0.22707438
5.58333333	-10.69454024	52.76731649	9.65269615	-55.77680682	-13.37197379	8.31138232	-1.58106731
5.59166667	-10.77637571	52.20170486	9.56502027	-55.09466188	-13.29842027	8.27955052	-3.08161702
5.60000000	-10.86249741	51.55534021	9.54210914	-54.31334057	-13.27247403	8.28372335	-4.60918076
5.60833333	-10.92897057	50.87016359	9.55928328	-53.52314345	-13.29566782	8.25625479	-6.17468625
5.61666667	-10.96588591	50.16360736	9.52576527	-52.71352360	-13.29476290	8.23498012	-7.83384795
5.62500000	-10.99959614	49.48258703	9.60065839	-51.92128604	-13.45085012	8.20678481	-9.49610302
5.63333333	-11.04460510	48.76132845	9.71787382	-51.08241020	-13.61952557	8.17132866	-11.15732707
5.64166667	-10.98909755	47.94277950	9.73969638	-50.29853411	-13.67801727	8.31829198	-12.75918239
5.65000000	-11.12758868	47.40080643	10.12045818	-49.52927986	-14.16066979	8.21780407	-14.32294581
5.65833333	-11.17318480	46.74101071	10.42769576	-48.71645968	-14.70319520	8.13231978	-15.70508819
5.66666667	-11.24477692	46.08218753	10.80814465	-47.90194505	-15.32156108	8.07924747	-17.02142247
5.67500000	-11.34866856	45.50287907	11.22210726	-47.14282377	-15.86427102	8.09312455	-17.90928974
5.68333333	-11.30633391	44.77651467	11.64833840	-46.31740002	-16.94647324	7.95015900	-18.52558766
5.69166667	-11.36248403	44.14420509	12.13183957	-45.51909400	-17.85361914	7.88826848	-19.09934459
5.70000000	-11.52231536	43.67351414	12.88607694	-44.76729466	-19.25894367	7.77879004	-19.36240346
5.70833333	-11.37324089	42.80987872	13.37566012	-43.86461432	-20.93451683	7.62317913	-19.33025748
5.71666667	-11.19311700	41.97099537	13.97514930	-43.05831577	-22.93428364	7.45671305	-19.10386092
5.72500000	-11.30546117	41.55327289	14.84591661	-42.41190080	-24.71536762	7.32911058	-19.47091552
5.73333333	-11.28393230	40.96163247	15.67462157	-41.69552363	-26.95622257	7.22058662	-19.36830084
5.74166667	-11.01681977	40.06310851	16.34314586	-40.91566778	-29.46972337	7.10371334	-18.75002425
5.75000000	-10.95040344	39.49016489	17.13723037	-40.26778335	-31.69823415	6.91161107	-19.31677027
5.75833333	-10.97950505	38.94349202	18.22424176	-39.54933985	-34.26588463	6.79358686	-19.27788327
5.76666667	-10.69264244	38.04381055	18.88390052	-38.80002919	-36.81967356	6.68060448	-18.76820373
5.77500000	-10.73344649	37.60294600	19.90971783	-38.20689592	-39.17946296	6.53579896	-19.59460721
5.78333333	-10.57720710	36.94805875	20.76062512	-37.58327634	-41.75087580	6.43846589	-19.18002253
5.79166667	-10.42605810	36.38538156	21.46260005	-37.03987484	-44.09905723	6.29977693	-19.01047320
5.80000000	-10.63038788	36.17914762	22.75631561	-36.46906304	-46.48985061	6.08183942	-19.51408181
5.80833333	-10.47093869	35.49913729	23.46164351	-35.82494225	-48.69914015	5.97876717	-18.86797466
5.81666667	-10.44816230	34.92806649	24.40220449	-35.13593045	-50.91288006	5.86262503	-18.05304878
5.82500000	-11.01300622	35.14232399	26.13431496	-34.69089601	-53.20616389	5.77712951	-16.95735525
5.83333333	-10.99416059	34.69002385	26.95198980	-34.13572020	-55.07366953	5.65463904	-15.69567947
5.84166667	-10.91904604	34.22398586	27.75427365	-33.61981162	-56.83446795	5.52834815	-14.72176731
5.85000000	-11.65946977	34.66424526	29.60249588	-33.16421262	-58.85939039	5.36657263	-12.05270694
5.85833333	-11.82779337	34.46644475	30.67882695	-32.65605568	-60.42749637	5.13519728	-10.16454636
5.86666667	-11.85651797	34.09958623	31.38746718	-32.15383427	-61.56600444	4.98943824	-8.81043175
5.87500000	-12.30921237	34.19349866	32.77578393	-31.66568852	-62.84678405	4.90352466	-6.85709821
5.88333333	-12.35559141	33.72263330	33.41984235	-31.01559147	-63.56077555	4.73694348	-5.46291271
5.89166667	-12.50281948	33.53719992	34.18351172	-30.52971989	-64.16188184	4.61639000	-4.11786922
5.90000000	-12.78182626	33.52350140	35.08655240	-30.08893489	-64.65524428	4.51412692	-2.52989265
5.90833333	-12.83765029	33.14832947	35.55975109	-29.49425658	-64.78318207	4.38017661	-0.99973031
5.91666667	-12.86198181	32.68392106	36.00654253	-28.82892065	-64.69481449	4.21253713	0.04874301
5.92500000	-12.91452156	32.28470413	36.36873179	-28.22582591	-64.34340819	4.06185982	1.07604012
5.93333333	-12.88644848	31.83910645	36.63455617	-27.70232112	-63.95960328	4.04349197	2.75589004
5.94166667	-12.97792486	31.51588382	36.95678955	-27.11674494	-63.29055129	3.91480875	3.58353262
5.95000000	-12.88720343	31.08210664	36.96445697	-26.66903871	-62.45837006	3.88299632	5.15111163
5.95833333	-13.02425359	30.89772613	37.20909525	-26.18427961	-61.43355818	3.74801405	5.81357905
5.96666667	-13.03478044	30.59212291	37.26371506	-25.77347009	-60.30079754	3.64790954	7.12719773
5.97500000	-13.02386467	30.21097988	37.16498602	-25.28429476	-58.94645472	3.62000910	8.17338442
5.98333333	-13.05320896	29.88214911	37.09916512	-24.80732342	-57.49250420	3.61364434	9.08276298
5.99166667	-13.25229940	29.76963004	37.19600721	-24.35799247	-55.90276792	3.48736586	9.54704245
6.00000000	-13.45704017	29.72242870	37.23773293	-23.99372367	-54.19732056	3.39181361	9.98769724
6.00833333	-13.34597412	29.26265898	36.86599061	-23.54945804	-52.45815454	3.35658140	11.32187107
6.01666667	-13.40433409	29.06689846	36.55604926	-23.18650338	-50.47104334	3.26869638	11.77309237
6.02500000	-13.48084099	28.83485215	36.40517092	-22.75372520	-48.61668021	3.17605230	12.28321730
6.03333333	-13.47571567	28.52974982	36.06726838	-22.36318958	-46.66575858	3.20169171	12.81683100
6.04166667	-13.73662511	28.59795489	35.98672211	-22.11022722	-44.62049980	3.18965600	12.83693820
6.05000000	-13.62548705	28.12897716	35.55303486	-21.67487943	-42.63525387	3.09031719	13.21382834
6.05833333	-13.71579877	27.97547009	34.82665285	-21.38401057	-40.22469168	3.13790722	13.20373628
6.06666667	-13.92521679	27.97247226	34.43508647	-21.13195827	-38.00488222	3.07980288	12.92635482
6.07500000	-13.85883341	27.59977510	33.88236787	-20.80745657	-36.01815815	3.12930863	12.93263554
6.08333333	-14.08350144	27.64388464	33.60568176	-20.59420400	-34.03552378	3.14260281	12.52532339
6.09166667	-14.07491177	27.46524707	33.03994312	-20.43343788	-32.18861928	3.21450529	12.38891895
6.10000000	-14.30470689	27.58299780	32.78724702	-20.34357981	-30.44346554	3.22903827	12.06304425
6.10833333	-14.42557213	27.51567301	32.40213332	-20.17434429	-28.78717474	3.26284910	11.42883310
6.11666667	-14.49678651	27.35719025	32.03266540	-19.96645131	-27.32849094	3.33184793	10.91978476
6.12500000	-14.64912595	27.49129209	31.74457154	-20.04614286	-26.04360912	3.38860425	10.58068757
6.13333333	-14.52355881	27.23685154	31.10006201	-19.98056439	-24.86494962	3.56455561	9.76522812
6.14166667	-14.66711868	27.32846871	30.80993049	-20.00357195	-23.82964998	3.63662056	8.83242201
6.15000000	-14.80945684	27.41770839	30.58559791	-20.07472543	-23.03291878	3.74278008	8.20667336
6.15833333	-14.89823187	27.36896102	30.38251021	-20.00870291	-22.51476783	3.80907885	7.24122232
6.16666667	-14.85261380	27.20069097	29.96845711	-19.96259647	-22.02140246	3.79717219	6.80616672
6.17500000	-15.03332099	27.30818981	29.83888769	-19.98822938	-21.72501402	3.91203354	6.55865742
6.18333333	-15.16999137	27.42454204	29.72513065	-20.05839522	-21.55856439	4.01466253	6.53280763
6.19166667	-15.21121509	27.40459902	29.60838309	-20.05789270	-21.50408316	3.99424730	6.63178152
6.20000000	-15.29349452	27.40277124	29.49922160	-20.02686458	-21.34501760	3.99611946	6.68591660
6.20833333	-15.38038895	27.43233018	29.42495840	-20.02025456	-21.14223976	4.03415658	6.67253751
6.21666667	-15.37483316	27.28613512	29.23325302	-19.84580526	-20.92164596	3.78241304	6.55138403
6.22500000	-15.46998819	27.33345629	29.14579099	-19.83356556	-20.60068285	3.83829881	6.30629294
6.23333333	-15.54671894	27.30236934	28.96660358	-19.74252959	-20.18498116	3.82483652	6.04583003
6.24166667	-15.53455171	27.09741694	28.72149840	-19.51464574	-19.84963642	3.71305014	5.88560957
6.25000000	-15.67668426	27.13972324	28.62295741	-19.41514469	-19.48480237	3.72711808	5.64887488
6.25833333	-15.82721879	27.18262213	28.61684688	-19.28319728	-19.26436309	3.72405898	5.53657758
6.26666667	-15.97778139	27.15702185	28.54615039	-19.10922212	-18.96596189	3.74284460	5.46472395
6.27500000	-16.00040390	26.91710320	28.45175992	-18.82729180	-18.83651738	3.64886509	5.36858297
6.28333333	-16.11811030	26.89812548	28.46171500	-18.67019822	-18.67514754	3.67048638	5.34455083
6.29166667	-16.27552944	26.92868321	28.38402672	-18.51981068	-18.39040879	3.64329852	5.26946646
6.30000000	-16.42407652	26.92623869	28.36841189	-18.35408539	-18.21104723	3.64578388	5.19586582
6.30833333	-16.56965994	26.85871612	28.34729136	-18.13601894	-18.01672587	3.62115779	5.13404579
6.31666667	-16.71147581	26.84664167	28.32175574	-17.97576498	-17.83762043	3.65933574	5.18027900
6.32500000	-16.81232324	26.83024309	28.24800347	-17.84608978	-17.65021698	3.60198303	5.12837799
6.33333333	-16.92486645	26.86422501	28.26533236	-17.77408770	-17.57250403	3.65759530	5.17559707
6.34166667	-17.02624913	26.82698758	28.18914548	-17.65036414	-17.37580215	3.66531323	5.20864550
6.35000000	-17.10220304	26.79235844	28.10147818	-17.55950612	-17.20686697	3.65820754	5.22857668
6.35833333	-17.15514423	26.75914590	28.03074963	-17.50040470	-17.08734545	3.66204708	5.25200624
6.36666667	-17.13744385	26.67956009	27.85254327	-17.44688328	-16.93029587	3.61460592	5.23552609
6.37500000	-17.17811263	26.65150213	27.74995182	-17.43609497	-16.80629292	3.66137650	5.29152404
6.38333333	-17.04693382	26.43649014	27.47158476	-17.39326361	-16.70656619	3.68986250	5.30344701
6.39166667	-17.08483487	26.38407180	27.41985672	-17.32353222	-16.65754943	3.70192059	5.36390947
6.40000000	-17.12224758	26.45249647	27.35248274	-17.37243061	-16.57734032	3.70052223	5.45112065
6.40833333	-17.03169435	26.33683160	27.22000150	-17.39727355	-16.63299144	3.78276163	5.50420432
6.41666667	-17.09737454	26.32423007	27.26938809	-17.32524315	-16.67780295	3.82733992	5.55789314
6.42500000	-17.11923930	26.24732674	27.28713190	-17.22675669	-16.73408199	3.81180048	5.61750785
6.43333333	-17.13486108	26.22953040	27.27759379	-17.20685848	-16.75687974	3.78716770	5.66615634
6.44166667	-17.13886649	26.17457539	27.24086440	-17.15081353	-16.74893295	3.82866867	5.65799363
6.45000000	-17.22512375	26.17028601	27.28906133	-17.05106353	-16.72872061	3.83869991	5.69524513
6.45833333	-17.30494841	26.16749661	27.33471637	-16.95478226	-16.71020515	3.80328816	5.70193290
6.46666667	-17.41012693	26.20233347	27.39035988	-16.87620082	-16.66132577	3.78819526	5.69969128
6.47500000	-17.50428016	26.22283121	27.43893328	-16.78732894	-16.61081790	3.77025638	5.68452261
6.48333333	-17.60981332	26.22109309	27.46911862	-16.66015101	-16.50268190	3.78594144	5.69018919
6.49166667	-17.69578797	26.16885596	27.48937131	-16.49739913	-16.40902150	3.74251675	5.64128800
6.50000000	-17.76572450	26.16719628	27.49164242	-16.41636875	-16.30812037	3.70154067	5.59669712
6.50833333	-17.80937511	26.15019995	27.49041389	-16.34836258	-16.22739478	3.67487705	5.54964923
6.51666667	-17.90388820	26.17942760	27.50200128	-16.26818084	-16.09492743	3.69530270	5.55989886
6.52500000	-17.91220464	26.19126696	27.45102090	-16.30230685	-15.98719735	3.74386646	5.46471235
6.53333333	-17.99868426	26.22732138	27.48701372	-16.23493843	-15.91084319	3.75032573	5.46720543
6.54166667	-18.07126619	26.26933273	27.52697509	-16.18302445	-15.85565395	3.65322195	5.38784074
6.55000000	-18.16187955	26.31942022	27.55440376	-16.13766757	-15.77179405	3.68860517	5.42035163
6.55833333	-18.20926992	26.35707772	27.56977404	-16.12691144	-15.74195097	3.66466023	5.36389342
6.56666667	-18.26912399	26.39032487	27.55301357	-16.10740386	-15.65791077	3.68875224	5.36702245
6.57500000	-18.35309451	26.43638028	27.57149662	-16.07229800	-15.58735211	3.73687389	5.41197196
6.58333333	-18.37567530	26.43757401	27.54088680	-16.06466954	-15.54682518	3.76093600	5.40617682
6.59166667	-18.44069527	26.45506071	27.53248457	-16.02763242	-15.46678246	3.80081441	5.44912211
6.60000000	-18.48579510	26.46144824	27.52178138	-16.00793093	-15.39732816	3.83353601	5.47887009
6.60833333	-18.44440200	26.40103746	27.43477509	-16.01059996	-15.36399506	3.81556893	5.43818040
6.61666667	-18.49404210	26.43129612	27.46452362	-16.00658680	-15.35801427	3.88677837	5.48442960
6.62500000	-18.49219007	26.36261649	27.40695287	-15.96609125	-15.29156872	3.90446721	5.49655875
6.63333333	-18.47356524	26.31553012	27.35696811	-15.95080176	-15.27113434	3.91036879	5.49183147
6.64166667	-18.33835766	26.14825030	27.13083400	-15.95923906	-15.17274662	3.92280481	5.47876030
6.65000000	-18.38405424	26.17389599	27.13963201	-15.96848741	-15.14542118	3.99909299	5.50450839
6.65833333	-18.40477181	26.14420542	27.10884660	-15.92669989	-15.08885690	4.02430603	5.51006418
6.66666667	-18.44378301	26.16995140	27.12228660	-15.93264238	-15.07130057	4.06879899	5.54861599
6.67500000	-18.46368930	26.14812394	27.07472532	-15.90107227	-14.99009356	4.07726161	5.56143243
6.68333333	-18.51333314	26.17409543	27.07326561	-15.88744087	-14.93802715	4.10784611	5.59194070
6.69166667	-18.49518166	26.14038295	26.98522340	-15.89128967	-14.87320027	4.08052770	5.54587801
6.70000000	-18.56475744	26.18485526	27.01156145	-15.86091089	-14.82873271	4.12840704	5.58640886
6.70833333	-18.62324809	26.20528993	26.98329130	-15.82987735	-14.72245836	4.12597595	5.59693301
6.71666667	-18.68074577	26.24026364	26.96694215	-15.80645714	-14.63507247	4.11959145	5.59315724
6.72500000	-18.65770098	26.21929465	26.84222981	-15.82186011	-14.51910093	4.11992606	5.54342489
6.73333333	-18.72902603	26.29048600	26.86718438	-15.82700755	-14.45240141	4.15748553	5.58329275
6.74166667	-18.78908637	26.35492415	26.86047239	-15.82777600	-14.36665745	4.16182648	5.55888221
6.75000000	-18.85645166	26.41773675	26.86312407	-15.82972901	-14.26515761	4.20011199	5.58032308
6.75833333	-18.88883132	26.46568116	26.82794194	-15.84669332	-14.16164668	4.18352212	5.50114168
6.76666667	-18.82730993	26.36404814	26.68212165	-15.80359253	-14.07816841	4.21731325	5.48914197
6.77500000	-18.91190418	26.44519636	26.71296424	-15.80223683	-13.99378008	4.20569440	5.51056148
6.78333333	-18.98432730	26.49920256	26.71449002	-15.79025435	-13.89100001	4.23108362	5.53312792
6.79166667	-19.03602361	26.53534607	26.71279830	-15.78735320	-13.80750225	4.24654102	5.51870502
6.80000000	-19.05224471	26.54212573	26.65336530	-15.77738230	-13.71353503	4.24327305	5.45082292
6.80833333	-18.99562262	26.44179491	26.50164201	-15.75664022	-13.61723089	4.30827605	5.43816027
6.81666667	-19.04700493	26.45825784	26.48293808	-15.72864300	-13.53026114	4.31004744	5.44506040
6.82500000	-19.11305260	26.47989935	26.48750096	-15.69945963	-13.45143522	4.35226843	5.47430968
6.83333333	-19.15462479	26.46054663	26.45945712	-15.63746216	-13.35666095	4.36510948	5.46115265
6.84166667	-19.17754988	26.45514939	26.41611838	-15.61514281	-13.28584278	4.35143208	5.41174810
6.85000000	-19.23577797	26.47275107	26.41985576	-15.59580475	-13.21765483	4.39894500	5.44811658
6.85833333	-19.23454779	26.44102884	26.37696276	-15.56718900	-13.18241733	4.38128476	5.39254275
6.86666667	-19.27586840	26.44153058	26.37289619	-15.54044610	-13.13158178	4.42322240	5.41778233
6.87500000	-19.32718596	26.49387459	26.42324003	-15.54967952	-13.13816664	4.47564717	5.45582045
6.88333333	-19.35619822	26.45935999	26.36632713	-15.50746808	-13.02443628	4.46516450	5.45386698
6.89166667	-19.28714808	26.41091012	26.26019210	-15.55614487	-12.99549404	4.48341760	5.41958367
6.90000000	-19.33103254	26.39683492	26.27432004	-15.51819991	-12.96035455	4.55750948	5.45142235