0.00000000	-17.00747774	24.22668817	24.97302448	-10.74795559	-11.97130740	1.05862330	3.79289171
0.00833333	-17.00215602	24.22071125	24.95618979	-10.77040970	-11.97550092	1.01832405	3.73319499
0.01666667	-16.91751820	24.09345029	24.84806426	-10.73285447	-12.09945547	1.07681966	3.88486033
0.02500000	-17.10876548	24.32914823	25.10752921	-10.77788200	-12.12180101	1.03043730	3.89628669
0.03333333	-17.15062262	24.37523761	25.17388655	-10.79903404	-12.17710317	1.06087723	3.92535371
0.04166667	-17.28853423	24.52551059	25.35187063	-10.81193018	-12.22344312	1.07056210	3.93177823
0.05000000	-17.12853624	24.30132791	25.15839661	-10.73130432	-12.22189858	1.05115135	3.95639813
0.05833333	-17.14410427	24.30153640	25.22230671	-10.69879618	-12.32639133	1.00652546	4.03674727
0.06666667	-17.17385811	24.33458068	25.24502142	-10.72082871	-12.32496436	1.05057568	4.04588568
0.07500000	-17.18324729	24.33337181	25.23192060	-10.68999603	-12.32270324	0.91791543	4.05932373
0.08333333	-17.24269255	24.39637216	25.36030259	-10.72571263	-12.42768315	1.02245124	4.12493013
0.09166667	-17.06590794	24.16710654	25.09134431	-10.66011392	-12.32017235	0.96458150	4.10599320
0.10000000	-17.33449340	24.52327951	25.46353256	-10.78852123	-12.45839160	1.03655158	4.14040009
0.10833333	-17.17081014	24.31186111	25.23664024	-10.73671077	-12.39861944	1.02544591	4.12693772
0.11666667	-17.21667311	24.37189749	25.30252382	-10.76194508	-12.43812024	1.01099822	4.14746045
0.12500000	-17.27047595	24.41657669	25.37593857	-10.74376027	-12.47907462	1.01966603	4.17901212
0.13333333	-17.18705039	24.30502916	25.24913594	-10.70166798	-12.43303107	0.99483881	4.16185866
0.14166667	-17.11436469	24.20454395	25.14319020	-10.67273958	-12.42345625	0.96384518	4.18529595
0.15000000	-17.09297395	24.16373896	25.09422986	-10.65473612	-12.41123852	0.97656719	4.20884812
0.15833333	-17.05740089	24.11339179	25.04168666	-10.62828232	-12.40780506	0.94565063	4.22221044
0.16666667	-17.17848946	24.25571365	25.21879139	-10.64332491	-12.48805455	0.98070702	4.25872748
0.17500000	-17.06718181	24.13345502	25.05970288	-10.64857450	-12.46785129	0.93984723	4.28849118
0.18333333	-17.17817915	24.27979957	25.21553172	-10.71407845	-12.53059535	1.00327496	4.31566006
0.19166667	-17.13806677	24.25088298	25.14629024	-10.73409371	-12.50614827	0.98052630	4.31502170
0.20000000	-17.10595436	24.21252373	25.08590195	-10.74412039	-12.48475239	0.97382589	4.31605036
0.20833333	-17.26731545	24.42385926	25.30835396	-10.80021285	-12.55005067	1.00624623	4.30876940
0.21666667	-17.18644815	24.31846239	25.17668623	-10.78716717	-12.47827903	1.04295290	4.27802948
0.22500000	-17.11663429	24.25263938	25.05554574	-10.80269059	-12.44293685	1.00077537	4.28374888
0.23333333	-17.01683898	24.11108377	24.91320096	-10.76104813	-12.39192947	1.00033197	4.27784790
0.24166667	-17.14792945	24.28613070	25.09762416	-10.81991602	-12.45140570	1.01303308	4.27186425
0.25000000	-17.15768900	24.30602524	25.10126228	-10.84737548	-12.44654229	1.04368498	4.26757571
0.25833333	-17.08670374	24.21091847	24.98121835	-10.81508068	-12.40194382	1.00606417	4.25485672
0.26666667	-17.20572143	24.37251269	25.14746440	-10.89769891	-12.47231884	1.06043813	4.31069306
0.27500000	-17.08855284	24.19947679	24.94391914	-10.81414036	-12.36090116	1.06404793	4.28646005
0.28333333	-17.23879654	24.43600978	25.14830881	-10.96539676	-12.44261520	1.08992958	4.29153788
0.29166667	-17.14090746	24.30280797	24.98376630	-10.91133885	-12.36046325	1.11740455	4.28250499
0.30000000	-16.93246007	24.00817851	24.64151335	-10.83165746	-12.19106863	1.14784165	4.27160968
0.30833333	-17.14780535	24.33367242	24.96365514	-10.98081491	-12.35519224	1.09259946	4.29218881
0.31666667	-17.05282497	24.20305383	24.80313343	-10.92558668	-12.27265852	1.12825107	4.28046955
0.32500000	-16.97489476	24.12078711	24.66309866	-10.94593414	-12.19479734	1.07858480	4.23760786
0.33333333	-16.93721699	24.08109006	24.59394409	-10.95330825	-12.15553322	1.07878908	4.22786474
0.34166667	-16.93608015	24.01440238	24.52922849	-10.87864177	-12.06849632	1.12125863	4.23696291
0.35000000	-17.25953865	24.44229977	24.97776138	-11.03576415	-12.23945849	1.18604481	4.33976204
0.35833333	-17.14897004	24.25550819	24.79356307	-10.94998833	-12.12395573	1.18720905	4.33831063
0.36666667	-17.13122905	24.26813447	24.76036107	-10.99444032	-12.13549284	1.11210764	4.30749839
0.37500000	-17.09908249	24.21549722	24.68817033	-10.97818496	-12.08264581	1.13641506	4.29491866
0.38333333	-16.93566693	23.95922155	24.51923013	-10.87899185	-12.12492262	1.08589882	4.40181806
0.39166667	-16.77179743	23.70949111	24.24847936	-10.78326427	-11.97523556	1.16163638	4.39500657
0.40000000	-16.87157349	23.84362836	24.38227630	-10.84036569	-12.02509367	1.08659952	4.36557342
0.40833333	-17.08631747	24.10475764	24.66417081	-10.92691916	-12.09810220	1.14178652	4.40051026
0.41666667	-17.02036220	23.99971468	24.54318111	-10.90073320	-12.00768097	1.12683888	4.32792493
0.42500000	-16.95457678	23.88134461	24.41781949	-10.83400151	-11.92408872	1.11469735	4.32121456
0.43333333	-17.19222603	24.19473412	24.72451000	-10.98237205	-11.97804984	1.19856754	4.31413694
0.44166667	-17.08609624	24.01951592	24.54787385	-10.90293539	-11.88103031	1.19875291	4.29151718
0.45000000	-16.99976693	23.91634864	24.41179430	-10.90125403	-11.83252274	1.16694084	4.29868030
0.45833333	-17.07418951	23.98851196	24.51945970	-10.92406904	-11.84681277	1.20614682	4.29893412
0.46666667	-16.99940724	23.87031573	24.37307138	-10.89110243	-11.74893082	1.19625262	4.30387248
0.47500000	-16.99528150	23.86739818	24.35218788	-10.90084551	-11.72510429	1.17895863	4.30249993
0.48333333	-17.25491426	24.21196305	24.70031839	-11.02507658	-11.83530864	1.26675437	4.35853553
0.49166667	-17.15265316	24.07940591	24.54817391	-10.99396752	-11.76947393	1.22434392	4.35184119
0.50000000	-17.10769873	24.01520182	24.47264805	-10.97526735	-11.74403816	1.22866959	4.37077535
0.50833333	-17.25724672	24.22160380	24.67016949	-11.06399491	-11.75825949	1.27341872	4.33635586
0.51666667	-17.16715041	24.08642205	24.52019031	-11.00867732	-11.69133080	1.28204060	4.34386421
0.52500000	-17.08192985	23.99907366	24.40164193	-11.01138169	-11.68492840	1.19353197	4.34060955
0.53333333	-17.16298127	24.09950361	24.52845577	-11.03992894	-11.76302688	1.25719188	4.40820558
0.54166667	-17.09874037	24.02006915	24.42778085	-11.01925786	-11.73739175	1.17776005	4.42078975
0.55000000	-17.06702147	23.96037287	24.34918565	-10.98525592	-11.67222751	1.20436366	4.43081243
0.55833333	-17.22638672	24.18368957	24.60907897	-11.07062567	-11.79352729	1.27372091	4.42146071
0.56666667	-17.22313720	24.18010136	24.59079827	-11.05846955	-11.78777152	1.17624969	4.47889965
0.57500000	-17.39144417	24.41467434	24.81411457	-11.17889924	-11.82319349	1.28372213	4.44292124
0.58333333	-17.31607574	24.30322405	24.72856497	-11.11240040	-11.83932420	1.23033272	4.43835044
0.59166667	-17.14218655	24.07082838	24.49195369	-11.04873784	-11.77521942	1.20349502	4.45478382
0.60000000	-17.15127812	24.08517340	24.53979462	-11.05934196	-11.84894881	1.24181152	4.46826126
0.60833333	-16.99623592	23.86376142	24.31931103	-10.97194940	-11.77004671	1.19883421	4.44794607
0.61666667	-17.21403141	24.16058371	24.66604834	-11.06574692	-11.96284869	1.21900561	4.52868670
0.62500000	-17.28976218	24.25796503	24.74551754	-11.08632918	-11.97160804	1.20287832	4.53199959
0.63333333	-17.29372944	24.24262268	24.78189185	-11.06104873	-12.01170639	1.22677565	4.54110262
0.64166667	-17.34916750	24.32162367	24.83006416	-11.08669275	-12.01086779	1.16019187	4.56964657
0.65000000	-17.32591144	24.30446447	24.80757046	-11.09284003	-11.98805725	1.25641086	4.51078743
0.65833333	-17.29553558	24.25618303	24.75761000	-11.07518840	-11.98318857	1.23190120	4.52915694
0.66666667	-17.24421197	24.18572657	24.67772111	-11.04350882	-11.95914601	1.17553291	4.54210037
0.67500000	-17.42166467	24.39929418	24.93519472	-11.10619392	-12.03868020	1.22994254	4.53433434
0.68333333	-17.25787917	24.17840983	24.70127224	-11.02138701	-11.96268536	1.18656987	4.52398385
0.69166667	-17.33462462	24.27026245	24.82274698	-11.03307050	-12.03397132	1.18665692	4.56023456
0.70000000	-17.26597840	24.15922163	24.73144559	-10.96989373	-12.01712031	1.20305089	4.56827503
0.70833333	-17.44436728	24.36403983	24.99737870	-10.98775226	-12.12937475	1.14640809	4.63713695
0.71666667	-17.25129304	24.09890202	24.69391877	-10.88453648	-11.98770303	1.12848197	4.58584065
0.72500000	-17.03058167	23.79552714	24.39960037	-10.78116175	-11.91091608	1.10006069	4.54928277
0.73333333	-17.22656863	24.07883602	24.74141581	-10.90002924	-12.12289458	1.13394721	4.63858720
0.74166667	-17.24951061	24.06155939	24.76138178	-10.85866917	-12.12726125	1.13451804	4.63132387
0.75000000	-17.11926222	23.93386164	24.57071487	-10.87007244	-12.04691397	1.11066279	4.62155893
0.75833333	-17.35041502	24.24070396	24.90993632	-10.95620557	-12.19262412	1.16939950	4.63286560
0.76666667	-17.27761123	24.08985538	24.78747308	-10.86036960	-12.12750287	1.18814369	4.63111016
0.77500000	-17.29925139	24.17897639	24.84334617	-10.96156304	-12.16279340	1.15000819	4.63276351
0.78333333	-17.27621356	24.15056131	24.82716830	-10.93806367	-12.19001501	1.15819542	4.63067319
0.79166667	-17.19600439	24.03363065	24.69429491	-10.89695512	-12.10959407	1.15915436	4.64650543
0.80000000	-17.15130570	23.98222627	24.64774471	-10.89335257	-12.12753790	1.10885165	4.66379620
0.80833333	-17.09925851	23.93517796	24.56941601	-10.90993124	-12.11906547	1.10113985	4.70240612
0.81666667	-17.23673783	24.09714248	24.77166734	-10.93602098	-12.20489409	1.14710772	4.72510954
0.82500000	-17.26625180	24.14489020	24.82314716	-10.97195555	-12.21720524	1.17907079	4.69271719
0.83333333	-17.20854335	24.06368588	24.72888479	-10.95057792	-12.18041348	1.12334020	4.68176730
0.84166667	-17.09799293	23.90839587	24.57745910	-10.89010425	-12.14544757	1.13649967	4.69561323
0.85000000	-17.33919236	24.25452896	24.92872480	-11.06274777	-12.28299394	1.20812787	4.73208253
0.85833333	-17.16498036	24.02231750	24.67395027	-10.98124713	-12.19086688	1.15894403	4.69738846
0.86666667	-17.23783000	24.11222303	24.79405886	-11.02660489	-12.24088064	1.23257681	4.67096053
0.87500000	-17.20621528	24.06746011	24.74543436	-10.98895132	-12.23251392	1.17090678	4.69608620
0.88333333	-17.14425788	23.97897717	24.64013064	-10.95539197	-12.17434383	1.17251771	4.69742742
0.89166667	-17.23244081	24.09093763	24.77079236	-10.99124987	-12.24024717	1.13068573	4.72750479
0.90000000	-17.17038014	24.00352592	24.65862613	-10.93306397	-12.18634792	1.13963038	4.74870986
0.90833333	-17.39718128	24.30994507	24.98890526	-11.06769182	-12.29272916	1.18059002	4.78994128
0.91666667	-17.45917776	24.37473441	25.06620793	-11.06651912	-12.32484608	1.16773037	4.85897601
0.92500000	-17.22980733	24.05830557	24.72672655	-10.96601102	-12.18344602	1.15242991	4.81706933
0.93333333	-17.31817548	24.11517598	24.86682776	-10.95201953	-12.24725478	1.15209969	4.84392728
0.94166667	-17.22197981	23.99717678	24.70889809	-10.94126684	-12.17763511	1.13898899	4.83448700
0.95000000	-17.40108000	24.28132354	24.95588814	-11.06860116	-12.26988112	1.20976949	4.83334938
0.95833333	-17.31659647	24.17801314	24.82357662	-11.04692513	-12.23072880	1.20345965	4.80850651
0.96666667	-17.28808659	24.12125382	24.77369274	-11.01246950	-12.20237833	1.19935059	4.78893188
0.97500000	-17.20696538	23.99758987	24.64334354	-10.95189940	-12.13078889	1.21760653	4.77217656
0.98333333	-17.29701413	24.11535312	24.77543205	-10.99978604	-12.20614572	1.16821167	4.77829198
0.99166667	-17.27677067	24.05465949	24.71707510	-10.94148196	-12.13673662	1.19687407	4.77719241
1.00000000	-17.26535234	24.03913914	24.68119199	-10.94439764	-12.11287951	1.24852444	4.80040917
1.00833333	-17.59950349	24.47624905	25.16177558	-11.10142897	-12.32917765	1.20955014	4.89123387
1.01666667	-17.48522114	24.31625100	25.00129884	-11.05015923	-12.26184390	1.23157247	4.83861094
1.02500000	-17.41514837	24.20477330	24.87069305	-10.99967337	-12.18116525	1.24338845	4.82454220
1.03333333	-17.39097376	24.17956375	24.83170606	-11.01235622	-12.17564381	1.19062636	4.78924047
1.04166667	-17.45633547	24.23779449	24.90946219	-11.01672572	-12.19768555	1.20157335	4.78082970
1.05000000	-17.76212616	24.65144903	25.28555903	-11.19677434	-12.23227326	1.34193300	4.74112843
1.05833333	-17.56094119	24.35643488	25.03738494	-11.05140998	-12.23923133	1.22558154	4.86727802
1.06666667	-17.46859475	24.21851720	24.87613171	-11.00628057	-12.15873378	1.23917136	4.83119468
1.07500000	-17.54740898	24.31871342	24.96862340	-11.05551786	-12.17504310	1.24738790	4.83013658
1.08333333	-17.48144763	24.20543336	24.84227254	-10.99427950	-12.09662899	1.24769378	4.80062021
1.09166667	-17.43973429	24.14938246	24.77544799	-10.99443189	-12.06375329	1.25689633	4.78681761
1.10000000	-17.52331626	24.25420468	24.87530350	-11.04326473	-12.09216014	1.25976273	4.78837984
1.10833333	-17.47578100	24.17683189	24.78397462	-11.00544441	-12.03743315	1.28274374	4.77709299
1.11666667	-17.65067940	24.41359200	25.04182426	-11.12593438	-12.14428525	1.33997148	4.82461651
1.12500000	-17.57276344	24.29535127	24.89928377	-11.07888103	-12.06273524	1.33301717	4.83321831
1.13333333	-17.54883124	24.26640980	24.86857309	-11.08565416	-12.06678799	1.31298191	4.84580683
1.14166667	-17.44766849	24.10052479	24.69120256	-11.00782913	-11.95933173	1.37877779	4.86339413
1.15000000	-17.46442697	24.15443146	24.73595837	-11.07162292	-12.02925018	1.29022971	4.87108769
1.15833333	-17.80659743	24.59794674	25.21366099	-11.24067582	-12.19625354	1.39402424	4.93854273
1.16666667	-17.68174829	24.41708547	25.02054636	-11.17297976	-12.10771777	1.43058039	4.90834622
1.17500000	-17.57251574	24.28485664	24.88116600	-11.14883640	-12.08559975	1.39879293	4.87663987
1.18333333	-17.50974921	24.19536544	24.79302212	-11.10800028	-12.04785167	1.44617747	4.87200999
1.19166667	-17.43869634	24.07752821	24.67683709	-11.06837323	-12.00470466	1.40835704	4.85980181
1.20000000	-17.62973750	24.33238123	24.97715258	-11.14703438	-12.17515679	1.42095867	4.96700497
1.20833333	-17.60583745	24.30521289	24.93080138	-11.15381846	-12.15829784	1.41273937	4.96514367
1.21666667	-17.54664296	24.21825557	24.81557570	-11.12175946	-12.08243966	1.42752287	4.95801763
1.22500000	-17.52192698	24.17600856	24.80819271	-11.10057348	-12.15398883	1.39803589	5.05299509
1.23333333	-17.46393028	24.09844584	24.68939365	-11.08261197	-12.07537986	1.41546901	5.03916136
1.24166667	-17.45500704	24.09202368	24.65198684	-11.09347314	-12.04396758	1.39719109	5.03746071
1.25000000	-17.42808972	24.05860569	24.62491462	-11.08320331	-12.05464373	1.38828632	5.05174332
1.25833333	-17.34505989	23.91838628	24.47186131	-11.01695336	-11.95308263	1.41810650	5.04929383
1.26666667	-17.38594579	23.98776141	24.54256346	-11.06256102	-12.01595328	1.37335443	5.06241972
1.27500000	-17.32251435	23.88833896	24.43717908	-11.01734501	-11.95983199	1.42085222	5.06581556
1.28333333	-17.46866929	24.09376963	24.66961084	-11.11206088	-12.09773534	1.41841145	5.11391697
1.29166667	-17.40293892	23.97964715	24.56457830	-11.05399583	-12.04484534	1.42379709	5.09338826
1.30000000	-17.59764555	24.20731638	24.84301002	-11.13456140	-12.15805454	1.46346151	5.13482150
1.30833333	-17.50187076	24.11184266	24.68935532	-11.12277682	-12.09696657	1.44344164	5.11985548
1.31666667	-17.40998829	23.98505203	24.54925614	-11.07821348	-12.03133937	1.46474368	5.10458749
1.32500000	-17.37525422	23.93306924	24.49697833	-11.06177920	-12.02827143	1.42250897	5.09331825
1.33333333	-17.31871753	23.89409183	24.41660232	-11.09798656	-12.02734506	1.43078456	5.11848940
1.34166667	-17.56721266	24.17807164	24.77540912	-11.13380745	-12.17856098	1.47697461	5.17327006
1.35000000	-17.37332880	23.92485542	24.46553764	-11.07289375	-12.02830502	1.43467470	5.18695247
1.35833333	-17.51380630	24.10735408	24.65944697	-11.13291610	-12.09136776	1.45168370	5.20505661
1.36666667	-17.36391656	23.90579961	24.45056838	-11.05732782	-12.02989304	1.43873443	5.18152148
1.37500000	-17.32593119	23.84159698	24.37054779	-11.02864057	-11.98222793	1.46633271	5.19472411
1.38333333	-17.56328616	24.14964182	24.72058155	-11.14781167	-12.14910340	1.49541745	5.23705806
1.39166667	-17.47027121	24.00819948	24.55558815	-11.08224886	-12.05112775	1.51798644	5.22253071
1.40000000	-17.45593193	23.99524213	24.53084100	-11.09588331	-12.05025438	1.45951752	5.20732446
1.40833333	-17.43850872	23.97543970	24.48851458	-11.09558859	-12.02386047	1.46832935	5.19216712
1.41666667	-17.46042205	24.02381432	24.52282007	-11.16658485	-12.04026774	1.54135539	5.21023934
1.42500000	-17.58417355	24.19039181	24.69392157	-11.22444393	-12.11633687	1.53291724	5.27410085
1.43333333	-17.48977500	24.06131002	24.52490113	-11.18455047	-12.01332855	1.54029795	5.24444972
1.44166667	-17.52133731	24.11463983	24.56274230	-11.24350518	-12.03656722	1.56118144	5.25924692
1.45000000	-17.43040657	24.00389343	24.45513515	-11.20733093	-12.00448545	1.58832667	5.22015412
1.45833333	-17.37888095	23.92039128	24.33375122	-11.19824991	-11.92130415	1.53197907	5.23758615
1.46666667	-17.38913669	23.92437666	24.31651556	-11.19819836	-11.89012219	1.53381257	5.24387380
1.47500000	-17.33561877	23.84616800	24.20829532	-11.16958227	-11.81159383	1.56099325	5.24250259
1.48333333	-17.50940159	24.08562286	24.44175940	-11.27072119	-11.90472832	1.58934691	5.28350336
1.49166667	-17.70155791	24.33595263	24.70914176	-11.36016431	-11.99833130	1.61588850	5.36275667
1.50000000	-17.65472371	24.31772688	24.60748903	-11.39815637	-11.91734009	1.65357447	5.38831448
1.50833333	-17.61550817	24.32138828	24.50884538	-11.47326926	-11.84846576	1.63616786	5.36093962
1.51666667	-17.68514207	24.35546408	24.63194195	-11.46393350	-11.94002440	1.65728005	5.43917610
1.52500000	-17.55918072	24.18314414	24.42516019	-11.42732597	-11.83639137	1.67969984	5.44284767
1.53333333	-17.62381584	24.35861780	24.47587047	-11.59289301	-11.83193136	1.72030679	5.52408227
1.54166667	-18.24440489	25.19313810	25.24024369	-11.91911129	-11.96174981	1.86149142	5.61667915
1.55000000	-18.12813993	25.05449061	25.11692903	-11.93346884	-11.98785034	1.92071408	5.63870280
1.55833333	-18.06700241	24.97948793	25.03779972	-11.96263542	-12.00225964	1.96077297	5.74126486
1.56666667	-18.12835740	25.07711410	25.13602058	-12.06697381	-12.09828009	2.02086244	5.90345142
1.57500000	-18.05269274	24.86867023	25.12951958	-12.00691933	-12.30120121	2.11061186	6.13454968
1.58333333	-17.96366275	24.70639961	25.03403525	-11.95794701	-12.35090073	2.11557523	6.25447318
1.59166667	-17.92982541	24.66501105	25.05595271	-11.99998201	-12.49779585	2.09551973	6.47274170
1.60000000	-17.94954915	24.69226292	25.14037336	-12.01904374	-12.65507423	2.11296810	6.63460086
1.60833333	-17.86074367	24.55740113	25.04201075	-11.98978661	-12.68882726	2.15672874	6.69729551
1.61666667	-18.02286614	24.76380480	25.34039367	-12.09673174	-12.87681574	2.15498918	6.76551957
1.62500000	-17.89090681	24.57691315	25.24465537	-12.06855581	-13.00951119	2.17014914	6.93419476
1.63333333	-17.81768405	24.46949164	25.23671232	-12.07267217	-13.18321431	2.21034600	7.13570119
1.64166667	-17.73289702	24.36514849	25.20060665	-12.09546287	-13.30960270	2.26427532	7.13265905
1.65000000	-18.20649613	24.92418120	25.94040095	-12.30103209	-13.68975757	2.40159817	7.41750485
1.65833333	-18.07717002	24.71974697	25.84663916	-12.28090213	-13.81655361	2.46582290	7.58600930
1.66666667	-18.37893283	25.07841650	26.31434092	-12.45957153	-14.03159814	2.56844325	7.72139099
1.67500000	-18.21579150	24.84020630	26.14556918	-12.43359845	-14.10743781	2.62965662	7.82348748
1.68333333	-18.06654520	24.69878376	26.03395383	-12.52139863	-14.26385404	2.69217846	8.04448803
1.69166667	-17.95009375	24.59355631	25.92200788	-12.60561608	-14.35527044	2.73788210	8.18916699
1.70000000	-17.84516270	24.48308531	25.83877660	-12.66249563	-14.47247596	2.78274564	8.33235691
1.70833333	-17.75793337	24.43106428	25.75843154	-12.76488658	-14.57564800	2.80853865	8.44203722
1.71666667	-17.70622503	24.37750596	25.71670465	-12.82841579	-14.65467384	2.86084962	8.54562690
1.72500000	-17.68835537	24.29465700	25.72625289	-12.85273200	-14.74636185	2.92074639	8.63891764
1.73333333	-17.68301675	24.24431101	25.71396340	-12.89392140	-14.79810696	2.97338856	8.74075485
1.74166667	-18.31232066	24.99283762	26.52009660	-13.09733298	-15.02453110	3.00158437	8.76141919
1.75000000	-18.14886253	24.79915160	26.24224012	-13.18756010	-14.95266365	3.07968976	8.78061949
1.75833333	-17.85921816	24.54019695	25.87371211	-13.36403974	-14.93653615	3.17436155	8.91764173
1.76666667	-17.53936216	24.12881659	25.50400459	-13.21982082	-15.04010693	2.91375711	9.18896932
1.77500000	-17.42233396	24.06934877	25.25995169	-13.50513023	-14.92997744	3.05038777	9.19589423
1.78333333	-17.30809390	24.01720215	25.01362432	-13.79553316	-14.81257563	3.18952443	9.21895684
1.79166667	-17.23671915	24.05900668	24.85126719	-14.16991758	-14.72532466	3.37217746	9.26854873
1.80000000	-17.41246104	24.36309777	25.04428127	-14.31959312	-14.79438052	2.98976149	9.26572068
1.80833333	-17.19623537	24.34877614	24.69289587	-14.81810177	-14.66397607	3.10890630	9.22624764
1.81666667	-17.14234036	24.47468140	24.54486338	-15.10738766	-14.63315202	2.81698621	9.30281125
1.82500000	-16.79728544	24.26546787	24.08999570	-15.53185714	-14.56073121	2.70417938	9.34233290
1.83333333	-16.66686321	24.47957089	23.84868016	-16.32191086	-14.47710657	2.96836939	9.34278872
1.84166667	-16.41847646	24.52530281	23.46730717	-16.92333428	-14.37560404	2.56002833	9.26557439
1.85000000	-16.23598780	24.84900424	23.14618969	-17.85289875	-14.30922963	2.39679786	9.32167592
1.85833333	-16.00247032	25.25640733	22.75963711	-19.09997347	-14.21278406	2.69084717	9.32048917
1.86666667	-15.60030453	25.37936416	22.10969359	-20.02579047	-14.05505081	2.00563059	9.27366969
1.87500000	-15.37173428	25.88498421	21.69096081	-21.41572206	-13.92429002	2.23289985	9.20812520
1.88333333	-14.92218626	26.05036131	21.02048150	-22.45918692	-13.81454399	1.38938249	9.18038514
1.89166667	-14.67771756	26.60752125	20.57532910	-23.92088580	-13.66528877	1.56240301	9.13097765
1.90000000	-14.29957561	26.93937977	19.94559119	-25.08104032	-13.51576184	0.62441357	9.08632881
1.90833333	-14.03803742	27.51835765	19.45397908	-26.53968601	-13.31841040	0.68159813	9.04137039
1.91666667	-13.40204294	27.57528697	18.54885935	-27.66400681	-13.14969546	-0.26693467	9.07394299
1.92500000	-13.14809898	28.11544131	18.12628237	-29.01267973	-13.02927510	-0.23698055	9.09363696
1.93333333	-12.56560842	28.35573444	17.22579058	-30.26173795	-12.77619895	-1.05782833	9.17619673
1.94166667	-12.31710033	28.95440264	16.76636537	-31.59508719	-12.60475622	-0.99941984	9.31502226
1.95000000	-11.86791199	29.18750110	16.08286358	-32.58541855	-12.43461629	-1.80368303	9.40576748
1.95833333	-11.63453009	29.74924524	15.64345061	-33.68162021	-12.27440809	-1.78638632	9.49372537
1.96666667	-11.43173659	30.24448949	15.25167572	-34.56033176	-12.14255725	-1.78952809	9.51823400
1.97500000	-10.83201179	30.17633979	14.30830856	-35.10762256	-11.84266731	-2.57782381	9.67393547
1.98333333	-10.66551248	30.64178767	13.96207269	-35.70019797	-11.70598452	-2.58347854	9.73627582
1.99166667	-10.12843948	30.55689118	13.21029439	-35.95529661	-11.63382665	-2.93546291	10.07969459
2.00000000	-10.06672425	30.98559251	12.96372869	-36.19012631	-11.48625615	-2.86701616	10.19499683
2.00833333	-9.88594324	31.27505961	12.62089531	-36.28295824	-11.42547978	-2.58089730	10.48537664
2.01666667	-9.82643764	31.71344871	12.34007717	-36.31686277	-11.20534929	-2.58689492	10.56407156
2.02500000	-9.70781160	31.96415387	12.07830607	-36.19223224	-11.18159627	-1.75306919	10.80164631
2.03333333	-9.74111733	32.31899968	11.84561863	-35.87458101	-10.92471343	-1.81951363	10.82304624
2.04166667	-9.70226761	32.51613487	11.69783074	-35.36433761	-10.93622015	-1.80406856	10.89430427
2.05000000	-9.37107130	32.46289306	11.08472481	-34.86103662	-10.79035783	-1.55470045	11.06236991
2.05833333	-9.42347489	32.79757189	10.89070954	-34.28808629	-10.59817683	-1.83290676	11.11153563
2.06666667	-9.45545065	33.08131422	10.72816396	-33.65401696	-10.46979448	-2.13135824	11.20210169
2.07500000	-9.45385179	33.37267844	10.47050776	-32.96219112	-10.29819458	-2.43497575	11.29928259
2.08333333	-8.97903569	33.03650097	9.65937542	-32.09287930	-10.09415641	-2.85359744	11.38437940
2.09166667	-9.05293462	33.22081589	9.49352005	-31.17503894	-9.94640008	-3.42548459	11.44470631
2.10000000	-8.90392869	33.14103706	9.11136996	-30.15673327	-9.85560636	-4.02721568	11.56821001
2.10833333	-8.91443031	33.36805527	8.86548640	-29.24084170	-9.73328728	-4.57027627	11.68429832
2.11666667	-8.87602980	33.48427696	8.54149336	-28.32208587	-9.58603212	-5.50518913	11.78659972
2.12500000	-8.29264850	32.88472235	7.59713226	-27.16597246	-9.43756730	-6.39219911	11.94178176
2.13333333	-8.33591736	33.07378451	7.39106416	-26.19161386	-9.37304176	-7.04623667	12.11418872
2.14166667	-8.04628803	32.81202622	6.84163573	-25.14691000	-9.32163505	-7.94525694	12.37787110
2.15000000	-7.92341822	32.78088016	6.41739681	-24.17448101	-9.26617524	-8.59908345	12.61076144
2.15833333	-7.89508960	32.82362730	6.13709130	-23.13565887	-9.24408657	-9.57450456	12.88046564
2.16666667	-7.87042168	32.81063579	5.87754928	-22.08591749	-9.25737527	-10.47710823	13.16817190
2.17500000	-7.28124291	32.31515653	4.86873526	-21.18977988	-9.11212950	-10.56923050	13.41777733
2.18333333	-7.34713010	32.39143255	4.74612672	-20.14895021	-9.19720983	-11.56968196	13.70014669
2.19166667	-7.38206783	32.52418738	4.55813726	-19.20626561	-9.26924332	-12.32692002	14.00320185
2.20000000	-7.25637608	32.46410811	4.20651771	-18.47217034	-9.36718454	-11.91959909	14.32084985
2.20833333	-7.27509096	32.51446347	4.01976991	-17.49487431	-9.46541536	-12.71263526	14.59249331
2.21666667	-7.18540447	32.39847564	3.70213028	-16.68915699	-9.56427963	-12.32488276	14.83508681
2.22500000	-7.25578249	32.52679799	3.51354155	-15.74556889	-9.62557450	-12.78466573	15.09409570
2.23333333	-7.31943669	32.68014205	3.31881021	-15.09981938	-9.70089583	-12.34106945	15.43230151
2.24166667	-7.48221053	32.93967409	3.24653754	-14.39425412	-9.79135320	-12.06127896	15.72022065
2.25000000	-7.74904161	33.17699567	3.35836448	-13.58761698	-9.98824639	-11.73328384	16.10001797
2.25833333	-7.86127001	33.20139073	3.25261254	-12.66847327	-10.06520333	-11.65695944	16.29305449
2.26666667	-8.01327609	33.22194611	3.16651013	-11.76895665	-10.15523222	-11.31114373	16.63313851
2.27500000	-8.00674376	33.33115166	2.86816984	-11.55800992	-10.22556526	-10.05381329	17.01286848
2.28333333	-8.20140085	33.52276611	2.78715948	-10.93621851	-10.28900550	-9.68793834	17.34547707
2.29166667	-8.55325544	33.84572888	2.92259619	-10.50970906	-10.42905508	-9.10698415	17.68024886
2.30000000	-8.47245909	33.68523860	2.53065765	-10.13210659	-10.43471824	-8.63909060	17.92759702
2.30833333	-8.63026307	33.73373415	2.40400421	-9.70594580	-10.48708889	-8.42401053	18.16343650
2.31666667	-8.71979317	33.75792881	2.27044004	-9.50018470	-10.65241337	-7.99611306	18.54432177
2.32500000	-8.72234606	33.84125204	1.99703620	-9.67609099	-10.76139937	-7.51322772	18.86087785
2.33333333	-8.83608182	33.86311773	1.78162195	-9.64022399	-10.80277489	-7.21311781	19.05444975
2.34166667	-8.85564032	33.77809759	1.56906900	-9.74703116	-10.99725930	-6.79517623	19.35689737
2.35000000	-8.88405653	33.81343985	1.34668378	-10.04834048	-11.14726133	-6.78474485	19.40570708
2.35833333	-8.87254994	33.83958888	1.12332662	-10.56542237	-11.41306992	-6.19716539	19.91017843
2.36666667	-8.82002668	33.68646265	0.87225217	-10.95391173	-11.63961009	-6.03305283	20.09723960
2.37500000	-8.71633759	33.39833527	0.48080221	-11.25561004	-11.73219247	-6.23039720	20.15097288
2.38333333	-8.71884947	33.35814393	0.20916970	-11.80613119	-11.96424248	-6.33851648	20.12480339
2.39166667	-8.78938868	33.23825755	0.07566549	-11.99142710	-12.18184430	-7.21517997	20.11626816
2.40000000	-8.78567643	33.13937737	-0.01996685	-12.42236881	-12.60856034	-7.93967846	20.13538456
2.40833333	-8.90522014	33.16125047	0.02150259	-12.75003399	-13.06434787	-8.90853943	20.07685793
2.41666667	-9.17039755	33.36533260	0.22107729	-13.01608504	-13.57790394	-9.92630757	19.86205797
2.42500000	-9.16390886	33.29442765	0.24874815	-13.32817298	-14.31232364	-10.71106423	19.68927305
2.43333333	-9.47217295	33.51568076	0.65669970	-13.44543073	-15.07821863	-11.68427823	19.42144599
2.44166667	-9.49088291	33.43856113	0.82555661	-13.68520035	-16.01362934	-12.09000479	19.19550426
2.45000000	-9.41949983	33.34911864	0.84610255	-14.15482827	-16.93241961	-12.21349128	18.90241744
2.45833333	-9.96528974	33.83188417	1.79333870	-14.40132009	-18.14658533	-12.54756934	18.27887527
2.46666667	-10.03884891	33.88128892	2.13811786	-14.89488836	-19.36331261	-12.29426286	17.65611917
2.47500000	-9.97847853	33.76021484	2.48378577	-15.44927589	-20.74533621	-11.83286197	16.98135446
2.48333333	-9.87784504	33.58583376	2.86010829	-16.03445172	-22.27495907	-11.29447597	16.05329157
2.49166667	-9.92910622	33.59406286	3.47760514	-16.66808520	-23.85577727	-11.06629510	14.76476401
2.50000000	-9.94353730	33.56970068	4.21800169	-17.33704675	-25.74717909	-10.51984947	13.43786724
2.50833333	-9.66532803	33.14835617	4.71878829	-17.87052332	-27.80816244	-9.75594436	12.16413798
2.51666667	-9.42896868	32.77639639	5.39074510	-18.37121135	-30.02883693	-9.08301727	10.52919607
2.52500000	-9.82437773	33.06827794	6.90931579	-18.85572850	-32.33330714	-8.90369070	8.35584545
2.53333333	-9.90722023	32.97341769	8.22365334	-19.22877146	-34.82474955	-8.37827359	6.26300711
2.54166667	-10.08695329	32.97635977	9.68661025	-19.57600460	-37.35616113	-7.83947798	3.95081554
2.55000000	-9.89599815	32.41152426	10.93864057	-19.62127680	-39.99106611	-7.29649502	1.78420700
2.55833333	-10.56396823	32.93353153	13.27133850	-19.93510989	-42.70859498	-6.88079779	-0.95677291
2.56666667	-11.09973166	33.32581041	15.49706747	-20.22987125	-45.50104829	-6.38194386	-3.30880065
2.57500000	-11.36817688	33.38990633	17.46356832	-20.42559261	-48.23843993	-5.90094929	-5.45912230
2.58333333	-11.17082182	32.79139998	18.88606917	-20.35711490	-50.88308977	-5.40547641	-6.82459007
2.59166667	-11.78682858	33.31212426	21.36366241	-20.63578452	-53.69476876	-5.02644446	-8.22321528
2.60000000	-12.24355718	33.54472221	23.74531776	-20.79283253	-56.49878304	-4.46400085	-8.68363330
2.60833333	-12.44291003	33.57539234	25.74165309	-21.01408673	-59.17795629	-3.97424928	-8.66446380
2.61666667	-12.19566243	32.95711252	27.15534031	-20.99457738	-61.62925813	-3.58405574	-8.19157251
2.62500000	-12.60867679	33.19358469	29.52008111	-21.18133271	-64.29453544	-3.03744291	-7.27485774
2.63333333	-12.35728808	32.54128919	30.95656157	-21.12206965	-66.59869467	-2.64567594	-6.40913325
2.64166667	-12.50527876	32.47047880	33.02160131	-21.26640311	-69.06685924	-2.17239410	-5.34049513
2.65000000	-12.49335453	32.08137586	34.77824518	-21.22764552	-71.26083536	-1.65800239	-4.34579584
2.65833333	-12.28238558	31.56817727	36.23004347	-21.26881470	-73.33629974	-1.20205434	-3.32594711
2.66666667	-11.99439176	30.85282946	37.64633088	-21.18269212	-75.28604452	-0.81558674	-2.19982011
2.67500000	-11.69057568	30.17738959	39.04127594	-21.14303488	-77.16494868	-0.37980950	-0.87343744
2.68333333	-11.36693147	29.44736282	40.37113575	-21.06228213	-78.90032886	-0.00109893	0.57377736
2.69166667	-11.00479238	28.72581981	41.67794816	-21.05278805	-80.62508389	0.46637961	2.70648450
2.70000000	-10.62460597	27.91546742	42.94463337	-20.90700290	-82.11967356	0.74060797	4.28421584
2.70833333	-10.23168200	27.12405312	44.17595769	-20.83523514	-83.58159330	1.17613277	6.57830128
2.71666667	-9.86220366	26.28785164	45.43320166	-20.63779431	-84.82605660	1.38684469	8.11179212
2.72500000	-9.24016897	25.12203675	46.36031640	-20.38692556	-85.99377170	1.76062021	10.46754449
2.73333333	-8.91408396	24.33642430	47.60622996	-20.18900294	-86.96517613	2.04338922	11.89419996
2.74166667	-8.32370354	23.21922674	48.50668836	-19.95102759	-87.86769907	2.42334938	13.89718546
2.75000000	-8.04547229	22.45001681	49.72171280	-19.70375731	-88.55290955	2.65374176	15.05937700
2.75833333	-7.66464240	21.56635859	50.81089004	-19.42872104	-89.14102051	2.93998276	16.39383063
2.76666667	-7.20346180	20.55175597	51.65291607	-19.15354501	-89.56064830	3.29047942	17.89691216
2.77500000	-6.83048431	19.68560438	52.56455348	-18.92513669	-89.78730380	3.60873491	18.98462797
2.78333333	-6.64023340	18.95205283	53.69460638	-18.57748771	-89.88545355	3.78223243	19.69645880
2.79166667	-6.18220547	18.05186252	54.39309866	-18.40036142	-89.85690619	4.16402533	20.82735697
2.80000000	-6.00868617	17.45323701	55.36697571	-18.19360310	-89.63421492	4.33262796	21.44829694
2.80833333	-5.84376104	16.89348968	56.35166616	-18.00655502	-89.30046779	4.45490064	21.68810747
2.81666667	-5.35789051	15.90482553	56.76562744	-17.80099183	-88.83762541	4.94576859	23.01712327
2.82500000	-5.21116693	15.40057046	57.56244661	-17.66501384	-88.23119677	5.16401744	23.38814852
2.83333333	-5.13232526	14.91551010	58.40253957	-17.48836145	-87.51843809	5.26200215	23.48258404
2.84166667	-4.78854950	14.11540726	58.77882392	-17.27244040	-86.70347630	5.67580470	24.42653140
2.85000000	-4.76492027	13.69799299	59.50628054	-17.10147862	-85.76579135	5.76682932	24.47739423
2.85833333	-4.72150248	13.26573567	60.05303891	-16.91438153	-84.67480563	6.07369825	24.59843284
2.86666667	-4.71094770	12.86903521	60.65095636	-16.75134905	-83.57764611	6.17608731	24.63125125
2.87500000	-4.34843963	12.00806731	60.67314619	-16.46757961	-82.35953282	6.46849684	24.95998349
2.88333333	-4.36408629	11.66826920	61.15570203	-16.36084098	-81.14902290	6.54688527	24.91331327
2.89166667	-4.39626965	11.19790654	61.49235165	-16.03112134	-79.80157938	6.75748136	24.24209875
2.90000000	-4.40194780	10.84942861	61.67348830	-15.91273707	-78.42252861	6.90500800	23.72088340
2.90833333	-4.40316426	10.42488109	61.80019753	-15.72919614	-77.05950005	7.10226268	23.10550713
2.91666667	-4.06852877	9.75763315	61.45099012	-15.68917060	-75.71029862	7.39901329	22.56546235
2.92500000	-4.13874931	9.39988642	61.55018812	-15.51546359	-74.41450728	7.58229739	21.56943729
2.93333333	-4.12790684	8.98886614	61.56733639	-15.40749667	-73.21384120	7.79930669	20.40136002
2.94166667	-4.09354053	8.62867589	61.37866938	-15.41177945	-71.98279391	8.03605902	19.21086388
2.95000000	-4.05205696	8.28657826	61.18309109	-15.38993879	-70.85468045	8.23690189	17.87854725
2.95833333	-4.01077901	7.89143038	60.89887718	-15.34644983	-69.80342064	8.49120067	16.60781246
2.96666667	-4.02797600	7.52383191	60.65642769	-15.24945811	-68.84633405	8.66512862	15.29043520
2.97500000	-4.01844663	7.14879224	60.34338986	-15.19495340	-67.95720577	8.84851976	13.97096721
2.98333333	-4.01870455	6.77941564	59.99034081	-15.13111478	-67.12842081	9.01175278	12.60522414
2.99166667	-3.92305777	6.36979588	59.45039324	-15.16073667	-66.31466242	9.27336049	11.16098603
3.00000000	-4.11238134	6.13017519	59.22576442	-15.00981960	-65.66857301	9.44060023	9.90235001
3.00833333	-4.20673328	5.99465748	58.83814669	-15.08401005	-65.04130995	9.56252577	8.45301712
3.01666667	-4.44861215	5.91266915	58.53431789	-15.08583163	-64.41202887	9.78722076	7.23299273
3.02500000	-4.61931473	5.75546985	58.20676831	-15.03592509	-63.94863252	9.82157163	6.38508880
3.03333333	-4.84427281	5.61732708	57.89186430	-14.98293690	-63.60179308	9.83163185	6.28751482
3.04166667	-5.11976899	5.56035719	57.54835597	-14.88294002	-63.22164148	9.72065689	6.22430646
3.05000000	-5.43952313	5.52149908	57.28175228	-14.81695773	-62.99101974	9.62435445	6.83770283
3.05833333	-5.74913080	5.61038350	56.96763601	-14.87950364	-62.84948999	9.43182925	7.82633242
3.06666667	-6.06954474	5.55712585	56.63869881	-14.76295764	-62.70290654	9.21928014	8.86245438
3.07500000	-6.44548185	5.49791622	56.40802373	-14.62706103	-62.65892391	8.82655065	10.18196499
3.08333333	-6.77405818	5.60811997	56.11078736	-14.71484278	-62.54394710	8.35958338	11.36552256
3.09166667	-7.21564032	5.73919865	55.93357737	-14.72141387	-62.38064840	7.84402241	12.45674661
3.10000000	-7.52132876	5.77046159	55.60201834	-14.73194677	-62.11028332	7.17563656	13.28176417
3.10833333	-7.95932839	6.01318116	55.43387427	-14.85022621	-61.76941845	6.33021330	13.87670945
3.11666667	-8.34090745	6.11973641	55.27058470	-14.87808712	-61.43035055	5.53079574	14.28011302
3.12500000	-8.71026657	6.36571511	55.07950889	-15.09036038	-61.04320456	4.47786732	14.52937692
3.13333333	-9.27604854	6.77544665	55.14582272	-15.29914106	-60.60898706	3.51417973	14.28080893
3.14166667	-9.56400713	7.01310718	54.84384253	-15.62749219	-60.16640771	2.31539658	14.47263437
3.15000000	-9.91602208	7.38251476	54.56955688	-16.05772376	-59.67517659	1.03555577	14.56941007
3.15833333	-10.17451990	7.76923445	54.18892277	-16.62899482	-59.19403484	-0.36996513	14.68899940
3.16666667	-10.62584588	8.39351096	53.99206738	-17.23117377	-58.66157598	-1.96661275	14.70760336
3.17500000	-10.95276545	8.96936710	53.54331657	-17.98569943	-58.01815306	-3.66517311	14.89939551
3.18333333	-11.18840000	9.68669115	52.99368770	-19.06130110	-57.33212195	-5.31441431	15.11667918
3.19166667	-11.40636194	10.37557825	52.35508288	-20.15211712	-56.53707543	-7.08129800	15.25779292
3.20000000	-11.80310701	11.52778626	51.99957543	-21.55501281	-55.78927258	-8.72940424	15.11356929
3.20833333	-11.85089223	12.30579404	51.18886241	-23.02265744	-55.00532751	-10.32148697	15.28506461
3.21666667	-11.89843592	13.23835153	50.36909987	-24.68784485	-54.15778044	-11.82262032	15.33787599
3.22500000	-11.95098574	14.38867453	49.58092941	-26.65641813	-53.34429593	-13.12579738	15.39308499
3.23333333	-11.88796944	15.37405846	48.63307411	-28.62307405	-52.45894465	-14.40891824	15.35918393
3.24166667	-11.89131311	16.61328449	47.79596075	-30.86431192	-51.59116627	-15.65948080	15.30939827
3.25000000	-11.74935641	17.81893288	46.77100200	-33.22678497	-50.68026441	-16.95830706	15.13786835
3.25833333	-11.71489455	19.10790960	45.87164435	-35.78709322	-49.74255057	-18.01888981	15.14059340
3.26666667	-11.73192732	20.60185218	45.03388393	-38.38240856	-48.83230932	-19.75967537	14.94724001
3.27500000	-11.61255686	22.19937776	43.96608210	-41.41001341	-47.70910195	-20.65351702	14.86085002
3.28333333	-11.74287367	23.68372638	43.19010178	-44.03209214	-46.74643073	-22.63681394	14.71591063
3.29166667	-11.71034606	25.19570849	42.37188954	-47.00637885	-45.79190434	-23.91667090	14.51801974
3.30000000	-11.49706502	26.59800483	41.22490298	-49.97208694	-44.71395683	-25.28507259	14.41185830
3.30833333	-11.56541504	28.30249289	40.43840551	-53.04064646	-43.66719712	-26.32962241	14.23758816
3.31666667	-11.41438805	29.75893524	39.33948211	-56.01252057	-42.58325403	-27.22974242	14.14725305
3.32500000	-11.58033563	31.60776827	38.74476648	-59.10658316	-41.65387875	-27.89777036	13.98159801
3.33333333	-11.32900336	32.93248241	37.62038875	-62.06530604	-40.64936353	-27.15183573	13.78539139
3.34166667	-11.11513023	34.42830591	36.54491633	-65.09449611	-39.64705118	-26.37460431	13.62157337
3.35000000	-11.04586041	35.79970362	35.71092559	-67.69152303	-38.84517202	-27.46493131	13.67770647
3.35833333	-10.82268446	37.21284061	34.69266679	-70.47455403	-37.91051060	-25.93446046	13.44733880
3.36666667	-10.65387347	38.57527067	33.75329687	-73.06542021	-37.01530161	-24.23599669	13.24299283
3.37500000	-10.51099016	39.94762591	32.82030000	-75.49940794	-36.08893314	-22.51264703	13.06565222
3.38333333	-10.41013285	41.48276437	31.94775752	-77.86036383	-35.24594788	-20.77203884	13.03918420
3.39166667	-10.29477926	42.87992131	30.98720974	-79.96377679	-34.24543002	-18.85185218	12.82724699
3.40000000	-10.18637359	44.30601404	30.13033820	-81.93638127	-33.35284607	-16.90563870	12.61550643
3.40833333	-10.12451809	45.72056797	29.26444577	-83.73166776	-32.47210896	-13.78332361	12.68421176
3.41666667	-9.97630514	46.99822293	28.25866122	-85.28549205	-31.43822498	-11.52624137	12.33513837
3.42500000	-9.73873305	48.12025891	27.19468238	-86.67755283	-30.45428768	-7.67609267	12.21216855
3.43333333	-9.59225888	49.28880914	26.24964823	-87.79695392	-29.56835972	-5.17376846	12.11097149
3.44166667	-9.19885290	50.16260834	24.99635163	-88.74089734	-28.54352665	-2.07001342	11.84317675
3.45000000	-9.18835151	51.37679493	24.18388138	-89.40664338	-27.57429320	-1.19031469	11.70210789
3.45833333	-8.84255807	52.19565787	23.10306334	-90.09528397	-26.69223552	2.98444969	11.37375472
3.46666667	-8.62485005	53.06487072	22.07132805	-90.43564889	-25.79553900	5.04580217	11.21545901
3.47500000	-8.45759589	53.92588653	21.09556105	-90.60693674	-24.92198889	6.81620975	11.04941670
3.48333333	-8.45804208	54.93046621	20.38266591	-90.55699058	-24.10832884	7.36602457	10.89485455
3.49166667	-8.03822499	55.35474570	19.21632375	-90.42520691	-23.30815336	9.72006122	10.69970371
3.50000000	-8.05841054	56.22339664	18.60423510	-90.03330817	-22.60328484	10.11544283	10.59383552
3.50833333	-7.77233653	56.61486771	17.64741738	-89.46535192	-21.91507538	11.48073135	10.30486364
3.51666667	-7.56909033	57.09866144	16.79995315	-88.86789314	-21.25550160	12.85095919	10.28538271
3.52500000	-7.52514192	57.66534615	16.22240479	-88.00550355	-20.69980363	13.31724789	10.09371494
3.53333333	-7.42653070	58.03656711	15.60279719	-87.03323142	-20.19814378	14.00278085	10.00269268
3.54166667	-7.22209820	58.28891653	14.81335849	-86.01976648	-19.68093923	14.88833030	9.97333365
3.55000000	-7.30758284	58.83193144	14.47385829	-84.92217156	-19.32566208	14.99565434	10.01071188
3.55833333	-7.36587443	59.13744077	14.11771401	-83.59650263	-18.94191365	15.42529587	9.82691388
3.56666667	-7.46508203	59.53556664	13.79890883	-82.29918746	-18.57382697	15.55360769	9.83906442
3.57500000	-7.53907864	59.85533661	13.59363731	-81.00101593	-18.44816658	15.60118530	9.86157929
3.58333333	-7.59642338	59.92049803	13.25002213	-79.42056607	-18.11732966	15.85026207	9.58858867
3.59166667	-7.64024546	59.99868053	12.93427729	-77.95453303	-17.90027465	15.94639737	9.57038352
3.60000000	-7.77856717	60.12083129	12.72188262	-76.47736445	-17.67024804	15.89097787	9.55871913
3.60833333	-7.79394473	60.00875263	12.47240101	-74.89033761	-17.56959542	15.67822614	9.32527650
3.61666667	-7.91197649	60.05209368	12.35724170	-73.51716798	-17.52417371	15.62792815	9.34672312
3.62500000	-8.03799576	59.92853821	12.13831698	-71.99685530	-17.27495733	15.23477976	9.09733830
3.63333333	-7.99552860	59.65750192	11.85412474	-70.62261087	-17.27774487	14.81970666	8.91485522
3.64166667	-8.11233875	59.53537457	11.66994511	-69.37592288	-17.17761829	14.40230675	8.76631459
3.65000000	-8.19265911	59.34740753	11.48582085	-68.25883092	-17.12451783	13.96947080	8.59939342
3.65833333	-8.26624390	59.15099684	11.32892686	-67.27922445	-17.16552194	13.63752452	8.48494567
3.66666667	-8.15595766	58.64690257	10.88741849	-66.31807867	-17.06382374	12.96894991	7.95055948
3.67500000	-8.23948361	58.35034832	10.65878234	-65.46433578	-16.95878466	12.21376935	7.76058014
3.68333333	-8.30426013	57.99046809	10.42157442	-64.70631824	-16.84987596	11.31618708	7.38670348
3.69166667	-8.38237664	57.63173186	10.17647538	-64.05120485	-16.72412577	10.40924426	6.94019259
3.70000000	-8.45485621	57.16455776	9.89308864	-63.38289799	-16.53965161	9.53304734	6.34719614
3.70833333	-8.54959814	56.63208352	9.61788820	-62.71743160	-16.31543659	8.88200009	5.68649491
3.71666667	-8.59369883	56.00821781	9.31896981	-62.08170107	-16.15077794	8.51370329	4.89777985
3.72500000	-8.72797146	55.43109391	9.09310606	-61.47293671	-15.96430639	8.48365097	4.13627512
3.73333333	-8.73007160	54.62530690	8.75442116	-60.80793447	-15.79457789	8.64683675	3.34611995
3.74166667	-9.03451513	54.15819341	8.78870770	-60.20918238	-15.72382096	9.10630373	2.54760239
3.75000000	-9.39169425	53.72438051	8.89029009	-59.58100771	-15.63815898	9.56104937	1.34942991
3.75833333	-9.73699273	53.29025957	9.05052495	-58.91904211	-15.64318525	9.90650570	0.24682694
3.76666667	-10.04111542	52.84902859	9.22735197	-58.23579346	-15.72426091	10.07072458	-0.92041553
3.77500000	-10.57512745	52.70996325	9.60176636	-57.62451298	-15.70284873	9.96148755	-2.27255486
3.78333333	-10.86209799	52.32061585	9.81448549	-56.98994280	-15.86712837	9.97655999	-3.70152356
3.79166667	-11.12289246	51.92289321	10.10217276	-56.37412372	-16.16642564	9.92299581	-5.19446839
3.80000000	-11.38508933	51.49980087	10.35084868	-55.72377430	-16.39464166	9.77572841	-6.94554111
3.80833333	-11.56030372	50.95865657	10.62170748	-55.07058665	-16.79811457	9.72230151	-8.69645625
3.81666667	-11.70164564	50.36843191	10.99592347	-54.39749762	-17.35772417	9.70343057	-10.51194458
3.82500000	-11.84217692	49.70597767	11.47620851	-53.64155616	-18.09058343	9.73456547	-12.31844855
3.83333333	-11.94561826	48.95921090	12.01709281	-52.80124917	-19.00295376	9.77992934	-14.10765074
3.84166667	-12.07027299	48.29690466	12.70781594	-52.04705427	-20.11075330	9.83736904	-15.82819212
3.85000000	-12.01357261	47.43745533	13.36803701	-51.25509569	-21.58558613	9.84402089	-16.59184893
3.85833333	-12.01774493	46.58857228	14.26364030	-50.34281548	-23.24550377	9.89988893	-18.37773475
3.86666667	-12.12748144	45.87628370	15.26467137	-49.49491962	-24.90400367	9.99025722	-19.61457064
3.87500000	-12.17921719	45.24343150	16.42377595	-48.85041962	-27.06460866	10.11198738	-20.57511657
3.88333333	-12.20356748	44.52639221	17.72805830	-48.10352001	-29.55530765	10.17625763	-21.39935574
3.89166667	-11.95488418	43.50355085	18.82892010	-47.33133164	-32.37966668	10.18414870	-21.88551863
3.90000000	-12.20160909	43.07377179	20.63860094	-46.57495829	-35.44319597	10.24879661	-22.74812417
3.90833333	-11.95023933	42.06454793	22.01698329	-45.72135107	-38.77756415	10.18359236	-23.11274637
3.91666667	-12.21620249	41.64863725	24.22062990	-44.96939869	-42.41031898	10.18557343	-23.73071436
3.92500000	-11.88765411	40.63966309	25.55551483	-44.16277662	-46.04041327	10.10680813	-23.43362912
3.93333333	-12.04307036	40.16108972	27.34573996	-43.43348864	-49.52917607	10.07290216	-23.95286508
3.94166667	-12.23795885	39.65249572	29.44818621	-42.61859710	-53.28515727	10.03964598	-23.87780103
3.95000000	-12.27360967	39.10687417	31.17171719	-41.94826539	-56.84730719	9.99480104	-23.63022484
3.95833333	-11.95632512	38.06583635	32.51181766	-41.05802029	-60.37674310	9.88348190	-22.84783047
3.96666667	-11.92920346	37.47967491	34.24446887	-40.39462898	-63.85333306	9.77557468	-22.11170955
3.97500000	-11.67377148	36.67367533	35.65045652	-39.77183646	-67.18919530	9.66686635	-20.74088402
3.98333333	-11.61933177	35.83702505	37.29226819	-38.90576214	-70.41540931	9.67427035	-19.01774501
3.99166667	-11.59843249	35.21633062	38.96027349	-38.20457249	-73.50674968	9.60402431	-16.92486880
4.00000000	-12.14690098	35.38982765	41.42146421	-37.76001604	-76.76264580	9.70407950	-13.75572713
4.00833333	-11.93832929	34.55280450	42.82715677	-37.04045624	-79.45023952	9.57219599	-11.38606339
4.01666667	-12.01567864	33.95576352	44.67720901	-36.25094199	-82.21415513	9.65590366	-7.59197066
4.02500000	-11.87426949	33.20625898	46.07587480	-35.53389460	-84.49088824	9.54157651	-5.04650261
4.03333333	-11.63250538	32.25984288	47.29977174	-34.67461128	-86.65540870	9.41987825	-1.29530955
4.04166667	-11.47591211	31.43314274	48.63922452	-33.86311905	-88.50752905	9.30735305	1.19539082
4.05000000	-11.37466591	30.49634661	50.01397134	-32.90597916	-90.22855787	9.35655277	4.43763099
4.05833333	-11.12344117	29.61800507	51.08583357	-32.17638404	-91.61395679	9.32174864	7.21354990
4.06666667	-10.99863685	28.91135554	52.22372401	-31.51238407	-92.70706539	9.32807718	9.63959069
4.07500000	-10.84664337	28.08909193	53.32062680	-30.66932574	-93.53418158	9.18852802	11.15678357
4.08333333	-10.34905592	26.96995943	53.89783004	-29.97089362	-94.23303415	9.13984576	13.95700552
4.09166667	-10.25464872	26.24673481	54.87844018	-29.24038523	-94.60137892	8.96901810	15.56264226
4.10000000	-9.98444958	25.29587563	55.70709434	-28.50957251	-94.90290480	9.06147931	17.59863498
4.10833333	-9.89161325	24.57912202	56.63257425	-27.78691285	-94.88382935	8.92668557	18.84924839
4.11666667	-9.63896862	23.65667408	57.33846334	-27.05896178	-94.77983694	8.97914872	20.45788825
4.12500000	-9.58531408	23.04880666	58.23492810	-26.39260949	-94.44597002	8.88259991	21.19085893
4.13333333	-9.42425355	22.37556982	58.87123429	-25.85990608	-93.94299243	8.82113926	22.58948417
4.14166667	-9.27264189	21.70313294	59.46975181	-25.28856164	-93.30168882	8.87590492	23.48748818
4.15000000	-9.28634364	21.11512052	60.25745364	-24.60487073	-92.55373281	8.89012508	23.73939712
4.15833333	-9.00671557	20.33073076	60.58712769	-24.10573110	-91.63799826	9.04000571	24.65912672
4.16666667	-9.03764089	19.83394338	61.22006055	-23.51150846	-90.61883317	9.00091950	24.82568463
4.17500000	-8.93619306	19.33453173	61.56963881	-23.12183039	-89.45056592	9.02809527	25.41395242
4.18333333	-8.97770238	18.98629811	62.10397066	-22.77753089	-88.24869090	9.06326305	25.46464363
4.19166667	-8.93952235	18.36914912	62.31389531	-22.14951041	-86.85236256	9.00736973	25.74745383
4.20000000	-9.01763047	17.97637960	62.67707142	-21.64671559	-85.45768582	8.99303630	25.74330185
4.20833333	-9.03747386	17.63364003	62.83833746	-21.29651878	-83.90138450	8.91848136	25.65109628
4.21666667	-9.13481042	17.30711569	63.05380326	-20.90002133	-82.40675766	8.96866121	25.60658717
4.22500000	-9.10537469	16.92428491	62.96492978	-20.60470937	-80.77189301	9.00442255	25.26672490
4.23333333	-9.21212571	16.67989446	63.01641609	-20.30058696	-79.20071548	9.09819106	24.85656876
4.24166667	-9.36621085	16.42335697	63.06912752	-19.93565217	-77.66288867	9.12389701	24.34417420
4.25000000	-9.51715485	16.12564301	63.04373989	-19.53815254	-76.17638767	9.14002703	23.61760048
4.25833333	-9.66908952	15.91618076	62.97751599	-19.22671313	-74.73232223	9.16394423	22.65459599
4.26666667	-9.84768746	15.75436018	62.89426006	-18.99320735	-73.31734815	9.26796767	21.32043302
4.27500000	-9.98522821	15.44792623	62.72967434	-18.61572394	-72.05779785	9.24887363	20.12100656
4.28333333	-10.14423377	15.10792490	62.52523697	-18.18359849	-70.91464956	9.25697197	18.99790544
4.29166667	-10.25726565	14.83829853	62.26267101	-17.94769680	-69.77865757	9.21923200	16.97629470
4.30000000	-10.44649861	14.54561335	62.03753620	-17.57373853	-68.85574799	9.19862266	15.74353905
4.30833333	-10.59460763	14.29328630	61.70638917	-17.29355464	-67.97554571	9.11283568	14.47888366
4.31666667	-10.71358709	13.95898381	61.32266801	-16.98111850	-67.16720535	9.00307038	13.45875051
4.32500000	-10.87732431	13.65486176	60.93004774	-16.66293950	-66.42369317	8.89919662	12.96759365
4.33333333	-11.02159958	13.32891715	60.43061733	-16.36193328	-65.78219745	8.59323416	12.62899102
4.34166667	-11.26160459	13.25207354	60.06118877	-16.27173540	-65.27866823	8.56216362	12.68507013
4.35000000	-11.34291937	12.73705126	59.40047438	-15.76445773	-64.75955455	7.96140320	13.60551991
4.35833333	-11.63882399	12.63844971	58.94688795	-15.52883692	-64.26227659	7.60075935	14.41436267
4.36666667	-11.90991230	12.62085596	58.49225710	-15.46051712	-63.79306159	7.10381452	15.36692321
4.37500000	-12.25214492	12.55414704	58.06783490	-15.21265826	-63.24775142	6.52437977	16.17615926
4.38333333	-12.59207450	12.59150306	57.68888746	-15.10748173	-62.66657400	5.79031687	16.86541570
4.39166667	-12.95009980	12.67578188	57.34779857	-15.03248588	-62.01744694	5.00719321	17.31359591
4.40000000	-13.31932696	12.77200027	57.05126035	-14.97617662	-61.32903359	4.10755905	17.58116887
4.40833333	-13.74783002	13.04883564	56.88288915	-15.07286385	-60.66314687	2.96118417	17.52839159
4.41666667	-14.13075393	13.32977206	56.74179539	-15.24951628	-60.04619666	1.93695960	17.37586660
4.42500000	-14.42743505	13.55653560	56.46745097	-15.49068756	-59.40949629	0.76443769	17.12226908
4.43333333	-14.65349469	13.79601255	56.04690632	-15.83370763	-58.72023040	-0.42521596	16.98447880
4.44166667	-14.83671823	14.08360904	55.61480961	-16.32484978	-58.03093350	-1.67661535	16.61689948
4.45000000	-14.97409242	14.39163320	55.08915615	-16.91003442	-57.37117861	-3.12957296	16.61320414
4.45833333	-15.05126931	14.72023091	54.46261866	-17.59679732	-56.67770854	-4.62108328	16.58997460
4.46666667	-15.13252344	15.20171340	53.77260765	-18.47017168	-55.81497091	-6.20192815	16.48120921
4.47500000	-15.14532978	15.69890696	52.98759209	-19.43495462	-54.96716974	-7.85371731	16.46397102
4.48333333	-15.15717882	16.23940174	52.14485464	-20.49799198	-54.00319037	-9.53875737	16.38783946
4.49166667	-15.09589456	16.84822203	51.21017441	-21.74620370	-53.00237423	-11.08518925	16.29599783
4.50000000	-15.07432751	17.57226320	50.30554453	-23.10340533	-51.97791653	-12.72939872	16.16644583
4.50833333	-14.97806158	18.14609600	49.35589487	-24.33469372	-51.02033388	-14.48658599	15.96469614
4.51666667	-14.95468271	19.15060368	48.50479232	-26.12599807	-50.05991381	-16.03357255	15.89009198
4.52500000	-14.86268510	20.26601407	47.56673290	-28.21167135	-49.06190545	-17.47821700	15.78952640
4.53333333	-14.75727280	21.42957137	46.63295391	-30.50779126	-48.04036264	-18.92601942	15.57441324
4.54166667	-14.55854254	22.34317626	45.52682391	-32.86001429	-46.97003827	-19.52646993	15.47064860
4.55000000	-14.28679163	23.13969900	44.39510500	-35.08717257	-45.92291360	-22.26002944	15.24390924
4.55833333	-14.25666050	24.59499731	43.57277431	-37.97516987	-44.88224172	-23.88483939	15.01779778
4.56666667	-14.17678890	25.97136927	42.58973460	-40.88451627	-43.75469304	-25.58763505	14.83331769
4.57500000	-13.94503223	27.40288456	41.57867321	-44.10950609	-42.63484623	-27.12079042	14.48848548
4.58333333	-13.62152881	28.56250219	40.40962848	-47.13570366	-41.54869185	-28.86310464	14.28822472
4.59166667	-13.36806980	29.87789550	39.31136530	-50.41022619	-40.40939958	-28.97811082	14.02737644
4.60000000	-13.18710474	31.17900317	38.42182900	-53.41290677	-39.47089815	-31.70567006	13.76963606
4.60833333	-13.02252515	32.67166776	37.48580511	-56.66946102	-38.45695557	-32.87058663	13.56652822
4.61666667	-12.72836304	34.04117651	36.48452956	-59.99677652	-37.53693731	-32.16418025	13.31999178
4.62500000	-12.64407161	35.62106527	35.78215271	-63.13177591	-36.72830907	-33.91434620	13.13669833
4.63333333	-12.31975890	36.87638585	34.78231818	-66.23733679	-35.86188410	-32.66409053	12.92338621
4.64166667	-12.31544439	38.56955735	34.27332211	-69.33419408	-35.17618441	-32.53356755	12.74024734
4.65000000	-12.04719589	39.98092476	33.38097765	-72.27460608	-34.36321014	-30.86875981	12.56964695
4.65833333	-11.80505364	41.36206923	32.50957704	-74.97240634	-33.54525191	-29.09430876	12.40308846
4.66666667	-11.63434922	42.81275326	31.71292879	-77.55164417	-32.74105508	-27.16554995	12.26266042
4.67500000	-11.44369888	44.17227096	30.92550933	-79.86127718	-31.93687934	-25.30214376	12.12534009
4.68333333	-11.42615865	45.86769303	30.34646764	-82.12499996	-31.26635214	-21.67134644	12.23530493
4.69166667	-11.21763343	47.20529656	29.48088906	-83.96985326	-30.40263411	-19.99654845	12.06679460
4.70000000	-11.07795944	48.66690942	28.73793593	-85.78618559	-29.64176889	-15.35184530	11.98858818
4.70833333	-10.86658005	49.90656333	27.90491730	-87.12338366	-28.85301099	-13.62999701	11.79609459
4.71666667	-10.44477341	50.86188701	26.80446637	-88.33384381	-28.04797855	-8.35958504	11.86524901
4.72500000	-10.20120544	52.04748409	25.87199418	-89.37312562	-27.19788918	-4.52329110	11.72252178
4.73333333	-10.13843168	53.25674991	25.21778858	-89.97050491	-26.40995962	-3.64151080	11.61670868
4.74166667	-9.81200652	54.18843934	24.38020035	-90.61806980	-25.88016626	1.55108328	11.66014331
4.75000000	-9.61127099	55.17447074	23.57465334	-90.93875789	-25.13582168	4.14646705	11.43240152
4.75833333	-9.56819437	56.25887922	23.00374673	-90.92430463	-24.46865193	4.52855818	11.37902941
4.76666667	-9.18422380	56.88116742	22.10888837	-90.85318303	-23.95233360	7.75922083	11.29978913
4.77500000	-8.93038220	57.50829777	21.30039287	-90.45746568	-23.31588928	9.23072308	11.19137098
4.78333333	-8.82613831	58.29666246	20.74241620	-89.87137900	-22.79996965	9.82495822	11.00427021
4.79166667	-8.60359287	58.84386433	20.01791856	-89.22972290	-22.23894431	11.57936220	11.01543085
4.80000000	-8.63697532	59.64190237	19.54309858	-88.34761135	-21.62682919	11.71655813	10.98471086
4.80833333	-8.27944479	59.85428579	18.70682585	-87.32039407	-21.14892272	13.35456751	10.89755992
4.81666667	-8.34185429	60.47835052	18.30623200	-86.11950989	-20.57571593	13.41742430	10.86496414
4.82500000	-8.07274074	60.59435663	17.59818142	-84.79113523	-20.12690816	14.59609128	10.71673682
4.83333333	-8.16431393	61.06857155	17.24211826	-83.34774770	-19.58889577	14.54306912	10.70415575
4.84166667	-8.10561903	61.25526446	16.92949025	-81.73278047	-19.31365151	14.65725478	10.46971712
4.85000000	-8.03072631	61.32692004	16.38968829	-80.14510779	-18.84523930	15.04156643	10.56208453
4.85833333	-8.11751616	61.48244807	16.12784656	-78.42030203	-18.44869051	14.84828377	10.41399107
4.86666667	-8.08477713	61.45111431	15.73844499	-76.67683684	-18.10322832	14.71396481	10.42750101
4.87500000	-8.21116862	61.48282159	15.53264127	-74.90561270	-17.70849748	14.51002680	10.30443452
4.88333333	-8.34633788	61.52452901	15.31320648	-73.26843851	-17.39312529	14.43584567	10.36174732
4.89166667	-8.36865306	61.30350393	15.00445682	-71.50068486	-17.01410197	13.93277442	10.19350243
4.90000000	-8.41575747	61.08757214	14.75527274	-69.84665200	-16.72281273	13.40439182	10.17613946
4.90833333	-8.53408604	61.00980266	14.54713179	-68.43665147	-16.46299473	13.23132647	10.25610915
4.91666667	-8.35219614	60.49190664	13.96736668	-66.91313375	-16.15312491	11.96292201	10.26262199
4.92500000	-8.48937449	60.35354977	13.74078388	-65.72079152	-15.83601634	11.46367973	10.27427452
4.93333333	-8.55805897	60.14496551	13.47877074	-64.67425030	-15.58251630	10.88876163	10.31341770
4.94166667	-8.40172934	59.65972534	13.02606794	-63.68589098	-15.40500265	9.79968070	10.30512020
4.95000000	-8.45461349	59.38255719	12.70543764	-62.87889829	-15.10392921	8.92328992	10.35010499
4.95833333	-8.52053011	59.12411284	12.40963835	-62.20331046	-14.84386257	8.10266118	10.41510030
4.96666667	-8.55830570	58.82317204	12.12612889	-61.58514008	-14.64071248	6.92320909	10.44985112
4.97500000	-8.63772491	58.53941312	11.88057855	-61.09061073	-14.45136905	6.17381641	10.49102075
4.98333333	-8.68110177	58.16933781	11.63649073	-60.62827040	-14.33144021	5.44111883	10.45518080
4.99166667	-8.84257763	57.91231223	11.49868256	-60.31822346	-14.20138131	5.37657501	10.47837450
5.00000000	-8.89049740	57.46970014	11.22747718	-59.99545545	-13.99867200	5.36080462	10.29240829
5.00833333	-9.05062097	57.24039184	11.08072012	-59.88057150	-13.86421989	5.67534314	10.22624026
5.01666667	-9.23928749	57.02781118	10.98523302	-59.79291831	-13.74523620	6.02824835	10.12930264
5.02500000	-9.47103300	56.85070789	10.93403968	-59.67681673	-13.60584043	6.42155790	9.93652961
5.03333333	-9.74559696	56.76657216	10.94901709	-59.55323297	-13.48471165	6.89299599	9.49948916
5.04166667	-9.93396434	56.66058599	10.92270614	-59.43015677	-13.49352086	6.96189408	9.36247899
5.05000000	-10.34133791	56.74652418	11.03267729	-59.21271751	-13.32813465	7.31447595	8.34522524
5.05833333	-10.64199223	56.72678539	11.01392955	-58.97397013	-13.15189049	7.39299075	7.74706162
5.06666667	-10.87902731	56.58284282	10.96183571	-58.65757518	-12.99613766	7.43851893	6.86627124
5.07500000	-11.09835477	56.32673602	10.92451600	-58.23572801	-12.86504816	7.51874720	6.03621960
5.08333333	-11.33955722	56.10593243	10.87447342	-57.83069145	-12.70921553	7.59720227	4.89438964
5.09166667	-11.57737821	55.78950027	10.78548827	-57.34614904	-12.48203675	7.71935274	3.72345639
5.10000000	-11.54905694	55.07436205	10.33246306	-56.74688701	-12.13120237	8.08280518	2.46107253
5.10833333	-11.82447396	54.68169283	10.39615486	-56.09855463	-11.99256497	8.11658689	1.11159926
5.11666667	-12.09791060	54.31104529	10.45244409	-55.44805024	-11.91537843	8.17741213	-0.31180707
5.12500000	-12.27766208	53.80701991	10.55603011	-54.77134036	-11.98659841	8.18167146	-1.48003001
5.13333333	-12.41805662	53.23453427	10.50244420	-54.08594512	-11.77582229	8.37267468	-3.25181881
5.14166667	-12.60672342	52.73801355	10.69332754	-53.35530142	-11.95315421	8.31348695	-4.78494885
5.15000000	-12.73664208	52.18511462	10.90848726	-52.63262450	-12.23632826	8.25390587	-6.29959370
5.15833333	-12.83416470	51.54050018	11.13348262	-51.83022379	-12.57074277	8.20492409	-7.88443046
5.16666667	-12.83537317	50.82475322	11.23323609	-51.08387027	-12.84796352	8.25221148	-9.42554809
5.17500000	-12.97494665	50.26197705	11.65973972	-50.27926193	-13.52469570	8.15798655	-10.89623292
5.18333333	-13.04899908	49.60281650	12.03486168	-49.46153987	-14.12845145	8.12198479	-12.31693890
5.19166667	-13.13902580	48.95364381	12.58684871	-48.58309101	-15.18035506	8.02956934	-13.51638647
5.20000000	-13.14680977	48.20886321	13.07589819	-47.67455967	-16.37442995	7.90039771	-14.52445834
5.20833333	-13.18577297	47.44833316	13.71970657	-46.73629964	-17.73621837	7.77401193	-15.22250742
5.21666667	-13.23872758	47.00072175	14.25274771	-46.19451079	-19.11610234	7.69882845	-15.77513996
5.22500000	-13.07899896	46.09773257	14.83582982	-45.27532127	-21.11904593	7.57197012	-15.65584952
5.23333333	-13.13310116	45.57648883	15.67342252	-44.60786764	-23.12300065	7.43691167	-15.70660455
5.24166667	-13.10606437	44.92941377	16.53808151	-43.88616684	-25.39305812	7.40104354	-15.36787064
5.25000000	-12.87407389	44.03499562	17.18063673	-43.08223368	-27.82880632	7.27209254	-14.69369266
5.25833333	-12.64278190	43.20024675	17.82621566	-42.35819151	-30.29076335	7.13448705	-14.12359501
5.26666667	-12.66363489	42.72280180	18.79233695	-41.78163806	-32.62306564	7.10800828	-14.42528930
5.27500000	-12.43557739	41.88899862	19.53624763	-41.05311357	-35.20340884	6.98806410	-13.89836679
5.28333333	-12.32896063	41.21398172	20.27479730	-40.35238947	-37.45394579	6.80841342	-14.38954263
5.29166667	-12.24926289	40.61114875	21.15868876	-39.72125767	-39.86077793	6.75917187	-14.53104417
5.30000000	-12.21931256	40.02310369	22.14116739	-39.02169607	-42.27614632	6.62283393	-14.60661835
5.30833333	-12.01396402	39.18073975	22.79674645	-38.26126605	-44.53147366	6.47857221	-14.13920368
5.31666667	-12.08510142	38.66758753	23.85195794	-37.52419227	-46.75881168	6.39987387	-14.22642620
5.32500000	-11.98684271	37.91754206	24.70506628	-36.73387563	-48.91573750	6.24811138	-13.54760725
5.33333333	-11.94628656	37.42163743	25.51852778	-36.15387243	-50.95291906	6.08818355	-12.62555464
5.34166667	-12.50657300	37.61922910	27.15091284	-35.66413819	-53.04414722	6.08301017	-11.90299682
5.35000000	-12.40146920	37.18840791	27.79466286	-35.20368065	-54.80096197	5.92087223	-10.60929108
5.35833333	-12.79513536	37.11192777	29.21094835	-34.58715494	-56.69257190	5.81608299	-8.84308206
5.36666667	-12.74153330	36.58671464	29.82046364	-33.98632550	-58.03097010	5.64306273	-7.49728967
5.37500000	-13.13339855	36.64546730	31.13153590	-33.54568909	-59.56561198	5.60727967	-5.64460696
5.38333333	-13.27595418	36.38104565	32.02181522	-33.04018820	-60.70666328	5.54980063	-4.06609115
5.39166667	-13.29499585	35.99474377	32.61408403	-32.51047980	-61.53884694	5.38573470	-2.85433100
5.40000000	-13.34735049	35.66134955	33.24179217	-32.00255322	-62.22940942	5.25299925	-1.56754405
5.40833333	-13.60664915	35.54304647	34.09577131	-31.51712966	-62.86771438	5.22835465	0.29859740
5.41666667	-13.59727487	35.13670892	34.58287890	-30.97833588	-63.14754559	5.07765016	1.33941484
5.42500000	-13.57513512	34.75893033	35.14352613	-30.48730561	-63.36792802	4.91885205	2.48405790
5.43333333	-13.66727848	34.39719988	35.46022198	-29.89863243	-63.12260752	4.77532264	3.45730354
5.44166667	-13.65866723	33.99651026	35.68022933	-29.40662828	-62.88006387	4.65974105	5.31308248
5.45000000	-13.75638709	33.78803992	35.92094235	-28.99795003	-62.31223220	4.55403737	6.24583857
5.45833333	-13.80752781	33.44362077	36.10931383	-28.49170275	-61.58560101	4.41376850	7.22109620
5.46666667	-13.92661734	33.17233726	36.32464624	-27.98425313	-60.68491289	4.31493396	8.00326445
5.47500000	-13.94536441	32.91833827	36.36776230	-27.65764810	-59.65183659	4.31544660	9.09391058
5.48333333	-13.98721853	32.60737788	36.35972959	-27.21756253	-58.41936373	4.28874527	9.99189600
5.49166667	-14.16574555	32.41507450	36.48931570	-26.74505450	-57.05876431	4.28529014	10.25720021
5.50000000	-14.18076750	32.10565932	36.38331934	-26.33949338	-55.61751385	4.24316672	11.28856879
5.50833333	-14.36974473	31.94579034	36.45489709	-25.88438587	-54.04508635	4.22818068	11.49765304
5.51666667	-14.29968869	31.45433250	36.17647908	-25.39282718	-52.39096108	4.23222214	12.32953925
5.52500000	-14.50134875	31.36201000	36.17660336	-24.98925363	-50.61954137	4.13483936	12.40760692
5.53333333	-14.47029076	30.91805972	35.82733090	-24.51709867	-48.72897289	4.05266347	12.88860424
5.54166667	-14.68164478	30.83458271	35.73276485	-24.13645494	-46.75566597	3.95207599	12.88961257
5.55000000	-14.59122438	30.39199459	35.22535620	-23.71859146	-44.73098392	3.89703151	13.32843187
5.55833333	-14.66116673	30.07415167	34.87103941	-23.27072671	-42.62847964	3.81965913	13.48926497
5.56666667	-14.86476868	30.06105918	34.65101421	-23.01827244	-40.49241404	3.76408581	13.37560415
5.57500000	-15.07977842	29.98198188	34.36383653	-22.67347708	-38.29965386	3.75557743	13.28614698
5.58333333	-14.89139027	29.41925031	33.61197027	-22.31215961	-36.15313417	3.81638698	13.55292724
5.59166667	-15.15985677	29.56203317	33.44302876	-22.19396891	-34.13374399	3.85490446	13.42337886
5.60000000	-15.28902696	29.41077405	33.03010030	-21.88983685	-31.99429816	3.82396921	12.76173910
5.60833333	-15.08166237	28.86413504	32.26628378	-21.57657244	-30.05432178	3.92725876	12.59019399
5.61666667	-15.21955444	28.84409164	31.88478913	-21.43820075	-28.18010894	3.97052810	11.77897209
5.62500000	-15.41610668	28.82095333	31.59943985	-21.22351498	-26.44709582	4.01271978	10.79779380
5.63333333	-15.59206738	28.76843012	31.29882051	-21.02238571	-24.85024363	4.06226330	9.52055967
5.64166667	-15.75502008	28.80848419	31.01408982	-20.96365089	-23.45742859	4.11586222	8.32167134
5.65000000	-15.83133059	28.71731676	30.63586216	-20.83761882	-22.28171047	4.17699054	6.78871803
5.65833333	-15.97875136	28.68975230	30.39919066	-20.73158886	-21.40213296	4.26059879	6.19539452
5.66666667	-16.02659921	28.56578147	30.05616523	-20.60580597	-20.73807435	4.29687655	5.05848798
5.67500000	-16.09480398	28.50413326	29.82305855	-20.52034802	-20.43364623	4.32298393	4.95113740
5.68333333	-16.21358329	28.47964005	29.70892961	-20.44449515	-20.24730426	4.38692150	4.99535332
5.69166667	-16.30316886	28.43126572	29.61654230	-20.36791050	-20.20626155	4.40276924	5.30367730
5.70000000	-16.42825836	28.51136920	29.57012835	-20.38993182	-20.15843898	4.46510000	5.43783877
5.70833333	-16.43886681	28.33309010	29.32525993	-20.19086872	-20.03429305	4.26383506	5.84225396
5.71666667	-16.56821328	28.34310840	29.21857329	-20.12081682	-19.76598359	4.32588790	5.87500209
5.72500000	-16.57363785	28.23605850	28.86478648	-20.06403727	-19.22496100	4.31201980	5.61730313
5.73333333	-16.68156213	28.28220394	28.73478466	-20.02589472	-18.82048224	4.34997001	5.55770425
5.74166667	-16.67880775	28.18051678	28.36639066	-19.96303117	-18.16899952	4.30597695	5.06372027
5.75000000	-16.81376934	28.18223166	28.24075657	-19.85624822	-17.69723060	4.34106491	4.97309344
5.75833333	-16.76847146	27.98066166	27.86600880	-19.70519844	-17.18419827	4.17361165	4.68449356
5.76666667	-16.94911914	28.07564500	27.80751538	-19.63278818	-16.77561861	4.20437355	4.44173681
5.77500000	-17.11174595	28.05574402	27.78460206	-19.44980689	-16.49088850	4.24741776	4.42966689
5.78333333	-17.27605905	28.05826531	27.82054041	-19.29511383	-16.28367805	4.18338027	4.22712425
5.79166667	-17.42828623	28.06847125	27.86604806	-19.13408018	-16.17073377	4.17054890	4.22647640
5.80000000	-17.54675344	27.98702653	27.90957441	-18.91070985	-16.09690206	4.15909481	4.26150290
5.80833333	-17.63512853	27.87184825	27.95343232	-18.71117064	-16.07053229	4.14144748	4.31630707
5.81666667	-17.68459462	27.78488017	27.95010886	-18.58040922	-16.05648415	4.15737848	4.41340902
5.82500000	-17.76773868	27.74561752	27.91916457	-18.48451826	-15.95436993	4.21361434	4.48173104
5.83333333	-17.77794667	27.55935998	27.82494044	-18.30316576	-15.84452967	4.22776442	4.49989943
5.84166667	-17.84846435	27.50412712	27.78771428	-18.21907086	-15.74897876	4.28465335	4.57883990
5.85000000	-17.91013987	27.45381113	27.68545518	-18.14117551	-15.56785168	4.33277309	4.63136998
5.85833333	-17.83720189	27.25535218	27.43656929	-18.07646056	-15.36227672	4.38237473	4.56857344
5.86666667	-17.82511068	27.07831399	27.25058748	-17.94331990	-15.15446330	4.43174526	4.56111517
5.87500000	-17.79928929	26.93877216	27.04943916	-17.86745591	-14.94500231	4.48647111	4.55774632
5.88333333	-17.89842057	26.95762377	27.03430194	-17.81923691	-14.82305536	4.54872826	4.61196141
5.89166667	-17.89206674	26.88303038	26.82991532	-17.79035838	-14.61005232	4.56531873	4.55697055
5.90000000	-17.99576204	26.90494384	26.83370641	-17.73672143	-14.53666583	4.63146611	4.63465356
5.90833333	-17.95971473	26.76119256	26.65030800	-17.66883896	-14.37771113	4.62358356	4.62990314
5.91666667	-17.96094543	26.74874503	26.54914952	-17.70805826	-14.31710263	4.68347352	4.68035983
5.92500000	-17.96249095	26.73182187	26.46479769	-17.72896809	-14.26923042	4.72736853	4.70395856
5.93333333	-17.96265844	26.71414634	26.28384887	-17.76750291	-14.14992021	4.78737210	4.72537143
5.94166667	-17.93065697	26.59089661	26.23803863	-17.69922684	-14.17111842	4.81049281	4.76824781
5.95000000	-17.84715534	26.36047242	26.16076951	-17.57196079	-14.21330670	4.78678439	4.84046798
5.95833333	-17.89914507	26.32759468	26.16713104	-17.51341823	-14.20164650	4.83708295	4.90243869
5.96666667	-17.85648991	26.20838402	26.05361276	-17.46710873	-14.16479743	4.83428753	4.90912748
5.97500000	-17.90874633	26.22221765	26.08810290	-17.44866341	-14.17448009	4.87702883	4.96842762
5.98333333	-17.90307631	26.18054833	26.00714357	-17.43636808	-14.09202911	4.85822172	4.90760956
5.99166667	-17.95971039	26.20089245	26.02262496	-17.41497234	-14.05915356	4.89676747	4.96670368
6.00000000	-17.99472869	26.20779256	26.00423205	-17.40522632	-14.02185877	4.90000244	4.98345756
6.00833333	-18.05907227	26.21701613	26.02202602	-17.36092291	-13.98569704	4.93976335	5.03445549
6.01666667	-18.02207197	26.09283663	25.99260301	-17.28567028	-13.98254319	4.86807039	5.01226760
6.02500000	-18.06448200	26.09307850	26.03458260	-17.25596739	-13.97579424	4.90622930	5.04837691
6.03333333	-18.07827535	25.99776093	26.06615440	-17.14986703	-13.99203562	4.85360118	5.05782818
6.04166667	-18.14505885	26.14893656	26.11323633	-17.26568951	-13.97734516	4.89127572	5.06967419
6.05000000	-18.20484335	26.16515089	26.17936991	-17.23642370	-13.98937314	4.94384416	5.09015432
6.05833333	-18.19463223	26.14223809	26.22322071	-17.20260890	-14.09676522	4.82694529	5.11506409
6.06666667	-18.25372932	26.21043416	26.20126188	-17.23035542	-14.02354566	4.83791950	5.13411498
6.07500000	-18.28382880	26.26258124	26.18184677	-17.28239195	-14.00274324	4.87975580	5.10845000
6.08333333	-18.31025181	26.28447461	26.20960569	-17.30363711	-14.03134627	4.89734854	5.13583970
6.09166667	-18.32100720	26.28891023	26.21176224	-17.28820712	-14.04343519	4.89106901	5.15024821
6.10000000	-18.35754799	26.32438724	26.23190724	-17.29962721	-14.03143146	4.91821097	5.19859686
6.10833333	-18.37102554	26.32296605	26.21144711	-17.29297278	-14.00689747	4.92833637	5.22415351
6.11666667	-18.39462221	26.35154295	26.20665473	-17.30889957	-13.98649303	4.94648801	5.26468537
6.12500000	-18.36374357	26.32448387	26.14252288	-17.32517280	-13.98463291	4.92948181	5.24461834
6.13333333	-18.31984091	26.28352561	26.05924829	-17.34206074	-13.97462520	4.93072416	5.25752705
6.14166667	-18.36026400	26.29840238	26.06743062	-17.31255571	-13.94737930	4.96046523	5.31316735
6.15000000	-18.36838972	26.28367338	26.04465015	-17.27984320	-13.92732547	4.95533845	5.33018788
6.15833333	-18.32226161	26.21915971	25.95736022	-17.26900271	-13.90267329	4.92692842	5.32210675
6.16666667	-18.21676395	26.03406097	25.76768519	-17.16505187	-13.80627241	4.89576989	5.30110642
6.17500000	-18.27056823	26.02721083	25.80240391	-17.08966080	-13.80309368	4.91796403	5.34647095
6.18333333	-18.26092661	25.94844103	25.75597093	-17.00729535	-13.77833704	4.87805966	5.35283012
6.19166667	-18.30417394	25.98398467	25.77486877	-16.98612634	-13.75976114	4.90453246	5.40406500
6.20000000	-18.34164310	25.94635872	25.73780452	-16.89704292	-13.69015660	4.90837988	5.43073758
6.20833333	-18.22565767	25.77199506	25.52891517	-16.82307160	-13.61153864	4.87164002	5.38607386
6.21666667	-18.25340233	25.75789977	25.51798536	-16.75707654	-13.57749970	4.88851006	5.42702770
6.22500000	-18.28893871	25.75240642	25.51044534	-16.70658458	-13.54125692	4.89425555	5.45782368
6.23333333	-18.30386100	25.73616694	25.48177161	-16.64630440	-13.50206948	4.86526004	5.45508380
6.24166667	-18.22295998	25.63235299	25.33854063	-16.61467872	-13.44508814	4.85155068	5.40546246
6.25000000	-18.29314693	25.68180940	25.39172873	-16.56419976	-13.44101054	4.87729977	5.45372759
6.25833333	-18.31860220	25.71345232	25.35502321	-16.54871559	-13.35826131	4.82661698	5.48052115
6.26666667	-18.34572882	25.72707900	25.32411268	-16.51018477	-13.30437964	4.79982317	5.49708383
6.27500000	-18.35636070	25.79303716	25.28041563	-16.54551074	-13.26454465	4.76432026	5.49706876
6.28333333	-18.35356960	25.79883410	25.21342340	-16.53603261	-13.21525164	4.78511046	5.46904151
6.29166667	-18.36429302	25.78529859	25.17980380	-16.48573588	-13.17356765	4.74267038	5.47640766
6.30000000	-18.41772223	25.82908250	25.22689817	-16.44538774	-13.18665564	4.77643581	5.52010347
6.30833333	-18.44658145	25.83589469	25.21674691	-16.39386677	-13.12573516	4.75405819	5.55716452
6.31666667	-18.38371559	25.77537567	25.10751067	-16.37725956	-13.10665641	4.69742712	5.48086877