0.00000000	-17.40531330	25.12826847	25.65252440	-13.08479444	-13.20927854	3.21695473	4.86381554
0.00833333	-17.37705858	24.97486529	25.62423492	-12.91566608	-13.20388546	3.21657555	4.87376866
0.01666667	-17.29723185	24.86390865	25.50234649	-12.84411273	-13.15537215	3.13448479	4.85119733
0.02500000	-17.30555332	24.93437974	25.52036127	-12.97169273	-13.16210072	3.21716756	4.89034847
0.03333333	-17.31882058	24.96345163	25.52899216	-13.00826861	-13.15443618	3.23590188	4.87111490
0.04166667	-17.35487720	25.02947696	25.57283621	-13.07012398	-13.15599654	3.29773862	4.91176479
0.05000000	-17.37814140	25.08417229	25.60405824	-13.12480561	-13.15895459	3.33234457	4.92863124
0.05833333	-17.34261705	25.04946395	25.53708410	-13.13377098	-13.10830443	3.27922294	4.84662057
0.06666667	-17.35696559	25.04137934	25.54171684	-13.10434703	-13.08929122	3.29664665	4.83492790
0.07500000	-17.37884594	25.06974315	25.56330965	-13.12679051	-13.07822698	3.33187261	4.86395054
0.08333333	-17.41336216	25.10892058	25.59256981	-13.13457320	-13.05719206	3.35711457	4.88288060
0.09166667	-17.39930485	25.08290178	25.56816873	-13.11226732	-13.03441151	3.30180284	4.81780450
0.10000000	-17.43917470	25.13689903	25.61060815	-13.14054169	-13.02589065	3.35094807	4.86232504
0.10833333	-17.46510559	25.15773271	25.63314218	-13.13924232	-13.02175970	3.35377496	4.85639880
0.11666667	-17.50201341	25.19828094	25.66637411	-13.14834785	-13.00156675	3.37199095	4.87719429
0.12500000	-17.26868053	24.87491539	25.33667995	-13.03163786	-12.85666052	3.24896547	4.73819856
0.13333333	-17.32695570	24.93698903	25.42245158	-13.05037735	-12.89214072	3.32841787	4.78684017
0.14166667	-17.35806281	24.98302927	25.44860826	-13.06577927	-12.88614941	3.30811473	4.76988289
0.15000000	-17.38686668	25.01588183	25.49597670	-13.07142091	-12.90147081	3.31431230	4.77073249
0.15833333	-17.42503883	25.07976021	25.54824432	-13.12125178	-12.92372028	3.35385807	4.81308878
0.16666667	-17.43924746	25.07844583	25.54381071	-13.09899188	-12.90281512	3.29833991	4.76474330
0.17500000	-17.46799717	25.12975919	25.59276245	-13.13088701	-12.92073259	3.34486441	4.80864116
0.18333333	-17.50431758	25.17348737	25.65425707	-13.14750351	-12.95738070	3.37914228	4.83554503
0.19166667	-17.47610169	25.12187258	25.60594669	-13.11148937	-12.93145622	3.29898190	4.76595332
0.20000000	-17.51618186	25.16525384	25.66108006	-13.13782515	-12.95555013	3.36416896	4.82076227
0.20833333	-17.48147235	25.11482205	25.59821869	-13.12568385	-12.93292365	3.31716757	4.76386310
0.21666667	-17.50955581	25.14621332	25.63534900	-13.13665378	-12.94245153	3.36170706	4.80526584
0.22500000	-17.52340335	25.17089644	25.66109448	-13.15308563	-12.95942539	3.38022551	4.82802628
0.23333333	-17.42494928	25.02555801	25.53364831	-13.10020973	-12.93566122	3.31719592	4.79089235
0.24166667	-17.45727389	25.05811635	25.57048054	-13.11061524	-12.94944573	3.34549826	4.81409072
0.25000000	-17.48870734	25.11721978	25.63997767	-13.14929073	-13.00234922	3.39167745	4.84777331
0.25833333	-17.51165452	25.12785015	25.65250082	-13.13854545	-12.99780189	3.41647358	4.86964972
0.26666667	-17.51881826	25.13189701	25.64680197	-13.14455706	-12.99720075	3.33906409	4.83712524
0.27500000	-17.53411096	25.15236052	25.67516766	-13.15717991	-13.01485712	3.37934702	4.86673473
0.28333333	-17.51797050	25.12301813	25.66141450	-13.14305235	-13.02832174	3.35546910	4.85498359
0.29166667	-17.54457486	25.14304924	25.68272719	-13.13714492	-13.03884321	3.36061881	4.87769340
0.30000000	-17.58643863	25.20174553	25.74534729	-13.17292202	-13.07800170	3.41387865	4.92919702
0.30833333	-17.56238046	25.16457262	25.69217525	-13.13891870	-13.05373945	3.34091082	4.90167789
0.31666667	-17.59511994	25.18907616	25.73669155	-13.13538168	-13.06405930	3.38248879	4.93923509
0.32500000	-17.50045504	25.05099461	25.63245896	-13.07353987	-13.06959940	3.32607218	4.95835527
0.33333333	-17.53190774	25.07608282	25.66327314	-13.06776576	-13.06323782	3.35281670	4.98486721
0.34166667	-17.55287577	25.10129652	25.67691402	-13.06815127	-13.05523284	3.34925477	4.98789096
0.35000000	-17.54586563	25.11489712	25.65603180	-13.08894257	-13.05683136	3.31744265	4.96137425
0.35833333	-17.57435473	25.13054809	25.69159150	-13.08517734	-13.06535981	3.36604198	5.00015218
0.36666667	-17.56796210	25.09952279	25.69535448	-13.05062811	-13.07526665	3.29642072	4.94935324
0.37500000	-17.61837521	25.15142576	25.76137972	-13.05991561	-13.11969409	3.37129881	5.00566044
0.38333333	-17.58606444	25.10409929	25.68569093	-13.04211714	-13.06496319	3.30614347	4.97442058
0.39166667	-17.60126662	25.12532261	25.71042121	-13.04803547	-13.07616314	3.33744107	4.99844574
0.40000000	-17.64717209	25.13520396	25.76844063	-13.02313538	-13.09032803	3.36521020	5.00457454
0.40833333	-17.66686873	25.17240367	25.77797909	-13.05161672	-13.08118526	3.37636269	5.02929486
0.41666667	-17.69292773	25.21158389	25.80336828	-13.07424883	-13.08813106	3.39700856	5.04520544
0.42500000	-17.61726524	25.12267106	25.70019776	-13.05180493	-13.08641849	3.34808402	4.98287522
0.43333333	-17.61834322	25.09358514	25.70977248	-13.02557173	-13.08266229	3.34035390	4.99066717
0.44166667	-17.65473560	25.15282709	25.75911957	-13.05267675	-13.11578406	3.39445232	5.04134144
0.45000000	-17.67619409	25.12475715	25.78277202	-12.99353611	-13.10459567	3.34376580	5.01493770
0.45833333	-17.69097223	25.16267121	25.81138921	-13.02651569	-13.12632164	3.36520158	5.04555793
0.46666667	-17.71357550	25.15543957	25.83924160	-12.99635310	-13.13577146	3.35289016	5.02933390
0.47500000	-17.72084810	25.13837646	25.85019040	-12.97487838	-13.14846632	3.34993419	5.03831711
0.48333333	-17.75277545	25.16554594	25.89667685	-12.97986392	-13.16279654	3.39546605	5.07558157
0.49166667	-17.78487462	25.20514965	25.93411477	-12.97835319	-13.18013434	3.37307645	5.07133105
0.50000000	-17.77593969	25.19637634	25.92283368	-12.97147478	-13.18873296	3.35061377	5.05847017
0.50833333	-17.76835063	25.17386929	25.91364541	-12.96211283	-13.19376497	3.34086450	5.07331470
0.51666667	-17.79265295	25.17566810	25.94967058	-12.94016481	-13.19858253	3.37763142	5.09979697
0.52500000	-17.79573867	25.18552207	25.95899643	-12.93502416	-13.20926918	3.34283331	5.08628542
0.53333333	-17.85614657	25.21879546	26.03756401	-12.92611156	-13.23601849	3.41210089	5.13021401
0.54166667	-17.76147582	25.15227113	25.91712433	-12.94375855	-13.21283617	3.27293583	5.13181163
0.55000000	-17.82491954	25.16703409	26.01549135	-12.88304610	-13.26987823	3.36125367	5.16024185
0.55833333	-17.86626882	25.20480412	26.06071937	-12.89650089	-13.25462476	3.34558527	5.10618212
0.56666667	-17.90928832	25.25010795	26.14073214	-12.90138714	-13.30022008	3.42021221	5.14515796
0.57500000	-17.91569511	25.26146270	26.14713256	-12.91010500	-13.27866321	3.36721621	5.10524241
0.58333333	-17.92021433	25.29749264	26.13585959	-12.93937421	-13.26627940	3.36982041	5.09859440
0.59166667	-17.94422050	25.28656395	26.16834203	-12.90611198	-13.26543968	3.39990842	5.09598177
0.60000000	-17.98587114	25.38439737	26.26721117	-12.97110538	-13.35007194	3.46748317	5.14041829
0.60833333	-17.95090098	25.32733446	26.17105762	-12.94594807	-13.25619501	3.37760787	5.09059367
0.61666667	-17.98276442	25.32742685	26.21699600	-12.91525883	-13.25819037	3.42891759	5.11199016
0.62500000	-18.02643619	25.42362494	26.30870208	-12.97077022	-13.33063256	3.48529212	5.15174119
0.63333333	-17.90607882	25.28365775	26.10891519	-12.93194300	-13.24362627	3.34676105	5.07683896
0.64166667	-17.97425571	25.36215806	26.20186731	-12.95501570	-13.27352355	3.43894063	5.13830363
0.65000000	-17.96308132	25.37491367	26.18133277	-12.97154211	-13.23377315	3.41373999	5.13528952
0.65833333	-17.94814631	25.30398297	26.16904503	-12.90811396	-13.23470921	3.36189383	5.07367264
0.66666667	-17.99138600	25.29788192	26.21392396	-12.86442112	-13.22810595	3.42005328	5.09925803
0.67500000	-17.98993040	25.32005871	26.22106704	-12.87824849	-13.22492926	3.39423324	5.08286731
0.68333333	-18.01492559	25.38709080	26.27330950	-12.93244120	-13.27598017	3.44221966	5.11803365
0.69166667	-17.98450207	25.33201035	26.21023756	-12.90559024	-13.22892301	3.38273304	5.07234679
0.70000000	-18.03266923	25.37129738	26.27341819	-12.90834651	-13.23506870	3.43545388	5.09782340
0.70833333	-17.98640510	25.31367208	26.20676806	-12.89898955	-13.21494832	3.40268729	5.05794637
0.71666667	-17.93468217	25.23372052	26.14222404	-12.85782197	-13.20581587	3.37184044	5.06885654
0.72500000	-17.99954171	25.30092119	26.23026018	-12.86568317	-13.22803201	3.41993112	5.10088792
0.73333333	-18.03582217	25.35565378	26.28176575	-12.91119509	-13.23737221	3.45567106	5.13676432
0.74166667	-18.03530682	25.32747370	26.27604393	-12.86631564	-13.21536524	3.41980983	5.09499389
0.75000000	-18.06611013	25.36805881	26.30469795	-12.88743763	-13.19939506	3.44603034	5.12621197
0.75833333	-18.07417915	25.38008587	26.30570665	-12.86011964	-13.19671128	3.41711963	5.08685029
0.76666667	-18.08530212	25.36640283	26.32190944	-12.85801931	-13.19552936	3.45072662	5.10746942
0.77500000	-17.92273979	25.18494827	26.10874690	-12.83410058	-13.12871457	3.38750174	5.01583143
0.78333333	-17.98740334	25.27531926	26.20357483	-12.86288296	-13.16933227	3.42463788	5.05749608
0.79166667	-18.00155571	25.28221944	26.19483041	-12.84882148	-13.13689631	3.40095389	5.05018092
0.80000000	-18.03964481	25.30748900	26.24251136	-12.85376699	-13.14326067	3.44411477	5.08014545
0.80833333	-18.05892136	25.34546073	26.27114743	-12.85734604	-13.15234191	3.41699689	5.06505196
0.81666667	-18.03292856	25.33452133	26.23098683	-12.87454524	-13.14661185	3.38381421	5.03176024
0.82500000	-18.08703599	25.41183676	26.30612602	-12.92080603	-13.17272809	3.46456715	5.09847023
0.83333333	-18.15549173	25.50066209	26.41943360	-12.93870526	-13.23766469	3.52905247	5.14008417
0.84166667	-18.05649908	25.36513227	26.25731030	-12.90005585	-13.15022408	3.39891501	5.05998441
0.85000000	-18.06144624	25.36399916	26.27206955	-12.89721139	-13.15793288	3.43990763	5.09270544
0.85833333	-18.04805433	25.29086726	26.25725190	-12.82617830	-13.14756499	3.40619360	5.08671130
0.86666667	-18.06741352	25.34539518	26.28987369	-12.88040980	-13.16715589	3.44207851	5.12561363
0.87500000	-18.08390324	25.35134998	26.26601723	-12.86903447	-13.11527127	3.40389323	5.11610435
0.88333333	-18.02218829	25.21949198	26.20671915	-12.76950737	-13.11212390	3.30436072	5.04788308
0.89166667	-18.05420541	25.31678481	26.28943376	-12.85203957	-13.19504183	3.36073522	5.08868796
0.90000000	-18.06154956	25.28281053	26.26040369	-12.80558467	-13.12764783	3.32549553	5.04622900
0.90833333	-18.05670296	25.28351755	26.24421332	-12.82181561	-13.11714044	3.32517386	5.00925725
0.91666667	-18.09519689	25.38296526	26.29806186	-12.87074220	-13.14171357	3.35704044	5.03275317
0.92500000	-18.11998929	25.44139861	26.34732141	-12.91666045	-13.17714639	3.42335781	5.07739868
0.93333333	-18.09648523	25.34975189	26.31064586	-12.82303633	-13.15086588	3.40378923	5.02258530
0.94166667	-18.11247629	25.40059982	26.32984465	-12.87649466	-13.15590131	3.43018771	5.05878966
0.95000000	-18.09739253	25.39362127	26.30083929	-12.87571039	-13.13745013	3.40238587	5.03585786
0.95833333	-18.05808341	25.36539618	26.23863154	-12.90333284	-13.11939832	3.37948034	5.00775587
0.96666667	-18.08372145	25.40388311	26.27226622	-12.92074327	-13.12706289	3.42946774	5.04719061
0.97500000	-18.08815566	25.39396237	26.28579152	-12.91217215	-13.13038744	3.44410588	5.04815862
0.98333333	-18.06727720	25.36568115	26.25376451	-12.88694594	-13.11638804	3.39450349	5.00590194
0.99166667	-17.97312155	25.27082662	26.12635283	-12.90149028	-13.08862892	3.39082750	4.98895730
1.00000000	-18.01158534	25.31629433	26.17016368	-12.90530801	-13.09239302	3.44130810	5.02380309
1.00833333	-18.02768381	25.33409740	26.19288182	-12.90223139	-13.09642900	3.44464607	5.03694991
1.01666667	-18.05686113	25.39240815	26.25350803	-12.94454131	-13.14869775	3.48402597	5.06678904
1.02500000	-17.94744064	25.23146105	26.08065591	-12.88435923	-13.05781089	3.40178172	5.00648177
1.03333333	-17.98868309	25.28922383	26.13021102	-12.91267813	-13.06583055	3.46051029	5.05431022
1.04166667	-17.99216190	25.28548424	26.13332240	-12.90015695	-13.06117516	3.43249622	5.02695897
1.05000000	-17.99762807	25.29903622	26.13741409	-12.91784597	-13.05976369	3.43261650	5.00668279
1.05833333	-18.01338015	25.33205634	26.16329336	-12.95327000	-13.07263398	3.47327850	5.03924932
1.06666667	-17.98109553	25.31327845	26.13500155	-12.98023842	-13.08033405	3.44727740	4.99556115
1.07500000	-17.99621771	25.33609118	26.15685438	-12.99018288	-13.09139887	3.47606179	5.01620376
1.08333333	-18.00799646	25.35506552	26.17659394	-13.01036644	-13.09337322	3.49928139	5.02859472
1.09166667	-18.03117795	25.39446094	26.21667696	-13.04565498	-13.11234006	3.52750958	5.05214524
1.10000000	-17.88726466	25.25758551	26.01317502	-13.07632837	-13.04197646	3.51917671	4.99224764
1.10833333	-17.92645388	25.29326779	26.10163469	-13.06725501	-13.09789890	3.56681089	5.03234835
1.11666667	-17.93118515	25.28569186	26.10293543	-13.02911402	-13.08642908	3.49739617	4.97516052
1.12500000	-17.99844440	25.36275083	26.19262456	-13.05352925	-13.10909656	3.56840705	5.03298173
1.13333333	-18.03150192	25.39320122	26.22320490	-13.03198078	-13.09493381	3.57325947	5.03438531
1.14166667	-17.92614497	25.24285155	26.08215050	-12.94116568	-13.05251316	3.43278523	4.93786199
1.15000000	-17.96138145	25.28969975	26.12448826	-12.94535257	-13.06708325	3.45594845	4.93647911
1.15833333	-17.95121018	25.30870292	26.11750123	-12.99624928	-13.05042737	3.43424907	4.93178019
1.16666667	-17.98613426	25.38449778	26.19099071	-13.05180630	-13.11774332	3.48913398	4.96956212
1.17500000	-17.99364081	25.34866264	26.15331325	-13.00500610	-13.02822863	3.45088737	4.96222866
1.18333333	-17.98398950	25.33178289	26.12931500	-12.99571912	-13.01310383	3.40406272	4.93013730
1.19166667	-17.94892283	25.29782636	26.08338209	-13.00307534	-12.99811558	3.39553492	4.91159269
1.20000000	-17.96626243	25.31566486	26.11752857	-13.01094660	-13.00324518	3.43438246	4.93980147
1.20833333	-17.98603162	25.35908228	26.16373916	-13.03289170	-13.04224100	3.46272987	4.95660377
1.21666667	-17.92766875	25.26247352	26.05358523	-12.99150706	-12.96711978	3.37762816	4.87550664
1.22500000	-17.98678497	25.34742325	26.14934533	-13.02796164	-13.02216816	3.45385039	4.93711717
1.23333333	-17.96417444	25.29804304	26.11059834	-12.98730881	-12.97502604	3.35514015	4.88362994
1.24166667	-17.93993921	25.28314165	26.07335470	-13.00509290	-12.96556096	3.34931820	4.87242014
1.25000000	-17.96462430	25.32091363	26.10367126	-13.01759496	-12.96359866	3.40323654	4.90604399
1.25833333	-17.97881203	25.34375477	26.11521635	-13.00998494	-12.95912784	3.43026082	4.90237698
1.26666667	-17.97155060	25.35131365	26.10604801	-13.04454992	-12.96015383	3.42938714	4.86887993
1.27500000	-17.99064917	25.37398672	26.11989438	-13.06471702	-12.94329162	3.48256384	4.89474191
1.28333333	-17.99093422	25.37935010	26.11846559	-13.08539654	-12.93263093	3.48843368	4.87808831
1.29166667	-17.88909580	25.28749313	25.97538119	-13.15203382	-12.87076002	3.55798658	4.82928668
1.30000000	-17.92949684	25.35005428	26.03765704	-13.18353056	-12.90537703	3.61540028	4.87288913
1.30833333	-17.97641089	25.39740187	26.08247708	-13.19500604	-12.88248083	3.64508290	4.90184060
1.31666667	-17.96367366	25.40133891	26.05994960	-13.20361314	-12.88086376	3.58679209	4.83256130
1.32500000	-17.98347824	25.41423900	26.08215444	-13.18522058	-12.87439639	3.62392008	4.85572441
1.33333333	-17.98895912	25.41104688	26.08257885	-13.16053800	-12.87062608	3.61066920	4.84111140
1.34166667	-18.01226682	25.43051074	26.10868406	-13.15235992	-12.86656971	3.64442661	4.87004651
1.35000000	-18.04969980	25.47130959	26.14132111	-13.15219034	-12.86407702	3.66531581	4.89416722
1.35833333	-18.05707784	25.46270516	26.13597348	-13.11479080	-12.83555390	3.63808069	4.87708362
1.36666667	-18.09690582	25.48271196	26.16397753	-13.06871757	-12.82303419	3.63617433	4.87965236
1.37500000	-18.11529978	25.52396896	26.20843719	-13.09400679	-12.85281759	3.65757291	4.89738064
1.38333333	-17.79526969	25.06567984	25.79566689	-12.88096272	-12.73882308	3.41660031	4.78500843
1.39166667	-17.90942384	25.20482597	25.93767474	-12.92358658	-12.77432335	3.47304575	4.81495796
1.40000000	-17.99116840	25.31129106	26.02874804	-12.96246858	-12.78722275	3.46938014	4.80874623
1.40833333	-18.04971041	25.37644307	26.10956317	-12.96865267	-12.80468398	3.50143575	4.82699622
1.41666667	-18.01880202	25.34292540	26.09467545	-12.97932837	-12.80725199	3.48356161	4.80300895
1.42500000	-18.00924513	25.32921225	26.04691638	-12.96307946	-12.76876098	3.47665486	4.79653788
1.43333333	-18.03724882	25.36797319	26.08986199	-12.97865211	-12.78428951	3.52557295	4.82874948
1.44166667	-18.05607216	25.39473557	26.10939035	-12.97192353	-12.77544198	3.49283867	4.79791747
1.45000000	-18.06867810	25.40210730	26.12598244	-12.96527325	-12.78331699	3.49690962	4.79321897
1.45833333	-18.02903599	25.34816740	26.06702769	-12.95493943	-12.76136168	3.47709650	4.76476154
1.46666667	-18.04649856	25.36377188	26.09225500	-12.95877280	-12.76341941	3.51675236	4.79500625
1.47500000	-18.07838391	25.42590694	26.15919962	-12.99871167	-12.82364485	3.56519226	4.82897578
1.48333333	-18.14256711	25.49900200	26.21875604	-13.04170894	-12.80108322	3.59773650	4.88520250
1.49166667	-18.02795515	25.34911057	26.07664659	-12.96699794	-12.78056978	3.47876214	4.80410337
1.50000000	-18.05108273	25.37642135	26.09111238	-12.97529406	-12.76587321	3.50547583	4.83482966
1.50833333	-18.06829090	25.40207954	26.11384693	-12.97881208	-12.76995195	3.49996552	4.83508348
1.51666667	-18.09326610	25.44808209	26.15627984	-13.01168335	-12.79265294	3.53328513	4.86800306
1.52500000	-18.11725137	25.45500401	26.17334471	-12.99064426	-12.78094483	3.54121174	4.88607072
1.53333333	-18.05820669	25.38181414	26.10423373	-12.96858451	-12.77781448	3.48210780	4.82646934
1.54166667	-18.08191120	25.40669931	26.12982176	-12.96773613	-12.78302261	3.50298683	4.86685782
1.55000000	-18.10239041	25.43904071	26.15137367	-12.98277444	-12.79329437	3.48540971	4.87634541
1.55833333	-18.16480773	25.51537789	26.23703494	-13.01777103	-12.82573521	3.56107007	4.95181677
1.56666667	-18.19626780	25.53793162	26.27267586	-13.00176008	-12.82189873	3.56399716	4.96915143
1.57500000	-18.08649994	25.40378647	26.12061577	-12.97282063	-12.78871717	3.49130880	4.90716301
1.58333333	-18.10660745	25.41572937	26.14824620	-12.96793114	-12.79512859	3.53027733	4.93836787
1.59166667	-18.04574685	25.32135048	26.06189348	-12.94873123	-12.77037520	3.52124050	4.95909382
1.60000000	-18.08406317	25.36708650	26.09976608	-12.96694647	-12.77402073	3.55430065	5.00315055
1.60833333	-18.11537651	25.41209703	26.13327423	-12.98854568	-12.79104929	3.57179189	5.06664158
1.61666667	-18.13706693	25.39569886	26.16262247	-12.95837851	-12.80882286	3.58834632	5.11681518
1.62500000	-18.15471403	25.42070409	26.17925180	-12.98794858	-12.83081867	3.60303166	5.16768660
1.63333333	-18.17842580	25.46912381	26.20112888	-13.02263826	-12.85778853	3.61941484	5.21594874
1.64166667	-18.20130042	25.50025751	26.24281710	-13.03448763	-12.91013343	3.64025068	5.28038094
1.65000000	-18.16716900	25.47097391	26.25122673	-13.04543109	-13.00060599	3.62807956	5.32807782
1.65833333	-18.18114321	25.47451346	26.29517580	-13.03434435	-13.07855798	3.65730970	5.40296579
1.66666667	-18.17905938	25.47875883	26.34195453	-13.04391395	-13.19289227	3.66075260	5.47958087
1.67500000	-18.20412799	25.52854995	26.44830701	-13.08794900	-13.35316473	3.72321839	5.53705329
1.68333333	-18.15182586	25.44363529	26.43175468	-13.06093910	-13.43186197	3.66221566	5.63284254
1.69166667	-17.88293644	25.16758204	26.10128508	-13.13146917	-13.39158271	3.76261259	5.61670847
1.70000000	-17.91229045	25.18735828	26.19293320	-13.10970105	-13.51310152	3.78084970	5.68415510
1.70833333	-17.91992244	25.29012477	26.33293316	-13.23505119	-13.73591464	3.82939962	5.72311161
1.71666667	-17.92101174	25.24527045	26.34724814	-13.17869401	-13.79530619	3.83443680	5.82932931
1.72500000	-17.87460820	25.11805039	26.32518614	-13.07604344	-13.87132079	3.78614556	5.96059209
1.73333333	-17.76101954	24.96674897	26.28103449	-13.04358625	-14.01603878	3.72608504	6.07924887
1.74166667	-17.77581757	24.97874711	26.38193947	-13.07815834	-14.18934257	3.80488965	6.13092957
1.75000000	-17.67020700	24.78219239	26.31059792	-12.99758679	-14.23983345	3.77970015	6.11577722
1.75833333	-17.68001140	24.77618399	26.41181412	-13.02536455	-14.40736798	3.84131985	6.18605394
1.76666667	-17.65334578	24.76787232	26.50020395	-13.08890253	-14.60494439	3.88175639	6.28003265
1.77500000	-17.62765831	24.85221690	26.60636230	-13.27277875	-14.84166672	3.94485115	6.32323925
1.78333333	-17.57455837	24.84480499	26.59703174	-13.39465590	-14.95287427	3.98735682	6.44391926
1.79166667	-17.33713937	24.59185448	26.33617299	-13.38037058	-14.99170566	3.90941710	6.43757846
1.80000000	-17.33996618	24.65525071	26.41125395	-13.54680238	-15.16768359	4.01851294	6.58552513
1.80833333	-17.32451168	24.73479746	26.48442465	-13.75176865	-15.36700554	4.11212460	6.67491744
1.81666667	-17.30179320	24.71289529	26.53010586	-13.74514251	-15.49399614	3.98289678	6.75132758
1.82500000	-17.27353765	24.78997384	26.59284790	-13.98314736	-15.69368790	4.10048153	6.85393789
1.83333333	-17.18014065	24.83019621	26.57434953	-14.26748841	-15.84128853	4.23603367	6.99756687
1.84166667	-16.95958920	24.68498251	26.36322022	-14.45937302	-15.91031082	4.24772414	7.02767712
1.85000000	-16.88883183	24.78245681	26.31444998	-14.78697225	-15.98535533	4.34043463	7.10614953
1.85833333	-16.60227974	24.48964292	25.93324627	-14.81958527	-15.96241681	4.22284506	7.18489287
1.86666667	-16.59893321	24.60277444	25.89722972	-15.13979348	-15.99058282	4.37033719	7.25663684
1.87500000	-16.48709504	24.71529071	25.74856737	-15.59038746	-15.99787008	4.59346595	7.37939227
1.88333333	-16.26732324	24.64935423	25.47447832	-15.81529798	-16.02140083	4.39099042	7.37042762
1.89166667	-16.19248836	24.78734816	25.38406112	-16.28493599	-16.06733798	4.57915275	7.45988590
1.90000000	-16.06413381	24.78216696	25.24258409	-16.57773187	-16.11517325	4.47505708	7.47578556
1.90833333	-16.04614822	25.00331233	25.23215503	-17.12604686	-16.18972038	4.67729871	7.56636105
1.91666667	-15.97974083	25.18386295	25.15672574	-17.60530293	-16.23470813	4.56941440	7.61039499
1.92500000	-15.85002541	25.38310982	24.92510190	-18.24876589	-16.20418509	4.64142739	7.66307789
1.93333333	-15.74717766	25.64283903	24.75098415	-18.98563694	-16.19488019	4.82280227	7.82513367
1.94166667	-15.63076150	25.91560812	24.52615572	-19.78224208	-16.14593123	5.00703268	7.94812606
1.95000000	-15.26666612	25.85846704	24.03111414	-20.32779740	-16.10561575	4.55910648	7.87728641
1.95833333	-14.99966200	26.01935463	23.71593789	-21.11561382	-16.17323424	4.37065595	8.07672662
1.96666667	-14.80224771	26.37174886	23.50812683	-22.11890061	-16.24953301	4.47146922	8.22099346
1.97500000	-14.24638925	26.19046526	22.79478330	-22.89314235	-16.19079944	4.20963565	8.27594701
1.98333333	-14.06691268	26.52485228	22.61136341	-23.86820907	-16.29698323	4.22875902	8.41622135
1.99166667	-13.76044329	26.63687922	22.19725550	-24.70135563	-16.32874310	3.81914743	8.58483206
2.00000000	-13.59122356	27.01561961	21.99706052	-25.74044755	-16.40611574	3.67225914	8.83376885
2.00833333	-13.38406244	27.39664749	21.75897917	-26.81041710	-16.47607211	3.37372930	8.96765935
2.01666667	-13.02062006	27.55601426	21.41110830	-27.69533602	-16.61297371	2.42779028	9.07746992
2.02500000	-12.77076436	28.02529524	21.17429033	-28.95364311	-16.71276572	2.05635395	9.23137965
2.03333333	-12.29898059	28.24692799	20.63544833	-30.11504828	-16.72347054	1.19019942	9.27468892
2.04166667	-12.07122436	28.76609224	20.36779451	-31.44458902	-16.77250275	0.58103615	9.39656595
2.05000000	-11.81479969	29.31725582	20.02892879	-32.82586880	-16.77599237	0.02385125	9.49085267
2.05833333	-11.48722578	29.85870589	19.63734217	-34.21189445	-16.82981135	-1.13549471	9.63627083
2.06666667	-11.11113032	30.40175865	19.23293157	-35.69802342	-16.90112566	-2.01160825	9.78651268
2.07500000	-10.73762910	30.94332345	18.81439872	-37.18360348	-16.94636546	-2.73726269	9.85612402
2.08333333	-10.29017910	31.41941280	18.26737627	-38.66162336	-16.92286376	-3.74874888	9.97177668
2.09166667	-9.51188646	31.45907543	17.32267547	-39.94922261	-16.95322905	-4.82595580	10.26735462
2.10000000	-9.21648411	32.09506904	16.93358892	-41.37581630	-16.91800138	-5.28571176	10.31021229
2.10833333	-8.86667653	32.75801300	16.40294850	-42.81936525	-16.83993852	-6.26375546	10.44232783
2.11666667	-8.36174671	33.12022423	15.69915485	-44.07230973	-16.71651479	-6.94492879	10.48352261
2.12500000	-8.05624756	33.61316719	15.32668368	-45.16937439	-16.73409928	-7.12004523	10.50195266
2.13333333	-7.20561871	33.39735678	14.32653898	-46.00247186	-16.73172059	-7.93534721	10.69326010
2.14166667	-6.95170156	33.85164939	14.02901040	-46.83394582	-16.77553278	-7.85017397	10.77243147
2.15000000	-6.66786461	34.19742355	13.66992401	-47.47678697	-16.80267784	-7.86293742	10.94214217
2.15833333	-6.60306640	34.65062455	13.44542715	-47.83912210	-16.84312330	-8.29275103	11.18012852
2.16666667	-6.43825268	34.98897636	13.27549675	-48.17959255	-16.94845797	-7.99118315	11.24755127
2.17500000	-6.29374445	35.30244646	13.09695962	-48.37672967	-16.98342088	-7.74509049	11.33209923
2.18333333	-6.12688148	35.36092370	13.03097764	-48.18652760	-17.15617417	-8.70233771	11.43678803
2.19166667	-6.03656663	35.65786844	12.88844566	-48.15660973	-17.18069720	-8.46069932	11.48539440
2.20000000	-5.93749339	35.74596826	12.76525007	-47.77547086	-17.25645379	-9.10376397	11.57267097
2.20833333	-5.88431243	35.87062176	12.64846196	-47.35862603	-17.29857720	-8.84848008	11.60845948
2.21666667	-5.88386630	36.07842366	12.47765630	-46.90898124	-17.20923411	-8.75995071	11.70320957
2.22500000	-5.66461801	35.91030224	12.13090221	-46.10543277	-17.17134461	-10.11411406	11.70167914
2.23333333	-5.68956117	36.08671642	12.08169679	-45.42174758	-17.19099104	-10.02867173	11.75023142
2.24166667	-5.46935152	35.75481165	11.74200506	-44.44120728	-17.16670951	-10.51479649	11.92837300
2.25000000	-5.50082081	35.80751876	11.67980518	-43.56139828	-17.18779684	-10.61489830	12.00208039
2.25833333	-5.06038484	35.20927819	11.11766708	-42.42680866	-17.03635493	-12.11269028	11.91571113
2.26666667	-4.94339066	34.97936268	11.02237395	-41.34161442	-17.18450218	-12.66054649	12.07310392
2.27500000	-4.93913850	34.89687059	10.97581243	-40.24986970	-17.30130919	-13.08404246	12.18842269
2.28333333	-4.79569716	34.50759262	10.55416516	-38.91501500	-17.13290589	-14.92994595	12.31131625
2.29166667	-5.02079003	34.59231087	10.49682170	-37.71876107	-17.05274154	-15.81661480	12.57822214
2.30000000	-5.06484357	34.46727958	10.51041872	-36.48024729	-17.23007870	-16.50996474	12.76012412
2.30833333	-4.70000044	33.78770968	10.14638787	-35.13881762	-17.39262033	-18.35397960	13.01381319
2.31666667	-4.69533858	33.57415395	10.07832912	-33.91536407	-17.58193217	-19.47276345	13.23540485
2.32500000	-4.56063900	33.12773925	9.92987187	-32.58363930	-17.75422015	-20.71427558	13.48612638
2.33333333	-4.48153605	32.77106143	9.88755755	-31.30354642	-18.09273009	-21.84726683	13.74562076
2.34166667	-4.46172254	32.43137843	9.86496444	-30.01033049	-18.37953012	-22.93117746	14.02677718
2.35000000	-4.21665802	31.79504910	9.56057418	-28.66827525	-18.58482083	-23.81055896	14.24048648
2.35833333	-4.20589540	31.47406841	9.56367647	-27.48067681	-18.86717145	-24.36723593	14.44755792
2.36666667	-4.20809547	31.19083961	9.67059716	-26.26122968	-19.34776397	-25.26821861	14.81725070
2.37500000	-4.32025457	30.97441259	9.91631098	-25.13597100	-19.86145496	-25.51289788	15.21475817
2.38333333	-4.33068142	30.70660922	10.07149175	-24.00035977	-20.42272471	-26.23547095	15.59030835
2.39166667	-4.36887801	30.37789443	10.32071678	-22.90436749	-21.06954698	-26.48870950	16.07534236
2.40000000	-4.37515653	30.17820442	10.46978903	-22.06517075	-21.62405349	-26.05865268	16.38964741
2.40833333	-4.42410181	29.91342997	10.76068380	-21.05603300	-22.34615335	-26.55189687	16.85837155
2.41666667	-4.44034462	29.61132876	11.03118799	-20.05108471	-23.08638364	-26.72576155	17.06791760
2.42500000	-4.67710444	29.60647319	11.66817741	-19.24565421	-24.11113772	-26.86177673	17.93033199
2.43333333	-5.13772866	29.95188205	12.51478030	-18.72553014	-25.10452137	-25.97173858	18.45769800
2.44166667	-5.15918650	29.68335555	12.93713276	-17.95721187	-26.08642897	-26.19888704	19.08299126
2.45000000	-5.49045551	29.79816619	13.82568361	-17.51473970	-27.23643903	-25.49888003	19.53486122
2.45833333	-5.55168038	29.65596913	14.30745364	-17.03540344	-28.25118430	-25.25360541	20.05641633
2.46666667	-5.56413861	29.42668892	14.62710276	-16.43041966	-29.18307716	-25.42504184	20.67843065
2.47500000	-5.62612044	29.19918463	14.88700715	-15.89838411	-29.98805304	-25.47053863	21.00666512
2.48333333	-6.12816986	29.61345205	15.94329194	-15.63511536	-31.32012333	-25.13488248	22.06930880
2.49166667	-6.01777474	29.27958273	16.33022211	-15.30424106	-32.46266208	-25.24554872	22.36109922
2.50000000	-6.05704787	29.06505855	16.73293819	-14.95275319	-33.50282051	-25.36647399	23.01540849
2.50833333	-6.92025204	29.98637277	18.13150416	-15.06980904	-34.80403361	-24.82063686	24.21460456
2.51666667	-6.81187365	29.64893697	18.39053806	-14.86147058	-35.83203199	-24.90115715	24.55448273
2.52500000	-6.96330306	29.56651688	19.06365985	-14.69012270	-37.05311098	-24.84806969	25.61413494
2.53333333	-6.89232905	29.29556239	19.30734483	-14.60152372	-38.01303702	-24.89998849	25.89073812
2.54166667	-7.70638041	30.14532555	20.59220054	-14.75966693	-39.20938920	-24.58942805	26.90341137
2.55000000	-7.70347528	29.91791393	20.98758211	-14.70423279	-40.27675864	-24.61105920	27.61266453
2.55833333	-7.98960539	30.05322294	21.72953100	-14.80141007	-41.34508425	-24.61476155	28.06604890
2.56666667	-7.95710624	29.81631223	22.06344963	-14.80642891	-42.39209910	-24.66485428	28.75150659
2.57500000	-7.89560396	29.50894378	22.27521558	-14.81509103	-43.34519466	-24.74058684	29.08474000
2.58333333	-8.07114632	29.49779855	22.77083635	-14.84822132	-44.34770809	-24.85590489	30.02461758
2.59166667	-8.67686937	30.02250069	23.85967656	-15.03831572	-45.51401826	-25.07151339	30.50109263
2.60000000	-8.59789846	29.69859998	24.05231861	-15.10737633	-46.47512971	-25.20534011	30.82765383
2.60833333	-8.66196456	29.52694268	24.41065080	-15.16260654	-47.45013089	-25.53324648	31.76299936
2.61666667	-8.63762406	29.23721903	24.68663395	-15.24220752	-48.44349736	-25.68488356	32.12393841
2.62500000	-8.66021365	29.00261873	24.88237940	-15.33771856	-49.29902272	-25.73778853	32.57178122
2.63333333	-9.38650456	29.62341714	26.11181366	-15.62028410	-50.48905630	-25.26051475	33.28100836
2.64166667	-9.62868339	29.63751938	26.70900486	-15.80984100	-51.52491901	-24.27412988	33.74264001
2.65000000	-9.73073515	29.49662797	26.89980677	-15.89639005	-52.30621497	-22.96717412	34.34826697
2.65833333	-9.81040055	29.29876928	27.18634162	-15.99303936	-53.17257153	-21.30810526	34.79675597
2.66666667	-10.26624560	29.66109595	28.05047174	-16.42213408	-54.25472008	-19.03055873	35.21644616
2.67500000	-10.30706682	29.42135281	28.26905185	-16.48310064	-55.11242561	-17.17449750	35.68217759
2.68333333	-10.41857643	29.31282636	28.43491759	-16.57802377	-55.84425695	-15.37493591	36.14151489
2.69166667	-10.59387215	29.36489575	28.58314904	-16.78486222	-56.45525207	-13.61062479	36.53621688
2.70000000	-10.76505063	29.43815638	28.66776026	-16.95413107	-57.06812838	-12.11380411	36.92852008
2.70833333	-11.21263994	29.83786000	29.85826921	-17.30555279	-58.52087887	-10.46040052	37.11073388
2.71666667	-11.16977949	29.71573015	30.03442531	-17.57459558	-59.41975261	-9.08299292	37.33629330
2.72500000	-11.21381571	29.70117907	30.29891829	-17.83672832	-60.34326010	-7.73939098	37.46030643
2.73333333	-11.17087306	29.61660154	30.56259655	-18.15484909	-61.33277902	-6.49883084	37.43166512
2.74166667	-11.27704772	29.76813570	30.75399852	-18.56389917	-62.17807336	-5.30188207	37.35940283
2.75000000	-11.18574746	29.74857516	30.95501039	-19.00926876	-63.21665222	-4.65241459	37.17904347
2.75833333	-11.24470327	29.89261457	31.49322427	-19.49555011	-64.48000098	-3.23154329	36.58971667
2.76666667	-11.78278014	30.64811956	32.65878076	-20.05879865	-65.93007644	-2.85804431	35.63576850
2.77500000	-11.62621930	30.63905678	32.96614413	-20.69866028	-67.27443927	-1.98632363	34.89373797
2.78333333	-11.37743755	30.59479441	33.31041143	-21.41585335	-68.74272616	-1.60550777	34.24741709
2.79166667	-11.31321390	30.65620695	34.01013352	-21.98838254	-70.44152548	-0.61914215	32.47963706
2.80000000	-11.49162189	31.18185607	35.21618951	-22.78977896	-72.33286549	-0.55025675	30.50328426
2.80833333	-11.16330800	31.09226143	35.85677056	-23.56454949	-74.24943245	-0.02773509	28.88588347
2.81666667	-10.90730517	30.94307645	36.66096642	-24.16405119	-76.19328469	0.40170640	27.10101513
2.82500000	-10.60071982	30.88075477	37.47010000	-24.74209559	-78.15465406	0.70506474	25.02244483
2.83333333	-10.29982960	30.55706109	38.31337866	-25.06971933	-80.01574778	0.84939212	22.72671195
2.84166667	-9.90909787	30.10759955	39.05946277	-25.39311496	-81.77970397	1.22192822	20.85533779
2.85000000	-9.56263745	29.64749698	39.89266545	-25.59820225	-83.41393830	1.59544733	18.52770719
2.85833333	-9.24774595	29.17777471	40.64246249	-25.70453493	-84.89055217	1.95834766	17.07732138
2.86666667	-8.97847582	28.69537006	41.46499688	-25.71334610	-86.22097185	2.20341143	16.27573102
2.87500000	-8.70548350	28.02520933	42.31315897	-25.50530301	-87.37204660	2.65260897	15.04689255
2.88333333	-8.42365297	27.45536182	43.03479096	-25.41505982	-88.24282917	2.99464319	14.56136364
2.89166667	-8.22871737	27.02142608	43.75748536	-25.35355422	-88.85933696	3.12325054	14.55652136
2.90000000	-7.85023508	26.29754753	44.24598898	-25.22970667	-89.27198448	3.71455845	14.52748278
2.90833333	-7.70486968	25.90938670	44.93881971	-25.18079067	-89.45125034	3.82175430	14.64470602
2.91666667	-7.62188484	25.63046565	45.57382998	-25.21796846	-89.44670652	4.28419666	15.03987070
2.92500000	-7.52097989	25.30244614	46.14648054	-25.17547144	-89.22716524	4.61071915	15.06129266
2.93333333	-7.40270702	24.97251607	46.73443319	-25.16254187	-88.84065569	4.68263240	15.06253120
2.94166667	-7.05474887	24.35309315	46.96172178	-25.09662931	-88.22993685	5.00748502	14.60485766
2.95000000	-7.00691446	24.05666810	47.46571011	-25.05424026	-87.49387293	5.08852175	14.53884452
2.95833333	-6.94777657	23.82486670	47.88602597	-25.09525550	-86.55523922	5.41805357	13.92413423
2.96666667	-6.85414268	23.52186457	48.18277212	-25.09350668	-85.42141230	5.60433149	13.39493228
2.97500000	-6.70450870	23.17218936	48.40772917	-25.08672800	-84.13942857	5.75942653	12.77951174
2.98333333	-6.34197956	22.58230944	48.30950171	-25.09101816	-82.68997864	5.98510496	12.18553857
2.99166667	-6.30380349	22.33479562	48.53279114	-25.11256614	-81.12583399	6.18762123	11.43877722
3.00000000	-6.28129483	22.16581500	48.65615592	-25.23493140	-79.35660639	6.45600433	10.46433123
3.00833333	-6.20571570	21.94107523	48.69282789	-25.39783520	-77.45924524	6.77441812	9.36145515
3.01666667	-5.80095350	21.29241063	48.26373950	-25.50424528	-75.39096948	7.22753966	8.21792197
3.02500000	-5.87221821	21.28044518	48.30779645	-25.72715308	-73.26761619	7.50204691	6.62007794
3.03333333	-5.90861399	21.22383491	48.19528714	-25.93881266	-70.96099973	7.77265055	4.89738195
3.04166667	-5.90099226	21.18458430	48.00756960	-26.25711128	-68.53639343	8.10783653	2.80834512
3.05000000	-5.84482558	21.07371493	47.67148393	-26.58343827	-65.95166108	8.46522305	0.54014388
3.05833333	-5.80220781	21.04456436	47.23133115	-27.04293396	-63.25954672	8.85740078	-1.78637666
3.06666667	-5.76408781	21.03076993	46.74699455	-27.52019947	-60.48067577	9.29267470	-4.17633141
3.07500000	-5.67383890	21.00108030	46.15483876	-28.06979140	-57.63240263	9.72851089	-6.64589300
3.08333333	-5.53064160	20.95202487	45.41467886	-28.70083320	-54.70655129	10.16584444	-9.08751171
3.09166667	-5.48072778	21.00810960	44.71270174	-29.35545060	-51.78936686	10.64577603	-11.34606617
3.10000000	-5.32150807	21.00318697	43.84531487	-30.09407299	-48.81080187	11.14780013	-13.50084241
3.10833333	-5.21895371	21.05923626	42.97094689	-30.91076780	-45.87698811	11.71788488	-15.37715888
3.11666667	-4.78019504	20.64309791	41.67819492	-31.53199020	-43.03829504	12.26878798	-16.69567524
3.12500000	-4.77499139	20.80406865	40.91454967	-32.36658218	-40.25727303	12.90739499	-18.29308355
3.13333333	-4.67796737	20.79612548	39.96870828	-33.14783174	-37.66792902	13.59629120	-19.29137366
3.14166667	-4.74824534	21.03407645	39.25082633	-34.01282370	-35.17220228	14.30012241	-20.42240542
3.15000000	-4.44259742	20.84489551	38.09694301	-34.83636302	-32.89181644	14.95136801	-21.31144007
3.15833333	-4.59132225	21.17606098	37.53569369	-35.78338411	-30.90646792	15.75467811	-22.22381909
3.16666667	-4.63496006	21.44788436	36.89662352	-36.77362923	-29.11509886	16.48085603	-23.04406225
3.17500000	-4.65254609	21.69210404	36.21175202	-37.79738236	-27.50310634	17.25580707	-23.82646826
3.18333333	-4.72864338	21.97666781	35.66617679	-38.82520747	-26.15577234	18.00980629	-24.57515934
3.19166667	-4.79385500	22.25300819	35.07199414	-39.84304555	-24.90328890	18.76771373	-25.35391800
3.20000000	-4.91912359	22.62147317	34.58231746	-40.90764544	-23.86501790	19.52818552	-26.02404693
3.20833333	-4.99708572	22.96008164	34.03841280	-41.99804894	-22.86667628	20.27894727	-26.63951758
3.21666667	-5.22012008	23.43640286	33.61209621	-43.09185891	-21.98243688	21.02089194	-27.20799619
3.22500000	-5.37089972	23.84459652	33.11324161	-44.19059540	-21.14955476	21.78297178	-27.62932158
3.23333333	-5.80932140	24.61005360	32.88812751	-45.39545738	-20.27340049	22.55759437	-28.18813875
3.24166667	-5.93999828	24.91268809	32.37153337	-46.38760740	-19.63585359	23.30336995	-28.37371564
3.25000000	-6.46797030	25.76787888	32.22328136	-47.62623784	-18.96318158	24.18602733	-28.72236065
3.25833333	-6.57941333	26.02896987	31.63561686	-48.60519970	-18.42531838	24.65291548	-28.70162582
3.26666667	-6.73853581	26.36271115	31.10812605	-49.64872300	-17.93114100	25.64406368	-29.01463344
3.27500000	-6.82574182	26.57161879	30.57039043	-50.58945012	-17.61985044	26.14061395	-28.89530568
3.28333333	-7.02764623	26.94764575	30.23178613	-51.60300611	-17.46937372	27.06436164	-28.37192499
3.29166667	-7.33369344	27.42927996	29.93485436	-52.66322628	-17.32323433	27.82319749	-27.21583816
3.30000000	-7.60187155	27.83612566	29.71832007	-53.61351673	-17.30843208	28.66857549	-25.59335109
3.30833333	-7.93519339	28.26550693	29.33054501	-54.58156526	-17.08911234	29.37366507	-23.47937984
3.31666667	-8.28266936	28.77652362	29.15701875	-55.60170815	-17.07726903	30.18315439	-20.95811546
3.32500000	-9.21912826	29.91486395	29.87138548	-56.67527262	-17.57111943	31.10696611	-17.99031341
3.33333333	-9.48380102	30.27377549	29.74157833	-57.56820711	-17.69241087	31.71012240	-15.33450906
3.34166667	-9.63092296	30.43141951	29.34478788	-58.40908444	-17.51311837	32.41228203	-13.13316302
3.35000000	-9.69561494	30.48690018	29.32023861	-59.21876526	-17.87176174	33.04849111	-10.74268610
3.35833333	-9.93701880	30.79493453	29.30308735	-60.08014310	-18.07549992	33.55418089	-8.72448877
3.36666667	-10.01265871	31.00043468	29.20765789	-61.03532747	-18.36748724	34.05897154	-6.88266619
3.37500000	-10.03186850	31.06670056	29.22935456	-61.89722835	-18.91397527	34.48120091	-5.12027974
3.38333333	-10.69652949	31.93281492	30.08398848	-62.88622432	-19.60896038	34.89238497	-3.28293796
3.39166667	-10.52300950	31.82572771	30.12186508	-63.74167266	-20.43416843	35.04343830	-1.59501335
3.40000000	-10.36537152	31.75431251	30.05315045	-64.67095502	-21.04873059	34.81935661	-0.27533643
3.40833333	-10.28370135	31.86425065	30.06093052	-65.78074688	-21.81863067	34.55138019	1.17321777
3.41666667	-10.48098760	32.42561206	30.27144783	-67.14811852	-22.42539634	33.72444220	2.23181936
3.42500000	-10.06740961	32.40069105	30.08448826	-68.50029044	-23.28129061	32.68449833	3.25427058
3.43333333	-9.94506165	32.84863207	30.02150153	-70.15811434	-24.01216897	31.49942084	4.25095239
3.44166667	-9.82088333	33.49642441	29.97934681	-72.06764915	-24.68130870	29.85318067	5.08719024
3.45000000	-10.10408588	34.83489187	30.53905340	-74.12809487	-25.49942077	27.16767613	5.46618521
3.45833333	-9.94659215	35.68852946	30.47121355	-76.23364734	-26.14122544	24.80964087	5.96397285
3.46666667	-9.58103937	36.41598372	30.25454890	-78.40151224	-26.81744474	22.67461860	6.50675763
3.47500000	-9.29065115	37.27731627	29.93997780	-80.52070944	-27.27734559	20.13545994	6.98170140
3.48333333	-9.10207440	38.29763530	29.62317755	-82.57681837	-27.56944590	17.16860652	7.31083562
3.49166667	-8.45639803	38.97118274	28.69109492	-84.50259246	-27.67873142	14.06062131	7.61531696
3.50000000	-8.11112291	39.80909635	28.08050225	-86.26625134	-27.77944940	12.14481565	8.07138613
3.50833333	-7.70903286	40.55725940	27.11884388	-87.84507027	-27.44882633	10.08779187	8.39978357
3.51666667	-7.46440981	41.41140646	26.55636846	-89.19386777	-27.39478500	8.99549020	8.74643073
3.52500000	-7.30783272	42.23647675	25.95204305	-90.26461332	-27.11313251	8.66581975	8.92396391
3.53333333	-7.06912230	42.98354415	25.15107917	-91.18631354	-26.70508190	8.01421590	9.41931699
3.54166667	-6.83178318	43.60891799	24.46664086	-91.74338662	-26.42329761	8.23817461	9.57598040
3.55000000	-6.73306780	44.28337958	24.00625124	-92.02074246	-26.26460956	8.34981964	9.64713724
3.55833333	-6.23588082	44.33575368	22.88137249	-91.91401069	-25.78249752	8.57128038	9.99955876
3.56666667	-6.19083636	44.94979949	22.49577593	-91.72945440	-25.64547794	8.75092058	10.06441894
3.57500000	-5.71000980	44.85651913	21.48163044	-91.09159248	-25.26669696	8.30883603	10.30051036
3.58333333	-5.38027996	44.92789289	20.58155537	-90.34637618	-24.82419001	7.94441632	10.40679952
3.59166667	-5.22908497	45.12362046	20.12168446	-89.40163454	-24.69431577	7.17229940	10.58195816
3.60000000	-5.27789908	45.59191698	19.68753219	-88.47969884	-24.33655714	7.48092811	10.69764730
3.60833333	-4.91256577	45.40713619	18.79931534	-87.16649056	-23.88344500	6.14297162	10.74435265
3.61666667	-4.76354582	45.48814773	18.13679243	-85.73102191	-23.47238668	4.67416949	10.76642907
3.62500000	-4.80739680	45.73408534	17.71761314	-84.26741396	-23.14253096	4.17845151	10.88729666
3.63333333	-4.95859879	46.06284905	17.38987065	-82.71684149	-22.77816463	4.00661511	11.02906957
3.64166667	-4.63305027	45.67186711	16.55011897	-80.74494210	-22.39150607	1.60583992	11.13086694
3.65000000	-4.81665233	45.86914960	16.28799077	-78.90786465	-22.07218174	1.07055150	11.30054378
3.65833333	-4.75686106	45.65506374	15.71140832	-76.76668038	-21.68740175	-1.24831330	11.40079186
3.66666667	-4.92520232	45.69990295	15.45596768	-74.65118775	-21.43718543	-2.51090068	11.61383587
3.67500000	-5.00933662	45.51871110	15.17151510	-72.35672298	-21.25241848	-4.09973159	11.84311776
3.68333333	-5.08069558	45.22683113	14.88939652	-69.92912635	-21.10857269	-5.90502724	12.10637690
3.69166667	-4.70021309	44.30174174	14.03243033	-67.17990782	-20.83888684	-9.72320595	12.17246284
3.70000000	-4.74148822	43.79692859	13.78849077	-64.46984780	-20.89533887	-12.30206997	12.57216840
3.70833333	-4.84916379	43.35854019	13.70223060	-61.79536782	-21.05398645	-14.26277468	12.98306155
3.71666667	-4.90559466	42.76146661	13.66003129	-59.00900324	-21.40942425	-16.36081539	13.47801618
3.72500000	-4.93291950	42.03311705	13.57601870	-56.14073577	-21.77683214	-18.54038031	14.02164126
3.73333333	-4.78667381	40.88625539	13.31052478	-53.06053897	-22.17201531	-21.00582050	14.55673539
3.74166667	-4.63760885	39.80622834	13.14797564	-50.07232754	-22.73546654	-23.19211239	15.09859329
3.75000000	-4.72316545	39.00931633	13.27838231	-47.17108643	-23.44109341	-25.07869634	15.74230014
3.75833333	-4.76552104	38.09830657	13.40336545	-44.23961107	-24.23835980	-26.80529715	16.46479785
3.76666667	-4.43000434	36.64958970	13.09194842	-41.30506323	-25.00348114	-27.61336262	17.28567505
3.77500000	-4.50466289	35.76812414	13.37790963	-38.52672004	-26.00128790	-29.09075412	18.05864226
3.78333333	-4.55155241	34.81832977	13.66655275	-35.82511208	-27.08430813	-30.15981356	18.96746932
3.79166667	-4.55195708	33.88427312	13.89730572	-33.46068003	-28.20992109	-29.36007926	19.93164430
3.80000000	-4.68473221	33.07227075	14.28168249	-31.02806477	-29.37817571	-30.25369831	20.88967690
3.80833333	-4.83696385	32.35533432	14.74268745	-28.98015185	-30.64131655	-29.74299532	21.88564226
3.81666667	-5.08887164	31.77974433	15.36295899	-27.10364757	-31.98341911	-29.67441043	22.87294993
3.82500000	-5.38168961	31.31695390	16.12620707	-25.39927319	-33.53091619	-29.67852242	23.98733836
3.83333333	-5.79668734	31.03838867	17.01109184	-23.98700693	-35.06329781	-29.61518392	25.04327633
3.84166667	-5.90893107	30.41104680	17.47830296	-22.58827469	-36.46546166	-29.97797079	26.04525266
3.85000000	-6.49838844	30.42806575	18.70111577	-21.68792269	-38.28689667	-29.64849305	27.18818681
3.85833333	-6.92403573	30.29361345	19.64220998	-20.81351550	-39.95323076	-29.65322210	28.25383897
3.86666667	-7.03740267	29.74878205	20.22221003	-19.99452153	-41.56076271	-29.92322313	29.30165324
3.87500000	-7.57362441	29.79396390	21.39477620	-19.62063931	-43.34933431	-29.71457249	30.20782484
3.88333333	-7.78952555	29.41821323	22.08123978	-19.12969964	-45.03313385	-29.67604053	31.25746543
3.89166667	-8.35942428	29.55523090	23.20679622	-18.89376020	-46.84191071	-28.92894349	32.30546023
3.90000000	-8.56339795	29.22536525	23.93276024	-18.79150890	-48.48235549	-27.78605172	33.14633121
3.90833333	-9.39012582	29.75465417	25.24512609	-19.04702835	-50.19052078	-25.52488787	34.12634759
3.91666667	-9.86314269	29.80462821	26.21842726	-19.26862584	-51.88919913	-22.86824392	35.02916244
3.92500000	-9.89157291	29.30325912	26.70366486	-19.40625955	-53.48579078	-20.10257219	35.81150193
3.93333333	-10.46911395	29.65519135	27.73529912	-20.01593816	-55.11771443	-16.61152943	36.60920724
3.94166667	-10.52936193	29.30027333	28.21139482	-20.31168154	-56.72363277	-13.73787932	37.31904653
3.95000000	-11.17434416	29.84917748	29.35532453	-20.91685431	-58.44314402	-10.83347217	37.97475224
3.95833333	-11.44309668	30.04754430	30.05447399	-21.48823421	-60.07246449	-8.39194174	38.43459663
3.96666667	-11.45757161	30.19629842	30.53785626	-22.22156943	-61.74755015	-6.15181854	38.66012955
3.97500000	-11.36525074	30.22954698	30.93346717	-22.90636750	-63.51613579	-4.07152521	38.79456226
3.98333333	-11.82014806	30.93075903	32.12704543	-23.69133194	-65.54186059	-2.35056723	38.46317717
3.99166667	-11.78758030	31.01166066	32.69806793	-24.38470378	-67.52138432	-0.63864227	38.03067705
4.00000000	-11.63492264	31.03250645	33.35139072	-25.20159185	-69.70933161	0.91561506	37.22681091
4.00833333	-11.90100035	31.62553954	34.66429741	-25.96336372	-72.09629451	1.73876891	35.67779355
4.01666667	-11.73369434	31.69196075	35.43686342	-26.81508438	-74.47720385	2.93587485	34.33564632
4.02500000	-11.44657198	31.66183944	36.23673188	-27.71323049	-76.88182987	3.85142113	32.65537838
4.03333333	-11.24669585	31.72629864	37.37339674	-28.64807328	-79.46428355	4.69399128	30.70389175
4.04166667	-11.24681927	32.10247538	38.67432805	-29.67825179	-81.78795204	5.09909494	28.18907605
4.05000000	-10.73809855	31.87404056	39.41475568	-30.72032356	-84.03700238	5.92018088	26.25300985
4.05833333	-10.38185221	31.76409158	40.29412003	-31.71337518	-86.11295686	6.69314639	23.81044114
4.06666667	-9.92809309	31.42770751	40.84304332	-32.51435605	-87.85609455	7.40392708	21.90173022
4.07500000	-9.31513957	30.84423285	41.47075118	-33.12309617	-89.55457685	8.07091045	19.94465331
4.08333333	-8.83339131	30.25174447	42.11011499	-33.49165383	-90.97344945	8.60173772	18.27973041
4.09166667	-8.25633757	29.41199173	42.39060428	-33.58407471	-91.89806310	8.82336048	16.62532011
4.10000000	-8.04797329	28.92307891	43.09923104	-33.61803065	-92.65825773	9.03812234	16.32782408
4.10833333	-7.82640800	28.30994191	43.69692873	-33.49794661	-93.07606958	9.44667642	15.42276688
4.11666667	-7.69568333	27.87099618	44.41870299	-33.41265594	-93.32307973	9.59706764	15.49654405
4.12500000	-7.63082836	27.46044257	45.03299856	-33.29208839	-93.25584974	9.73218054	15.61713135
4.13333333	-7.49834414	26.85396926	45.28817503	-32.98164780	-92.75624134	9.97062941	15.88958338
4.14166667	-7.56783371	26.49519762	45.81155719	-32.77630420	-92.12927186	10.10136378	15.98582711
4.15000000	-7.57060258	26.17351457	46.30038780	-32.69124737	-91.33383798	10.21573991	16.01398610
4.15833333	-7.48798770	25.65845674	46.43279361	-32.44870075	-90.18633190	10.49404115	15.82538136
4.16666667	-7.58674279	25.31945279	46.74015688	-32.20855191	-88.92240889	10.53211243	15.76419320
4.17500000	-7.68481816	24.81830568	46.96226423	-31.77001251	-87.43879113	10.66025472	15.45836987
4.18333333	-7.35007421	23.87214772	46.63477628	-31.30468519	-85.77134184	10.64604539	15.00628896
4.19166667	-7.54088984	23.53622534	46.87328833	-30.89912582	-84.00245946	10.74508451	14.65260270
4.20000000	-7.37148304	22.83706849	46.57830400	-30.49154322	-81.96775461	10.81544863	13.62976269
4.20833333	-7.57515986	22.38194417	46.67368321	-29.94841672	-79.84574393	10.94944933	12.65523677
4.21666667	-7.76212390	22.01737431	46.70024858	-29.51836032	-77.60719404	11.05267098	11.42103314
4.22500000	-7.67019261	21.33359447	46.34854262	-29.08579422	-75.14328719	11.15949786	9.62724114
4.23333333	-7.71010550	20.87497500	45.94450386	-28.75128195	-72.49517539	11.32621483	7.80826123
4.24166667	-7.83674917	20.54285813	45.72780776	-28.48901788	-69.86170218	11.45992405	5.90562466
4.25000000	-8.02745980	20.09319026	45.41447359	-28.05902539	-67.05305034	11.63870028	3.91789207
4.25833333	-8.07135310	19.68169360	44.91534086	-27.88049599	-64.12218346	11.75356234	1.56598486
4.26666667	-7.51461070	18.62815933	43.49649007	-27.70676387	-60.92427353	11.88994504	-1.09434826
4.27500000	-7.74469259	18.44268585	43.12619877	-27.60955974	-57.87098257	12.14863680	-3.39891231
4.28333333	-7.91423962	18.20361711	42.58149129	-27.62163789	-54.71579812	12.45044222	-5.87342919
4.29166667	-7.82602868	17.84372484	41.58355339	-27.85716392	-51.39369872	12.80388670	-8.41159634
4.30000000	-7.87785672	17.58292376	40.79817581	-28.02524340	-48.09760604	13.19269105	-10.87034798
4.30833333	-7.34390244	16.73906302	39.19299230	-28.30934458	-44.73254564	13.71620404	-13.05161743
4.31666667	-7.61511092	16.71580552	38.56067646	-28.58655320	-41.49006176	14.20693486	-15.16482333
4.32500000	-7.66059007	16.69390036	37.76862000	-29.17268501	-38.39550419	14.69789061	-17.21373951
4.33333333	-7.21320491	16.03340850	36.23044165	-29.67648588	-35.30951395	15.30675947	-18.52554174
4.34166667	-7.46561473	16.22763258	35.60223187	-30.35698174	-32.47240046	15.87767165	-20.00016280
4.35000000	-7.53121573	16.16887128	34.89813829	-31.00044969	-30.03334268	16.52994312	-20.81295979
4.35833333	-7.49952786	16.16055040	33.98163398	-31.85789667	-27.62220582	17.18414158	-21.65160594
4.36666667	-7.69504712	16.38087835	33.44723697	-32.72121866	-25.47799061	17.87405867	-22.40858814
4.37500000	-7.76427565	16.48819365	32.90863813	-33.65885465	-23.78899376	18.61121132	-22.76907093
4.38333333	-7.96851187	16.79694423	32.48495307	-34.67245587	-22.13868620	19.32128874	-23.30072534
4.39166667	-8.20065200	17.05304795	32.10707382	-35.63538896	-20.70632937	20.08787929	-23.88367398
4.40000000	-8.40739215	17.42460274	31.78668103	-36.79535854	-19.52785772	20.88395985	-24.52086217
4.40833333	-8.51705159	17.62057087	31.39624023	-37.86827792	-18.55203566	21.31603688	-24.71521994
4.41666667	-8.85731754	18.17616707	31.21741084	-39.14319679	-17.66635013	22.55723825	-25.99647475
4.42500000	-9.01571404	18.44490940	30.89854713	-40.28386966	-16.99604155	23.13854917	-26.33904125
4.43333333	-9.92240106	19.77454515	31.48998618	-41.87425084	-16.54645653	24.58952084	-27.28295401
4.44166667	-9.99122170	19.92543406	31.05980095	-43.00121978	-16.12776757	25.13654799	-27.53226938
4.45000000	-10.10680953	20.18662129	30.68749193	-44.23341227	-15.84469595	26.15298342	-27.85938917
4.45833333	-10.60989529	21.00019674	30.80024843	-45.74530420	-15.85403143	27.34624206	-27.46907331
4.46666667	-10.79650816	21.29774532	30.56699114	-46.96970618	-15.93144677	28.44107961	-26.21016064
4.47500000	-10.78625255	21.36798213	30.11935820	-48.14925759	-16.21768377	29.27499950	-24.15186317
4.48333333	-11.22645948	21.84566017	30.25867139	-49.36393480	-16.82034342	30.47027558	-21.50549044
4.49166667	-11.26426922	21.95158107	29.92244177	-50.57920357	-17.36681505	31.35072285	-18.46592671
4.50000000	-11.44386041	22.16512473	29.92350622	-51.77891656	-18.16687747	32.28279471	-15.01570148
4.50833333	-11.49292236	22.21023464	29.67818528	-52.93565114	-18.92524639	33.18153241	-11.90419827
4.51666667	-11.64481789	22.45730632	29.70860348	-54.24336606	-19.77300005	33.84829642	-8.65311327
4.52500000	-12.11657056	23.13947022	30.27934490	-55.74977892	-20.76721813	34.62407102	-6.02304670
4.53333333	-12.24695582	23.46961656	30.34393188	-57.20458748	-21.50926840	34.81484307	-3.62746046
4.54166667	-12.15225919	23.58347163	30.33216507	-58.70698864	-22.44675612	34.62373495	-1.47860772
4.55000000	-12.87677342	24.77713790	31.26771093	-60.49784039	-23.35992086	34.18347778	0.60935731
4.55833333	-12.76355441	25.06781431	31.19126178	-62.26993091	-24.21915743	33.48661345	2.38482023
4.56666667	-12.69478776	25.51557151	31.22448785	-64.18414018	-25.06802911	32.49254744	4.13023106
4.57500000	-13.71207015	27.40063994	32.44263166	-66.42894940	-25.85832400	30.75072296	5.41784945
4.58333333	-13.54738657	27.96831475	32.29109502	-68.58388548	-26.61409453	29.10865147	6.95234965
4.59166667	-13.56132389	28.84964470	32.24136820	-70.85601338	-27.22626665	26.86473154	8.16750416
4.60000000	-13.37979047	29.71080654	31.97109440	-73.21139254	-27.85434339	24.40500628	9.31527398
4.60833333	-13.24699621	30.71545947	31.76038676	-75.56855885	-28.43799048	21.45841745	10.25449069
4.61666667	-13.32556941	32.05872287	31.83194102	-77.85862653	-29.13604253	17.96999557	10.97000924
4.62500000	-13.17041578	33.23292382	31.47507733	-80.17156758	-29.60021762	15.17345523	11.71115332
4.63333333	-12.69744825	34.04775670	30.76803628	-82.25299443	-29.99377541	12.73057480	12.44581496
4.64166667	-12.32311998	34.80502821	30.22632613	-83.96540054	-30.47761397	9.85182273	13.05329583
4.65000000	-12.08777714	35.78585915	29.56673383	-85.66439651	-30.61072659	8.48376663	13.71070803
4.65833333	-11.65676740	36.55149441	28.68932339	-86.98283327	-30.65520860	6.57307254	14.06556282
4.66666667	-11.24895461	37.19189580	27.71537812	-88.00380085	-30.50810065	5.58149017	14.50044571
4.67500000	-10.74039617	37.62268613	26.45410359	-88.61508058	-30.09572878	4.92878472	14.80276030
4.68333333	-10.71312595	38.42564755	25.80471156	-89.05988056	-29.73473947	4.91910701	15.10407613
4.69166667	-10.61706423	39.21187192	25.08612243	-89.22302950	-29.35030481	5.36756441	15.31843115
4.70000000	-10.11709742	39.34919621	23.75371461	-88.84742148	-28.68588791	3.82580291	15.35996208
4.70833333	-10.10494304	40.04660942	22.95532112	-88.46048119	-28.05765293	4.23890391	15.45576648
4.71666667	-9.59068997	40.04932189	21.46944855	-87.65144202	-27.20856217	3.18756723	15.45703891
4.72500000	-9.54798161	40.63485228	20.89198700	-86.86989877	-26.80925485	3.44988844	15.47036255
4.73333333	-9.36914253	40.92469197	20.01729122	-85.75978508	-26.25921539	3.35381735	15.40894761
4.74166667	-8.92535528	40.92241913	18.48010638	-84.47830965	-25.25655361	2.92592862	15.24723856
4.75000000	-9.03404347	41.55304963	17.85412652	-83.15902418	-24.63942724	2.97714802	15.30539452
4.75833333	-8.33278346	41.03341421	16.27678515	-81.40159560	-23.89793516	2.82911947	15.18898210
4.76666667	-8.49894738	41.64661226	15.64581178	-79.76496039	-23.21518073	2.86685310	15.16498377
4.77500000	-8.64090398	42.08801764	15.04171010	-77.89997073	-22.57007618	2.93542740	15.05756282
4.78333333	-7.76173653	41.24206753	13.22461670	-75.69147214	-21.77583247	3.79236148	14.89231834
4.79166667	-7.94622648	41.70633770	12.75785075	-73.58756168	-21.27849111	3.76995390	14.82810733
4.80000000	-7.30302784	40.99825323	11.17258314	-71.09841529	-20.43220628	3.75781452	14.39603967
4.80833333	-7.52167261	41.34817153	10.73823196	-68.70253283	-19.98702828	3.69140130	14.30527441
4.81666667	-7.70338226	41.57763765	10.26924459	-66.14097253	-19.50434441	3.54245519	14.04806143
4.82500000	-7.83846392	41.64259962	9.67617654	-63.42189647	-18.93047823	3.27534976	13.64313674
4.83333333	-6.51333020	39.86855727	7.39353862	-60.28543123	-18.13628828	2.54695720	13.01699721
4.84166667	-6.70905249	39.96976298	7.03817661	-57.47377861	-17.83656957	2.14247165	12.85295978
4.85000000	-6.86090623	39.92973732	6.61503545	-54.55019094	-17.49712931	1.55473031	12.61160905
4.85833333	-6.78868908	39.54628902	5.89576913	-51.51298508	-17.08357638	0.47103809	12.19164536
4.86666667	-5.65300177	37.82637572	3.87292490	-48.20612129	-16.50010218	-0.56365912	12.11007991
4.87500000	-5.47587497	37.26168927	3.20318433	-45.08675356	-16.48281773	-1.83506843	12.27176807
4.88333333	-5.68567104	37.16984018	2.91220679	-42.11665216	-16.31981755	-3.07135156	12.29762961
4.89166667	-5.81228283	36.94141615	2.45695376	-39.09612510	-16.06371939	-4.46673670	12.37328530
4.90000000	-5.11051442	35.62391883	0.99170161	-35.90536035	-15.60115892	-5.57710691	12.29883642
4.90833333	-4.87339951	34.96518605	0.14263687	-33.00713080	-15.34857156	-6.35467895	12.21533725
4.91666667	-5.05033481	34.74055092	-0.19781509	-30.08490635	-15.20672518	-7.69160087	12.26894854
4.92500000	-4.77324675	34.00769298	-1.11210663	-27.37068979	-14.92425642	-7.39082413	12.23681946
4.93333333	-4.89822898	33.72937637	-1.49691356	-24.63479648	-14.85415620	-8.31653958	12.20350371
4.94166667	-4.46488498	32.85500458	-2.50718153	-22.23755580	-14.72629044	-7.11250298	12.12441840
4.95000000	-4.52851595	32.57246747	-2.84627577	-19.99117303	-14.84205860	-6.60086662	12.14822924
4.95833333	-4.48138105	32.20770593	-3.34136123	-17.95820819	-14.92738766	-6.02323076	12.06545458
4.96666667	-4.51595717	32.04289339	-3.75921469	-16.30099966	-15.01446806	-5.28786759	11.94267809
4.97500000	-4.71969645	32.04679723	-3.90695375	-14.84183567	-15.24643942	-4.60632969	11.88016735
4.98333333	-4.84990320	32.04952916	-4.16190403	-13.62733382	-15.46742266	-4.05083221	11.75867168
4.99166667	-5.13032662	32.22772045	-4.16650970	-12.71231558	-15.81566885	-3.41576276	11.70310241
5.00000000	-5.30643230	32.16632135	-4.23480602	-11.66748546	-16.22913060	-3.21243891	11.59957079
5.00833333	-5.54892402	32.27537591	-4.24771643	-11.04867323	-16.64170167	-2.76206087	11.52329922
5.01666667	-5.66327271	32.18588856	-4.31442571	-10.66440503	-17.20474311	-2.69059201	11.31100132
5.02500000	-6.00263559	32.46171057	-4.17698033	-10.75208611	-17.71916444	-2.33091610	11.04473188
5.03333333	-6.12151272	32.35788188	-4.27749889	-10.79084650	-18.26742237	-2.61244814	10.73897872
5.04166667	-6.17812150	32.21165535	-4.37699199	-11.01970331	-18.89699253	-3.33505420	10.19268665
5.05000000	-6.43470997	32.29391032	-4.20551194	-11.31957663	-19.59911775	-4.43970539	9.56926023
5.05833333	-6.44988348	32.11694011	-4.18090443	-11.71706574	-20.49083025	-5.62446874	8.86564495
5.06666667	-6.73305321	32.23501524	-3.74750269	-12.01620905	-21.55389027	-7.03249544	8.07218276
5.07500000	-6.92245846	32.23413543	-3.25444924	-12.32627995	-22.85574120	-8.32819260	7.11316865
5.08333333	-7.16862984	32.35691015	-2.59127587	-12.70247380	-24.33340948	-9.43160576	5.89332326
5.09166667	-7.11632526	32.15395719	-2.09930288	-13.11094069	-26.01269087	-10.02919798	4.45330663
5.10000000	-7.73236409	32.70716502	-0.57143194	-13.57585315	-28.11863044	-10.62803415	2.76567518
5.10833333	-7.66022803	32.50632586	0.25465312	-14.12859727	-30.23798495	-10.66293539	0.76203536
5.11666667	-7.64549827	32.35730323	1.28387810	-14.71245419	-32.49408663	-10.43860501	-1.55244897
5.12500000	-8.56689779	33.24266207	3.63698684	-15.23070474	-35.14274671	-10.61233896	-3.95877378
5.13333333	-8.42586802	32.91890288	4.64970449	-15.78661488	-37.45063456	-9.93746635	-6.47745733
5.14166667	-8.99795922	33.35720507	6.66813384	-16.22881164	-39.94879134	-9.77708511	-9.15810501
5.15000000	-9.08339232	33.26874569	8.17825407	-16.70151149	-42.42295523	-9.37761131	-11.52236832
5.15833333	-9.29222489	33.25330906	9.91848677	-17.05925386	-44.94022770	-8.95920898	-13.65681238
5.16666667	-9.14924658	32.76968318	11.24819059	-17.30292781	-47.29675814	-8.29609934	-15.35987256
5.17500000	-10.00317169	33.50252132	13.85230198	-17.69560727	-49.88629754	-8.10177322	-16.76997724
5.18333333	-10.44258937	33.61908991	15.68510551	-17.89584443	-52.04006266	-7.69662378	-17.62789440
5.19166667	-10.30128318	33.06050870	16.96755379	-18.01132968	-54.08315562	-7.06963406	-17.73081849
5.20000000	-11.27090608	33.85652483	19.85118255	-18.24147409	-56.40918655	-6.90371920	-18.14995469
5.20833333	-11.80635268	34.06308982	22.07782170	-18.34355627	-58.37118857	-6.49287876	-17.90514653
5.21666667	-12.22003991	34.12161151	23.99273240	-18.45946242	-60.03639990	-5.99383817	-17.48431017
5.22500000	-12.44555504	33.90669413	25.76768334	-18.44772872	-61.52284048	-5.48388870	-17.09963209
5.23333333	-12.81425838	33.83031710	27.54531823	-18.43679121	-62.77223606	-4.94543319	-16.62134087
5.24166667	-12.93573860	33.42823996	29.16451174	-18.27675425	-63.87261492	-4.46803962	-16.20377098
5.25000000	-12.86452098	32.70179375	30.33517306	-17.98876513	-64.67364207	-4.06919594	-15.14073695
5.25833333	-13.14823918	32.48597630	31.79463769	-17.97730101	-65.12887816	-3.35339779	-15.56524095
5.26666667	-13.06970985	31.71667453	32.89585841	-17.59658693	-65.53288974	-2.99917918	-14.65080854
5.27500000	-13.01273693	30.98680762	33.92284226	-17.27419650	-65.70862473	-2.63979850	-13.78274638
5.28333333	-12.95994763	30.37737358	34.76798714	-17.26228919	-65.50798257	-1.71168685	-13.71031037
5.29166667	-12.94910476	29.67158287	35.67743900	-16.90931482	-65.24152982	-1.45897432	-12.92762901
5.30000000	-12.76584350	28.82939630	36.18279585	-16.77321242	-64.67951206	-0.65212694	-11.54866130
5.30833333	-12.76302277	28.13989930	36.99526606	-16.43744515	-64.03703482	-0.33600594	-10.63451732
5.31666667	-12.65794641	27.45919126	37.60756582	-16.36045174	-63.27746487	0.38462662	-9.06869231
5.32500000	-12.63959209	26.77097344	38.31944528	-16.02669244	-62.32924510	0.67232139	-8.09897034
5.33333333	-12.15454685	25.44268754	38.22100879	-15.67447869	-61.13438238	1.39996034	-5.82068611
5.34166667	-12.21340950	24.72681313	38.78895497	-15.21750110	-59.77287581	1.63004588	-5.11294243
5.35000000	-11.76033013	23.78217864	38.74351253	-15.25923398	-58.47260507	2.33015279	-2.91312384
5.35833333	-11.64791801	22.98256763	38.91086853	-15.00614802	-56.81285463	2.79714148	-1.77078363
5.36666667	-11.49824914	22.22933367	39.07198371	-14.83529188	-55.07990545	3.24506249	-0.93014765
5.37500000	-11.57461308	21.66885101	39.55995401	-14.54795797	-53.28781959	3.57395325	-0.44242791
5.38333333	-10.88372484	20.35254168	38.93198250	-14.46204604	-51.26233767	4.26602831	0.57925791
5.39166667	-10.92485924	19.81127736	39.19840704	-14.30786027	-49.20473823	4.77295176	0.87752239
5.40000000	-10.66201095	18.91250941	39.04335986	-14.13458588	-47.00378072	5.27351486	1.11069117
5.40833333	-10.31182439	17.91455224	38.75348735	-13.97727601	-44.73652418	5.75266028	1.18958644
5.41666667	-9.91900290	16.82850440	38.31452469	-13.77405215	-42.36789593	6.15879215	1.09870200
5.42500000	-10.06140696	16.43281277	38.56837771	-13.74243344	-40.12004548	6.40289834	0.98973037
5.43333333	-9.18361005	14.87141546	37.46535820	-13.62118285	-37.57069652	7.02540107	0.52981525
5.44166667	-9.28032200	14.47243031	37.57727086	-13.67306092	-35.20019939	7.47122698	-0.17262569
5.45000000	-9.23659711	13.90517466	37.41826858	-13.72834715	-32.70995128	7.96546912	-0.84668944