0.00000000	-16.72360389	22.75417851	22.32484869	-13.63496537	-13.06809517	6.09226207	10.41870243
0.00833333	-16.81228456	22.73662434	22.35014289	-13.43409367	-12.96325935	5.97187937	10.54752800
0.01666667	-16.81194398	22.73589328	22.35061322	-13.43462374	-12.96336386	5.97171454	10.54764398
0.02500000	-16.80743883	22.73828566	22.35098173	-13.43444347	-12.96349608	5.97133035	10.54789245
0.03333333	-16.80673181	22.73890036	22.35044789	-13.43462177	-12.96384308	5.97114664	10.54800180
0.04166667	-16.76380871	22.73499980	22.34338757	-13.50697782	-12.99457018	5.94491945	10.56108326
0.05000000	-16.76338236	22.73555449	22.34311761	-13.50676177	-12.99485954	5.94485384	10.56116060
0.05833333	-16.76315966	22.73633725	22.34252195	-13.50651135	-12.99522038	5.94478748	10.56124115
0.06666667	-16.76326587	22.73692412	22.34180650	-13.50639118	-12.99556684	5.94472182	10.56132335
0.07500000	-16.76307810	22.73762125	22.34121002	-13.50624317	-12.99583795	5.94466341	10.56140416
0.08333333	-16.75897057	22.74352015	22.33880745	-13.50602062	-12.99735096	5.94394126	10.56236763
0.09166667	-16.75879695	22.74349987	22.33877622	-13.50622078	-12.99738808	5.94387045	10.56243207
0.10000000	-16.75904787	22.74337786	22.33861714	-13.50637895	-12.99749511	5.94381625	10.56250528
0.10833333	-16.75918201	22.74335016	22.33852171	-13.50648862	-12.99749055	5.94376738	10.56258487
0.11666667	-16.75919701	22.74341937	22.33844471	-13.50649641	-12.99744860	5.94372048	10.56266307
0.12500000	-16.75948716	22.74353248	22.33817330	-13.50650820	-12.99738333	5.94368099	10.56275254
0.13333333	-16.75982633	22.74369235	22.33778183	-13.50648308	-12.99730437	5.94364675	10.56284841
0.14166667	-16.76007845	22.74401434	22.33737611	-13.50640864	-12.99715052	5.94362227	10.56295284
0.15000000	-16.76922107	22.75067385	22.32941197	-13.50738107	-12.98644646	5.94272983	10.56778601
0.15833333	-16.76877159	22.75050244	22.32960719	-13.50749268	-12.98582672	5.94270332	10.56794532
0.16666667	-16.76940884	22.75012916	22.32928387	-13.50767898	-12.98555195	5.94269246	10.56804351
0.17500000	-16.76971474	22.75004240	22.32907412	-13.50771448	-12.98515294	5.94268683	10.56814300
0.18333333	-16.76984960	22.75004773	22.32887560	-13.50770090	-12.98470282	5.94267262	10.56822955
0.19166667	-16.76955960	22.75026211	22.32881783	-13.50762020	-12.98416630	5.94266057	10.56831698
0.20000000	-16.76900335	22.75068381	22.32887281	-13.50750747	-12.98356755	5.94264642	10.56840566
0.20833333	-16.76874947	22.75099573	22.32879212	-13.50747547	-12.98298988	5.94262922	10.56849666
0.21666667	-16.76849143	22.75133644	22.32872773	-13.50744058	-12.98240657	5.94261042	10.56858933
0.22500000	-16.76802965	22.75174758	22.32876876	-13.50741411	-12.98177146	5.94258930	10.56868747
0.23333333	-16.76757598	22.75213012	22.32885144	-13.50742705	-12.98110720	5.94256654	10.56878552
0.24166667	-16.76710601	22.75255326	22.32893853	-13.50741721	-12.98042656	5.94254321	10.56888040
0.25000000	-16.76689722	22.75289862	22.32887969	-13.50744668	-12.97977808	5.94251882	10.56896892
0.25833333	-16.77103817	22.76326158	22.32844935	-13.51737130	-12.92306658	5.94115365	10.57506507
0.26666667	-16.77124345	22.76323873	22.32827693	-13.51737004	-12.92295991	5.94117705	10.57504599
0.27500000	-16.77191823	22.76304441	22.32776507	-13.51748414	-12.92293537	5.94120417	10.57503062
0.28333333	-16.77188544	22.76323247	22.32752553	-13.51743623	-12.92272685	5.94123899	10.57502460
0.29166667	-16.77180170	22.76352434	22.32728991	-13.51732658	-12.92247485	5.94127337	10.57502164
0.30000000	-16.77180466	22.76383928	22.32706636	-13.51718772	-12.92217702	5.94130578	10.57501458
0.30833333	-16.77238505	22.76392391	22.32660188	-13.51714733	-12.92192853	5.94133072	10.57500628
0.31666667	-16.77281247	22.76405767	22.32625265	-13.51704493	-12.92159048	5.94135220	10.57499843
0.32500000	-16.77332791	22.76408500	22.32593782	-13.51694991	-12.92119679	5.94136656	10.57499439
0.33333333	-16.77384276	22.76407216	22.32571475	-13.51682559	-12.92074247	5.94137760	10.57498856
0.34166667	-16.77459580	22.76397551	22.32541179	-13.51671148	-12.92028680	5.94138656	10.57498006
0.35000000	-16.84250559	22.68507670	22.48412061	-13.41452114	-13.09339706	6.17738497	10.92684665
0.35833333	-16.84284021	22.68486679	22.48406117	-13.41457898	-13.09331287	6.17734578	10.92680963
0.36666667	-16.82149565	22.70504405	22.47939135	-13.42143176	-13.09452108	6.17055148	10.92051385
0.37500000	-16.82145281	22.70538017	22.47922622	-13.42158979	-13.09445178	6.17045154	10.92047921
0.38333333	-16.82060453	22.70627174	22.47939988	-13.42154838	-13.09418030	6.17035247	10.92044983
0.39166667	-16.82053598	22.70697025	22.47912269	-13.42162837	-13.09406383	6.17024154	10.92042533
0.40000000	-16.82082582	22.70753957	22.47867200	-13.42177237	-13.09400182	6.17012469	10.92040448
0.40833333	-16.82113452	22.70816528	22.47816841	-13.42191030	-13.09394297	6.17000516	10.92038704
0.41666667	-16.82154578	22.70867224	22.47766881	-13.42206768	-13.09386730	6.16988579	10.92036877
0.42500000	-16.82211780	22.70902373	22.47712655	-13.42227292	-13.09380689	6.16976816	10.92034657
0.43333333	-16.82253055	22.70933923	22.47681874	-13.42247915	-13.09364885	6.16965699	10.92031693
0.44166667	-16.82332486	22.70940987	22.47638116	-13.42279693	-13.09353407	6.16954893	10.92028376
0.45000000	-16.82383841	22.70947103	22.47613318	-13.42312881	-13.09332691	6.16944964	10.92025010
0.45833333	-16.82419499	22.70960251	22.47597801	-13.42345315	-13.09309036	6.16935635	10.92021992
0.46666667	-16.82456697	22.70967702	22.47584853	-13.42383385	-13.09287420	6.16926600	10.92018831
0.47500000	-16.82507420	22.70967481	22.47565147	-13.42428037	-13.09271954	6.16918057	10.92016020
0.48333333	-16.82751767	22.73290980	22.46625217	-13.45478692	-13.08085387	6.16304325	10.91743424
0.49166667	-16.82721414	22.73337071	22.46631428	-13.45502131	-13.08078642	6.16298010	10.91739175
0.50000000	-16.82732486	22.73358307	22.46618996	-13.45541569	-13.08083262	6.16290757	10.91734326
0.50833333	-16.82728350	22.73381200	22.46616184	-13.45583135	-13.08087248	6.16282740	10.91729598
0.51666667	-16.82744045	22.73387739	22.46610796	-13.45635201	-13.08096728	6.16274324	10.91724715
0.52500000	-16.82768209	22.73385827	22.46602578	-13.45695034	-13.08109229	6.16265304	10.91720342
0.53333333	-16.82797077	22.73369637	22.46594062	-13.45763300	-13.08125937	6.16256698	10.91716064
0.54166667	-16.82802874	22.73360725	22.46604026	-13.45830854	-13.08139063	6.16248905	10.91712179
0.55000000	-16.82872648	22.73312582	22.46592514	-13.45916355	-13.08166457	6.16241902	10.91708377
0.55833333	-16.82912643	22.73275048	22.46590914	-13.46001334	-13.08191092	6.16235234	10.91704419
0.56666667	-16.82916505	22.73246722	22.46601650	-13.46081729	-13.08215736	6.16229230	10.91699828
0.57500000	-16.82890273	22.73233456	22.46630239	-13.46156531	-13.08235795	6.16223764	10.91695487
0.58333333	-16.81928258	22.74436545	22.45486787	-13.51070650	-13.12033182	6.15937515	10.91258509
0.59166667	-16.81911445	22.74436277	22.45505762	-13.51119840	-13.12035173	6.15935779	10.91259209
0.60000000	-16.81922242	22.74421150	22.45511632	-13.51179479	-13.12044628	6.15933536	10.91259827
0.60833333	-16.81888795	22.74437372	22.45522806	-13.51241056	-13.12054851	6.15931387	10.91260607
0.61666667	-16.81857294	22.74467399	22.45512398	-13.51319264	-13.12075685	6.15928673	10.91262111
0.62500000	-16.76826196	22.87851146	22.41788482	-13.82447587	-13.19991948	6.22777981	10.94744203
0.63333333	-16.76777777	22.87849052	22.41834681	-13.82467884	-13.19976115	6.22783376	10.94745077
0.64166667	-16.76810752	22.87829001	22.41806539	-13.82520635	-13.19989446	6.22788393	10.94745911
0.65000000	-16.76790671	22.87848385	22.41781012	-13.82574676	-13.19999104	6.22793132	10.94747043
0.65833333	-16.76917601	22.87845206	22.41614444	-13.82770841	-13.20061887	6.22804265	10.94748891
0.66666667	-16.77010750	22.87811239	22.41541132	-13.82857787	-13.20087628	6.22809276	10.94749918
0.67500000	-16.76788109	22.87829932	22.39529014	-13.87020195	-13.20334829	6.23378212	10.94894275
0.68333333	-16.76763308	22.87825675	22.39518753	-13.87054301	-13.20330779	6.23390422	10.94896931
0.69166667	-16.76739319	22.87825945	22.39508674	-13.87096860	-13.20320953	6.23401772	10.94901136
0.70000000	-16.76723559	22.87822666	22.39500946	-13.87143339	-13.20312444	6.23413056	10.94905988
0.70833333	-16.76770739	22.87787895	22.39466600	-13.87206518	-13.20314975	6.23424346	10.94911511
0.71666667	-16.76779678	22.87765802	22.39454001	-13.87263804	-13.20309436	6.23435963	10.94917718
0.72500000	-16.77139289	22.87487517	22.39158972	-13.87766406	-13.20351031	6.23550294	10.94968567
0.73333333	-16.77095123	22.87497651	22.39161235	-13.87789698	-13.20350900	6.23565467	10.94973693
0.74166667	-16.77098329	22.87473161	22.39151343	-13.87833512	-13.20352986	6.23579917	10.94978529
0.75000000	-16.77113427	22.87435525	22.39146190	-13.87883854	-13.20358442	6.23595007	10.94983221
0.75833333	-16.77097257	22.87405428	22.39155027	-13.87935625	-13.20357366	6.23609721	10.94988017
0.76666667	-16.77101710	22.87357039	22.39158833	-13.87996529	-13.20367226	6.23625084	10.94992775
0.77500000	-16.77224060	22.86953804	22.39050134	-13.88569284	-13.20565138	6.23797365	10.95045875
0.78333333	-16.77170383	22.86961461	22.39044313	-13.88591632	-13.20595372	6.23816608	10.95050910
0.79166667	-16.77147053	22.86937578	22.39041274	-13.88634157	-13.20629243	6.23835801	10.95056726
0.80000000	-16.77109856	22.86909061	22.39064905	-13.88681413	-13.20660439	6.23854687	10.95062512
0.80833333	-16.76639907	22.85982799	22.37278874	-13.90567857	-13.24135920	6.25234048	10.95460411
0.81666667	-16.76541663	22.85993768	22.37334782	-13.90579968	-13.24138315	6.25254303	10.95472726
0.82500000	-16.76534725	22.85939344	22.37363019	-13.90622971	-13.24158804	6.25273450	10.95484205
0.83333333	-16.76798029	22.85327360	22.37428967	-13.91040828	-13.24526733	6.25463626	10.95588672
0.84166667	-16.76696883	22.85337063	22.37468691	-13.91043614	-13.24571325	6.25485788	10.95599346
0.85000000	-16.76653727	22.85302360	22.37507511	-13.91073240	-13.24624141	6.25507183	10.95610841
0.85833333	-16.71188403	22.80925052	22.41085601	-13.95614208	-13.49393426	6.41471713	11.09186374
0.86666667	-16.71127340	22.80916605	22.41159368	-13.95603785	-13.49357918	6.41473585	11.09190788
0.87500000	-16.71152822	22.80851689	22.41206392	-13.95625333	-13.49336113	6.41473553	11.09193941
0.88333333	-16.71751006	22.80235994	22.41288380	-13.95743418	-13.49353190	6.41497745	11.09224674
0.89166667	-16.71657927	22.80271939	22.41331691	-13.95703957	-13.49352741	6.41502001	11.09226864
0.90000000	-16.71619170	22.80268436	22.41368783	-13.95690751	-13.49355458	6.41504684	11.09229467
0.90833333	-16.72651216	22.79587865	22.40766394	-13.95253843	-13.50298148	6.41674808	11.09367467
0.91666667	-16.72482675	22.79660350	22.40836257	-13.95202206	-13.50279062	6.41680132	11.09374629
0.92500000	-16.72462187	22.79644701	22.40841181	-13.95193452	-13.50293543	6.41684683	11.09380872
0.93333333	-16.72383131	22.79654853	22.40882907	-13.95181631	-13.50294449	6.41689406	11.09387286
0.94166667	-16.72762604	22.79196210	22.40073133	-13.94976821	-13.51422906	6.41955306	11.09674800
0.95000000	-16.72816407	22.79150311	22.40016176	-13.94967084	-13.51463837	6.41963332	11.09687333
0.95833333	-16.72788115	22.79143784	22.40019474	-13.94960247	-13.51471566	6.41968572	11.09697079
0.96666667	-16.72752338	22.79146602	22.40032852	-13.94957562	-13.51472567	6.41973019	11.09707984
0.97500000	-16.73257844	22.78780226	22.39596681	-13.95099909	-13.51737909	6.42059321	11.09897797
0.98333333	-16.73316218	22.78759330	22.39557654	-13.95097679	-13.51760331	6.42072936	11.09919844
0.99166667	-16.73406913	22.78709109	22.39505697	-13.95118513	-13.51779040	6.42080741	11.09932702
1.00000000	-16.73422577	22.78686028	22.39490873	-13.95122268	-13.51791716	6.42090280	11.09944585
1.00833333	-16.73421286	22.78676466	22.39482277	-13.95131501	-13.51794165	6.42099576	11.09957167
1.01666667	-16.74138507	22.78101821	22.37906530	-13.95301089	-13.52481223	6.42668306	11.10578767
1.02500000	-16.74129851	22.78091423	22.37900874	-13.95300659	-13.52477116	6.42679706	11.10594122
1.03333333	-16.74143703	22.78073954	22.37880264	-13.95312138	-13.52472373	6.42689470	11.10609373
1.04166667	-16.74181983	22.78048191	22.37843617	-13.95333500	-13.52472304	6.42698343	11.10625209
1.05000000	-16.76315223	22.77041234	22.36812933	-13.95709947	-13.52539514	6.42868186	11.10863439
1.05833333	-16.76103951	22.77109001	22.36908195	-13.95626636	-13.52436884	6.42906498	11.10907258
1.06666667	-16.76072055	22.77099973	22.36912138	-13.95608064	-13.52404193	6.42921507	11.10925648
1.07500000	-16.76042962	22.77095570	22.36921681	-13.95592738	-13.52368120	6.42936513	11.10944604
1.08333333	-16.79012673	22.66068121	22.37659708	-13.76013990	-13.47768174	6.54288372	11.18430328
1.09166667	-16.79055410	22.66009095	22.37730402	-13.76070110	-13.47728565	6.54285493	11.18434852
1.10000000	-16.79147287	22.65953646	22.37759757	-13.76117566	-13.47719424	6.54283938	11.18438703
1.10833333	-16.79227448	22.65919636	22.37777289	-13.76163487	-13.47708696	6.54281737	11.18443109
1.11666667	-16.79314266	22.65903463	22.37776404	-13.76210099	-13.47700861	6.54279214	11.18447846
1.12500000	-16.80524065	22.66658210	22.37800917	-13.77141270	-13.47164553	6.54260231	11.18649238
1.13333333	-16.80600562	22.66654880	22.37766740	-13.77166064	-13.47169936	6.54260576	11.18654729
1.14166667	-16.80582028	22.66704511	22.37778089	-13.77174939	-13.47150055	6.54260172	11.18660783
1.15000000	-16.80633097	22.66724872	22.37753179	-13.77199467	-13.47143825	6.54259531	11.18667024
1.15833333	-16.80656752	22.66755982	22.37738481	-13.77218553	-13.47132278	6.54259373	11.18672952
1.16666667	-16.80680287	22.66788480	22.37727103	-13.77241334	-13.47112925	6.54260007	11.18679147
1.17500000	-16.80712451	22.66818272	22.37716364	-13.77264525	-13.47093208	6.54262196	11.18685382
1.18333333	-16.80765701	22.66842351	22.37699626	-13.77292072	-13.47074905	6.54265109	11.18691615
1.19166667	-16.80812856	22.66858434	22.37679401	-13.77324060	-13.47056567	6.54269003	11.18697714
1.20000000	-16.80809300	22.66915182	22.37692353	-13.77341042	-13.47027075	6.54273515	11.18703800
1.20833333	-16.81494259	22.67097044	22.37474057	-13.77696409	-13.46814877	6.54322840	11.18762019
1.21666667	-16.81489745	22.67128932	22.37482919	-13.77710071	-13.46789721	6.54328775	11.18766497
1.22500000	-16.81512728	22.67159222	22.37480268	-13.77732002	-13.46765486	6.54334362	11.18771333
1.23333333	-16.81551065	22.67188360	22.37462726	-13.77755001	-13.46745325	6.54339716	11.18775826
1.24166667	-16.81601977	22.67222045	22.37432928	-13.77779401	-13.46724283	6.54345954	11.18780596
1.25000000	-16.81677047	22.67255828	22.37385627	-13.77809316	-13.46702257	6.54353170	11.18785875
1.25833333	-16.83666569	22.69488553	22.37024155	-13.79703165	-13.43416185	6.55175610	11.19206604
1.26666667	-16.83666742	22.69514292	22.37018071	-13.79714359	-13.43390730	6.55187721	11.19208712
1.27500000	-16.83703949	22.69542359	22.36974592	-13.79730141	-13.43371629	6.55199320	11.19210862
1.28333333	-16.83734750	22.69590352	22.36919119	-13.79744758	-13.43345782	6.55210705	11.19213558
1.29166667	-16.83775301	22.69648409	22.36842649	-13.79765151	-13.43317280	6.55221374	11.19216885
1.30000000	-16.84506863	22.70039317	22.35991499	-13.80231843	-13.42761839	6.55354296	11.19263460
1.30833333	-16.84294004	22.70164921	22.36040908	-13.80270274	-13.42612569	6.55377502	11.19273006
1.31666667	-16.84222375	22.70249219	22.36031081	-13.80293367	-13.42549810	6.55389538	11.19279210
1.32500000	-16.84490026	22.73043582	22.34079104	-13.85915489	-13.35216691	6.56696492	11.19847013
1.33333333	-16.84472753	22.73092185	22.34054248	-13.85921117	-13.35207327	6.56712795	11.19845438
1.34166667	-16.84564294	22.73203441	22.33942025	-13.85953532	-13.35206469	6.56746574	11.19843175
1.35000000	-16.85931988	22.75120147	22.32280274	-13.88342928	-13.32621812	6.58272900	11.19786018
1.35833333	-16.85878155	22.75205511	22.32270875	-13.88350700	-13.32576224	6.58294870	11.19784824
1.36666667	-16.85832333	22.75306748	22.32212348	-13.88394586	-13.32510054	6.58325408	11.19784788
1.37500000	-16.85706204	22.75774254	22.32103034	-13.88591602	-13.32162684	6.58453859	11.19786976
1.38333333	-16.85729907	22.75846666	22.32088404	-13.88634384	-13.32081297	6.58484645	11.19784532
1.39166667	-16.85838514	22.75867577	22.32046779	-13.88692449	-13.32005716	6.58507680	11.19782137
1.40000000	-16.86514224	22.75969451	22.31817530	-13.88963562	-13.31506586	6.58653514	11.19779088
1.40833333	-16.86522189	22.75991655	22.31814019	-13.88967163	-13.31457184	6.58669484	11.19777083
1.41666667	-16.86477498	22.76049827	22.31847514	-13.88967507	-13.31383701	6.58685566	11.19776577
1.42500000	-16.86675943	22.76553345	22.31929135	-13.89169207	-13.30573114	6.58900528	11.19754340
1.43333333	-16.86663698	22.76609274	22.31955491	-13.89170955	-13.30522573	6.58917619	11.19751099
1.44166667	-16.86687305	22.76662680	22.31954514	-13.89192136	-13.30467625	6.58932575	11.19748187
1.45000000	-16.92634950	22.91806521	22.34628953	-14.03924135	-13.18660893	6.69678845	11.14128331
1.45833333	-16.92601915	22.91810172	22.34677080	-14.03928318	-13.18670977	6.69676482	11.14127787
1.46666667	-16.92822667	22.91908568	22.34632614	-14.04103111	-13.18821756	6.69652756	11.14122809
1.47500000	-16.92796824	22.91978091	22.34630098	-14.04103312	-13.18841970	6.69651351	11.14121283
1.48333333	-16.93277877	22.94012453	22.36690717	-14.07930199	-13.19182524	6.69472562	11.13810958
1.49166667	-16.93274077	22.94073612	22.36650280	-14.07928939	-13.19216665	6.69475710	11.13806043
1.50000000	-16.93356963	22.94632235	22.36377412	-14.08130644	-13.19355726	6.69504400	11.13770619
1.50833333	-16.93355706	22.94687442	22.36368192	-14.08153570	-13.19361107	6.69506633	11.13767064
1.51666667	-16.94346432	22.98886676	22.38666404	-14.13373572	-13.17342461	6.69817676	11.13291216
1.52500000	-16.94370134	22.98901956	22.38640493	-14.13395599	-13.17357345	6.69823175	11.13283719
1.53333333	-16.94463998	22.99339817	22.38549412	-14.13613228	-13.17249840	6.69881565	11.13219892
1.54166667	-16.94519563	22.99419305	22.38524416	-14.13653346	-13.17221547	6.69893039	11.13205830
1.55000000	-16.97611088	23.05089950	22.41279183	-14.16865962	-13.11291676	6.70949229	11.11939324
1.55833333	-16.97702741	23.05090997	22.41215274	-14.16894000	-13.11309058	6.70954899	11.11925132
1.56666667	-16.97838628	23.05699492	22.41048321	-14.16996294	-13.11000340	6.71025785	11.11762372
1.57500000	-16.97991512	23.05695517	22.40979305	-14.17022076	-13.10988632	6.71031656	11.11747827
1.58333333	-17.02552676	23.11961803	22.43829179	-14.17677004	-13.01198644	6.71911948	11.09688099
1.59166667	-17.02660075	23.11999136	22.43713278	-14.17706276	-13.01204850	6.71914345	11.09651593
1.60000000	-17.02736807	23.12761627	22.43498322	-14.17720600	-13.00641208	6.71942614	11.09355640
1.60833333	-17.02902380	23.12755362	22.43429849	-14.17750857	-13.00579116	6.71944426	11.09324318
1.61666667	-17.03026979	23.12846216	22.43397016	-14.17750709	-13.00433669	6.71948616	11.09285639
1.62500000	-17.06131563	23.23258761	22.41136594	-14.30793850	-12.76215475	6.67841896	10.86057834
1.63333333	-17.06224622	23.23446545	22.40888920	-14.30639491	-12.76327779	6.67849464	10.86057975
1.64166667	-17.05608783	23.24478341	22.40883718	-14.29856945	-12.76163816	6.67884702	10.86078701
1.65000000	-17.05717670	23.24461804	22.40856639	-14.29843084	-12.76147475	6.67885599	10.86080034
1.65833333	-17.07942883	23.26905764	22.44165292	-14.28012940	-12.71054728	6.67913731	10.86185307
1.66666667	-17.07913105	23.27124288	22.44040224	-14.27935137	-12.71063788	6.67914178	10.86169428
1.67500000	-17.09258666	23.31387020	22.46276650	-14.31257196	-12.66257085	6.67395903	10.84983835
1.68333333	-17.09197635	23.31679488	22.46002305	-14.31197135	-12.66339680	6.67392536	10.84947504
1.69166667	-17.02149041	23.29825906	22.45730695	-14.40204267	-12.66185864	6.60724512	10.70561561
1.70000000	-17.02056496	23.30172830	22.45468598	-14.40138409	-12.66214139	6.60703843	10.70568460
1.70833333	-17.01376919	23.34213200	22.44562624	-14.44872116	-12.62339259	6.59475474	10.70843882
1.71666667	-17.01350690	23.34357104	22.44483154	-14.44960086	-12.62288931	6.59455897	10.70840452
1.72500000	-17.01089037	23.43584385	22.42099679	-14.62183173	-12.52633371	6.56897753	10.70327258
1.73333333	-16.95698846	23.57438800	22.35981637	-14.93603218	-12.48082134	6.53526765	10.64676207
1.74166667	-16.95703409	23.58844236	22.34842539	-14.93526922	-12.48201561	6.53447295	10.64643298
1.75000000	-16.76795911	23.35244773	22.08845199	-14.82687090	-12.37520490	6.08635731	10.61210656
1.75833333	-16.74452099	23.43086965	22.06197198	-14.98967640	-12.34923185	6.07224230	10.60758078
1.76666667	-16.70718264	23.62271246	21.97132816	-15.36089190	-12.28089682	6.05192649	10.59006461
1.77500000	-16.69748918	23.65342227	21.95463244	-15.36801340	-12.28400993	6.05034226	10.58971645
1.78333333	-17.10529781	24.42550505	22.54389223	-15.90464298	-12.65985708	6.36104021	10.87155531
1.79166667	-17.01982459	24.59523382	22.40108503	-16.29784879	-12.56415192	6.39839205	10.86790591
1.80000000	-16.93607911	24.78999983	22.26019362	-16.70847293	-12.47324933	6.39532727	10.83076097
1.80833333	-16.86141808	25.00269084	22.12102814	-17.13258283	-12.37219352	6.38495586	10.79385070
1.81666667	-16.65872026	25.32024011	21.79570115	-17.79312253	-12.29994911	6.29401763	10.71632408
1.82500000	-16.35538153	25.23875390	21.26359868	-18.01849090	-12.03394818	5.98606947	10.55994206
1.83333333	-16.27439313	25.44663464	21.16734084	-18.41719583	-12.04897988	6.04325921	10.55475336
1.84166667	-16.18463634	25.64952407	21.05557320	-18.78887711	-12.06098352	6.09480367	10.55742961
1.85000000	-16.06557364	25.80041128	20.91576793	-19.11177519	-12.09132006	6.15406681	10.56665796
1.85833333	-16.10584754	26.05741551	21.04701872	-19.69750713	-12.38538483	12.66785930	10.65727826
1.86666667	-16.07507426	26.20358260	20.98262978	-19.85586742	-12.39553246	12.75365326	10.73745960
1.87500000	-16.03373193	26.29241337	20.90912669	-19.96502013	-12.42387144	12.82127585	10.79799825
1.88333333	-16.00827204	26.34493660	20.83941603	-20.00640227	-12.44050468	12.87110339	10.88493081
1.89166667	-16.01302681	26.34428219	20.80647960	-19.92800700	-12.47332186	12.90642560	10.90125081
1.90000000	-16.02968880	26.34153712	20.79669735	-19.87967805	-12.50417715	12.93701559	10.91605135
1.90833333	-15.99650167	26.33837111	20.82650003	-19.86984051	-12.61343745	13.20871002	11.17485878
1.91666667	-15.99025608	26.24213029	20.88730372	-19.70459508	-12.79434155	13.26945860	11.22261479
1.92500000	-15.99783557	26.21714591	20.88527791	-19.69813080	-12.84155345	13.28173907	11.22516711
1.93333333	-15.94128130	26.10287254	20.97179642	-19.64791010	-13.22392026	13.52021080	11.42427732
1.94166667	-15.95751515	26.24561066	20.94960965	-19.90870123	-13.35262442	13.78658921	11.67487003
1.95000000	-15.91322956	26.18273015	20.94977708	-19.95113599	-13.53124517	13.83219769	11.67937326
1.95833333	-15.84690981	26.18405330	21.06023294	-20.12999731	-13.90288651	14.08308234	11.86323365
1.96666667	-15.78057470	26.15969862	21.00674925	-20.29624204	-14.05460864	14.11336341	11.89712614
1.97500000	-15.72124784	26.23136165	20.99365456	-20.60926973	-14.28017296	14.47350106	12.27471918
1.98333333	-15.63438152	26.20683677	20.95368860	-20.79410631	-14.49944171	14.46942836	12.26516513
1.99166667	-15.51581713	26.16865878	20.92327352	-21.03167791	-14.82170736	14.70112565	12.51340424
2.00000000	-15.45988606	26.11993310	20.87165420	-21.15534283	-15.01213693	14.70219955	12.50453211
2.00833333	-15.32004673	26.03201502	20.76741607	-21.34168141	-15.22252366	14.92158251	12.52771672
2.01666667	-15.19045032	25.92374005	20.77775695	-21.48986319	-15.55334800	14.93934211	12.52907547
2.02500000	-15.08168186	25.77370178	20.81721602	-21.49727052	-15.84666048	15.05187872	12.46640049
2.03333333	-14.96206302	25.73936546	20.83920488	-21.71597413	-16.26075529	15.12213820	12.52330769
2.04166667	-14.84669278	25.68310308	20.90858819	-21.85082964	-16.72001215	15.23755214	12.58900599
2.05000000	-14.74179482	25.54347578	20.90204877	-21.83008860	-16.95328876	15.34043418	12.43479921
2.05833333	-14.60808273	25.46270625	20.98450308	-21.98366655	-17.43393500	15.39118309	12.48989821
2.06666667	-14.50998052	25.36542855	21.11085207	-22.04710566	-17.97599157	15.50631182	12.59692455
2.07500000	-14.47160619	25.31144006	21.31161533	-22.05856086	-18.53785107	15.70077549	12.75855477
2.08333333	-14.46010787	25.28723959	21.59234184	-22.13243353	-19.12487772	15.79373111	12.81171369
2.09166667	-14.36749696	25.19466426	21.79250436	-22.18908411	-19.74142150	15.81433967	12.77728852
2.10000000	-14.62949372	25.46496539	22.53664858	-22.20691957	-20.46442412	15.86680132	12.51455301
2.10833333	-14.46875248	25.37357754	22.74781167	-22.40467523	-21.23862898	15.93346921	12.52730984
2.11666667	-14.46117175	25.36863321	23.23302577	-22.47295261	-22.26094090	16.17111775	12.63673942
2.12500000	-14.46294313	25.38330529	23.80218476	-22.54937480	-23.32967796	16.29370653	12.53567099
2.13333333	-14.28845885	25.19786293	24.15644802	-22.58388034	-24.33039718	16.30171627	12.38761317
2.14166667	-14.83810226	25.95352139	25.61836086	-22.82422087	-25.65929420	16.32567745	11.53517051
2.15000000	-14.56892767	25.68103069	26.09245829	-22.89348968	-27.02349842	16.46419645	11.42036679
2.15833333	-14.64699595	25.90436376	27.10788287	-23.11939345	-28.53073420	16.62843562	10.47280364
2.16666667	-14.43115774	25.74117400	27.66998738	-23.30714422	-30.08130912	16.88428801	10.31678640
2.17500000	-14.14175578	25.52010973	28.37177694	-23.49049180	-31.79533519	17.07864429	9.85772128
2.18333333	-14.10517948	25.62229205	29.52498882	-23.68206469	-33.46632580	17.03225169	8.25859923
2.19166667	-13.78549147	25.36274484	30.26555168	-23.84831345	-35.27429953	17.40858119	7.70609958
2.20000000	-13.50922071	25.19028460	31.07211528	-24.06812490	-36.95361364	17.42615015	6.51123523
2.20833333	-13.10899532	24.88481459	31.68578469	-24.31969507	-38.64599348	17.65587306	6.13459610
2.21666667	-12.75529196	24.51916385	32.41774594	-24.40403558	-40.39516399	17.86693084	5.31454589
2.22500000	-12.41276344	24.22154318	33.18918614	-24.53449080	-42.01858069	17.94046647	4.25984040
2.23333333	-11.94869239	23.83826213	33.82881202	-24.77549831	-43.60372685	18.13855167	3.60684948
2.24166667	-11.53300071	23.46144755	34.48110533	-24.93124580	-45.09583696	18.31520390	2.79729787
2.25000000	-11.17189217	23.16717317	35.06905590	-25.12617659	-46.40008609	18.33084716	2.58281232
2.25833333	-10.83807239	22.94790829	35.73990920	-25.41242575	-47.59183790	18.55627298	1.26107360
2.26666667	-10.48554178	22.64579511	36.33967580	-25.56185748	-48.68495582	18.61594118	1.20459528
2.27500000	-10.16609769	22.36451572	36.85659164	-25.76007438	-49.61887271	18.85367296	1.24752923
2.28333333	-9.87462325	22.07908795	37.38303722	-25.84716521	-50.36600050	18.88834954	1.24819352
2.29166667	-9.54854150	21.80755067	37.82821348	-26.05478427	-50.97233316	19.08727023	1.39633498
2.30000000	-9.32212443	21.56782269	38.27928871	-26.13503053	-51.36430279	19.13614804	1.46730826
2.30833333	-9.11444115	21.38510775	38.70892973	-26.28638269	-51.62127273	19.23913990	1.61345506
2.31666667	-8.86377629	21.14500750	39.02790661	-26.48574230	-51.72265901	19.63584487	2.48132665
2.32500000	-8.72883507	21.02165170	39.38775416	-26.60970079	-51.60376982	19.65721195	2.50548086
2.33333333	-8.62389753	20.93569619	39.73901285	-26.75412642	-51.34262812	19.72018088	2.52617425
2.34166667	-8.43221887	20.88087489	39.89901715	-27.12131119	-50.91940061	20.04949579	2.57561446
2.35000000	-8.32758693	20.69795187	40.21152147	-27.14145811	-50.55828829	20.23137372	3.16087779
2.35833333	-8.24951989	20.62178316	40.40284137	-27.28696084	-49.86917635	20.29805728	3.14018727
2.36666667	-8.13403792	20.47012043	40.50961752	-27.38068140	-49.03059364	20.44733866	2.80314850
2.37500000	-8.01234756	20.35004161	40.56015167	-27.52920847	-48.08932072	20.54644032	2.39126993
2.38333333	-7.89775061	20.23978430	40.55124966	-27.69604779	-47.03629581	20.67826848	1.83577965
2.39166667	-7.77468640	20.11680325	40.49862524	-27.86254420	-45.88743119	20.82334877	1.09181061
2.40000000	-7.62469656	19.97174849	40.36730249	-28.04358085	-44.64782353	20.98351764	0.10171797
2.40833333	-7.48007924	19.89742721	40.19019507	-28.35043388	-43.30149714	21.14876639	-0.97509777
2.41666667	-7.13046988	19.57240724	39.74779444	-28.58897300	-41.90077493	21.28964768	-2.59364168
2.42500000	-7.06336349	19.50120892	39.55818773	-28.82154729	-40.38342872	21.49716919	-3.82695888
2.43333333	-6.73914770	19.17395245	39.06921565	-29.04968115	-38.85873141	21.61201657	-5.94353866
2.44166667	-6.72852622	19.22781374	38.85365852	-29.38219962	-37.23820271	21.84846708	-7.38502118
2.45000000	-6.59674638	19.19019590	38.54622986	-29.77025330	-35.66377167	22.03188606	-9.73677175
2.45833333	-6.58855472	19.22925633	38.28966848	-30.09715435	-34.01837187	22.30507545	-11.30411682
2.46666667	-6.44309945	19.19896075	37.89329493	-30.54910700	-32.46642402	22.51326404	-13.66209814
2.47500000	-6.33179273	19.17781083	37.51032732	-30.99848956	-30.86592728	22.74280246	-15.64308649
2.48333333	-6.08932760	19.05312884	36.94720449	-31.48252279	-29.23175603	22.98624278	-17.54006345
2.49166667	-5.84744791	18.94398612	36.41206276	-32.02461781	-27.68969844	23.26262685	-19.25975342
2.50000000	-5.80539446	19.06837953	36.06366288	-32.63471095	-26.29011463	23.57103608	-20.74758410
2.50833333	-5.75505939	19.22957429	35.70496339	-33.28933587	-24.93583884	23.80463820	-22.12562861
2.51666667	-5.67213807	19.11772363	35.21153659	-32.90720790	-23.56844861	16.92764447	-22.80336658
2.52500000	-5.60719025	19.22864003	34.84905560	-33.55480115	-22.40813798	17.46417787	-23.75967990
2.53333333	-5.55024388	19.37893018	34.51409094	-34.25883193	-21.37730329	17.69962325	-23.98061703
2.54166667	-5.44827662	19.48566010	34.02410592	-34.98578348	-20.20729490	18.39974882	-25.65686982
2.55000000	-5.53547393	19.80900879	33.75590513	-35.74958591	-19.26161450	18.90993788	-26.32599874
2.55833333	-5.53548048	20.02205545	33.41155275	-36.48095717	-18.33215480	19.30766050	-26.62046896
2.56666667	-5.49252722	20.31764819	33.03282962	-37.43041506	-17.50446385	19.97002812	-27.42410630
2.57500000	-5.55439664	20.65127100	32.74821442	-38.28577018	-16.77498954	20.50718632	-27.77085106
2.58333333	-5.63973448	21.05372209	32.47514999	-39.21374846	-16.07923184	21.10934909	-28.11395239
2.59166667	-5.67631020	21.40687531	32.19797319	-40.13950384	-15.48674033	21.70146083	-28.43475033
2.60000000	-5.74862778	21.81884059	31.98842053	-41.10955631	-15.01632629	22.33837145	-28.71173711
2.60833333	-5.78787965	22.16505183	31.66549510	-42.05295116	-14.54934192	22.96368690	-28.94779030
2.61666667	-5.96454197	22.63511863	31.56686263	-42.99013555	-14.29820585	23.66147060	-29.08553573
2.62500000	-6.19589750	23.26385066	31.51374118	-44.07631402	-14.03079348	24.29370400	-29.17462967
2.63333333	-6.12953988	23.42237282	31.21678321	-44.93456949	-13.92629616	24.92793335	-29.24214463
2.64166667	-6.34628205	23.96715023	31.15152712	-45.93448660	-13.84060601	25.60672830	-29.13698616
2.65000000	-6.35059493	24.16980250	30.84027784	-46.78350301	-13.80947161	26.24144844	-29.13489356
2.65833333	-6.37281758	24.45262631	30.60080615	-47.72812802	-13.84761791	26.91709172	-29.08348654
2.66666667	-6.42720776	24.75377048	30.42309750	-48.64634413	-13.94501644	27.58836427	-29.00044662
2.67500000	-6.80832885	25.41772983	30.44759405	-49.65850106	-13.97813160	28.29289985	-28.61389297
2.68333333	-6.72729397	25.59187921	30.19242750	-50.58703040	-14.08376634	28.92923652	-28.58978616
2.69166667	-6.65224589	25.71299017	29.80042121	-51.46502552	-14.12606282	29.50083781	-28.62375315
2.70000000	-6.66154601	25.93293218	29.49174403	-52.38014843	-14.20026060	30.18794801	-28.62004591
2.70833333	-6.91392004	26.43163583	29.46523855	-53.34681742	-14.27654596	30.90470587	-28.47494892
2.71666667	-6.87135391	26.53961529	29.08119868	-54.15808877	-14.31520644	31.40144781	-28.52369557
2.72500000	-6.84813994	26.63435736	28.62998283	-54.94998378	-14.36127292	31.54129000	-28.52942758
2.73333333	-6.91877729	26.90664693	28.39611985	-55.84465100	-14.43103450	32.52984951	-28.59940922
2.74166667	-6.99209941	27.19578371	28.13883341	-56.80035000	-14.50887449	33.14374029	-28.62551156
2.75000000	-6.97129684	27.31304424	27.72687505	-57.62183522	-14.57774060	33.24919628	-28.63187773
2.75833333	-7.42224550	28.11461625	27.88345512	-58.80824539	-14.60922406	34.34978409	-28.58549403
2.76666667	-7.50752013	28.34860191	27.64419674	-59.66193874	-14.75674618	34.88562137	-28.59626630
2.77500000	-7.81740393	28.94210904	27.63000718	-60.74595113	-14.85789564	35.48817722	-27.97135352
2.78333333	-8.09059048	29.44372904	27.72603446	-61.69004103	-15.14575200	36.16824678	-26.85896747
2.79166667	-8.21387449	29.77026313	27.47126520	-62.69099055	-15.22421696	36.70508299	-25.59092097
2.80000000	-8.32638190	30.07203381	27.39131458	-63.61961206	-15.46891211	37.26969339	-23.56906371
2.80833333	-8.66204862	30.63307464	27.38456761	-64.64074295	-15.68154999	37.79964453	-21.08099923
2.81666667	-8.72812816	30.87821680	27.23555148	-65.58522859	-15.84061723	38.22311172	-18.64200878
2.82500000	-9.24897961	31.63590622	27.63861529	-66.53499647	-16.34862022	38.66456022	-15.66021303
2.83333333	-9.25107724	31.84575892	27.28496203	-67.56689979	-16.30454240	38.93290382	-13.55730572
2.84166667	-9.48812602	32.31310235	27.25071002	-68.58831924	-16.45308701	39.17789090	-11.17306947
2.85000000	-9.62065358	32.68336637	27.21002386	-69.61967055	-16.59861386	39.30149937	-9.04789253
2.85833333	-9.53051353	32.84074269	27.19142914	-70.62500213	-16.88741090	39.31215979	-7.15549487
2.86666667	-9.62366396	33.22558985	27.13814797	-71.76359494	-17.06591173	39.25346191	-5.34543219
2.87500000	-9.56790979	33.50423096	27.17425108	-72.91556410	-17.45189395	39.05093479	-3.70374233
2.88333333	-9.61897483	33.92932520	27.22293118	-74.14730466	-17.92963707	38.71087562	-2.21021588
2.89166667	-9.40191639	34.17833941	27.16391656	-75.48739348	-18.29778920	38.22363230	-0.76411692
2.90000000	-9.32791651	34.57664790	27.11820315	-76.84289110	-18.72896050	37.57311935	0.64951331
2.90833333	-9.30195937	35.10292492	27.18908790	-78.31186358	-19.20575042	36.71368638	2.02143645
2.91666667	-9.20013075	35.60803299	27.11268430	-79.85239214	-19.62081951	35.63582955	3.24043201
2.92500000	-8.96284414	36.07220679	26.94681432	-81.46658907	-20.07538007	34.32845978	4.36621048
2.93333333	-8.83037525	36.71682933	26.96185179	-83.16525432	-20.62338457	32.81828452	5.49533894
2.94166667	-8.81115376	37.58244814	26.99285318	-84.93083689	-21.16352437	31.04228959	6.53614509
2.95000000	-8.57862950	38.30571328	26.95504812	-86.71454690	-21.82789064	29.01801073	7.35638943
2.95833333	-8.53906290	39.35540858	27.25673924	-88.52732812	-22.66209321	26.36268797	7.92858983
2.96666667	-7.96794743	39.79813535	26.91230388	-90.32463328	-23.31379018	24.28236656	8.39273468
2.97500000	-7.79239862	40.75842733	26.78840411	-92.08785917	-23.93390683	21.78579223	8.98010818
2.98333333	-7.50165451	41.56483655	26.81915972	-93.54914629	-24.82136053	18.11869225	9.54174561
2.99166667	-6.89194412	42.06630151	26.08837867	-95.16953795	-25.09340773	16.05122035	9.78230102
3.00000000	-6.20136028	42.38824193	25.22426472	-96.55565394	-25.35473720	13.63786801	10.10234044
3.00833333	-5.83081955	43.06215360	24.64456124	-97.92989243	-25.46321241	12.08217731	10.45688555
3.01666667	-5.15978624	43.39221026	23.58292274	-99.13525969	-25.35362798	10.55377865	10.88452292
3.02500000	-4.84289330	44.03670380	23.08789013	-100.17972455	-25.44945114	9.81744417	11.13727139
3.03333333	-4.58525828	44.72380969	22.51165322	-101.04781267	-25.34360174	9.42792650	11.49583326
3.04166667	-4.27329490	45.26908885	21.83913245	-101.70247423	-25.11350640	9.55523565	11.94799058
3.05000000	-4.05986155	45.82505984	21.29833751	-102.08308188	-24.93798876	9.90473411	12.26353388
3.05833333	-3.56896383	45.98662788	20.45771851	-102.14305913	-24.74173596	10.17588501	12.68909898
3.06666667	-3.50574934	46.60807142	20.00863514	-102.07118666	-24.43595166	10.74043629	12.74340549
3.07500000	-3.37309341	47.08129470	19.61838736	-101.81738313	-24.26732093	11.28469598	12.81517279
3.08333333	-3.04327142	47.21954420	18.99820651	-101.19131309	-24.06821222	10.46347217	13.07586264
3.09166667	-2.95030324	47.65391101	18.52981024	-100.51808051	-23.81118142	9.90235659	13.09161389
3.10000000	-2.60436205	47.65472342	17.87921239	-99.59741562	-23.47622485	9.52160911	13.00687899
3.10833333	-2.58627357	48.05079619	17.48896151	-98.57269455	-23.17118360	8.66534447	12.96923729
3.11666667	-2.58231612	48.35098964	17.31667956	-97.38981816	-23.04380646	8.74681610	12.96409927
3.12500000	-2.65662668	48.72679864	17.17690034	-96.00042540	-22.93342319	7.12053133	13.18011311
3.13333333	-2.72954364	49.03957047	16.92832097	-94.60029727	-22.68774059	7.14445459	13.21630687
3.14166667	-2.47605955	48.88184867	16.37268496	-92.92260160	-22.43715597	5.94839726	13.10904459
3.15000000	-2.60370232	49.11905467	16.18070385	-91.26576372	-22.21730090	5.65649876	13.18852505
3.15833333	-2.68296240	49.26276164	16.08309103	-89.48635847	-22.12121431	4.83976997	13.25133722
3.16666667	-2.73247412	49.26690654	15.91390710	-87.49202764	-22.12143798	3.63433964	13.46153023
3.17500000	-2.83239269	49.28341073	15.76738461	-85.46741218	-22.00568147	2.66047800	13.62804529
3.18333333	-2.91937478	49.19301999	15.63208181	-83.30643300	-21.98041976	1.53297200	13.83303107
3.19166667	-2.98053749	48.98483960	15.52097082	-81.01491128	-22.03636228	0.10920382	14.08284395
3.20000000	-2.69655471	48.24970968	15.06355488	-78.41931049	-22.11697116	-2.96943490	14.32171048
3.20833333	-2.84497745	47.97374906	15.09567028	-75.90663594	-22.30327612	-4.49742488	14.67442017
3.21666667	-2.90050795	47.49576489	15.12127460	-73.25541450	-22.61434847	-6.35214524	15.09008412
3.22500000	-2.72479826	46.59341723	14.84529524	-70.27392041	-22.89562467	-10.52391643	15.37128763
3.23333333	-2.85161840	46.02745135	14.97206358	-67.46253629	-23.33774634	-12.26814753	15.86751926
3.24166667	-2.57018123	44.84908055	14.70182975	-64.36817257	-23.77555354	-15.96828174	16.26280737
3.25000000	-2.73025142	44.18087114	14.88930449	-61.43508991	-24.32022319	-17.77194152	16.80326449
3.25833333	-2.96130731	44.11733807	15.43280594	-59.39501843	-25.28668581	-9.95070008	17.80679302
3.26666667	-3.05801518	43.26131791	15.69255672	-56.40074717	-26.05637619	-11.71569243	18.32469970
3.27500000	-3.14245928	42.31361936	15.88186074	-53.33353900	-26.79038974	-13.56156195	18.98336505
3.28333333	-2.95999842	40.92122777	15.95531209	-50.05890450	-27.65901249	-15.88343954	19.78162018
3.29166667	-3.09637675	40.02213701	16.28848853	-47.07560795	-28.59965223	-17.40762676	20.43209936
3.30000000	-3.16917028	38.99125089	16.61446177	-44.06236808	-29.60699811	-18.85678752	21.19865219
3.30833333	-3.24568423	37.92155256	16.93770832	-41.09750057	-30.63792117	-20.06860716	22.03539310
3.31666667	-3.27074822	36.79332661	17.19949906	-38.31037472	-31.70632298	-20.67892741	23.12790517
3.32500000	-3.27421404	35.71277398	17.43675025	-35.75105781	-32.77708022	-20.65073014	24.15347384
3.33333333	-3.51213083	34.95763434	17.86594962	-33.29194413	-33.91883374	-21.33760623	25.05706130
3.34166667	-3.73480763	34.25269621	18.47589425	-31.24279698	-35.23709026	-20.74262586	26.39341528
3.35000000	-3.68482780	33.27877088	18.83380574	-29.29261837	-36.59187493	-20.86512883	27.35672508
3.35833333	-4.09122038	32.95442161	19.47887116	-27.62216389	-37.92270223	-20.69393973	28.64869523
3.36666667	-4.22452386	32.33199820	19.86818159	-26.03870779	-39.22080550	-20.99668312	29.60157585
3.37500000	-4.61827296	32.06530049	20.76705432	-24.85431898	-40.72055785	-20.70375562	31.17475766
3.38333333	-4.78120689	31.59846564	21.20927346	-23.65424659	-42.05350985	-20.91618475	32.20655683
3.39166667	-5.19287818	31.46661761	22.02849870	-22.82270147	-43.50539721	-20.74327518	33.60951086
3.40000000	-5.33266887	31.02990923	22.47049853	-21.92042370	-44.87144873	-20.85431630	34.54128597
3.40833333	-5.78355863	30.97798216	23.33537672	-21.30733666	-46.31687833	-20.73679314	35.88115353
3.41666667	-6.16115931	30.89253069	24.10184741	-20.80084963	-47.75281978	-20.63521459	36.89307780
3.42500000	-6.16237276	30.30234174	24.53356845	-20.21994108	-49.20564749	-20.72064715	37.66717743
3.43333333	-6.65392500	30.30968453	25.39714501	-19.86341824	-50.62997836	-20.56922339	38.83063138
3.44166667	-6.75540005	29.90226453	25.79090382	-19.52978338	-51.99588106	-20.69051542	39.66461475
3.45000000	-7.36298274	30.11951079	26.92856088	-19.47160770	-53.56747419	-20.64136084	40.77009312
3.45833333	-7.45035158	29.73518146	27.33303956	-19.37859975	-54.96168787	-20.74208539	41.58939673
3.46666667	-8.02932392	30.01978267	28.45046878	-19.63334566	-56.53389073	-20.19267042	42.51346652
3.47500000	-8.23854784	29.82075960	28.96142181	-19.73317757	-57.95936761	-19.14038023	43.30012531
3.48333333	-8.48720345	29.79914189	29.66653538	-20.17165535	-59.47958593	-17.33200452	44.15400172
3.49166667	-8.70733895	29.75038029	30.20052310	-20.62616471	-60.92364418	-14.90440178	45.00286879
3.50000000	-9.09047082	29.91606438	30.97840687	-21.23616741	-62.43565364	-11.88778155	45.89021671
3.50833333	-9.31811484	29.85952103	31.56817436	-21.59407432	-63.97308257	-8.81479184	46.46251358
3.51666667	-9.60939595	30.00031793	32.37687752	-22.29047722	-65.59255954	-5.57713911	46.99143359
3.52500000	-9.50955199	29.92911915	32.69399378	-22.77166891	-67.24685134	-2.96861825	47.18920729
3.53333333	-9.43974606	29.84477576	33.18801754	-23.28875413	-69.10892031	-0.61774808	47.26312340
3.54166667	-10.08405601	30.72387168	34.61088351	-23.99699213	-71.29006855	1.57290288	46.97177900
3.55000000	-9.89896480	30.61743025	35.20684513	-24.58183922	-73.52722851	3.61832014	46.51173480
3.55833333	-9.75410436	30.68600380	36.00840570	-25.30387607	-76.01661302	5.59107925	45.67116495
3.56666667	-9.84118893	31.08787996	37.36531194	-26.15569980	-78.86738498	7.12629297	44.08761219
3.57500000	-9.84818856	31.41649985	38.65536391	-27.00773995	-81.76102172	8.69500696	42.50037619
3.58333333	-9.48643419	31.28644118	39.62192589	-27.86484886	-84.54213749	10.22947801	40.66374406
3.59166667	-9.16248211	31.21068011	40.76999365	-28.75321415	-87.35608974	11.59550278	38.56004521
3.60000000	-8.81657409	31.18308397	41.77923961	-29.70577462	-89.95392428	12.75436802	36.34672134
3.60833333	-7.27002098	29.42629571	41.33741228	-29.65353061	-92.07458937	6.87134308	33.87061423
3.61666667	-7.77179108	30.56759226	43.57494802	-30.84953144	-94.58137712	6.73425700	32.01916570
3.62500000	-7.42380736	30.58726207	44.60218912	-31.78803878	-96.53132074	6.74321765	29.90839485
3.63333333	-6.75832739	30.33217022	45.18974728	-32.93451039	-98.11361959	7.49648613	28.84069113
3.64166667	-6.11038481	30.08199777	45.69789463	-34.04441421	-99.35565030	8.07362611	28.04788149
3.65000000	-5.55583282	29.84477624	46.18225792	-35.02986298	-100.23958177	8.56015516	27.77216822
3.65833333	-5.05519263	29.53865696	46.63086973	-35.82613667	-100.75008486	9.00184721	27.84213139
3.66666667	-4.66160015	29.19536634	47.14950575	-36.41755633	-100.96192488	9.31683857	28.07413541
3.67500000	-3.83823227	28.07974303	46.90397953	-36.47892721	-100.67737935	9.38920237	28.77224076
3.68333333	-3.71980378	27.93430328	47.55671383	-36.82365315	-100.34686333	9.83308663	28.85292608
3.69166667	-3.58873271	27.60081147	48.19010757	-36.90098366	-99.80116926	9.97732561	28.89174703
3.70000000	-3.53453482	27.28882887	48.69711583	-36.89759571	-98.93976159	10.40549937	28.89319599
3.70833333	-3.52570149	26.91762877	49.23488696	-36.72792052	-97.92585119	10.56268550	28.80667576
3.71666667	-3.14640303	26.03753771	49.27104013	-36.36058926	-96.70945138	10.76244775	28.92119433
3.72500000	-3.20484525	25.68363279	49.69851319	-36.13031847	-95.25062201	10.93091502	28.44454752
3.73333333	-3.07999185	25.09203232	49.95405294	-35.85288773	-93.72665532	11.16802177	27.69951393
3.74166667	-2.89687896	24.39928251	49.94694839	-35.46767270	-91.93424944	11.31042191	26.78326611
3.75000000	-2.98511549	24.08445895	50.12824116	-35.22376343	-89.93645034	11.50325612	25.74608817
3.75833333	-2.88027448	23.54163745	50.05049571	-34.96533456	-87.84931146	11.67935403	24.31501859
3.76666667	-2.71668921	22.94903626	49.81311386	-34.69406406	-85.54689775	11.82954990	22.63868657
3.77500000	-2.78256079	22.66616080	49.63998559	-34.54871285	-83.07948006	12.03431114	20.74686970
3.78333333	-2.84122530	22.40772206	49.46892964	-34.42367975	-80.48930968	12.25257608	18.56457942
3.79166667	-2.77804704	22.01286155	49.05004178	-34.32005273	-77.79559946	12.45362586	15.84266152
3.80000000	-2.75373418	21.65130102	48.64390691	-34.18029225	-74.98320661	12.68962347	12.83217076
3.80833333	-2.78943276	21.47089436	48.20314447	-34.28759032	-72.07616104	12.96184916	9.70863980
3.81666667	-2.92144713	21.32333139	47.75710888	-34.24485008	-69.05581137	13.27064123	6.28350459
3.82500000	-2.95514158	21.11254392	47.17452499	-34.31817272	-65.96098534	13.55531549	2.73756634
3.83333333	-2.87059081	20.79686066	46.45801945	-34.45552812	-62.82710591	13.87721085	-0.92790303
3.84166667	-3.01282618	20.80197358	45.84730221	-34.70308823	-59.69214852	14.25614106	-4.43402278
3.85000000	-2.88792215	20.51623081	44.96989566	-34.98809654	-56.51386914	14.56516585	-8.07987097
3.85833333	-2.88551650	20.29441090	44.16969562	-35.24627199	-53.35813983	15.00119099	-11.09143760
3.86666667	-2.92263221	20.21668316	43.29438556	-35.59264054	-50.25648564	15.43665779	-13.97556582
3.87500000	-2.82946818	20.05120918	42.30147468	-36.07547143	-47.17590203	15.90189280	-16.63542148
3.88333333	-2.98269470	20.15453530	41.52097571	-36.66818503	-44.20786016	16.51386601	-18.87729749
3.89166667	-3.07204937	20.19117712	40.65882945	-37.22472783	-41.35573645	17.14204446	-20.90137656
3.90000000	-2.96997176	20.09461243	39.58005159	-37.82634676	-38.68702943	17.71570363	-22.60016772
3.90833333	-3.13048887	20.26718373	38.76286200	-38.50932929	-36.19505748	18.30210846	-23.44751362
3.91666667	-2.99972525	20.14523564	37.67120329	-39.24971683	-33.87761108	18.99520186	-25.19531252
3.92500000	-3.16298043	20.37897165	36.91319001	-40.05043553	-31.85988450	19.69654637	-26.08641341
3.93333333	-3.17474191	20.46389529	36.03920581	-40.88997588	-29.98723681	20.37859309	-26.90999420
3.94166667	-3.38421238	20.78195506	35.31185817	-41.82895991	-28.31158090	21.11820123	-27.59481373
3.95000000	-3.55640110	21.00733478	34.65722047	-42.68915759	-26.74579000	21.84141038	-28.69586421
3.95833333	-3.86062102	21.46348806	34.11940879	-43.69825158	-25.46047981	22.60263231	-29.20654137
3.96666667	-4.01240035	21.77691807	33.43115557	-44.74090385	-24.04596894	23.28486712	-30.43259617
3.97500000	-4.38591733	22.28081641	32.99751413	-45.71535567	-23.01589486	24.07994800	-30.69164848
3.98333333	-4.78504888	22.90712051	32.62757107	-46.86622469	-21.86336611	24.84673082	-31.64120038
3.99166667	-5.02046338	23.26589823	31.98680220	-47.85327009	-20.90541750	25.60386924	-31.79834264
4.00000000	-5.20817824	23.51885748	31.36024449	-48.77276544	-19.96109408	26.17465009	-31.88636901
4.00833333	-5.59748541	24.14830694	30.83529774	-49.99710095	-19.06627034	27.11595822	-32.20508169
4.01666667	-5.80176221	24.39365834	30.22005632	-50.89221031	-18.29158500	27.67454162	-32.30281913
4.02500000	-6.00241188	24.68926419	29.64060044	-51.92041937	-17.64872876	28.42552296	-32.49528430
4.03333333	-6.21705466	25.04692466	29.10163948	-53.01175853	-17.12037122	29.17181670	-32.68189716
4.04166667	-6.38090366	25.32841107	28.59550670	-54.11420808	-16.75088168	29.95525698	-32.93301532
4.05000000	-6.93519710	26.12669454	28.49109506	-55.45732981	-16.52438965	31.09256801	-33.30956893
4.05833333	-7.05029753	26.34266620	27.93538055	-56.53447162	-16.36667890	31.60416237	-33.31365626
4.06666667	-7.21380405	26.64559526	27.55009414	-57.72848555	-16.35755526	32.38531209	-33.12379454
4.07500000	-7.68528472	27.40977814	27.44910523	-59.22414810	-16.32166871	33.19356261	-31.88825085
4.08333333	-8.27555536	28.26140490	27.55537367	-60.59632755	-16.57620878	34.01508993	-29.37316483
4.09166667	-8.89801306	29.20015194	27.66040220	-62.05817025	-17.02010549	34.69163219	-26.21209991
4.10000000	-9.04573106	29.61794769	27.33115137	-63.60158974	-17.13704630	35.27176019	-22.79782649
4.10833333	-9.67989002	30.64419774	27.57659174	-65.29054285	-17.45168213	35.79969754	-18.89351592
4.11666667	-10.13144774	31.47196139	27.34547662	-67.02408491	-17.38731489	36.01256565	-15.28750192
4.12500000	-10.40193345	32.29947262	27.60022961	-68.83052272	-18.10425374	36.18236819	-11.50032230
4.13333333	-10.62948413	33.06976490	27.50148337	-70.76249465	-18.45713118	36.07987070	-8.24489021
4.14166667	-10.77147829	33.86985714	27.42999138	-72.87916652	-18.86326730	35.74731441	-5.45236146
4.15000000	-10.78601993	34.55856253	27.51193121	-75.03646272	-19.51756452	35.17891669	-2.76601071
4.15833333	-10.70934976	35.31296076	27.68084605	-77.38789685	-20.38168195	34.35992775	-0.23094246
4.16666667	-10.48618368	35.99761012	27.86123604	-79.83247841	-21.40054463	33.26058159	2.12580093
4.17500000	-10.27998283	36.80771749	27.70956756	-82.34133218	-22.21515992	31.87374255	4.37217569
4.18333333	-9.94288661	37.56382061	27.68968408	-84.85370840	-23.26802879	30.21354279	6.59726072
4.19166667	-9.49594942	38.21554512	27.55037743	-87.35496351	-24.23520392	28.35224048	8.62347949
4.20000000	-8.98413418	38.90593855	27.24989327	-89.74174584	-25.12006861	26.24839696	10.59920559
4.20833333	-8.44061527	39.45859826	26.98463793	-91.97342196	-25.98065371	24.10190409	12.23860079
4.21666667	-8.77410069	41.08079755	27.67379182	-94.09651342	-27.04687791	21.16840781	13.73467631
4.22500000	-8.00030570	41.39032604	27.15572062	-95.97157077	-27.86637855	19.05590765	15.01836961
4.23333333	-7.67931383	42.24950724	26.98417278	-97.84143240	-28.75711447	16.90740199	15.93725813
4.24166667	-7.30579395	42.98854715	26.89487746	-99.33155994	-29.85430768	14.25008003	16.67585427
4.25000000	-6.79407569	43.50658088	26.47751353	-100.72204922	-30.68411344	12.64829275	17.25960067
4.25833333	-6.24873467	43.88961810	26.12158195	-101.88010462	-31.55352438	10.71707837	17.63932063
4.26666667	-5.70839799	44.25345721	25.50068586	-102.84092495	-32.10913748	9.74110890	18.05947294
4.27500000	-4.84775299	44.12932339	24.37979952	-103.41880276	-32.43129156	8.59456399	18.45649811
4.28333333	-4.35864588	44.30744804	23.59387582	-103.72946509	-32.62402122	7.90145269	19.03746762
4.29166667	-4.23266915	44.87986164	23.04584524	-103.85859563	-32.68565016	7.42733951	19.66041074
4.30000000	-3.86990758	45.01471767	22.37294299	-103.68136810	-32.63299145	6.91484833	20.17908604
4.30833333	-4.42027206	46.17604052	22.45150536	-103.42528245	-32.57218903	6.28229436	20.66308471
4.31666667	-4.33213205	46.49683220	21.86253658	-102.94492868	-32.21733574	6.60338039	20.83714454
4.32500000	-4.07887869	46.59705150	20.79696264	-102.10041615	-31.63934971	4.92761931	21.17743418
4.33333333	-4.17371263	47.02755694	20.39850874	-101.23445021	-31.27275946	5.05868990	21.24948612
4.34166667	-3.96530008	47.00580010	19.73076463	-100.07449099	-30.87360245	4.56967065	21.21220474
4.35000000	-4.06973541	47.31260129	19.08554381	-98.81963800	-30.26999811	4.08027281	21.21715951
4.35833333	-4.16211944	47.49804654	18.66933797	-97.38551235	-29.84480332	3.71865366	21.26091888
4.36666667	-4.33400611	47.61938283	18.35406064	-95.78603709	-29.45673982	3.17508542	21.20714492
4.37500000	-4.52391699	47.75849001	18.03185392	-94.04358092	-29.06172437	2.56958562	21.21060849
4.38333333	-4.51280249	47.56243414	17.53574094	-92.09803618	-28.63454268	2.30353840	21.05632217
4.39166667	-4.56895026	47.41258544	16.93662459	-90.18323408	-27.98709062	1.92661443	20.81515929
4.40000000	-4.78202499	47.38181959	16.63162191	-88.00320784	-27.61590170	0.90085911	20.90320457
4.40833333	-5.03446659	47.24233218	16.39573324	-85.70237618	-27.26825126	-0.15952008	20.97257642
4.41666667	-5.21682758	47.00504769	16.00686022	-83.26387206	-26.87486634	-1.40208691	21.05200667
4.42500000	-5.26533344	46.52786623	15.50185203	-80.65537264	-26.50860121	-2.83968285	21.16145277
4.43333333	-4.89885379	45.45417578	14.21156814	-77.86708301	-25.78614959	-4.63565096	21.16931335
4.44166667	-4.94353803	44.81984855	13.80071929	-75.03807738	-25.60642061	-6.37109694	21.37390598
4.45000000	-4.35573268	43.29166930	12.43417932	-71.90215818	-25.12857740	-8.73958965	21.65079147
4.45833333	-4.71403561	42.83101388	12.37581453	-69.01724965	-25.05204311	-10.21577160	21.94820250
4.46666667	-4.75820681	41.94212006	11.94649630	-65.85554056	-25.00184958	-12.86571714	22.43495559
4.47500000	-5.03708942	41.33749667	11.84508153	-62.76711546	-25.05821626	-14.54455250	22.81878514
4.48333333	-4.76853232	39.93950249	11.28663124	-59.38869143	-25.25221359	-17.01778264	23.35460515
4.49166667	-5.09331575	39.24758692	11.28907081	-56.17101346	-25.49652945	-18.75690411	23.80849185
4.50000000	-5.34324428	38.45894729	11.39673580	-52.92005207	-25.96495117	-20.66028728	24.43097475
4.50833333	-4.80945534	36.68053178	10.55726671	-49.44718989	-26.32538837	-22.82605245	25.20371167
4.51666667	-5.30594900	36.11400475	11.18847099	-46.17540984	-27.21306868	-23.91569275	26.04627114
4.52500000	-5.65754349	35.32733499	11.38406462	-42.77636718	-27.73712905	-25.18585387	26.82608490
4.53333333	-6.13879312	34.76025511	11.99620178	-39.90236683	-28.73597486	-23.92284147	27.92336662
4.54166667	-6.74695258	34.74639738	12.83870914	-37.55294981	-29.71419697	-17.15389113	28.46001113
4.55000000	-7.01447049	33.88432459	13.20836461	-34.43565733	-30.81587329	-17.71916922	29.66533665
4.55833333	-7.16378779	32.95269278	13.46763863	-31.48977659	-31.90370415	-18.14180218	30.80731898
4.56666667	-7.48479708	32.16525952	13.86564401	-28.64095395	-32.96400766	-18.45969274	31.72487551
4.57500000	-7.75518909	31.52429156	14.37032442	-26.34388337	-34.29226039	-18.10581654	33.09984931
4.58333333	-7.98565296	30.85054584	14.75541046	-24.05025640	-35.49313746	-18.20144785	34.00947348
4.59166667	-8.48083522	30.59536269	15.47671678	-22.29886972	-36.85757203	-17.82660045	35.36063729
4.60000000	-8.67616954	30.10325686	15.83514006	-20.60769705	-38.16020278	-17.86711393	36.26534511
4.60833333	-9.02536121	29.87447602	16.71328843	-19.34185633	-39.83232870	-17.84911897	37.43767197
4.61666667	-9.54624354	29.93113972	17.50951611	-18.28944188	-41.36131101	-17.91419360	38.47393473
4.62500000	-9.76425292	29.46097210	17.92505215	-17.09368255	-42.85303681	-18.17967047	39.33268024
4.63333333	-10.36297448	29.61532006	19.18153642	-16.28781648	-44.82186474	-18.65707428	40.54022166
4.64166667	-10.54563305	29.29404762	19.67584117	-15.64757241	-46.46935392	-19.11956534	41.37546842
4.65000000	-11.67994975	30.20998744	21.53838175	-15.52268003	-48.52582280	-19.48369234	42.40427218
4.65833333	-12.12300262	30.22456959	22.39574436	-15.30807928	-50.31855807	-19.48296724	43.18770679
4.66666667	-12.47521896	30.27100445	23.03696605	-15.50561255	-51.99704207	-18.70065993	43.98458842
4.67500000	-12.65698767	30.12330803	23.61970138	-15.85959066	-53.83328351	-16.98536732	44.68770500
4.68333333	-13.11107408	30.36020788	24.44981274	-16.66646385	-55.71114788	-14.35182258	45.35238155
4.69166667	-13.47687435	30.51333110	25.36821956	-17.54909543	-57.81214476	-10.95490985	45.70029827
4.70000000	-13.55092320	30.33145524	25.84370883	-18.44708975	-59.82914388	-7.24478867	45.88450286
4.70833333	-13.70647754	30.30904883	26.61543645	-19.37547067	-62.15500855	-3.41387892	45.85149943
4.71666667	-13.94212913	30.54695766	27.58952981	-20.46194337	-64.66031254	0.03034377	45.46416373
4.72500000	-14.33749154	31.03421432	28.87843988	-21.47044500	-67.41021970	3.04337740	44.77897861
4.73333333	-14.67050445	31.44211630	30.37109763	-22.33055687	-70.41711117	5.64002975	43.76751452
4.74166667	-14.61582975	31.41212854	31.35272429	-23.08656272	-73.31104972	8.11545666	42.76166184
4.75000000	-15.18274430	32.26236369	33.49284158	-24.03356742	-76.73213849	10.01371531	40.70957050
4.75833333	-14.93199576	32.00403172	34.48750888	-24.71065215	-79.74791587	12.06872093	39.14962443
4.76666667	-14.95905502	32.26183186	36.15149122	-25.61996071	-83.05851365	13.37478293	36.32900292
4.77500000	-14.65582612	31.82756512	37.26093383	-25.23823143	-85.92994226	5.62289413	33.83009601
4.78333333	-14.18760834	31.54027082	38.24495156	-26.23870063	-88.63845829	7.01351616	31.35702185
4.79166667	-13.81164057	31.36246206	39.27800268	-27.27322195	-91.02252011	8.11773906	29.12013268
4.80000000	-13.28475660	31.08909234	40.18542490	-28.38598735	-93.07900837	9.26849016	27.65011814
4.80833333	-12.76681818	30.88480334	40.95232425	-29.62891372	-94.74995169	10.09597864	26.54773945
4.81666667	-12.27136299	30.62525607	41.61550107	-30.79980073	-95.97464803	10.71420228	26.12418327
4.82500000	-11.03683355	29.22098147	41.22399739	-31.38390431	-96.63317570	11.31093387	25.99738688
4.83333333	-10.70618540	28.84817861	41.81362038	-32.08461998	-97.04886709	11.94005832	26.09483736
4.84166667	-10.24840682	28.15063482	42.16419544	-32.46832741	-97.06997339	12.51920111	26.35037326
4.85000000	-9.99010593	27.41743678	42.63028375	-32.49959363	-96.73207568	12.99636013	26.41285389
4.85833333	-9.30043039	26.03057641	42.49906241	-32.14922877	-96.05145739	13.20809219	26.46701815
4.86666667	-9.35857200	25.44192056	43.31723072	-31.76119018	-95.31258274	13.36924471	26.46261041
4.87500000	-9.35067422	24.68378331	43.91683887	-31.23138596	-94.24932018	13.65301460	26.26679186
4.88333333	-9.48562596	23.93988013	44.64215398	-30.48914059	-93.01158266	13.70926096	26.21273343
4.89166667	-9.10822900	22.63435902	44.72339814	-29.72397099	-91.48022623	13.90460259	25.79152221
4.90000000	-9.26277631	21.94830899	45.34181941	-28.98659991	-89.83089719	13.93921458	25.63498849
4.90833333	-9.44641531	21.24037954	45.87385166	-28.20056241	-87.98508745	13.94325442	25.49416387
4.91666667	-9.43559938	20.38819147	46.05498603	-27.53121213	-85.89472224	13.90887080	24.98807702
4.92500000	-9.37679533	19.43405932	46.16419744	-26.71590855	-83.70030837	13.84939621	24.59162073
4.93333333	-9.41184631	18.66694532	46.23557233	-26.07744512	-81.23807413	13.77288612	24.25802427
4.94166667	-9.46022349	17.87762287	46.28971247	-25.34953593	-78.70412887	13.64147836	23.89911758
4.95000000	-9.26064630	16.78162894	45.93726371	-24.57129046	-75.91392340	13.62219597	23.53649854
4.95833333	-9.42905958	16.25343518	45.97659009	-24.04689192	-73.04102973	13.34455003	23.05773891
4.96666667	-9.66227898	15.70278957	45.99280134	-23.40623214	-70.01181734	13.16127954	22.55102589
4.97500000	-9.41947747	14.69090200	45.32646173	-22.84601893	-66.78153979	13.13559563	21.77474456
4.98333333	-9.52366103	14.19782848	45.02644588	-22.49796663	-63.43822453	12.80491799	20.87907152
4.99166667	-9.26973281	13.18566550	44.22077303	-21.96890547	-59.96349944	12.81822976	19.69582767
5.00000000	-9.27303012	12.61322671	43.74220580	-21.70293235	-56.50080517	12.59112410	18.53081000
5.00833333	-9.25078796	11.96247628	43.20423756	-21.36141858	-53.02582743	12.51161255	17.17927392
5.01666667	-9.25375776	11.31111298	42.67092535	-21.03364026	-49.51849885	12.45946503	15.73882135
5.02500000	-9.05474903	10.47476957	41.92956576	-20.70191605	-46.05640726	12.40778515	14.21858220
5.03333333	-9.00189681	9.80528647	41.35096435	-20.41145369	-42.66293127	12.39694214	12.80198494
5.04166667	-9.09492271	9.30372293	40.92550945	-20.18948687	-39.34614128	12.42266062	11.36479156
5.05000000	-8.99421814	8.60029158	40.36868709	-19.93960757	-36.20059347	12.44453904	9.75478105
5.05833333	-8.93529171	7.90484428	39.86409685	-19.66785537	-33.18081515	12.43446156	8.20732318
5.06666667	-8.85497317	7.17732215	39.36877149	-19.41077347	-30.31974476	12.43029513	6.68905827
5.07500000	-8.87659908	6.53325520	39.04971240	-19.12024955	-27.69237221	12.43144481	5.18690445
5.08333333	-8.84030490	5.88273224	38.71584251	-18.94016123	-25.28591938	12.47623403	3.64489357
5.09166667	-8.80575988	5.33397427	38.41547285	-18.90559140	-23.13217845	12.58109989	2.25161914
5.10000000	-8.75964289	4.59545109	38.20119643	-18.65062465	-21.28512830	12.54811786	1.04215435
5.10833333	-8.40468383	3.49785761	37.63836567	-18.40577678	-19.69945632	12.62873567	0.73917576
5.11666667	-8.56041367	3.04911633	37.73758017	-18.30696052	-18.32933763	12.51143806	-0.35367276
5.12500000	-8.61563059	2.50957742	37.70133394	-18.22093031	-17.14333917	12.49100027	-1.13927711
5.13333333	-8.77139949	2.09859104	37.75676273	-18.21526689	-16.04282292	12.45553343	-1.52055876
5.14166667	-8.69136366	1.45988244	37.60017625	-18.20601322	-15.32974917	12.33538173	-1.89783865
5.15000000	-8.86269247	1.14203997	37.65356482	-18.31845773	-14.62721907	12.31179541	-1.89567902
5.15833333	-8.98847157	0.80263965	37.64571520	-18.47804859	-14.10803502	12.17953005	-1.93956147
5.16666667	-9.06668062	0.46776871	37.59934589	-18.73187647	-13.84554224	11.97313458	-1.86907099
5.17500000	-9.16901520	0.18584309	37.59059001	-19.05880474	-13.84205996	11.87769878	-1.83449459
5.18333333	-9.23886470	-0.08117540	37.49372122	-19.48589534	-13.97169685	11.70528811	-1.76873192
5.19166667	-9.19554818	-0.40659392	37.10435381	-19.96516054	-14.07559878	10.73715919	-1.10050041
5.20000000	-8.95953469	-1.04069879	36.54401709	-20.31343785	-14.35888454	10.04120014	-1.05896953
5.20833333	-9.06615354	-0.98481876	36.34327629	-21.21418612	-14.66561310	9.30798163	-1.54980230
5.21666667	-9.30963272	-0.69368366	36.29206538	-22.22524303	-14.99977670	8.33482558	-2.43669482
5.22500000	-9.40816108	-0.34047997	35.98134384	-23.61432245	-15.11546071	7.48927431	-3.45599955
5.23333333	-9.96021239	0.73647520	36.30517163	-25.26930361	-15.32076883	6.15372730	-5.28121577
5.24166667	-10.03215393	1.35643337	36.01656824	-27.05756234	-15.42801079	4.73499980	-6.21094556
5.25000000	-10.86957142	3.35434283	36.79514384	-29.55829506	-15.77153862	3.04809242	-7.71113940
5.25833333	-11.33619266	4.50163774	37.18762618	-31.47092077	-16.29092701	0.77719501	-8.07777607
5.26666667	-11.12375626	5.33719206	36.84055474	-33.86490826	-16.91182300	-1.62607399	-7.82035368
5.27500000	-11.73972961	7.28756146	37.51796581	-36.47668793	-17.78658640	-4.49459074	-7.76450156
5.28333333	-11.42385796	8.23023199	37.06980685	-39.05231252	-18.54055033	-6.97565352	-6.78883663
5.29166667	-11.31064612	9.41006834	36.79377774	-41.58340879	-19.19676788	-9.87608429	-5.85739831
5.30000000	-11.31450623	10.82191344	36.75231006	-44.12305525	-20.05218250	-12.83006180	-4.96396291
5.30833333	-11.01791574	11.88696519	36.20500489	-46.60161060	-20.62482366	-15.19810215	-4.08773693
5.31666667	-10.75292989	13.02176399	35.66590529	-49.03883802	-21.09824619	-17.52106315	-3.20771763
5.32500000	-10.92038769	14.64568613	35.56436297	-51.39272028	-21.50849738	-20.22194490	-2.32432996
5.33333333	-10.77275000	16.07780469	35.02001590	-53.82424136	-21.72860234	-22.28234523	-1.58890876
5.34166667	-11.11124310	18.01338643	35.05249540	-56.13269568	-22.04758386	-24.61049298	-0.67567182
5.35000000	-11.23572216	19.74969324	34.75640715	-58.29280573	-22.19921009	-26.86691802	0.12672470
5.35833333	-11.28221823	21.42181738	34.27610622	-60.37852984	-22.16445987	-28.80436567	0.87203743
5.36666667	-11.50579356	23.24213473	34.00391986	-62.26351112	-22.14757959	-31.03542745	1.63773001
5.37500000	-11.74458711	25.04628185	33.69472882	-63.89023781	-22.05549735	-33.30156523	2.32763234
5.38333333	-11.79527713	26.59972129	33.11217614	-65.36303550	-21.85312071	-35.07853174	3.05903679
5.39166667	-11.88989038	28.08507901	32.55934570	-66.56963166	-21.62068646	-36.45059766	3.62815707
5.40000000	-11.90706174	29.48850322	31.90174901	-67.62580539	-21.32668570	-37.31235845	4.20305835
5.40833333	-11.78909808	30.63754346	31.08596780	-68.46081482	-21.02626324	-36.53331671	4.65541072
5.41666667	-11.60468823	31.55250538	30.12441908	-68.86461008	-20.63791426	-37.44537045	5.26869638
5.42500000	-11.55658672	32.67085571	29.32918824	-69.30936947	-20.22918550	-36.04924287	5.61359755
5.43333333	-11.46790526	33.69038983	28.51418004	-69.52194587	-19.85432139	-34.68758993	6.03206267
5.44166667	-11.36928522	34.62946307	27.70432320	-69.81801250	-19.56782242	-32.51264576	6.59896775
5.45000000	-10.82076859	35.10441672	26.26372706	-69.72757253	-19.06324609	-29.79806980	7.31150444
5.45833333	-10.73574259	36.07726449	25.49943422	-69.49511906	-18.75682376	-28.37001415	7.62669645
5.46666667	-10.27180339	36.44293448	24.18010104	-69.01413334	-18.32982406	-25.43979222	8.31999703
5.47500000	-10.21463194	37.27806395	23.38587768	-68.37973632	-17.93699148	-24.16740555	8.60049205
5.48333333	-9.46361749	37.20743857	21.70583577	-67.55283446	-17.42246365	-21.20941807	9.22355187
5.49166667	-9.39169259	37.89211871	21.01890222	-66.60596621	-17.19318679	-19.94580847	9.70036169
5.50000000	-8.62750886	37.72058379	19.24074558	-65.53231441	-16.55165843	-16.76260360	10.06921685
5.50833333	-8.66698672	38.43795346	18.53158619	-64.28285543	-16.13387023	-15.73129648	10.52966456
5.51666667	-8.00871597	38.34571898	17.07150410	-63.10006159	-15.75048939	-12.18732843	10.73970333