0.00000000	-17.32958633	24.49147114	24.80003016	-12.43073535	-11.95845778	3.15420896	4.98526491
0.00833333	-17.34097810	24.65035169	24.88993553	-12.69867672	-12.09745011	3.23666386	5.02170621
0.01666667	-17.39111150	24.70244661	24.88960609	-12.71180657	-12.01844255	3.27237268	5.05850164
0.02500000	-17.45091423	24.75410443	24.97054866	-12.71048383	-12.03024938	3.31331686	5.06312943
0.03333333	-17.42709637	24.74928529	24.92359960	-12.73678370	-11.99617189	3.28053807	5.00810545
0.04166667	-17.24213273	24.63188914	24.69161527	-12.80353391	-11.94731997	3.22698797	4.98327362
0.05000000	-17.26893605	24.77346974	24.84093830	-12.96790590	-12.12918332	3.28346969	5.01731166
0.05833333	-16.97619917	24.33840878	24.33453453	-12.79001797	-11.84717830	3.26063501	4.92834696
0.06666667	-17.02812374	24.41741457	24.42477555	-12.82549053	-11.88781082	3.30215451	4.97198313
0.07500000	-17.06734997	24.45860881	24.46897889	-12.82770633	-11.88738107	3.31375567	4.99126715
0.08333333	-17.11039449	24.56613155	24.60427541	-12.93043672	-12.02582916	3.35312019	5.01618642
0.09166667	-16.89059475	24.22904072	24.23981243	-12.77253469	-11.81877709	3.29210440	4.93594601
0.10000000	-16.94928768	24.31122028	24.32104033	-12.80014561	-11.84177592	3.30349307	4.96936517
0.10833333	-17.00789069	24.39390362	24.39981639	-12.83001205	-11.87901463	3.33631831	5.00000663
0.11666667	-17.02710619	24.39770035	24.41693234	-12.81121512	-11.85658387	3.30373736	4.95924206
0.12500000	-17.06527447	24.46593263	24.47163857	-12.86063755	-11.87356009	3.33338508	4.99607321
0.13333333	-16.97484440	24.33860349	24.34822670	-12.80885188	-11.83115894	3.29055677	4.93953458
0.14166667	-17.02292900	24.40473783	24.40972406	-12.83580086	-11.84770086	3.32604634	4.97298840
0.15000000	-17.05994788	24.44141068	24.45467898	-12.83494557	-11.85412956	3.33636601	4.98485552
0.15833333	-17.10374546	24.55804270	24.59208184	-12.93952181	-11.99917435	3.37816333	5.01295930
0.16666667	-17.11340834	24.49779820	24.53114522	-12.83259813	-11.87925298	3.32678108	4.98018800
0.17500000	-17.03722714	24.42175620	24.43221865	-12.82963727	-11.86233370	3.28919901	4.95156741
0.18333333	-17.05209333	24.43769724	24.46701895	-12.83037736	-11.87455427	3.31592071	4.97101778
0.19166667	-17.11693107	24.53720103	24.57436539	-12.86830181	-11.95108732	3.36706576	5.01211816
0.20000000	-17.16356010	24.56693529	24.62413694	-12.85936554	-11.93641392	3.38540996	5.02701623
0.20833333	-17.11766328	24.51336929	24.55553390	-12.84198261	-11.89771380	3.31389629	4.96027838
0.21666667	-16.87209011	24.20397107	24.23224985	-12.77068896	-11.81505739	3.30810994	4.92617751
0.22500000	-16.93087455	24.27282828	24.30788895	-12.78715665	-11.83051342	3.32251168	4.95200167
0.23333333	-16.97032050	24.33092504	24.38361295	-12.80910410	-11.88020821	3.33011710	4.95986885
0.24166667	-17.02298637	24.38178063	24.44526144	-12.81990761	-11.88068184	3.35740237	4.99420534
0.25000000	-17.02723797	24.38999599	24.46396314	-12.80780581	-11.89486762	3.32049405	4.96436550
0.25833333	-17.08052796	24.48868448	24.55397682	-12.87817651	-11.96266160	3.36530123	5.01202070
0.26666667	-17.10156871	24.49265736	24.56603855	-12.85146451	-11.93387708	3.35744359	5.01017326
0.27500000	-17.03371832	24.40887349	24.48079112	-12.83505910	-11.92271379	3.30757347	4.95719097
0.28333333	-17.08536753	24.46874338	24.55517692	-12.84301124	-11.94566500	3.34795624	4.99366265
0.29166667	-17.11438173	24.50532255	24.59272072	-12.85308609	-11.95271639	3.36355525	5.01336020
0.30000000	-17.15479305	24.61527231	24.72210030	-12.94766803	-12.08506723	3.40552640	5.04054057
0.30833333	-17.15666553	24.55372678	24.66850053	-12.86115816	-11.97352691	3.37228403	5.02391333
0.31666667	-17.18480810	24.58449722	24.69694989	-12.86542984	-11.98284438	3.38320469	5.03518712
0.32500000	-16.85906725	24.19518875	24.26598714	-12.81759170	-11.85838436	3.38690219	4.94667286
0.33333333	-16.93211151	24.27642800	24.36964368	-12.82436270	-11.89890472	3.40984703	4.99783588
0.34166667	-16.98290576	24.33329193	24.43890554	-12.83424049	-11.90993130	3.41034185	5.01574608
0.35000000	-17.01547902	24.36728856	24.49447517	-12.82420501	-11.94014080	3.39832765	5.00132727
0.35833333	-17.07422814	24.46165149	24.58864790	-12.87344141	-12.00332611	3.44092556	5.03969730
0.36666667	-17.05400871	24.42377297	24.55525561	-12.84061192	-11.95712826	3.37967196	4.97939801
0.37500000	-17.14499731	24.58906131	24.73383609	-12.94038695	-12.09929080	3.45619292	5.04654389
0.38333333	-17.15613629	24.53696527	24.68193383	-12.86068315	-11.98662050	3.42565377	5.02624599
0.39166667	-17.20291671	24.66210237	24.82967537	-12.96688972	-12.12784840	3.46933298	5.05490191
0.40000000	-17.15890850	24.55365562	24.69061070	-12.86442821	-11.97354629	3.38191225	4.99042719
0.40833333	-17.18746894	24.58791974	24.72404036	-12.88397146	-11.99183182	3.41027331	5.01418003
0.41666667	-17.22240897	24.70324105	24.86857366	-12.99724269	-12.14253315	3.45448906	5.04066385
0.42500000	-17.13373012	24.53721085	24.66711424	-12.87661483	-11.98082786	3.36276491	4.96709915
0.43333333	-17.17656529	24.59089127	24.72991949	-12.89994815	-12.00650272	3.41069942	5.00598385
0.44166667	-17.19290734	24.60862891	24.73869571	-12.89620309	-11.98149508	3.40985419	5.01019679
0.45000000	-17.17048784	24.56836746	24.71407230	-12.87697184	-11.97869741	3.38340339	4.97606945
0.45833333	-17.18669167	24.60236507	24.73276156	-12.90141830	-11.97901685	3.40303887	4.99963938
0.46666667	-16.84243688	24.16439800	24.27346810	-12.79338231	-11.85473109	3.33931904	4.93087185
0.47500000	-16.91107147	24.25649996	24.38229117	-12.82168305	-11.90190738	3.39447396	4.96579687
0.48333333	-16.96876704	24.32126508	24.46608742	-12.82380915	-11.92606515	3.38755482	4.95628523
0.49166667	-17.00362513	24.46944060	24.62690236	-12.98989118	-12.10968481	3.43364785	4.99237293
0.50000000	-17.08188302	24.48325822	24.62516067	-12.89861088	-11.97226625	3.44909122	5.03522411
0.50833333	-17.12592255	24.51239133	24.66750189	-12.87350791	-11.96998218	3.44334513	5.02557628
0.51666667	-17.12899804	24.50857223	24.67845709	-12.85630870	-11.98383472	3.41050839	4.99319753
0.52500000	-17.08572662	24.47307739	24.61268408	-12.87975725	-11.95152082	3.39197015	4.96783435
0.53333333	-17.04835022	24.44264572	24.56473539	-12.88012797	-11.94283889	3.41076471	4.95921497
0.54166667	-17.06164433	24.49284598	24.58760621	-12.91635670	-11.95242352	3.43094981	4.99208393
0.55000000	-17.10715727	24.56552348	24.66029923	-12.96244830	-12.00770973	3.46192568	5.02707736
0.55833333	-17.11499667	24.57728117	24.65480045	-12.95580183	-11.98213724	3.44678455	5.02413141
0.56666667	-17.10965273	24.50338292	24.65296574	-12.88523650	-11.98942006	3.43738945	4.98715390
0.57500000	-17.03467593	24.47070245	24.57194472	-12.91684293	-11.98313579	3.38889111	4.96107739
0.58333333	-17.06724569	24.53997060	24.64010670	-12.96852347	-12.03979146	3.43796396	5.00381895
0.59166667	-17.03676614	24.49346813	24.57932962	-12.93666476	-11.99693176	3.40283091	4.97678692
0.60000000	-17.06784674	24.55177378	24.64085247	-12.97573450	-12.04137290	3.44452186	5.01747593
0.60833333	-16.73483102	24.09397116	24.19229930	-12.82032030	-11.89738028	3.31959652	4.93945420
0.61666667	-16.80549410	24.18794846	24.29272065	-12.85335890	-11.94100747	3.37512276	4.97991096
0.62500000	-16.85863503	24.25724982	24.37207334	-12.86674732	-11.97272438	3.38888961	4.98204990
0.63333333	-16.93025753	24.41996020	24.55924581	-13.00139786	-12.14568032	3.45218397	5.03091834
0.64166667	-16.98044585	24.40099191	24.53678551	-12.91130625	-12.02480624	3.44280935	5.03551006
0.65000000	-16.96830783	24.37811180	24.52540012	-12.89037222	-12.02158986	3.40463557	4.99102851
0.65833333	-16.84518838	24.23574930	24.36657233	-12.88030750	-11.97393902	3.38603482	4.95319983
0.66666667	-16.89793635	24.29480024	24.43138439	-12.88842980	-11.98994169	3.41664669	4.98519945
0.67500000	-16.93578035	24.33904295	24.47630802	-12.89957109	-12.00512679	3.42235086	4.99908525
0.68333333	-16.93963523	24.34175857	24.46356840	-12.89365134	-11.98272727	3.39101436	4.97340740
0.69166667	-16.99116038	24.45538969	24.59397165	-12.99098711	-12.10277081	3.44420269	5.01547118
0.70000000	-17.03814032	24.46512152	24.59905829	-12.93812195	-12.02867146	3.46542197	5.04156397
0.70833333	-17.04423143	24.45798889	24.59524581	-12.91851570	-12.00889848	3.43258619	5.00826170
0.71666667	-17.03914053	24.44679458	24.56791787	-12.90607859	-11.98390000	3.40480719	4.97918768
0.72500000	-17.10287898	24.56776624	24.69273663	-12.98506033	-12.08161563	3.46665149	5.03614199
0.73333333	-16.96135119	24.34891729	24.45901922	-12.88866690	-11.95305529	3.37327779	4.96369841
0.74166667	-17.00635612	24.39454990	24.51554174	-12.89825774	-11.96770851	3.41818551	4.99745849
0.75000000	-17.02331954	24.41124865	24.51732089	-12.89528928	-11.94905661	3.41010408	4.98839572
0.75833333	-16.89284980	24.23419056	24.35619559	-12.85008278	-11.93453230	3.42899071	4.98547911
0.76666667	-16.94764585	24.29416950	24.42423252	-12.85581630	-11.94300444	3.41968211	5.01474598
0.77500000	-16.99830714	24.35796907	24.48824353	-12.86714185	-11.96179686	3.39875868	5.00249729
0.78333333	-17.03797976	24.41237225	24.52758878	-12.89566551	-11.96993619	3.42148313	5.02054100
0.79166667	-17.10287526	24.49967287	24.62004746	-12.92196658	-12.01255912	3.46707451	5.05547238
0.80000000	-17.05407474	24.43536345	24.54204400	-12.90673187	-11.96420837	3.40303029	4.98843251
0.80833333	-17.13291968	24.55956439	24.67823514	-12.96981836	-12.06291297	3.47288574	5.04583342
0.81666667	-17.15811002	24.55845716	24.66011692	-12.94649481	-11.98699656	3.47162273	5.05399958
0.82500000	-17.15474327	24.54123261	24.65633895	-12.92570406	-11.99088292	3.45958482	5.02593646
0.83333333	-17.19822063	24.62304034	24.72854495	-12.98916310	-12.02757901	3.49013032	5.06155451
0.84166667	-17.23451979	24.73247749	24.85654503	-13.09315158	-12.17266297	3.53023558	5.08503909
0.85000000	-17.09623403	24.49925853	24.57411031	-12.96050367	-11.97798619	3.44371997	5.00024328
0.85833333	-17.14456745	24.56507583	24.65800183	-12.99058571	-12.02828133	3.49958374	5.04351735
0.86666667	-16.98489203	24.34104476	24.42999755	-12.92291238	-11.94019831	3.44448023	4.99365043
0.87500000	-17.03079951	24.46162390	24.57594133	-13.03797594	-12.08527895	3.49844956	5.02952594
0.88333333	-17.06937097	24.45712059	24.56125094	-12.97121553	-11.99882509	3.51265712	5.04853430
0.89166667	-17.09566303	24.49070047	24.59184500	-12.98752961	-11.99992677	3.51934294	5.05772767
0.90000000	-17.13267124	24.54395155	24.65249516	-13.01430926	-12.04416033	3.54560387	5.07406513
0.90833333	-17.14047099	24.55773834	24.66334635	-13.02159409	-12.04591168	3.53872515	5.06632094
0.91666667	-17.01880889	24.40082690	24.48444116	-12.97554294	-11.98106013	3.46412796	4.98072989
0.92500000	-17.06919265	24.51928541	24.62305102	-13.07764166	-12.11053066	3.52739094	5.03229952
0.93333333	-17.10840538	24.52757925	24.62436789	-13.04248398	-12.04459160	3.54900551	5.06844585
0.94166667	-17.14252651	24.55362677	24.66949198	-13.04095013	-12.05482239	3.55900236	5.07962928
0.95000000	-17.14201196	24.55780541	24.64977906	-13.04450767	-12.04078494	3.53167883	5.06748937
0.95833333	-17.07772554	24.47918658	24.59652798	-13.02713422	-12.05676803	3.49508893	5.01923251
0.96666667	-16.84053924	24.15635817	24.24946872	-12.93678558	-11.90854852	3.49705874	4.99462703
0.97500000	-16.90545510	24.29075593	24.39164420	-13.02490881	-12.02976861	3.54608993	5.03827704
0.98333333	-16.95968688	24.32215907	24.39964747	-12.99587947	-11.95813947	3.50273909	5.02006830
0.99166667	-17.01871431	24.40203485	24.48930289	-13.02726603	-12.00356869	3.55247371	5.06288391
1.00000000	-17.04974530	24.42756443	24.51610639	-13.02316916	-11.99086446	3.54518672	5.05720845
1.00833333	-17.09007421	24.47931898	24.54980729	-13.04270114	-11.98602369	3.55150058	5.07116471
1.01666667	-17.07663010	24.46179601	24.52115689	-13.03409424	-11.96881354	3.51573320	5.02819649
1.02500000	-17.13057157	24.54418410	24.60326291	-13.06510083	-12.01843632	3.56580633	5.07254051
1.03333333	-17.19344153	24.60539453	24.67293191	-13.08049400	-12.01991478	3.57739163	5.09217774
1.04166667	-17.22522884	24.63224293	24.68682347	-13.07567809	-11.99476465	3.57289358	5.08621214
1.05000000	-16.88308909	24.19361006	24.23480842	-12.95322891	-11.87129087	3.53989417	5.00606035
1.05833333	-16.96379025	24.29635102	24.33719364	-12.99479328	-11.90490683	3.56061466	5.04719212
1.06666667	-17.01578102	24.35347134	24.39719645	-12.98792993	-11.91275791	3.53889832	5.03310898
1.07500000	-17.07349677	24.43094288	24.47428168	-13.02056821	-11.94103655	3.57700436	5.07344363
1.08333333	-17.11866309	24.48280675	24.52188909	-13.03018918	-11.94200373	3.58500149	5.08595164
1.09166667	-17.10881484	24.46966686	24.49947116	-13.01966699	-11.93120354	3.54415155	5.04299310
1.10000000	-17.01033070	24.34389754	24.35514949	-12.99819155	-11.88387458	3.55104856	5.02607793
1.10833333	-17.07961817	24.41645841	24.43506104	-12.99322653	-11.89923279	3.56925004	5.06128703
1.11666667	-17.14353617	24.49683192	24.52251025	-13.02154674	-11.92962876	3.59126202	5.10023129
1.12500000	-17.10356199	24.44873243	24.46815460	-13.00809986	-11.92294477	3.53708421	5.05777650
1.13333333	-17.16488137	24.55028169	24.58671646	-13.06156806	-12.02017836	3.59443200	5.10056428
1.14166667	-17.20666706	24.58818043	24.63230122	-13.06108945	-12.01609716	3.61817860	5.13130243
1.15000000	-17.07712735	24.40925097	24.42600456	-13.00684458	-11.91287641	3.55058289	5.05784772
1.15833333	-17.11290039	24.45485442	24.48590173	-13.02052359	-11.93705471	3.58385673	5.09063721
1.16666667	-17.00927971	24.31968785	24.35256816	-12.99020134	-11.91018170	3.54595685	5.02305510
1.17500000	-17.07118756	24.39761789	24.42740170	-13.00938155	-11.94472154	3.59217426	5.09619975
1.18333333	-17.11698836	24.45041321	24.48885012	-13.01977528	-11.96957922	3.61024389	5.12872635
1.19166667	-17.13524369	24.46944628	24.51851963	-13.00929644	-12.00273662	3.59497436	5.12524490
1.20000000	-17.16937894	24.51988868	24.57395237	-13.04213383	-12.02821380	3.62029505	5.15935971
1.20833333	-17.19252854	24.54768583	24.60549019	-13.04634510	-12.04546307	3.62444875	5.17148157
1.21666667	-17.15150942	24.49750266	24.55392909	-13.03327437	-12.04191591	3.58252088	5.13057529
1.22500000	-17.04905305	24.35985250	24.42022303	-12.99684154	-12.00820579	3.58396750	5.10201250
1.23333333	-17.10393274	24.43015436	24.49395725	-13.02515990	-12.03748630	3.61762626	5.14009502
1.24166667	-17.14533563	24.48994921	24.55752503	-13.04601649	-12.07219270	3.63959065	5.16499669
1.25000000	-17.09054134	24.39912301	24.47601373	-13.00870926	-12.03457854	3.58344344	5.11544650
1.25833333	-17.14778919	24.45772093	24.54426119	-13.02095018	-12.05007999	3.62915108	5.14952831
1.26666667	-17.17764818	24.49581534	24.59534488	-13.02832028	-12.06400930	3.63308123	5.15093111
1.27500000	-17.24066170	24.59131426	24.69239694	-13.06569684	-12.12670382	3.67233234	5.18407886
1.28333333	-17.18356744	24.50019076	24.56454015	-13.02703483	-12.03824639	3.59898296	5.10962186
1.29166667	-17.22957794	24.56171631	24.63093093	-13.04841390	-12.05971025	3.64454019	5.14959141
1.30000000	-17.26714782	24.58327371	24.66718688	-13.03597305	-12.05777681	3.65410982	5.15738441
1.30833333	-17.30501183	24.64355519	24.72007878	-13.05438362	-12.08401796	3.67006222	5.17601973
1.31666667	-17.20746280	24.52236588	24.56577686	-13.03279233	-12.00933786	3.59891499	5.11440956
1.32500000	-17.23742087	24.54257084	24.61308831	-13.02210662	-12.02777547	3.62234745	5.11944372
1.33333333	-17.29561279	24.61751784	24.68674558	-13.05003207	-12.05855504	3.66214714	5.16016881
1.34166667	-17.31803996	24.63287837	24.68337476	-13.04706752	-12.02306491	3.64847020	5.15823084
1.35000000	-17.13080753	24.40235840	24.42053026	-13.00999630	-11.93746184	3.59397756	5.15497420
1.35833333	-17.19287368	24.47481714	24.53275140	-13.03191720	-12.00498743	3.65572524	5.17950361
1.36666667	-17.23835107	24.52494175	24.57289873	-13.04305817	-12.00726156	3.66947601	5.17971101
1.37500000	-17.22188753	24.51202992	24.53986433	-13.04135900	-11.98641824	3.63382912	5.13090215
1.38333333	-17.26750221	24.54886262	24.58986551	-13.04032930	-11.99117335	3.68059350	5.16657189
1.39166667	-17.24729964	24.52535894	24.56895967	-13.03354058	-11.98563972	3.64598412	5.12645197
1.40000000	-17.28396278	24.55832121	24.61230450	-13.03551250	-11.99190952	3.67611665	5.14995112
1.40833333	-17.32574962	24.60613886	24.66434025	-13.04594941	-12.00661157	3.70084992	5.17299391
1.41666667	-17.36690071	24.67900047	24.72894483	-13.07499344	-12.04679200	3.72706331	5.19455013
1.42500000	-17.38369477	24.67356870	24.71243889	-13.05907133	-11.98331128	3.70711106	5.18344725
1.43333333	-17.39433966	24.67987995	24.72468877	-13.06017044	-11.99339939	3.69467184	5.17441785
1.44166667	-17.40770003	24.69485947	24.72862880	-13.06509599	-11.98842600	3.70210422	5.17878102
1.45000000	-17.45565325	24.78116514	24.81686432	-13.10562303	-12.06033918	3.74083574	5.20462924
1.45833333	-17.38922470	24.66194457	24.68753842	-13.03653054	-11.96640351	3.65036859	5.13719418
1.46666667	-17.13293534	24.33435462	24.35363701	-12.96545090	-11.87770504	3.65731085	5.10400049
1.47500000	-17.20084039	24.44482795	24.47204943	-13.02619167	-11.96872315	3.69888423	5.15040384
1.48333333	-17.22560299	24.43948361	24.46322348	-12.98494510	-11.91114677	3.64974855	5.12935498
1.49166667	-17.27823610	24.56148975	24.61114154	-13.08997443	-12.05787202	3.70210952	5.16755925
1.50000000	-17.32013250	24.55072431	24.59415524	-13.01038038	-11.96995156	3.69511125	5.18395014
1.50833333	-17.24911662	24.45918456	24.48922011	-12.98803522	-11.94046603	3.65348590	5.13513360
1.51666667	-17.29147907	24.50849116	24.55302890	-12.99910507	-11.97280868	3.68906629	5.16986725
1.52500000	-17.33831758	24.61860949	24.69147159	-13.08824656	-12.11355172	3.73196390	5.20031001
1.53333333	-17.25907233	24.44273408	24.49086056	-12.96446770	-11.96277405	3.64686062	5.15251079
1.54166667	-17.29453891	24.49118201	24.54429443	-12.98344182	-11.98980840	3.69139940	5.19420984
1.55000000	-17.23126732	24.39237053	24.50029284	-12.93579374	-12.02053579	3.65469849	5.18311069
1.55833333	-17.25209820	24.41316663	24.50395848	-12.94059991	-12.01657321	3.68751711	5.20971985
1.56666667	-17.25449619	24.40551975	24.52233019	-12.92822722	-12.04762089	3.69648983	5.22168779
1.57500000	-17.28867847	24.43057841	24.57212427	-12.92884522	-12.07407309	3.73050238	5.26029778
1.58333333	-17.12089234	24.21237029	24.35413223	-12.88033378	-12.00966665	3.72650379	5.19804904
1.59166667	-17.17789976	24.28437832	24.43507737	-12.90873493	-12.05120551	3.75095220	5.24920004
1.60000000	-17.21196925	24.32472037	24.50380459	-12.90568395	-12.10040133	3.75383510	5.27246102
1.60833333	-17.21025281	24.31510933	24.51050284	-12.90144629	-12.11659788	3.73543206	5.27669129
1.61666667	-17.26182742	24.43213251	24.66804285	-13.00274751	-12.27589538	3.79111904	5.31583043
1.62500000	-16.97409526	24.02394797	24.21710542	-12.87854504	-12.04946650	3.79205612	5.25396704
1.63333333	-17.04716089	24.10818178	24.33107888	-12.88797158	-12.11477646	3.82721295	5.29509927
1.64166667	-17.10345929	24.15954546	24.42735511	-12.87640284	-12.16992360	3.82532907	5.31410520
1.65000000	-17.15502547	24.22302927	24.50093424	-12.88784182	-12.20092479	3.81743898	5.33815233
1.65833333	-17.20401606	24.35989043	24.66046668	-13.02224140	-12.37595294	3.86229492	5.37043258
1.66666667	-17.26051486	24.36196180	24.66367205	-12.92936811	-12.28533883	3.85776753	5.39885209
1.67500000	-17.31674878	24.43299082	24.73792244	-12.94760920	-12.32724494	3.86879926	5.41955836
1.68333333	-17.32208252	24.40898199	24.72298278	-12.90155491	-12.29117831	3.81511627	5.38662664
1.69166667	-17.35195497	24.44444379	24.75460134	-12.91759373	-12.28416319	3.83123808	5.41661175
1.70000000	-17.40538990	24.55148247	24.87798476	-12.98901456	-12.41668135	3.87074167	5.43985135
1.70833333	-17.27919274	24.33894479	24.62652063	-12.89677734	-12.25378054	3.81328814	5.37709554
1.71666667	-17.32481000	24.37057303	24.68222738	-12.88518048	-12.26614576	3.84706439	5.41278297
1.72500000	-17.37539104	24.47112655	24.81395701	-12.97069756	-12.39804997	3.88901903	5.44222436
1.73333333	-17.37622668	24.40909800	24.74576486	-12.87836904	-12.29589941	3.84668767	5.43686273
1.74166667	-17.39157666	24.43383084	24.76158322	-12.91957001	-12.29552813	3.86808018	5.47710241
1.75000000	-17.36589112	24.44146864	24.72783069	-12.96571383	-12.30320694	3.87013595	5.50253805
1.75833333	-17.37684214	24.44798358	24.75604555	-12.99157637	-12.33332789	3.91143774	5.54567488
1.76666667	-17.34275847	24.35454420	24.72553024	-12.95182640	-12.34097335	3.92032244	5.56680643
1.77500000	-17.37184882	24.47165692	24.87418343	-13.11758755	-12.52331807	3.96740964	5.60550139
1.78333333	-17.40145978	24.46774697	24.87795719	-13.06756226	-12.47410796	4.01454671	5.67903501
1.79166667	-17.12994657	24.11002794	24.54519689	-12.98787181	-12.37609008	3.95084117	5.62320650
1.80000000	-17.14119934	24.20641380	24.58973917	-13.10380991	-12.42532235	3.97458218	5.68883568
1.80833333	-17.14365365	24.23662721	24.60977113	-13.15312540	-12.47096952	3.99688916	5.73497862
1.81666667	-17.13280771	24.21565069	24.63225418	-13.15916611	-12.53555295	4.01879429	5.76975774
1.82500000	-16.99611080	24.08210361	24.52098190	-13.16963283	-12.57444524	3.97176187	5.80579312
1.83333333	-16.99942116	24.21590973	24.67355043	-13.36856882	-12.80357812	4.01353699	5.83239329
1.84166667	-16.60574796	23.71500818	24.19309741	-13.21009768	-12.69042105	3.88564563	5.82344990
1.85000000	-16.61136189	23.84274153	24.36301682	-13.42336823	-12.94886309	3.92797207	5.85009234
1.85833333	-16.64716972	23.86955275	24.45790189	-13.41809562	-13.05892043	3.99215707	5.95156071
1.86666667	-16.60174136	23.80318505	24.53728045	-13.42653722	-13.23787714	3.97642312	6.13186105
1.87500000	-16.61232824	23.86635127	24.67026326	-13.53568894	-13.45000273	4.02085612	6.17517604
1.88333333	-16.38344807	23.53046650	24.47682659	-13.34174383	-13.50130673	3.77468760	6.21372356
1.89166667	-16.37107017	23.58508687	24.59360555	-13.46042111	-13.70338785	3.82286438	6.31828234
1.90000000	-16.33877334	23.55995460	24.69314099	-13.52754181	-13.89465889	3.88152300	6.42641603
1.90833333	-16.34048214	23.61977818	24.81444345	-13.65039064	-14.10063089	3.93490638	6.48099596
1.91666667	-16.15945716	23.47276485	24.71053456	-13.71332922	-14.23811093	3.89275217	6.66551857
1.92500000	-16.13739767	23.59558713	24.83073720	-13.98286073	-14.48467965	3.92229225	6.66340249
1.93333333	-16.13710821	23.70065349	24.92587882	-14.16013852	-14.64094424	3.97001166	6.69770745
1.94166667	-15.78280198	23.23847342	24.42405450	-13.98529247	-14.45314216	3.70991573	6.60383214
1.95000000	-15.76285345	23.36731439	24.55241370	-14.27671726	-14.70250861	3.74767531	6.62521141
1.95833333	-15.77928241	23.41047312	24.57021392	-14.38715922	-14.70827685	3.88811165	6.80701988
1.96666667	-15.75814332	23.53670137	24.67730852	-14.68431046	-14.95164269	3.91998121	6.82111896
1.97500000	-15.73836213	23.65707646	24.76409490	-14.95368413	-15.13801155	3.96689339	6.85631794
1.98333333	-15.66527304	23.66322367	24.60000089	-15.17071585	-15.01737946	4.17994908	7.12828350
1.99166667	-15.60569200	23.78365097	24.70191376	-15.51023514	-15.30283664	4.19820638	7.12560084
2.00000000	-15.62694902	23.79342527	24.78364989	-15.48047382	-15.36668393	3.82253905	7.19209956
2.00833333	-15.45695157	23.82498417	24.64143911	-15.87505601	-15.46968264	3.99365969	7.31171324
2.01666667	-15.37861389	23.95772395	24.71245813	-16.26516714	-15.73721244	4.01268486	7.30423195
2.02500000	-15.31167835	24.10015733	24.76303986	-16.66184834	-15.94751860	4.05455015	7.32021179
2.03333333	-14.88769253	23.77516003	24.05504125	-16.94952173	-15.60043566	4.08046483	7.39453650
2.04166667	-14.85291051	23.98880514	24.05030294	-17.45787916	-15.68329485	4.26542212	7.50592224
2.05000000	-14.82075816	24.21247532	24.00940757	-17.97806249	-15.73436143	4.42406306	7.59773936
2.05833333	-14.82502699	24.45019582	24.02255649	-18.37239840	-15.79813989	4.13853710	7.61148470
2.06666667	-14.75104413	24.74372182	23.94218845	-19.06961531	-15.85590327	4.29648501	7.74495289
2.07500000	-14.61173116	24.97577305	23.79520364	-19.79361289	-15.91837529	4.42657412	7.84386365
2.08333333	-14.47171247	25.17117027	23.75844776	-20.43792932	-16.11660926	4.43186837	7.85596776
2.09166667	-14.09166156	25.11292594	23.21369204	-21.08751755	-15.97445632	4.10622850	7.91708188
2.10000000	-13.98936596	25.49228000	23.10463537	-21.99110659	-16.04855979	4.17931829	8.04253211
2.10833333	-13.80131568	25.75598008	22.87823760	-22.77206045	-16.08249541	3.77311690	8.07122849
2.11666667	-13.65940636	26.18581239	22.72335019	-23.79266679	-16.12295864	3.73968322	8.18336588
2.12500000	-13.43944589	26.54608900	22.42119956	-24.73518644	-16.12685479	3.09610926	8.27258261
2.13333333	-13.31311725	27.05149761	22.27790683	-25.83277956	-16.16285189	2.68665889	8.34865074
2.14166667	-13.10190438	27.52677633	22.08941668	-27.03196009	-16.25536677	2.50652369	8.42090087
2.15000000	-12.83916164	28.03436351	21.80126132	-28.34719594	-16.31253855	2.07058806	8.58292537
2.15833333	-12.34471217	28.23721278	21.21905857	-29.46427290	-16.31706625	0.91588277	8.62300334
2.16666667	-12.02495371	28.78021653	20.90701304	-30.88631937	-16.36842669	0.47911591	8.71300864
2.17500000	-11.61362523	29.24385517	20.45989205	-32.32747304	-16.45553252	-0.39215074	8.87465424
2.18333333	-11.26316651	29.74545868	20.06620849	-33.75470283	-16.46072378	-0.80870367	8.87173071
2.19166667	-10.67068512	29.97815713	19.33818946	-35.02457654	-16.42140922	-2.74958962	9.01550499
2.20000000	-10.32419254	30.64326220	18.90809531	-36.58356706	-16.41709363	-3.57080688	9.13902362
2.20833333	-9.97656006	31.26566500	18.49795586	-38.08091087	-16.39978708	-4.07328457	9.17452196
2.21666667	-9.61366116	31.89197223	18.10457232	-39.57209743	-16.43851981	-4.84467954	9.26145626
2.22500000	-8.93833329	32.07103573	17.34109989	-40.82618161	-16.52547907	-6.72288636	9.51624847
2.23333333	-8.61176096	32.67907238	16.99983966	-42.19211276	-16.57738019	-7.15868894	9.55107984
2.24166667	-8.25885108	33.29246107	16.64221312	-43.57227446	-16.69738904	-8.07657625	9.69514469
2.25000000	-7.95330258	33.85423179	16.30962551	-44.76675650	-16.72440622	-8.41611624	9.72395148
2.25833333	-7.49518660	34.19183934	15.79831389	-45.81299048	-16.79561154	-9.27227230	9.91849679
2.26666667	-7.23364125	34.70076048	15.48288840	-46.74211852	-16.78897162	-9.39178619	9.94804337
2.27500000	-6.91813946	35.09547969	15.17717638	-47.60367978	-16.89951152	-9.59239667	10.10854315
2.28333333	-6.69681049	35.52326674	14.88212104	-48.27227971	-16.87823455	-9.57651808	10.12108124
2.29166667	-6.34585335	35.69502841	14.53830127	-48.72423924	-16.99579362	-9.97952652	10.35867941
2.30000000	-6.17726057	36.08634085	14.34398784	-49.16750056	-17.06975816	-9.74322692	10.43209598
2.30833333	-6.01030393	36.40632204	14.21337988	-49.38069769	-17.23320085	-10.20808693	10.60824390
2.31666667	-5.93116701	36.68054551	14.13522341	-49.53479585	-17.31467888	-9.86397378	10.66407539
2.32500000	-5.79196202	36.94834770	14.03889423	-49.54975835	-17.43169580	-9.86035144	10.80012940
2.33333333	-5.63496869	37.11258325	13.85040634	-49.31850707	-17.46020889	-10.87870968	10.88843251
2.34166667	-5.52197804	37.30521863	13.70486675	-49.06957285	-17.49639488	-11.02958817	10.96658653
2.35000000	-5.32795248	37.33574815	13.45626822	-48.65161754	-17.51598294	-11.62998056	11.00312880
2.35833333	-5.17510431	37.33338512	13.23527379	-48.12958960	-17.50172819	-11.86858337	11.07208837
2.36666667	-5.15082496	37.46702435	13.12074958	-47.56864812	-17.47902503	-11.72587955	11.13279413
2.37500000	-5.15324691	37.64478328	13.05336505	-46.94291570	-17.50403150	-11.66769482	11.17104517
2.38333333	-4.82956782	37.18352621	12.61756667	-45.96667279	-17.47096613	-12.42210372	11.33270552
2.39166667	-4.82321413	37.21078570	12.53029445	-45.13513351	-17.49888780	-12.47470714	11.40874579
2.40000000	-4.81457594	37.17268275	12.46291441	-44.19685520	-17.55708505	-12.63365701	11.51266484
2.40833333	-4.54628016	36.72984288	12.13846702	-43.04394754	-17.59411721	-13.45690572	11.69120159
2.41666667	-4.50159097	36.64466239	12.04248086	-42.01920087	-17.68833274	-13.93300035	11.80224784
2.42500000	-4.41160425	36.34436762	11.91822803	-40.83171550	-17.78405624	-14.61118098	11.93658541
2.43333333	-4.26670339	35.96129164	11.71111588	-39.58261773	-17.85842261	-15.49274276	12.11458024
2.44166667	-4.23818922	35.72844340	11.54168651	-38.36422370	-17.90479764	-16.34236575	12.30214808
2.45000000	-3.83529337	35.01045302	11.01635065	-37.01911191	-17.93745558	-17.62066702	12.41394385
2.45833333	-3.81777078	34.76805964	11.02014272	-35.80325683	-18.19456216	-18.53591678	12.66851606
2.46666667	-3.76095777	34.45172490	11.01344360	-34.58529562	-18.51480820	-19.49094160	12.94656560
2.47500000	-3.67072803	34.06922755	10.97785851	-33.32534662	-18.84785210	-20.49522404	13.26951273
2.48333333	-3.57076352	33.66828706	10.94831956	-32.07908248	-19.22566168	-21.43369253	13.58151873
2.49166667	-3.61675520	33.39027490	10.99157593	-30.80860249	-19.54226145	-21.97378536	13.79628553
2.50000000	-3.55565059	33.05412525	11.01572258	-29.63635832	-19.98543336	-23.15326787	14.22988450
2.50833333	-3.46590521	32.59760516	11.04498704	-28.40737422	-20.44209852	-23.87161301	14.63117550
2.51666667	-3.26463223	32.02000943	10.92297594	-27.33439425	-20.78206409	-23.71758659	14.73508304
2.52500000	-3.24832508	31.68763803	11.10506754	-26.18684256	-21.38589299	-24.41716617	15.10147318
2.53333333	-3.25537201	31.36138909	11.29712077	-25.05639205	-21.99365982	-24.96249280	15.49171385
2.54166667	-3.36104004	31.15397692	11.56057433	-23.97329567	-22.60592322	-25.37540432	15.99363650
2.55000000	-3.66282471	31.21016233	12.18755112	-23.18914743	-23.38350587	-24.70469529	16.37822066
2.55833333	-3.60619428	30.83544913	12.42063647	-22.16836497	-24.16303807	-25.16325466	16.88319626
2.56666667	-3.68073102	30.55780521	12.82294935	-21.22844457	-24.98372608	-25.40574231	17.44066441
2.57500000	-3.81978369	30.46241419	13.28336727	-20.56373355	-25.77389232	-24.89994900	17.75009454
2.58333333	-3.83887353	30.15750807	13.53385910	-19.68111927	-26.54386465	-25.11170454	18.08718934
2.59166667	-4.33728940	30.47672067	14.61152472	-19.06791455	-27.77253794	-24.98620469	18.95554997
2.60000000	-4.30093567	30.10526487	15.01188710	-18.27114850	-28.81948164	-25.19159569	19.56024164
2.60833333	-4.26636980	29.76388113	15.33901249	-17.56876488	-29.77231442	-25.25795244	19.79874620
2.61666667	-4.69082445	30.05944954	16.37900962	-17.25271338	-31.06428487	-24.63458115	20.68141853
2.62500000	-4.80520032	29.88353243	16.86808465	-16.61432439	-32.10489760	-24.65198554	21.34592606
2.63333333	-4.78368972	29.63669665	17.28820314	-16.12695081	-33.19289106	-24.67114939	21.75404301
2.64166667	-5.36184777	30.10300681	18.48508448	-15.98089069	-34.49025062	-24.05029813	22.62686290
2.65000000	-5.29077754	29.76113892	18.86304638	-15.51285244	-35.56522469	-24.06245293	23.21567696
2.65833333	-5.67499889	30.03024236	19.76691453	-15.33455774	-36.77881608	-23.79821388	23.89388527
2.66666667	-5.81930633	29.96922812	20.18493412	-15.03273884	-37.69724763	-23.81811837	24.54469577
2.67500000	-5.71293312	29.62989500	20.46437742	-14.78637493	-38.70054178	-23.88509546	24.76715346
2.68333333	-6.31708732	30.16971311	21.73458243	-14.83749592	-40.08395587	-23.68231595	25.69187494
2.69166667	-6.25490943	29.84748282	21.96823296	-14.54823045	-40.99524777	-23.84720559	26.05870659
2.70000000	-6.78454505	30.33342763	22.83270827	-14.55282525	-42.00796848	-23.85300936	26.89556748
2.70833333	-6.75395087	30.03701856	23.18251398	-14.38135148	-43.02394568	-24.09041537	27.50303884
2.71666667	-6.70232834	29.72752261	23.45329148	-14.25861615	-43.99470039	-24.21174970	27.76792935
2.72500000	-6.68306962	29.42921208	23.75548229	-14.13073375	-44.95546364	-24.38323069	28.25343710
2.73333333	-7.42579223	30.14255097	24.99368108	-14.25641028	-46.11888247	-24.45317574	29.16677504
2.74166667	-7.36140821	29.78372188	25.19634977	-14.17314536	-47.02728092	-24.56005345	29.41046281
2.75000000	-7.45401041	29.60195106	25.57027326	-14.10192167	-47.93279875	-24.78365863	30.24804652
2.75833333	-7.68263092	29.60744668	26.13494071	-14.13707267	-48.86487768	-24.93881450	30.67728710
2.76666667	-7.68332302	29.32121460	26.33030507	-14.11104596	-49.70194262	-25.01772942	30.87253115
2.77500000	-8.05828675	29.50073834	26.98782843	-14.15537816	-50.60059439	-25.31045423	31.64012065
2.78333333	-8.05579388	29.19322910	27.19899876	-14.14331310	-51.43261801	-25.40216527	31.80994629
2.79166667	-8.16128847	29.04401841	27.59534151	-14.20735167	-52.31846187	-25.73427068	32.46393749
2.80000000	-9.06852882	29.80630066	28.99208912	-14.33367596	-53.41870306	-26.11671452	32.67071143
2.80833333	-9.07806879	29.47952902	29.16108307	-14.30391251	-54.18798115	-26.22540654	32.92017888
2.81666667	-9.13303051	29.22540211	29.38161981	-14.30496899	-54.94814123	-26.48230576	33.44932070
2.82500000	-9.33785909	29.08709290	29.90827974	-14.31233793	-55.84874983	-26.87413210	33.96148026
2.83333333	-9.55729369	29.02645611	30.36508821	-14.35991214	-56.69072894	-27.11824763	34.28071368
2.84166667	-10.11374779	29.33847869	31.19215119	-14.40086383	-57.53444843	-27.38852215	34.43372898
2.85000000	-10.26842926	29.14773375	31.55527486	-14.37226032	-58.36013350	-27.67058238	34.89573812
2.85833333	-10.83111970	29.51591684	32.42634112	-14.44291481	-59.29129201	-27.86317612	35.15928472
2.86666667	-10.84228380	29.20219776	32.63350074	-14.40089967	-60.10188889	-27.93017888	35.32053098
2.87500000	-11.04970785	29.06895973	33.14029216	-14.41971033	-61.02967534	-27.84921715	35.78168474
2.88333333	-11.29181026	29.03233314	33.65728512	-14.45572435	-61.94015268	-27.03559468	36.04940601
2.89166667	-11.55379912	29.05214481	34.19626682	-14.49114825	-62.91813982	-26.03898671	36.24725894
2.90000000	-12.02782261	29.39048714	35.04956244	-14.72129613	-63.99827994	-24.44769428	36.49379955
2.90833333	-12.12772831	29.24128153	35.39824792	-14.72451384	-64.96387199	-22.76035875	36.66820236
2.91666667	-12.48898540	29.44113997	36.24055621	-14.93862611	-66.19094234	-20.58896073	36.86093182
2.92500000	-12.55628381	29.36150397	36.67732359	-15.13109960	-67.29693113	-18.53999735	36.90266972
2.93333333	-12.49363998	29.15108639	36.99232290	-15.22867382	-68.45586587	-16.89585922	36.90914587
2.94166667	-12.50773101	29.05677223	37.46423886	-15.36969166	-69.71084720	-15.05245688	36.89627271
2.95000000	-12.52165508	29.00546754	37.89775081	-15.53254159	-70.92069222	-13.31193968	36.79775237
2.95833333	-12.56777509	29.11014227	38.43041784	-15.84825336	-72.26020499	-11.61598727	36.68621871
2.96666667	-12.51688815	29.12372050	38.87389917	-16.20676310	-73.56569177	-10.00424672	36.49352447
2.97500000	-12.46590852	29.14144537	39.34699855	-16.59701264	-74.91591964	-8.38807135	36.19810948
2.98333333	-12.34510450	29.07638747	39.74593884	-17.03904859	-76.27405628	-6.92954608	35.84938027
2.99166667	-12.14412290	29.30067194	40.14491104	-17.66492145	-77.68501470	-5.51361718	35.28565198
3.00000000	-11.85254738	29.13274322	40.45736869	-18.19567690	-79.08606983	-4.21184693	34.66842198
3.00833333	-11.82478348	29.42878100	41.09092122	-18.74111341	-80.57232625	-3.37587743	33.81939399
3.01666667	-11.52120163	29.40461487	41.40214787	-19.47498638	-81.99556121	-2.38245569	32.99251783
3.02500000	-11.28841102	29.51153546	41.90956646	-20.30290135	-83.52413131	-1.49854537	31.99289688
3.03333333	-11.11606286	29.66023463	42.45182842	-21.06707286	-84.98229286	-0.74022772	30.72332243
3.04166667	-10.88230779	29.87290234	43.01652672	-22.00482694	-86.52238502	-0.17927859	29.38096438
3.05000000	-10.62438030	30.09333344	43.60155144	-23.03184951	-88.03211638	0.33244233	27.92167829
3.05833333	-10.33983261	30.29707579	44.12884009	-24.04386259	-89.46820573	0.78668502	26.28745766
3.06666667	-10.06389876	30.48697614	44.81885323	-25.00311070	-90.88441206	1.02497957	24.02208418
3.07500000	-9.56656390	30.25966844	45.23043730	-25.73731469	-92.28948617	1.47552526	22.41572452
3.08333333	-9.12451172	29.94595802	45.61378789	-26.26818427	-93.55407666	1.88215543	20.65872021
3.09166667	-8.77831872	29.63175063	46.08248013	-26.68113026	-94.67178597	2.27530110	18.52494733
3.10000000	-8.41968890	29.25746644	46.49305185	-26.95196791	-95.68154694	2.64812690	17.16819447
3.10833333	-7.92631839	28.64526764	46.64627884	-27.09197043	-96.42721873	3.09768636	15.51454609
3.11666667	-7.81098964	28.37455307	47.17868154	-27.10907627	-97.13782867	3.45631585	14.88745784
3.12500000	-7.83078953	28.21377459	47.88655029	-27.16403544	-97.62917036	3.96517553	14.17727650
3.13333333	-7.68396429	27.87179159	48.38561192	-27.11643995	-97.97367901	4.03191559	14.20153546
3.14166667	-7.46576572	27.45894170	48.78008311	-27.00548069	-98.22606852	4.51085409	14.41587219
3.15000000	-7.25943086	27.02450501	49.12956910	-26.91564666	-98.20746576	4.74048048	14.64186762
3.15833333	-7.14714340	26.61976688	49.43461790	-26.71077723	-97.98794648	4.88346989	14.58398799
3.16666667	-7.07388271	26.36602553	49.84266115	-26.71570156	-97.61282600	4.95005828	14.66788678
3.17500000	-6.68239413	25.74707722	49.79312721	-26.56971131	-97.02769153	5.17425894	14.52812124
3.18333333	-6.52215841	25.39691812	50.11302635	-26.51825091	-96.42691566	5.36302510	14.51832412
3.19166667	-6.45566747	25.16811884	50.48308493	-26.54475150	-95.65437947	5.40739510	14.51195119
3.20000000	-6.30139170	24.71577756	50.66377056	-26.31429253	-94.73277657	5.58623480	14.22769704
3.20833333	-6.21473272	24.43198628	50.86907119	-26.24352247	-93.60625281	5.64974999	13.97279342
3.21666667	-5.91560314	23.78549697	50.88681677	-25.99387939	-92.39061520	5.63800062	13.95642156
3.22500000	-5.74325452	23.32399061	50.97293968	-25.78790844	-91.08133902	5.68515103	13.92246111
3.23333333	-5.71882795	23.12683095	51.19780712	-25.72843551	-89.60966344	5.79462847	13.18884318
3.24166667	-5.52407802	22.71690248	51.14744887	-25.62903105	-88.02185065	5.89693722	13.08005250
3.25000000	-5.50224063	22.52612902	51.34831940	-25.60325488	-86.33854078	6.04765459	12.08396699
3.25833333	-5.52597526	22.28874654	51.49472789	-25.46548155	-84.48752771	6.20776215	11.08891963
3.26666667	-5.38373575	21.89629223	51.35853011	-25.42779850	-82.53621246	6.38258108	10.39496382
3.27500000	-5.38582027	21.71313264	51.36910430	-25.42773547	-80.44051495	6.54271325	8.88978253
3.28333333	-5.34758058	21.51811393	51.26925675	-25.45787334	-78.22487987	6.72379465	7.17737947
3.29166667	-5.36286340	21.37726309	51.16396569	-25.49504574	-75.94699258	6.93366346	5.36950434
3.30000000	-5.41587198	21.32111825	51.02911029	-25.63653355	-73.56659383	7.17271509	3.23667852
3.30833333	-5.42263613	21.25305068	50.80795375	-25.84931023	-71.07310537	7.42428511	0.91529380
3.31666667	-5.37756255	21.09006286	50.50056544	-26.01518783	-68.49502288	7.72400041	-1.47621072
3.32500000	-5.24033435	20.93244415	50.00789272	-26.35613690	-65.83497402	7.99401427	-4.09158254
3.33333333	-5.19229101	20.88384810	49.49106759	-26.68891364	-63.08212724	8.33183279	-6.53548655
3.34166667	-5.06046419	20.77337163	48.84216670	-27.09406697	-60.26321783	8.69389882	-9.03278626
3.35000000	-4.94131144	20.67353405	48.19098533	-27.55570455	-57.46406428	9.09311684	-11.29543483
3.35833333	-4.93660424	20.66762922	47.58186163	-28.04171887	-54.67960645	9.57942810	-13.40148968
3.36666667	-4.88678846	20.63409934	46.86025324	-28.57126318	-51.81999134	10.09260800	-15.38352509
3.37500000	-4.70069705	20.51773875	45.93483661	-29.18866373	-48.92940846	10.61213729	-17.19634366
3.38333333	-4.49119660	20.39986018	44.97753888	-29.81564621	-46.11244899	11.14611942	-18.69732715
3.39166667	-4.39244524	20.43925642	44.04127710	-30.49617077	-43.44286250	11.67464047	-19.87447649
3.40000000	-4.35085034	20.54150075	43.24508528	-31.16752851	-40.90020768	12.25779445	-20.88092931
3.40833333	-3.50335717	19.64944974	41.47970325	-31.69260494	-38.32346853	12.67597322	-21.46368891
3.41666667	-3.68133705	19.90352913	40.85899940	-32.41880512	-35.94318721	13.32638224	-22.19375382
3.42500000	-3.74720055	20.11896077	40.19527225	-33.29979172	-33.75841557	14.03769818	-22.95848424
3.43333333	-3.73279268	20.29024618	39.50684957	-34.19642326	-31.81428592	14.77127977	-23.61943712
3.44166667	-3.64532928	20.39448682	38.62284845	-35.14554678	-29.88306779	15.50962032	-24.32004319
3.45000000	-3.61604013	20.56088937	37.94794137	-36.12772658	-28.23885545	16.25068858	-24.90594405
3.45833333	-3.50807672	20.72370492	37.12370136	-37.19903453	-26.59595526	17.01563595	-25.62334041
3.46666667	-3.61070855	21.07159935	36.53635746	-38.27047998	-25.12572498	17.75757606	-26.28182691
3.47500000	-3.65602523	21.34830226	35.95267556	-39.33917892	-23.71113484	18.58039685	-26.94157755
3.48333333	-3.66384829	21.58036794	35.37128548	-40.37390052	-22.43544860	19.36076775	-27.46917798
3.49166667	-3.82461475	22.05008577	34.79097197	-41.54562257	-21.05422818	20.16909533	-28.04912350
3.50000000	-3.83920113	22.35593890	34.22188795	-42.69530046	-19.93386481	20.51449716	-27.99341660
3.50833333	-3.98441241	22.74883569	33.66466461	-43.73266997	-18.66886045	21.70207102	-28.69258476
3.51666667	-4.06157946	23.07940583	33.09945636	-44.84915228	-17.64821804	22.06146600	-28.64343218
3.52500000	-4.41655978	23.70263133	32.75601469	-45.96253618	-16.56337985	23.26361883	-29.17249152
3.53333333	-4.71594746	24.24720135	32.48551029	-47.05310531	-15.69844902	24.05193252	-29.40552775
3.54166667	-5.05170440	24.84443967	32.32322393	-48.20322027	-14.92920975	24.86822529	-29.56351961
3.55000000	-5.61193177	25.66372915	32.28876703	-49.31343386	-14.30253359	25.73027612	-29.72409293
3.55833333	-5.71432153	25.94215753	31.88044516	-50.31871725	-13.72180383	26.36372874	-29.79850457
3.56666667	-5.79533646	26.22758653	31.49634029	-51.36496924	-13.30047272	27.09238528	-29.92874337
3.57500000	-5.89509380	26.48620468	31.03628629	-52.37348722	-12.89774533	27.64412790	-29.95260927
3.58333333	-5.99866571	26.77296578	30.71634173	-53.41979300	-12.72367948	28.55849311	-30.12732204
3.59166667	-6.53112801	27.63154650	30.84185817	-54.66254693	-12.65712499	29.48949253	-30.24108539
3.60000000	-6.56147683	27.79147020	30.41652938	-55.66054202	-12.61570697	30.17796188	-30.34945974
3.60833333	-6.62171912	28.01349556	30.00015460	-56.70697751	-12.63350943	30.77041433	-30.47230653
3.61666667	-6.76964287	28.32714876	29.65740727	-57.77122724	-12.72068476	31.53103741	-30.67960128
3.62500000	-7.05025938	28.74608643	29.38196977	-58.84745880	-12.80056781	32.27960641	-30.93206766
3.63333333	-7.22451148	29.11338891	29.15946594	-59.92541831	-13.09899569	32.89496156	-31.03761667
3.64166667	-7.34355743	29.41780532	28.96976320	-61.00322203	-13.42664426	33.61732434	-30.74440880
3.65000000	-8.07911774	30.41223015	29.33619648	-62.20823000	-13.89760307	34.35059324	-29.55726692
3.65833333	-8.35581211	30.86711126	29.27842117	-63.28434300	-14.36328566	35.02929816	-27.83721278
3.66666667	-8.55135827	31.18938055	29.11228690	-64.33469635	-14.80484050	35.67968096	-25.48589826
3.67500000	-8.66244443	31.39935371	28.65085994	-65.36705910	-14.92338289	36.26671872	-22.94667343
3.68333333	-8.92551318	31.85070098	28.94669720	-66.45249797	-15.63425898	36.80263889	-19.90437572
3.69166667	-8.98811832	31.99580700	28.65351440	-67.45419794	-15.82105472	37.30343629	-17.28244839
3.70000000	-9.55738913	32.75274905	29.05007903	-68.56948099	-16.25048632	37.62237287	-14.61098187
3.70833333	-9.65114676	32.99234190	28.91158923	-69.62821152	-16.49676029	37.83716572	-12.45246272
3.71666667	-9.84804406	33.43805426	29.11495128	-70.84644515	-16.81038738	37.80952005	-10.46350787
3.72500000	-10.00401805	33.86253540	29.12925527	-72.12619110	-17.13190904	37.61065016	-8.60226818
3.73333333	-10.02098765	34.31379442	29.18660763	-73.62150519	-17.57694042	37.12683459	-6.87584383
3.74166667	-9.99577959	34.82630588	29.27380360	-75.26846474	-18.05758427	36.36412685	-5.21514639
3.75000000	-9.95153704	35.45333336	29.31183603	-77.11746429	-18.63934976	35.26028038	-3.64863285
3.75833333	-9.92243310	36.23070535	29.36959830	-79.13391855	-19.17868202	33.73250613	-2.11058095
3.76666667	-9.86701508	37.07562015	29.33737523	-81.26509051	-19.71706424	31.86204648	-0.87153083
3.77500000	-9.68620683	37.89388979	29.26472763	-83.46572814	-20.38671042	29.76254389	0.36955757
3.78333333	-9.53392253	38.95369817	29.39222510	-85.80370073	-21.09209729	26.76827621	1.15572147
3.79166667	-9.14881020	39.80644440	29.17046804	-88.07071207	-21.82267209	23.98272762	1.99734964
3.80000000	-8.76693888	40.67358462	28.93998894	-90.28203409	-22.62438938	21.70546823	2.88308074
3.80833333	-8.45224614	41.71906402	28.83841234	-92.34476804	-23.47389306	18.37514862	3.52550228
3.81666667	-8.00069600	42.55673714	28.63341127	-94.32670732	-24.36607686	16.45931428	4.23577233
3.82500000	-7.27663193	43.09812066	28.15327329	-96.06228710	-25.14862443	14.01028118	4.68396071
3.83333333	-6.76257869	43.80542883	27.83510976	-97.66519359	-25.94670323	12.88995708	5.25322650
3.84166667	-6.23796325	44.44856113	27.35584128	-99.02096990	-26.52075017	12.24475900	5.70711042
3.85000000	-5.84287365	45.10559355	26.92352097	-100.09085924	-26.90162513	12.16155862	5.90321321
3.85833333	-5.15317618	45.39925344	26.01988729	-100.92729940	-27.05514631	12.01929660	6.69321947
3.86666667	-4.30097220	45.31767434	24.74373290	-101.31182595	-26.84268863	11.45921620	6.70517943
3.87500000	-3.95500693	45.75538657	24.16425392	-101.52885615	-26.81309433	11.32708883	6.98409214
3.88333333	-3.73880802	46.35919130	23.77362311	-101.57059585	-26.85350798	11.86605225	7.26724766
3.89166667	-3.59843544	46.90279811	23.38814497	-101.20318726	-26.76719545	10.17463566	7.39094143
3.90000000	-3.44450536	47.36763079	22.97702667	-100.68806477	-26.60059835	9.06573636	7.44742387
3.90833333	-3.39267691	47.96051430	22.66584163	-99.95757852	-26.58049550	7.60547806	7.78234387
3.91666667	-3.55581062	48.71147311	22.83263393	-99.07983158	-26.85105267	6.59090846	8.09878998
3.92500000	-3.48165242	49.11003510	22.51010569	-98.03303663	-26.83238868	6.69573090	8.39568885
3.93333333	-3.26450764	49.24382138	22.17404012	-96.66949747	-26.99324955	5.00188633	8.58294906
3.94166667	-3.27423925	49.64377239	21.99192581	-95.29129078	-27.05004004	4.79928077	8.88737340
3.95000000	-3.23993714	49.83659461	21.85595101	-93.71157216	-27.26759791	4.33770162	9.14691486
3.95833333	-3.23077798	50.01958595	21.70171429	-91.98622277	-27.35978350	3.74503416	9.34049237
3.96666667	-3.12980523	49.98229903	21.26708616	-90.02568064	-27.24083961	2.76164631	9.33330728
3.97500000	-3.23561350	50.10744663	21.19580761	-88.03737295	-27.26529966	2.00378392	9.56213362
3.98333333	-3.37787367	50.14408270	21.12278787	-85.86110274	-27.28109224	1.22352979	9.77126630
3.99166667	-3.50771763	50.06693056	21.07115529	-83.52633220	-27.35861375	-0.10409884	9.97975295
4.00000000	-3.68727397	49.94464363	21.06485452	-81.02475073	-27.28337259	-3.11854020	9.79072567
4.00833333	-3.85748748	49.73288252	21.03938246	-78.46141583	-27.36058939	-4.38258172	10.10164032
4.01666667	-3.45093233	48.86669330	20.31059094	-75.68768417	-27.35368064	-7.42658266	10.33865308
4.02500000	-3.54232131	48.45599638	20.29609557	-72.90557631	-27.54355614	-9.00388228	10.70406950
4.03333333	-2.84746839	46.87880049	19.19638054	-69.72311119	-27.53533244	-12.43113517	11.01913216
4.04166667	-3.00913820	46.32194924	19.35871737	-66.81515719	-27.90860345	-14.22183968	11.45987182
4.05000000	-3.07353185	45.53656028	19.41199682	-63.76762080	-28.29984414	-16.20510647	11.90454037
4.05833333	-3.14681769	44.68603537	19.42883183	-60.67661090	-28.69304224	-18.21822649	12.38117058
4.06666667	-2.60400960	42.95563636	18.78510521	-57.33552719	-29.09114559	-21.15703782	12.75085992
4.07500000	-2.79548510	42.16618377	19.03258012	-54.24761719	-29.66543900	-23.01066268	13.31717612
4.08333333	-2.96338069	41.23404399	19.26176417	-51.10253287	-30.30732406	-24.82031011	13.93941059
4.09166667	-2.67167849	39.72582923	18.97849127	-47.90292243	-30.91261075	-25.73855432	14.60275068
4.10000000	-2.86694458	38.83802990	19.34515278	-44.87806885	-31.68858062	-27.40864155	15.23615734
4.10833333	-3.07491316	37.97044099	19.67243860	-41.91081394	-32.43529285	-28.92292832	15.91256581
4.11666667	-3.24463757	37.07439492	20.00991995	-39.04845669	-33.26264646	-30.23438434	16.61714459
4.12500000	-3.22951926	36.06593716	20.17695760	-36.67695302	-34.06465175	-28.93842891	17.15944555
4.13333333	-3.30765331	35.17276139	20.48336954	-34.18557262	-35.01252576	-30.18568147	17.85161364
4.14166667	-3.48214896	34.42053541	20.91314220	-32.05203551	-35.96401363	-30.13379870	18.55532832
4.15000000	-3.57112287	33.66244591	21.28228640	-30.01457020	-37.01652317	-30.98341059	19.31289363
4.15833333	-3.71052457	33.04534135	21.76141621	-28.37958693	-38.11199022	-30.64387057	19.98283865
4.16666667	-3.81258759	32.38277390	22.16798293	-26.67677856	-39.25615966	-31.32928672	20.78217906
4.17500000	-4.14791515	32.05025694	22.95461204	-25.39689694	-40.57297972	-31.13021559	21.66007242
4.18333333	-4.27188228	31.48557815	23.43520639	-24.04366565	-41.78787750	-31.61311999	22.49307991
4.19166667	-4.33008346	30.91256291	23.85864456	-22.86869040	-43.00626230	-31.73909967	22.88443979
4.20000000	-4.99429287	31.04415144	25.10938947	-22.09900919	-44.53883877	-31.65537607	24.22537913
4.20833333	-5.06793936	30.51153306	25.46747149	-21.15108702	-45.66635847	-31.78239635	24.64926703
4.21666667	-5.76806194	30.81252752	26.56155019	-20.60724525	-46.94940677	-31.65205479	25.94012107
4.22500000	-5.79902439	30.32684104	26.91322991	-19.90079275	-48.10986373	-31.85604966	26.61069985
4.23333333	-6.31358533	30.24968668	27.83168288	-19.30035026	-49.44461593	-31.86236298	27.58870616
4.24166667	-6.35849864	29.70860685	28.13290957	-18.68052996	-50.53036556	-31.85489918	27.96932040
4.25000000	-6.61959702	29.47986035	28.62185800	-18.20108903	-51.63480103	-31.89218147	29.18134341
4.25833333	-7.24693894	29.62103335	29.79291918	-17.97681526	-53.06009038	-31.57685057	29.91161615
4.26666667	-7.29836202	29.11966066	30.08028689	-17.57378256	-54.17930928	-31.57669215	30.33311751
4.27500000	-7.43284901	28.75305142	30.48016214	-17.26832458	-55.30445507	-31.72356978	31.34560164
4.28333333	-8.02921570	28.99251070	31.43719053	-17.15119108	-56.61449685	-31.73639203	32.17300790
4.29166667	-8.18470185	28.66690687	31.84566914	-16.98969550	-57.72338497	-31.80400738	32.89922360
4.30000000	-8.40832023	28.36954086	32.44131802	-16.88118021	-59.02302188	-31.49572620	33.64543603
4.30833333	-8.50831833	28.00737300	32.78874581	-16.77030285	-60.15838734	-31.17819816	33.95111264
4.31666667	-8.86989626	27.94053520	33.58251129	-16.93923351	-61.58473603	-29.18073357	35.08941434
4.32500000	-9.85353215	28.71336967	35.10620999	-17.50744300	-63.11438514	-26.45245064	35.95646368
4.33333333	-9.95772188	28.42155454	35.36506334	-17.79578776	-64.20508809	-23.50284746	36.60176451
4.34166667	-10.37064967	28.53641205	36.18785997	-18.15301816	-65.59185273	-20.53719818	37.34728937
4.35000000	-10.46495743	28.24600385	36.56669291	-18.33016765	-66.86384186	-17.79903349	37.89552666
4.35833333	-10.92250803	28.49998999	37.56491774	-18.82796407	-68.44956659	-14.78974843	38.43519215
4.36666667	-11.19074159	28.63035318	38.11337224	-19.18473381	-69.77982973	-12.22830792	38.73659133
4.37500000	-11.26389581	28.55816530	38.69165622	-19.56448255	-71.39436782	-9.93036343	38.90485494
4.38333333	-11.42144827	28.83905250	39.26244509	-20.17020116	-72.94994573	-7.79568580	38.83983804
4.39166667	-11.84133113	29.46715070	40.41566531	-20.86852074	-74.89694906	-5.90661290	38.47165841
4.40000000	-12.15456344	30.12383822	41.41432372	-21.69640537	-76.85960548	-4.16650773	38.00571453
4.40833333	-11.83417592	30.05872749	41.83110453	-22.51565554	-78.92706874	-2.48860750	37.44504807
4.41666667	-11.76868101	30.20397615	42.48546922	-23.27378423	-80.95752448	-0.78841105	36.64989057
4.42500000	-11.96265972	30.70858814	43.71022003	-24.07090151	-83.24824737	0.28834036	35.46351265
4.43333333	-11.60119762	30.64717902	44.23188514	-25.00939440	-85.27189987	1.62501449	34.41569628
4.44166667	-11.37639175	30.73032772	44.98061376	-25.99422887	-87.34943047	2.73139471	33.20079357
4.45000000	-10.95393670	30.66978099	45.56694232	-27.05716793	-89.28248455	3.66374861	31.86886141
4.45833333	-10.69233207	30.66162314	46.28495383	-28.01176378	-91.08633900	4.32807282	29.89140424
4.46666667	-10.16399071	30.56835391	46.68805364	-29.20704557	-92.80697545	5.08853098	28.61674484
4.47500000	-9.49511637	30.26543029	46.97688765	-30.30795105	-94.39515796	5.66490279	26.86793615
4.48333333	-8.99897504	30.09694273	47.24211079	-31.27960364	-95.80618370	6.27413036	25.53790255
4.49166667	-8.25529232	29.48725757	47.15929414	-31.90934293	-96.95632451	6.61982241	24.08751955
4.50000000	-7.92563692	29.12421027	47.57092373	-32.47371769	-98.03020802	7.04372736	23.22391608
4.50833333	-7.53261882	28.54351964	47.94306002	-32.66741317	-98.92988552	7.52413130	22.11945500
4.51666667	-7.16465272	28.02388952	48.28273546	-32.81071871	-99.60124995	7.81009925	21.35043362
4.52500000	-6.85318851	27.38384276	48.61726170	-32.75324862	-99.92689296	7.67222103	20.55630399
4.53333333	-6.78713572	26.99218523	48.97306458	-32.69446086	-99.96582256	8.01741948	20.27491339
4.54166667	-6.72134261	26.60067497	49.31865455	-32.63290444	-99.77436739	8.30223409	19.99273530
4.55000000	-6.68451713	26.18112258	49.81239329	-32.49568790	-99.54395803	8.57443617	19.61566607
4.55833333	-6.70740680	25.80037280	50.23998032	-32.30307593	-99.04698066	8.79599324	19.19037861
4.56666667	-6.64742275	25.27000905	50.59873971	-32.03910228	-98.39209617	9.01940513	18.56792922
4.57500000	-6.57070550	24.80362531	50.80888734	-31.81420372	-97.50200158	9.15514401	17.93447645
4.58333333	-6.56409118	24.33488490	51.13324099	-31.51406642	-96.49840021	9.32888751	17.34332688
4.59166667	-6.35902083	23.50792246	51.18850605	-31.06993328	-95.35771959	9.39693884	16.55286175
4.60000000	-6.09487422	22.74413278	51.06478870	-30.63203402	-94.04908383	9.32504485	16.20166894
4.60833333	-6.16278698	22.41222028	51.10474232	-30.39144056	-92.41091695	9.42459079	15.13043215
4.61666667	-6.19366325	22.02398595	51.18225410	-30.14242083	-90.74765951	9.54053706	14.06209700
4.62500000	-6.18040207	21.53123355	51.17894624	-29.82463799	-88.89489691	9.68825354	12.66175872
4.63333333	-6.21931004	21.13602740	51.12267693	-29.52975977	-86.91740957	9.83118727	11.19660319
4.64166667	-6.11927043	20.71705664	50.90393945	-29.42907788	-84.84161684	9.86473995	9.37627949
4.65000000	-5.80459452	19.96814052	50.30434182	-29.12215920	-82.55276764	9.57568131	7.53091051
4.65833333	-5.94129363	19.87064602	50.25489449	-29.18883082	-80.23273000	9.65609558	5.42599554
4.66666667	-6.05452333	19.63352609	49.95215697	-29.15570655	-77.63941352	9.63813737	3.09782005
4.67500000	-6.11675047	19.43834340	49.56313584	-29.18848168	-74.98619812	9.63158687	0.76512769
4.68333333	-5.72531754	18.83657782	48.59767483	-29.30164757	-72.12549177	9.30368084	-2.08229008
4.69166667	-5.78364337	18.76289661	48.16529258	-29.53735671	-69.39713971	9.37615814	-4.36013233
4.70000000	-5.75773707	18.41990222	47.51962625	-29.68482082	-66.44877405	9.23125373	-7.03883845
4.70833333	-5.92315182	18.54913939	47.01441375	-30.10321803	-63.55045233	9.38642115	-9.27698291
4.71666667	-5.82763436	18.41308896	46.16960139	-30.55575572	-60.51392721	9.34022661	-11.68918390
4.72500000	-5.80660800	18.34507066	45.40751306	-30.99619007	-57.48359536	9.50677757	-13.78655084
4.73333333	-5.84655768	18.38582046	44.64389803	-31.60147929	-54.38456147	9.69688230	-15.76814469
4.74166667	-5.90350911	18.37652526	43.79312570	-32.14916093	-51.21930398	9.89529589	-17.62169827
4.75000000	-5.35251715	17.75697479	42.28398358	-32.61764118	-48.14144102	9.54527769	-18.86293750
4.75833333	-5.51197316	18.04229347	41.57088738	-33.46145874	-45.09339566	9.84718261	-20.34787084
4.76666667	-5.61874516	18.25096722	40.76215150	-34.27090886	-42.06352265	10.17653593	-21.50312978
4.77500000	-5.42106230	18.11752916	39.60381720	-35.02745141	-39.25023482	10.24870910	-22.22323809
4.78333333	-5.48500800	18.24493282	38.78356481	-35.86906801	-36.46050979	10.63363752	-23.20365949
4.79166667	-5.55113161	18.42903040	37.89709000	-36.82879317	-33.80202006	11.03483374	-24.10308083
4.80000000	-5.22842852	18.14997640	36.72227989	-37.63744190	-31.44233669	11.16943117	-24.62660530
4.80833333	-5.33627219	18.40496451	35.99976216	-38.66520602	-29.17507755	11.64637942	-25.37553801
4.81666667	-5.43158955	18.65687003	35.30197386	-39.74733821	-27.13340745	12.14548562	-26.17999408
4.82500000	-5.48989085	18.80240039	34.68147670	-40.74715114	-25.31946123	12.62214871	-26.84538097
4.83333333	-5.58934660	19.04680247	34.08559796	-41.82646451	-23.67926394	13.11790676	-27.70809348
4.84166667	-5.93678517	19.65654290	33.69863180	-43.11430625	-22.04907395	13.38376807	-28.55783820
4.85000000	-6.11020994	20.00302947	33.23145542	-44.29817388	-20.66433147	13.95826156	-29.35207172
4.85833333	-6.35250011	20.42892947	32.82589516	-45.48797184	-19.33749001	14.51973241	-30.05492837
4.86666667	-6.73092417	21.01880044	32.43888925	-46.76497156	-17.98990954	15.03441634	-30.75917352
4.87500000	-7.11440611	21.55191232	32.13218568	-47.96989055	-16.72268912	15.58151021	-31.28116362
4.88333333	-7.67544182	22.41395824	32.12798638	-49.29767609	-15.73989479	16.08887882	-31.55022209
4.89166667	-7.99248595	22.84722687	31.58477492	-50.48854078	-14.53177961	16.60735629	-31.74094884
4.90000000	-8.41270807	23.45603851	31.27372603	-51.78322113	-13.58699716	17.20943482	-31.95004729
4.90833333	-8.65543718	23.84529436	30.92537719	-52.98851892	-12.87622214	17.71976759	-31.98698076
4.91666667	-9.40344654	24.87250473	31.10997570	-54.41810422	-12.45833382	18.37161781	-31.96396444
4.92500000	-9.59725806	25.16552702	30.73823145	-55.62291406	-12.12854699	18.95485292	-32.02915899
4.93333333	-9.79573054	25.42649654	30.51725088	-56.81515952	-12.04641546	19.55035066	-32.04773452
4.94166667	-10.43703619	26.30978811	30.91061103	-58.24084869	-12.37330302	20.37643841	-31.63310914
4.95000000	-10.52532334	26.47031015	30.54843552	-59.48120902	-12.64779898	21.01026987	-30.84987070
4.95833333	-10.84253796	26.88487397	30.58953263	-60.78031891	-13.24806570	21.60195637	-28.99408468
4.96666667	-11.33471122	27.56147890	30.98666670	-62.17587016	-14.20280945	22.68354195	-26.64940316
4.97500000	-11.38908558	27.67754638	30.59954529	-63.45300670	-14.79781149	23.29319195	-23.70258881
4.98333333	-11.90512591	28.27922468	30.96771099	-64.75308760	-15.81203639	24.13173420	-19.97264673
4.99166667	-12.25855577	28.79727264	31.23900792	-66.14551112	-16.82336754	25.12622217	-16.30500296
5.00000000	-12.33560325	28.88994518	31.03014690	-67.33624876	-17.58504104	25.63499322	-12.87171546
5.00833333	-12.45285042	29.09543775	30.98063358	-68.58204887	-18.38481380	26.08422643	-9.66369300
5.01666667	-12.56329746	29.34264787	31.10892745	-69.87374194	-19.25375093	26.55259204	-6.84176155
5.02500000	-12.81803443	29.77588523	31.30314971	-71.19760480	-19.98740554	27.04371121	-4.16861255
5.03333333	-13.88975927	31.41905681	32.69774974	-72.97842411	-20.88952960	28.44283138	-1.96431144
5.04166667	-13.81066528	31.59956164	32.54601882	-74.37070520	-21.50328706	28.77677877	0.31221269
5.05000000	-13.75183092	31.93395615	32.54220520	-75.88431993	-22.08050757	29.11473781	1.95950606
5.05833333	-13.83736364	32.63531808	32.68663218	-77.70674050	-22.66069662	28.84223530	3.45664187
5.06666667	-14.49402700	34.25199020	33.48214522	-79.88826495	-23.14542235	28.09355816	4.13992840
5.07500000	-14.46536262	35.13458705	33.58015341	-81.94784416	-23.89572170	26.40733612	5.17948285
5.08333333	-14.48386877	36.21796605	33.83251843	-84.12560606	-24.76219299	23.36294957	5.96239717
5.09166667	-14.05289158	36.79384879	33.63978056	-86.15939854	-25.81438888	21.32900139	6.67789511
5.10000000	-13.39432833	37.15510375	32.89010576	-87.99086576	-26.22864659	16.86326229	7.22012282
5.10833333	-12.85824504	37.66098296	32.42493621	-89.74331216	-27.03270773	14.61210745	7.98235398
5.11666667	-11.64400341	37.29213496	30.90284870	-91.07943720	-27.29026689	10.89332809	8.43509357
5.12500000	-11.15073373	37.75319747	30.18583142	-92.35638926	-27.64796374	8.02638811	8.99296061
5.13333333	-10.48781133	38.02783154	29.12425959	-93.48741554	-27.68658677	6.40504654	9.43089572
5.14166667	-10.24763589	38.78601010	28.38847143	-94.46462114	-27.57171112	5.62684503	9.88874781
5.15000000	-10.12129507	39.63790312	27.64147815	-95.26226905	-27.15411358	5.43100606	10.05037610
5.15833333	-9.78751570	40.24861471	26.51944626	-95.83659820	-26.58223494	5.15463904	10.38496851
5.16666667	-9.73467708	41.15102437	25.72744449	-96.24385292	-25.94051508	5.25605745	10.51983143
5.17500000	-9.71333181	41.98719809	24.81152924	-96.39505705	-25.09795506	5.45305395	10.65430951
5.18333333	-8.87499035	41.84858876	22.92115423	-96.19790321	-24.15506170	5.06084754	10.90587094
5.19166667	-8.72873872	42.48759818	21.93167728	-95.91210530	-23.37884757	4.36940588	11.06963854
5.20000000	-8.60773063	43.12263571	20.97490553	-95.49400969	-22.52975175	3.62651271	11.11751604
5.20833333	-8.53251265	43.77033739	20.04358735	-94.92516381	-21.64577652	3.49729699	11.10572737
5.21666667	-8.61459561	44.56939366	19.33922244	-94.21946672	-20.83975598	3.56264993	11.20798423
5.22500000	-8.38075456	44.82636513	18.23533036	-93.12400316	-20.01020843	1.52163966	11.31176615
5.23333333	-8.47496261	45.50522682	17.56077104	-92.03305207	-19.23575548	1.61877021	11.35576098
5.24166667	-8.28656843	45.78974217	16.75292191	-90.72813372	-18.59689837	1.48957996	11.35282312
5.25000000	-8.39551692	46.37519980	16.13080397	-89.36120297	-17.93159940	1.47385638	11.48404499
5.25833333	-7.75068407	45.89797458	14.61947966	-87.56778873	-17.15768726	1.33088524	11.53931142
5.26666667	-7.82006017	46.30946546	14.16435768	-85.83410930	-16.70873198	1.23003494	11.62048814
5.27500000	-7.95706375	46.73772192	13.63582793	-83.98827220	-16.17021472	1.12141050	11.78930097
5.28333333	-7.53570987	46.37628867	12.59395991	-81.92675393	-15.79022869	2.58162446	12.17413074
5.29166667	-7.65697080	46.70921042	12.13377411	-79.80329889	-15.34014350	2.30322306	12.27278302
5.30000000	-7.05810908	46.06318864	10.94536112	-77.47016825	-15.02153678	3.73349274	12.52046702
5.30833333	-7.09571411	46.09744210	10.37809336	-75.03743347	-14.60909374	3.38458518	12.68366723
5.31666667	-6.58779677	45.44906970	9.07069329	-72.50872507	-14.07371206	3.81912322	12.84867409
5.32500000	-6.62828847	45.40154861	8.68928045	-69.87982741	-13.92630616	3.43482861	13.09175298
5.33333333	-6.24740779	44.77777915	7.76315276	-67.12620826	-13.67878164	3.22663144	13.31664748
5.34166667	-6.44354911	44.78629274	7.37354372	-64.40334147	-13.42255319	2.93762316	13.50199612
5.35000000	-5.86757032	43.80030260	6.05532300	-61.43537579	-13.04125374	2.32651664	13.74439942
5.35833333	-5.60464218	43.11687624	5.16229534	-58.41040945	-12.71725177	1.61314020	13.96246418
5.36666667	-5.78702035	42.96168866	4.92593169	-55.48205173	-12.70447249	1.20453827	14.16693202
5.37500000	-5.18530431	41.72908880	3.55544736	-52.23876903	-12.21403488	-0.31566892	14.42555811
5.38333333	-4.91554947	40.88191364	2.59243460	-49.06141768	-11.88144713	-1.48298628	14.60782441
5.39166667	-5.10636547	40.57020060	2.20511866	-45.98352821	-11.70044693	-2.65627199	14.92553717
5.40000000	-4.66245076	39.42788488	0.96162299	-42.75499827	-11.26958567	-3.92920252	15.03647828
5.40833333	-4.80981729	39.01980851	0.64851701	-39.68848200	-11.25960047	-5.32416943	15.33237099
5.41666667	-4.47644390	37.98401436	-0.27480675	-36.56152530	-11.08856084	-6.30626059	15.54980625
5.42500000	-4.64524372	37.57263766	-0.60827038	-33.59605873	-11.07987848	-7.68028800	15.80385116
5.43333333	-4.19093427	36.43719068	-1.70618751	-30.71653046	-10.85704630	-7.84815122	15.96883795
5.44166667	-4.23210180	35.94957868	-2.18228173	-28.10959288	-10.82669153	-8.23894154	16.12071353
5.45000000	-4.07763581	35.30863796	-2.95682140	-25.71530499	-10.69169859	-8.23484225	16.15341569
5.45833333	-4.13305775	34.89457984	-3.32916197	-23.45916190	-10.81063108	-8.45827104	16.27606668
5.46666667	-4.02576950	34.36306015	-3.92801914	-21.46625465	-10.86954137	-8.50769048	16.31978112
5.47500000	-4.06263912	34.02313002	-4.23148797	-19.69268665	-11.14841581	-8.60618793	16.40407884
5.48333333	-3.94620443	33.58575047	-4.75815906	-18.18744107	-11.32311985	-8.52309394	16.36244834
5.49166667	-4.03776590	33.39250166	-5.05546385	-16.88332375	-11.57086767	-8.43357815	16.40004917
5.50000000	-4.22852424	33.23995064	-5.21112917	-15.53156612	-11.87678430	-8.66582972	16.38385652
5.50833333	-4.28530868	33.04614911	-5.45843641	-14.76247205	-12.24985226	-7.99282670	16.38783630
5.51666667	-4.44308631	32.90504245	-5.57334259	-13.94656744	-12.65894630	-7.66443577	16.32188253
5.52500000	-4.77199380	32.90186408	-5.42541039	-13.27609360	-13.19051166	-7.35681511	16.23279257
5.53333333	-4.93965900	32.63825954	-5.40540242	-12.57543445	-13.78606326	-7.31985948	16.06739971
5.54166667	-5.46046650	32.85679062	-4.95079803	-12.35953050	-14.47477407	-7.12385190	15.93372153
5.55000000	-5.65506853	32.60953715	-4.87764832	-12.03907589	-15.12959790	-7.28653998	15.63737600
5.55833333	-6.16429138	32.81770388	-4.42977495	-12.14227513	-15.78516568	-7.61242338	15.17380432
5.56666667	-6.34836377	32.63015977	-4.24341843	-12.13125615	-16.63157266	-8.25840266	14.67516641
5.57500000	-6.87602820	32.84737693	-3.61727017	-12.27106405	-17.61504148	-8.91244785	14.17109575
5.58333333	-7.12804868	32.77372498	-3.26879945	-12.38017679	-18.58784398	-9.55861233	13.39936592
5.59166667	-7.74296383	33.18340816	-2.40825181	-12.62684579	-19.71898237	-10.17913809	12.57632337
5.60000000	-7.99292032	33.16712418	-1.88690975	-12.83169273	-20.94991517	-10.54022526	11.52366821
5.60833333	-8.28846672	33.23958524	-1.18886864	-13.13304784	-22.39243243	-10.66638745	10.37216503
5.61666667	-8.84141751	33.63288141	-0.12480747	-13.48686933	-23.96908505	-10.73545697	9.00480901
5.62500000	-8.75222509	33.29101550	0.40676012	-13.87041458	-25.73821737	-10.54024122	7.51698583
5.63333333	-9.06346064	33.39645868	1.43236275	-14.25361955	-27.62254955	-10.45096952	5.73424996
5.64166667	-9.18634869	33.26506183	2.37230877	-14.61279652	-29.63414239	-10.17177463	3.76576425
5.65000000	-9.30026314	33.13675820	3.42283099	-15.00920281	-31.77254047	-9.79175716	1.71633567
5.65833333	-9.21409232	32.74704201	4.26528656	-15.37718705	-33.85804199	-9.23440741	-0.49384995
5.66666667	-9.44661614	32.67454789	5.56984717	-15.64248301	-35.99307248	-8.92984974	-2.90844315
5.67500000	-9.37071421	32.24908457	6.65926487	-15.89568443	-38.26934536	-8.31129032	-4.98490869
5.68333333	-9.87765429	32.49430508	8.46139554	-16.20052810	-40.52546383	-8.00322375	-7.24283404
5.69166667	-9.84710587	32.02916660	9.64353085	-16.31759493	-42.75678401	-7.39869184	-8.95160383
5.70000000	-10.69955685	32.66760715	12.09400908	-16.59970760	-45.26940995	-7.11204222	-10.70766796
5.70833333	-11.13761060	32.76747064	14.02479290	-16.76088004	-47.60137184	-6.67462956	-12.20434789
5.71666667	-11.60473034	32.84309865	15.97896342	-16.81682042	-49.86541870	-6.24733099	-13.33399701
5.72500000	-12.22750194	33.13955497	18.24584391	-16.93175590	-52.19482476	-5.82892502	-14.15494940
5.73333333	-12.71307870	33.25296386	20.37293559	-16.98291654	-54.35796199	-5.34464392	-14.70020775
5.74166667	-13.19682247	33.31844957	22.34605897	-17.00285543	-56.25279724	-4.84482139	-14.98652517
5.75000000	-13.32725669	32.91031974	23.87090400	-16.85039272	-57.94836179	-4.36424398	-14.71225461
5.75833333	-13.85593368	33.06742791	25.98763858	-16.90439043	-59.57364803	-3.90748344	-15.08516191
5.76666667	-13.81623800	32.43669881	27.29247317	-16.67321592	-60.93295304	-3.48484142	-14.44077818
5.77500000	-13.97887693	32.02154460	28.68286290	-16.47409166	-62.03502610	-3.06561222	-14.07475298
5.78333333	-14.32946747	31.99597216	30.28044824	-16.64074964	-62.85926892	-2.41034349	-14.70074160
5.79166667	-14.23072921	31.28864040	31.39422819	-16.38396928	-63.61675335	-2.07687395	-14.07764862
5.80000000	-14.22328260	30.70714898	32.49256297	-16.21313350	-64.16567061	-1.64160685	-13.49052450
5.80833333	-14.23484311	30.15742382	33.52662713	-16.06683426	-64.49599417	-1.20742491	-12.84752431
5.81666667	-14.16240176	29.61753584	34.42922630	-16.12880424	-64.62821269	-0.55527231	-11.99352741
5.82500000	-14.06118595	28.97295804	35.23622558	-16.00552216	-64.56975707	-0.16298259	-11.07834085
5.83333333	-13.84774470	28.20197759	35.92379024	-15.87673359	-64.43268260	0.28354929	-9.55581797
5.84166667	-13.62353535	27.42485096	36.50600703	-15.74443010	-64.08077505	0.65929369	-8.16913363
5.85000000	-13.62717052	26.86024656	37.22347951	-15.58831969	-63.49645642	0.99925432	-7.07683830
5.85833333	-13.20464741	25.85577820	37.56136715	-15.42844092	-62.92453157	1.40170289	-5.13532780