0.00000000	-15.76920344	22.79227356	22.03716738	-12.15627447	-11.36821345	3.43743466	8.75589367
0.00833333	-15.78430296	22.78341801	22.03308494	-12.15701409	-11.37389750	3.43520920	8.75177183
0.01666667	-15.77251246	22.78692556	22.03679106	-12.15273776	-11.37398750	3.43306906	8.74996787
0.02500000	-15.78397635	22.79817038	22.01141918	-12.14665587	-11.39350873	3.43048639	8.74718319
0.03333333	-15.79889372	22.79427541	22.00006619	-12.14620514	-11.40407914	3.42822523	8.74548854
0.04166667	-15.77623830	22.78731502	21.98386714	-12.13664303	-11.46961613	3.40030417	8.73412273
0.05000000	-15.77709661	22.78722666	21.98319202	-12.13673488	-11.46998078	3.40005848	8.73416294
0.05833333	-15.77708439	22.78738224	21.98326090	-12.13676342	-11.47000081	3.39982050	8.73423565
0.06666667	-15.77808487	22.78675443	21.98318999	-12.13709167	-11.47013593	3.39958202	8.73430935
0.07500000	-15.77892311	22.78608211	21.98343277	-12.13745591	-11.47016442	3.39934795	8.73437273
0.08333333	-15.78737958	22.77950498	21.98474067	-12.14094338	-11.47112670	3.39681882	8.73501138
0.09166667	-15.78774322	22.77944202	21.98469029	-12.14105168	-11.47125409	3.39661597	8.73505160
0.10000000	-15.78791030	22.77945360	21.98483213	-12.14105660	-11.47143458	3.39641514	8.73506803
0.10833333	-15.79623579	22.77562809	21.98310678	-12.14231343	-11.47401406	3.39454217	8.73517058
0.11666667	-15.79559759	22.77597329	21.98362775	-12.14207542	-11.47381058	3.39440262	8.73523963
0.12500000	-15.79609133	22.77576841	21.98366713	-12.14201464	-11.47375850	3.39426739	8.73534433
0.13333333	-15.80254501	22.76969164	21.98964065	-12.12796426	-11.46890578	3.38734465	8.74366352
0.14166667	-15.80240061	22.77004437	21.98978568	-12.12768621	-11.46896573	3.38722460	8.74378493
0.15000000	-15.80357878	22.76979660	21.98930781	-12.12762987	-11.46932587	3.38709354	8.74392281
0.15833333	-15.81399993	22.76388106	21.99075070	-12.11327103	-11.46954879	3.38045053	8.75260713
0.16666667	-15.81293910	22.76454230	21.99140268	-12.11267472	-11.46936714	3.38025559	8.75280439
0.17500000	-15.81501844	22.76353092	21.99084661	-12.11264058	-11.47004560	3.37990599	8.75304201
0.18333333	-15.81959811	22.75499811	21.99052035	-12.10524238	-11.47377093	3.37511818	8.75652511
0.19166667	-15.81874659	22.75529889	21.99105168	-12.10481588	-11.47365230	3.37501943	8.75661154
0.20000000	-15.81898360	22.75492460	21.99132136	-12.10476101	-11.47364265	3.37491008	8.75669536
0.20833333	-15.82077572	22.74619572	21.99432221	-12.09025259	-11.48179196	3.36850987	8.76274009
0.21666667	-15.82038252	22.74635562	21.99477546	-12.09010456	-11.48188963	3.36841083	8.76280585
0.22500000	-15.82113278	22.74577304	21.99500840	-12.09030216	-11.48212017	3.36830476	8.76285981
0.23333333	-15.83144386	22.73890533	21.99408365	-12.09181566	-11.48636192	3.36739385	8.76333495
0.24166667	-15.83080104	22.73911416	21.99463880	-12.09153571	-11.48646837	3.36734498	8.76341787
0.25000000	-15.83155317	22.73861120	21.99463429	-12.09156036	-11.48693430	3.36729870	8.76350713
0.25833333	-15.84206710	22.72988215	21.99415997	-12.09098075	-11.49477001	3.36675137	8.76557666
0.26666667	-15.84010089	22.73077722	21.99504768	-12.09029898	-11.49489723	3.36673895	8.76573799
0.27500000	-15.84007918	22.73075708	21.99517895	-12.09005024	-11.49533668	3.36670788	8.76591548
0.28333333	-15.84010125	22.73064384	21.99535202	-12.08983798	-11.49584193	3.36666471	8.76607767
0.29166667	-15.83484394	22.72341484	22.00352344	-12.05716942	-11.56113009	3.36079212	8.78636601
0.30000000	-15.83519026	22.72332888	22.00380595	-12.05738510	-11.56134370	3.36065287	8.78651582
0.30833333	-15.83641124	22.72274915	22.00380856	-12.05782092	-11.56170938	3.36050862	8.78665203
0.31666667	-15.84788200	22.71851828	22.00331016	-12.06102422	-11.56611122	3.35887650	8.78902510
0.32500000	-15.84706236	22.71897499	22.00391067	-12.06078650	-11.56608591	3.35880088	8.78921491
0.33333333	-15.84738718	22.71875729	22.00416464	-12.06084891	-11.56618154	3.35872121	8.78943527
0.34166667	-15.84783749	22.71852127	22.00436582	-12.06091764	-11.56635175	3.35864353	8.78966012
0.35000000	-15.84872661	22.71817228	22.00437150	-12.06105772	-11.56657843	3.35856481	8.78990211
0.35833333	-15.85931868	22.71409279	22.00347875	-12.06158090	-11.56929126	3.35779013	8.79285020
0.36666667	-15.86000696	22.71384373	22.00329329	-12.06154828	-11.56949664	3.35774838	8.79308739
0.37500000	-15.86030273	22.71388965	22.00337028	-12.06134989	-11.56970092	3.35771770	8.79330716
0.38333333	-15.86116887	22.71387032	22.00317661	-12.06127961	-11.56995612	3.35771024	8.79351722
0.39166667	-15.89557182	22.72749181	22.01946634	-12.02473029	-11.56743544	3.36122833	8.82190092
0.40000000	-15.89593834	22.72764445	22.01913193	-12.02467022	-11.56741469	3.36123777	8.82212843
0.40833333	-15.89687580	22.72755317	22.01869553	-12.02469813	-11.56762311	3.36126890	8.82223379
0.41666667	-15.89822411	22.72735559	22.01811558	-12.02487207	-11.56786296	3.36131973	8.82231554
0.42500000	-15.91025065	22.72523308	22.01351993	-12.02628434	-11.56860609	3.36189473	8.82329849
0.43333333	-15.91038312	22.72544153	22.01356580	-12.02624389	-11.56837781	3.36196286	8.82342469
0.44166667	-15.91081343	22.72559596	22.01343836	-12.02624657	-11.56817349	3.36200643	8.82357150
0.45000000	-15.92682227	22.72373727	22.00815702	-12.02747797	-11.56492272	3.36261994	8.82642619
0.45833333	-15.92447588	22.72524245	22.00905536	-12.02682783	-11.56357408	3.36267729	8.82693973
0.46666667	-15.92374884	22.72599670	22.00930207	-12.02662273	-11.56305535	3.36267280	8.82715919
0.47500000	-15.92385518	22.72645435	22.00920015	-12.02653118	-11.56275705	3.36264980	8.82737373
0.48333333	-15.92446482	22.72671547	22.00888875	-12.02658143	-11.56252565	3.36262069	8.82759616
0.49166667	-15.92534557	22.72687190	22.00848218	-12.02670543	-11.56237092	3.36259049	8.82781172
0.50000000	-15.96084470	22.74479948	22.00007227	-12.02919822	-11.52650466	3.36225553	8.85025745
0.50833333	-15.95986537	22.74536284	22.00058139	-12.02906166	-11.52584297	3.36226594	8.85048779
0.51666667	-15.96029410	22.74544738	22.00039067	-12.02908416	-11.52550806	3.36226870	8.85072673
0.52500000	-15.96127522	22.74535007	22.00005594	-12.02925432	-11.52517240	3.36227087	8.85098739
0.53333333	-15.96264830	22.74504637	21.99962429	-12.02946286	-11.52495884	3.36228223	8.85123077
0.54166667	-15.97446705	22.74239120	21.99700512	-12.03113197	-11.52204038	3.36258400	8.85376455
0.55000000	-15.97476268	22.74239118	21.99688654	-12.03108849	-11.52176311	3.36261618	8.85397435
0.55833333	-15.97488812	22.74262805	21.99703202	-12.03101729	-11.52148552	3.36265382	8.85416838
0.56666667	-15.97594827	22.74237232	21.99676065	-12.03116709	-11.52152568	3.36268568	8.85430960
0.57500000	-15.97949450	22.74157899	21.99580082	-12.03167296	-11.52172210	3.36276916	8.85468586
0.58333333	-15.98071937	22.74144269	21.99541805	-12.03172670	-11.52181290	3.36280787	8.85482747
0.59166667	-15.99404519	22.74008837	21.99216806	-12.03219312	-11.52035820	3.36355047	8.85774658
0.60000000	-15.99302068	22.74077257	21.99286962	-12.03188579	-11.51988787	3.36362057	8.85796575
0.60833333	-15.99354227	22.74062730	21.99303861	-12.03198268	-11.51965225	3.36368954	8.85822376
0.61666667	-15.99419274	22.74035295	21.99330466	-12.03215732	-11.51945908	3.36375822	8.85850327
0.62500000	-16.00531473	22.73590916	21.99338347	-12.03437504	-11.51894092	3.36467716	8.86180094
0.63333333	-16.00527936	22.73595340	21.99357057	-12.03429097	-11.51894603	3.36477763	8.86207742
0.64166667	-16.00555566	22.73587784	21.99382220	-12.03435603	-11.51900130	3.36488208	8.86234953
0.65000000	-16.00644970	22.73545394	21.99394325	-12.03460395	-11.51917217	3.36498182	8.86260976
0.65833333	-16.00741590	22.73495607	21.99409667	-12.03492426	-11.51931987	3.36508063	8.86287766
0.66666667	-16.02547182	22.73862343	21.99556092	-12.03454911	-11.52822332	3.37421711	8.88339287
0.67500000	-16.02517628	22.73874753	21.99590536	-12.03461563	-11.52814478	3.37431982	8.88366060
0.68333333	-16.02567497	22.73860044	21.99586228	-12.03485089	-11.52827048	3.37441700	8.88392179
0.69166667	-16.02588796	22.73873497	21.99593043	-12.03500773	-11.52839549	3.37450970	8.88419611
0.70000000	-16.02709023	22.73838089	21.99556619	-12.03538148	-11.52881059	3.37459934	8.88444459
0.70833333	-16.03856679	22.73541967	21.99153149	-12.03848720	-11.53370128	3.37600786	8.88760362
0.71666667	-16.03781084	22.73589259	21.99194770	-12.03831552	-11.53379154	3.37614224	8.88783831
0.72500000	-16.03849459	22.73561735	21.99182401	-12.03852355	-11.53409864	3.37626481	8.88808938
0.73333333	-16.03960219	22.73512843	21.99149423	-12.03881851	-11.53457267	3.37638685	8.88832360
0.74166667	-16.05159320	22.72939772	21.98700997	-12.04141378	-11.53995555	3.37803019	8.89127504
0.75000000	-16.05087240	22.72976598	21.98733322	-12.04123021	-11.54012846	3.37818840	8.89151639
0.75833333	-16.05125434	22.72976563	21.98707795	-12.04127140	-11.54058072	3.37833787	8.89174560
0.76666667	-16.05188268	22.72972784	21.98664876	-12.04138624	-11.54115875	3.37847952	8.89194445
0.77500000	-16.06093652	22.72670053	21.98106177	-12.04341894	-11.54683153	3.37987379	8.89391840
0.78333333	-16.06044395	22.72686119	21.98134139	-12.04340865	-11.54701140	3.38005802	8.89414533
0.79166667	-16.06067083	22.72660618	21.98125400	-12.04362471	-11.54734468	3.38023920	8.89437492
0.80000000	-16.06903177	22.72043610	21.97664339	-12.04748563	-11.55346849	3.38317638	8.89779137
0.80833333	-16.06794597	22.72085363	21.97694619	-12.04734609	-11.55361109	3.38339842	8.89802874
0.81666667	-16.06796290	22.72076655	21.97678209	-12.04750904	-11.55398139	3.38360951	8.89824918
0.82500000	-16.07190224	22.56986959	22.02526173	-11.85994118	-11.65386482	3.62351912	9.09758447
0.83333333	-16.07138456	22.57005516	22.02523067	-11.86031136	-11.65413374	3.62333590	9.09746647
0.84166667	-16.07164009	22.57029927	22.02447475	-11.86110008	-11.65516587	3.62296606	9.09724675
0.85000000	-16.06868975	22.56269472	22.01471186	-11.88777462	-11.67213867	3.61288438	9.09301954
0.85833333	-16.06782325	22.56314147	22.01503071	-11.88789926	-11.67218554	3.61278947	9.09300072
0.86666667	-16.05966237	22.55776428	22.00510265	-11.90897722	-11.68221077	3.60723766	9.09265535
0.87500000	-16.05971712	22.55787234	22.00504784	-11.90919058	-11.68228627	3.60719084	9.09268096
0.88333333	-16.06056499	22.55759887	22.00468394	-11.90960540	-11.68244950	3.60714102	9.09272169
0.89166667	-16.07004655	22.55417998	22.00068402	-11.91344195	-11.68340154	3.60680475	9.09356350
0.90000000	-16.06926837	22.55462737	22.00098567	-11.91345094	-11.68310421	3.60677866	9.09370901
0.90833333	-16.06956255	22.55471107	22.00081059	-11.91365496	-11.68303087	3.60674672	9.09388530
0.91666667	-16.06996911	22.55483036	22.00059575	-11.91386276	-11.68299106	3.60670331	9.09409523
0.92500000	-16.08131599	22.55760416	21.99513234	-11.93245724	-11.67192797	3.60481390	9.11659041
0.93333333	-16.08142309	22.55764392	21.99492593	-11.93263719	-11.67181342	3.60480181	9.11678238
0.94166667	-16.07371040	22.56784020	22.02374033	-12.02723409	-11.69475486	3.65901983	9.37540254
0.95000000	-16.07441230	22.56783638	22.02325759	-12.02725385	-11.69484360	3.65904888	9.37537911
0.95833333	-16.07518438	22.56777308	22.02268989	-12.02737125	-11.69498887	3.65908625	9.37532502
0.96666667	-16.07606462	22.56756059	22.02211805	-12.02758333	-11.69515155	3.65913132	9.37527092
0.97500000	-16.07707879	22.56728474	22.02147668	-12.02789564	-11.69539823	3.65918673	9.37518754
0.98333333	-16.07822192	22.56688957	22.02088907	-12.02829308	-11.69563745	3.65924693	9.37511202
0.99166667	-16.07959111	22.56637550	22.02023185	-12.02879721	-11.69592002	3.65932646	9.37502986
1.00000000	-16.08068202	22.56592821	22.01982508	-12.02928344	-11.69605752	3.65941311	9.37498447
1.00833333	-16.08994793	22.56252230	22.01607037	-12.03318771	-11.69675112	3.66042067	9.37479673
1.01666667	-16.08909738	22.56296482	22.01634931	-12.03317365	-11.69647692	3.66054493	9.37480996
1.02500000	-16.08914570	22.56309393	22.01617248	-12.03333620	-11.69642345	3.66067113	9.37480630
1.03333333	-16.08947041	22.56320573	22.01584111	-12.03351644	-11.69645665	3.66080342	9.37479997
1.04166667	-16.08986591	22.56338841	22.01539165	-12.03368343	-11.69655841	3.66093050	9.37477797
1.05000000	-16.09027805	22.56368077	22.01491302	-12.03379858	-11.69667899	3.66104769	9.37477405
1.05833333	-16.09115869	22.56382361	22.01424236	-12.03400449	-11.69686674	3.66115840	9.37477377
1.06666667	-16.09193959	22.56408211	22.01365234	-12.03416150	-11.69704130	3.66126813	9.37477931
1.07500000	-16.09260119	22.56443784	22.01317568	-12.03427500	-11.69716324	3.66136804	9.37478714
1.08333333	-16.11385950	22.57503926	22.01308527	-12.04031271	-11.69241428	3.67026669	9.37682756
1.09166667	-16.11447396	22.57497296	22.01287573	-12.04053425	-11.69226359	3.67041473	9.37684521
1.10000000	-16.11534948	22.57481626	22.01257523	-12.04082052	-11.69208431	3.67058094	9.37685422
1.10833333	-16.11603192	22.57475108	22.01232601	-12.04101917	-11.69186302	3.67075963	9.37685868
1.11666667	-16.11664757	22.57478633	22.01211691	-12.04118756	-11.69156760	3.67094701	9.37686997
1.12500000	-16.11738112	22.57481656	22.01181357	-12.04134506	-11.69127712	3.67113420	9.37687515
1.13333333	-16.11828373	22.57483316	22.01140964	-12.04151015	-11.69096369	3.67132419	9.37688858
1.14166667	-16.12307945	22.57677552	22.00929007	-12.04221640	-11.68722432	3.67309855	9.37676241
1.15000000	-16.12363254	22.57693912	22.00905811	-12.04217843	-11.68686896	3.67329606	9.37674193
1.15833333	-16.12435534	22.57726717	22.00853540	-12.04213763	-11.68650932	3.67347257	9.37670611
1.16666667	-16.12538870	22.57762454	22.00781534	-12.04208116	-11.68609322	3.67365066	9.37667736
1.17500000	-16.12644152	22.57803559	22.00706588	-12.04199736	-11.68549776	3.67383383	9.37667874
1.18333333	-16.17712895	22.61777633	22.00559420	-12.02817893	-11.54030852	3.70387738	9.38135332
1.19166667	-16.17854826	22.61758176	22.00476896	-12.02826499	-11.54045062	3.70403486	9.38122348
1.20000000	-16.17946972	22.61764944	22.00418712	-12.02824563	-11.54031433	3.70419085	9.38110904
1.20833333	-16.20296233	22.63216669	21.99022363	-12.01967293	-11.51619670	3.71613282	9.37232820
1.21666667	-16.20360436	22.63209589	21.98988381	-12.01974733	-11.51589623	3.71626069	9.37219923
1.22500000	-16.20406678	22.63228877	21.98953899	-12.01979677	-11.51554248	3.71638665	9.37204048
1.23333333	-16.20494361	22.63250040	21.98892614	-12.01989828	-11.51527781	3.71650974	9.37184342
1.24166667	-16.21085985	22.63531566	21.98542234	-12.02052113	-11.51076395	3.71775212	9.36992115
1.25000000	-16.21119621	22.63558013	21.98524750	-12.02042688	-11.51017765	3.71789962	9.36969110
1.25833333	-16.21173568	22.63585039	21.98507269	-12.02040061	-11.50945368	3.71804753	9.36949445
1.26666667	-16.21252137	22.63606349	21.98479914	-12.02039197	-11.50869287	3.71819726	9.36932284
1.27500000	-16.25358165	22.66500320	21.98762418	-12.00497389	-11.40581813	3.73763582	9.35282021
1.28333333	-16.25379700	22.66515268	21.98756163	-12.00491275	-11.40540592	3.73776755	9.35261561
1.29166667	-16.25666193	22.67538428	21.97801288	-12.00667395	-11.37823400	3.74247391	9.34098900
1.30000000	-16.25518992	22.67663688	21.97852249	-12.00639716	-11.37723261	3.74256358	9.34075082
1.30833333	-16.25548687	22.67686276	21.97823763	-12.00645264	-11.37687245	3.74261430	9.34058751
1.31666667	-16.25613649	22.67696781	21.97786339	-12.00665088	-11.37649022	3.74267742	9.34042170
1.32500000	-16.26120041	22.67741529	21.97510773	-12.00851828	-11.37246385	3.74335750	9.33900795
1.33333333	-16.26143793	22.67760803	21.97493694	-12.00849306	-11.37209222	3.74346795	9.33883598
1.34166667	-16.26267940	22.67765741	21.97419656	-12.00890973	-11.37109460	3.74366738	9.33847033
1.35000000	-16.26798932	22.67871844	21.97005027	-12.01096577	-11.36346646	3.74512005	9.33567139
1.35833333	-16.26766142	22.67919404	21.96995930	-12.01090345	-11.36267145	3.74526001	9.33534285
1.36666667	-16.26783630	22.67933732	21.96972547	-12.01097769	-11.36224220	3.74532343	9.33513062
1.37500000	-16.27064120	22.68624132	21.95722063	-12.00980055	-11.33362176	3.74862853	9.32116729
1.38333333	-16.27074859	22.68648865	21.95721910	-12.00976186	-11.33328175	3.74865329	9.32094554
1.39166667	-16.27178781	22.68623880	21.95697531	-12.01000963	-11.33295264	3.74869639	9.32073634
1.40000000	-16.27990519	22.68504961	21.95465983	-12.01084711	-11.32910121	3.74951506	9.31851934
1.40833333	-16.28162734	22.68473104	21.95426102	-12.01077293	-11.32828458	3.74973774	9.31809224
1.41666667	-16.28990540	22.68313671	21.95202493	-12.00974926	-11.32354973	3.75135243	9.31601274
1.42500000	-16.29021557	22.68306628	21.95199744	-12.00945728	-11.32310536	3.75152895	9.31581829
1.43333333	-16.29096301	22.68277964	21.95200509	-12.00930289	-11.32254700	3.75170740	9.31564714
1.44166667	-16.29936846	22.68024216	21.95065388	-12.00705796	-11.31675520	3.75360572	9.31394776
1.45000000	-16.29964123	22.68037562	21.95062030	-12.00656319	-11.31631318	3.75377689	9.31379403
1.45833333	-16.34190989	22.68709563	21.93821660	-11.95826417	-11.26922246	3.77088208	9.29689456
1.46666667	-16.33798816	22.68904239	21.93999360	-11.95708697	-11.26808825	3.77103998	9.29665390
1.47500000	-16.33795407	22.68914319	21.93999948	-11.95679816	-11.26788079	3.77111108	9.29645533
1.48333333	-16.33962849	22.68874890	21.93953362	-11.95663801	-11.26715306	3.77127064	9.29595787
1.49166667	-16.34452137	22.68685860	21.93923684	-11.95517010	-11.26304108	3.77197158	9.29424642
1.50000000	-16.34485594	22.68670436	21.93951935	-11.95482640	-11.26249483	3.77205901	9.29409738
1.50833333	-16.34565096	22.68623964	21.93982342	-11.95465721	-11.26180488	3.77212044	9.29397053
1.51666667	-16.38488627	22.69640331	21.94636116	-11.91298540	-11.21406954	3.77859755	9.27839866
1.52500000	-16.38506436	22.69627940	21.94646117	-11.91274945	-11.21376440	3.77863110	9.27823017
1.53333333	-16.38590079	22.69597394	21.94630560	-11.91262973	-11.21351997	3.77866823	9.27804232
1.54166667	-16.38657209	22.69599913	21.94614686	-11.91240526	-11.21329733	3.77872255	9.27782246
1.55000000	-16.48147239	22.70721517	21.96569395	-11.76451900	-11.09097228	3.81813662	8.96512292
1.55833333	-16.48161520	22.70756618	21.96553482	-11.76458939	-11.09117879	3.81811259	8.96520306
1.56666667	-16.48249061	22.70778708	21.96502464	-11.76479857	-11.09142519	3.81809122	8.96528470
1.57500000	-16.48911396	22.70976618	21.96192801	-11.76669778	-11.09189198	3.81796204	8.96610376
1.58333333	-16.48998184	22.70984451	21.96169387	-11.76690879	-11.09186178	3.81797573	8.96618446
1.59166667	-16.49960553	22.71142520	21.95893567	-11.76986990	-11.09011136	3.81820596	8.96689889
1.60000000	-16.49879848	22.71228501	21.95940788	-11.76985433	-11.08966633	3.81826308	8.96692925
1.60833333	-16.50585559	22.71653692	21.95658351	-11.77496628	-11.08686018	3.81946814	8.96670016
1.61666667	-16.50478864	22.71805074	21.95708579	-11.77562968	-11.08625108	3.81966512	8.96659800
1.62500000	-16.51103518	22.72524559	21.95201222	-11.78890261	-11.08480641	3.82217460	8.96468255
1.63333333	-16.50782208	22.72781776	21.95298234	-11.79024827	-11.08416604	3.82249369	8.96440982
1.64166667	-16.59428782	23.04132209	22.24979723	-12.27310093	-11.33098063	4.24267411	8.67608048
1.65000000	-16.59780013	23.04803797	22.24353123	-12.27832081	-11.33129339	4.24048532	8.67608145
1.65833333	-16.57977270	23.16757241	22.24455225	-12.57312192	-11.36812473	4.21196174	8.66858977
1.66666667	-16.58030597	23.18653383	22.23193765	-12.57183298	-11.36980192	4.21305610	8.66889635
1.67500000	-16.62888011	23.46737428	22.25038150	-12.99535009	-11.35325708	4.33971428	8.66739195
1.68333333	-16.60271900	23.51276930	22.23041810	-13.13162648	-11.34716624	4.34420298	8.66555578
1.69166667	-16.68645236	23.93054585	22.26284911	-13.62408922	-11.39164486	4.66363256	8.58962714
1.70000000	-16.66173861	23.98625261	22.19454794	-13.81049476	-11.35453684	4.64162243	8.59088543
1.70833333	-16.72322261	24.38910391	22.09096610	-14.34271467	-11.16892194	4.85329274	8.54301092
1.71666667	-16.68889148	24.45303482	22.02558921	-14.55564445	-11.12261973	4.82539686	8.54764023
1.72500000	-16.74320823	24.83722235	21.86973398	-15.04571801	-10.91189211	5.04498613	8.52292733
1.73333333	-16.72485742	24.89521367	21.79685838	-15.21658725	-10.86592497	5.01510488	8.53031816
1.74166667	-16.75697899	25.20253191	21.62495943	-15.63194669	-10.60834756	5.15871844	8.54454282
1.75000000	-16.73780070	25.25165290	21.56521045	-15.77824743	-10.57274216	5.13248593	8.55262406
1.75833333	-16.68834269	25.31731883	21.45612488	-16.03864061	-10.50635804	5.12057339	8.57084110
1.76666667	-16.79553362	25.54729533	21.31380934	-16.12690809	-10.26606771	5.04715794	8.51458214
1.77500000	-16.80364215	25.56885757	21.28266465	-16.19016346	-10.26312373	5.04191151	8.52354667
1.78333333	-16.78969805	25.58905072	21.23113103	-16.31564931	-10.23761432	5.05032361	8.54198418
1.79166667	-16.77930177	25.60782532	21.16451272	-16.44392573	-10.20706048	5.09295271	8.56993505
1.80000000	-16.79290826	25.60688682	21.15292796	-16.45226933	-10.20585615	5.09619572	8.57194535
1.80833333	-16.80990079	25.60216668	21.13946980	-16.46573189	-10.20446276	5.10055044	8.57426367
1.81666667	-16.85802066	25.65743052	21.17026035	-16.62635698	-10.18159747	5.70953968	8.69467624
1.82500000	-16.89768266	25.45585244	21.24041655	-16.39101239	-10.23982781	5.69483244	8.68486321
1.83333333	-16.91537632	25.44348659	21.23444299	-16.40335152	-10.24085205	5.69379851	8.68491901
1.84166667	-16.86998578	25.38318780	21.18514239	-16.49956596	-10.33215467	5.71429913	8.68282747
1.85000000	-16.80902003	25.10384383	21.29717356	-16.25679194	-10.61938263	5.99875222	8.71019274
1.85833333	-16.82125230	25.08700775	21.27881491	-16.28587489	-10.64184245	5.98771214	8.71148395
1.86666667	-16.79849089	25.03995496	21.25448157	-16.33672632	-10.72637121	5.98793869	8.71104992
1.87500000	-16.70907436	24.85699120	21.36955719	-16.28598947	-11.10865804	6.17492294	8.82876453
1.88333333	-16.73397155	24.83322052	21.34680264	-16.30134824	-11.14333026	6.18306039	8.83494394
1.89166667	-16.68044730	24.73189204	21.31050413	-16.33779433	-11.29486859	6.23929541	8.87942653
1.90000000	-16.48788040	24.31620803	21.25797333	-16.10953384	-11.64144066	6.47995446	9.33296409
1.90833333	-16.45064182	24.23139418	21.23174850	-16.13321812	-11.81887569	6.48065703	9.34222919
1.91666667	-16.15183144	23.73101549	21.05207700	-15.95188541	-12.19342708	6.57874034	9.77231892
1.92500000	-16.17101678	23.68301379	21.04214778	-15.96860930	-12.28428312	6.57972933	9.76481813
1.93333333	-15.75170949	23.03452509	20.85069447	-15.73869344	-12.76131465	6.63607112	10.13607115
1.94166667	-15.65571063	22.91820879	20.95720625	-15.84546196	-13.30355875	6.74137668	10.22310276
1.95000000	-15.56995118	22.77656306	21.10083971	-15.88539867	-13.89620199	6.89024506	10.38652676
1.95833333	-15.65713181	22.74063156	21.41153365	-15.75181286	-14.18456033	6.95876819	10.56919313
1.96666667	-15.50152551	22.54230870	21.58145961	-15.83964090	-14.95293336	7.07912741	10.68678575
1.97500000	-15.44326361	22.31677278	21.86993913	-15.63952187	-15.55192110	7.18049601	10.77364102
1.98333333	-15.30002321	22.17268923	22.12037699	-15.75219371	-16.44033964	7.34419204	11.06501001
1.99166667	-15.52530074	22.55319281	22.76986687	-16.05525959	-17.07660542	7.43616752	10.90235801
2.00000000	-15.39205531	22.34311950	23.13781110	-16.04236172	-18.12331493	7.65043719	11.08933088
2.00833333	-15.66394146	22.83281513	23.96487689	-16.46431109	-18.99001734	7.80943387	11.02913688
2.01666667	-15.47657591	22.54777254	24.36110064	-16.44904719	-20.14650769	8.02963780	11.24748665
2.02500000	-15.34106287	22.35587516	24.80328633	-16.48663473	-21.10197046	8.07033781	11.05548334
2.03333333	-15.11430261	22.02601037	25.17637960	-16.46213022	-22.27053854	8.14665798	11.04945999
2.04166667	-14.85795977	21.62628723	25.55755074	-16.35652087	-23.33865187	8.22770981	10.71826516
2.05000000	-14.58894850	21.12262168	25.98765280	-16.12271999	-24.62114843	8.38402055	10.78938537
2.05833333	-14.41831224	20.86725921	26.44665087	-16.11264318	-25.67155364	8.40259422	10.30394067
2.06666667	-14.20532938	20.47864256	26.96194717	-15.98142608	-26.95864934	8.54992472	10.60243236
2.07500000	-14.03225865	20.18196867	27.46294119	-15.93431030	-27.99151284	8.56200218	10.38885883
2.08333333	-13.81312539	19.81948422	27.95157536	-15.84092309	-29.18393418	8.66998567	10.82143127
2.09166667	-13.57525256	19.45915329	28.38487461	-15.79141334	-30.26736020	8.75660650	11.29465341
2.10000000	-13.35290154	19.05140289	28.80850692	-15.67915581	-31.24526192	8.84869243	11.57582335
2.10833333	-13.21262287	18.69892651	29.25597978	-15.53559300	-32.11213937	8.85687927	11.61904568
2.11666667	-13.05157713	18.35315016	29.70615198	-15.43284608	-32.95875611	8.90228194	11.79026639
2.12500000	-12.86606141	18.01353293	30.09852054	-15.41088433	-33.71093361	9.05324392	12.11957921
2.13333333	-12.70464283	17.73474019	30.51246571	-15.39672306	-34.37616046	9.04136378	12.03384277
2.14166667	-12.50371354	17.49234278	30.80383352	-15.54433046	-34.94095875	9.19479006	11.97430632
2.15000000	-12.35748370	17.21618318	31.20572523	-15.51670391	-35.46103051	9.18961914	11.84104195
2.15833333	-12.22836039	17.06780277	31.50926785	-15.68652239	-35.81904439	9.35795416	11.53239686
2.16666667	-12.10992489	16.79194735	31.90421701	-15.62014027	-36.14438426	9.36723203	11.37217062
2.17500000	-11.96986785	16.55278071	32.16112554	-15.66409907	-36.27921328	9.55894995	10.63164176
2.18333333	-11.88305885	16.32977297	32.55337710	-15.61363426	-36.42808865	9.58313676	10.45417432
2.19166667	-11.84327098	16.27388488	32.86726035	-15.79545402	-36.33232762	9.84826848	9.58641613
2.20000000	-11.78782141	16.08861601	33.24925952	-15.77594427	-36.25884460	9.87551759	9.51394526
2.20833333	-11.68297935	15.91475298	33.54055488	-15.84765816	-36.11482974	10.05912539	8.33516387
2.21666667	-11.62605248	15.78002800	33.89734000	-15.88479456	-35.85822706	10.12189036	8.26824911
2.22500000	-11.42212203	15.61629516	34.02348605	-16.15399615	-35.50988662	10.49703563	7.74678475
2.23333333	-11.37874352	15.41388155	34.38183815	-16.10228803	-35.14260936	10.53581425	7.77099958
2.24166667	-11.37792918	15.20637435	34.68954587	-16.00845009	-34.65486779	10.61435106	7.80088767
2.25000000	-11.04804903	14.64620740	34.56119064	-15.89820389	-34.01586191	11.00022694	7.35835010
2.25833333	-11.03108127	14.50281547	34.89379375	-15.90520805	-33.49536992	11.03044446	7.35387413
2.26666667	-10.80466749	14.10227881	34.80348120	-15.88078666	-32.75096734	11.25687088	6.69432735
2.27500000	-10.76244611	13.88814351	35.02436331	-15.85508626	-32.07511273	11.35545383	6.50538127
2.28333333	-10.64935946	13.56141946	35.14840674	-15.81793842	-31.34006268	11.54447200	5.80996708
2.29166667	-10.45893063	13.17672870	35.10315226	-15.77567611	-30.54581879	11.73483766	5.03073113
2.30000000	-10.30651723	12.84309849	35.05250309	-15.76957078	-29.66989421	11.90838532	4.32829384
2.30833333	-10.29885290	12.58129929	35.22379310	-15.68075780	-28.80434237	12.03160779	3.94421613
2.31666667	-9.97972720	11.96388166	35.11497931	-15.55482189	-28.02982690	12.20413474	2.86574858
2.32500000	-9.99017681	11.78474954	35.24196241	-15.52727720	-27.09759526	12.33899850	2.34403786
2.33333333	-9.92626317	11.43056181	35.34731302	-15.41197872	-26.22321631	12.55673916	1.34880812
2.34166667	-9.75535399	10.97539842	35.35177142	-15.29247276	-25.45570703	12.76862862	0.47205867
2.35000000	-9.72148849	10.60009395	35.38278621	-15.11419024	-24.47185374	12.92235022	-0.15071658
2.35833333	-9.60830114	10.26077510	35.28946070	-15.06314802	-23.53052473	13.16312686	-1.05112072
2.36666667	-9.56430567	9.90361952	35.29860023	-14.92467921	-22.59799884	13.39831870	-1.68018618
2.37500000	-9.35505030	9.40397865	35.19933278	-14.83642551	-21.80275329	13.58490604	-2.11325864
2.38333333	-9.37400905	9.13449250	35.23240117	-14.73455535	-20.90737597	13.80831275	-2.39218622
2.39166667	-9.44572345	8.89795226	35.38162561	-14.55743317	-20.00272146	13.94615420	-2.85281698
2.40000000	-9.38434709	8.46941700	35.39976874	-14.40508645	-19.18863662	14.07219020	-3.09781792
2.40833333	-9.39943435	8.27122708	35.29652512	-14.40949846	-18.21672878	14.40206283	-3.34012919
2.41666667	-9.51385867	8.02281895	35.50792936	-14.19823667	-17.40665302	14.53732925	-3.67446646
2.42500000	-9.34524280	7.44916713	35.35849006	-14.02181468	-16.79052088	14.63274402	-3.27125865
2.43333333	-9.46428819	7.25706752	35.43936336	-13.91509759	-15.91659753	14.82629327	-3.53236807
2.44166667	-9.58181502	7.07977567	35.56867902	-13.85820262	-15.14035096	15.05641503	-3.91990377
2.45000000	-9.72559946	6.94079094	35.78133005	-13.76478914	-14.61148053	15.15416239	-3.96081671
2.45833333	-9.87800257	6.91534937	36.08282572	-13.94430433	-14.38611095	15.48693975	-3.80592333
2.46666667	-9.93862045	6.68568683	36.07044785	-13.93496808	-13.73208149	15.67414479	-3.86474326
2.47500000	-10.02448600	6.52083628	36.12159030	-13.98224772	-13.22307232	15.90283183	-3.91879092
2.48333333	-10.05991942	6.31278878	36.30814548	-14.07092738	-13.12165097	15.90538274	-3.91517477
2.49166667	-9.95899239	6.01117149	36.11287385	-14.22838702	-12.97731524	16.45316419	-3.23723813
2.50000000	-10.02016078	5.81805829	36.25863509	-14.31291235	-12.90032917	16.45562791	-3.23422738
2.50833333	-10.19079208	5.79237838	36.36406178	-14.42758096	-12.76545576	16.87058539	-2.72891500
2.51666667	-10.26502310	5.62365475	36.46995293	-14.50679111	-12.71699694	16.87216996	-2.72962362
2.52500000	-10.34363168	5.50251679	36.38191564	-14.66737635	-12.50644733	17.18254389	-2.66966540
2.53333333	-10.43539076	5.35124433	36.45286145	-14.74516770	-12.48723511	17.18570181	-2.67170925
2.54166667	-10.45562875	5.18626615	36.29334218	-14.94068046	-12.49647263	17.75671735	-2.48821270
2.55000000	-10.52120760	5.05991934	36.25250013	-15.13235962	-12.68302881	18.01890984	-2.24282680
2.55833333	-10.54592302	4.86722797	36.22398181	-15.31354032	-12.94765660	18.04194039	-2.22881644
2.56666667	-10.65822793	4.75578868	36.14964170	-15.47360848	-13.14101863	18.36478298	-1.82712619
2.57500000	-10.70346279	4.56404396	36.15770631	-15.63644070	-13.56980127	18.31801825	-1.97852007
2.58333333	-10.80752720	4.41592934	36.04196805	-15.64820024	-13.68329771	18.09703151	-2.55280707
2.59166667	-10.85125759	4.23196237	35.98057491	-15.88027642	-14.07547292	18.08207745	-2.74221251
2.60000000	-11.05706667	4.39122945	35.95831710	-16.28184486	-14.22107961	18.11384890	-3.70076130
2.60833333	-11.46360674	4.65777089	36.30648993	-16.57074682	-14.43559843	17.80365793	-4.80680664
2.61666667	-11.44247437	4.48129544	36.23803944	-16.95309051	-14.85244055	17.74139058	-5.02271530
2.62500000	-11.66314227	4.78972640	36.28742165	-17.55465829	-15.03933036	17.55100933	-6.05764150
2.63333333	-11.63427842	4.72383267	36.30239280	-18.13904170	-15.52084602	17.32469319	-6.39804697
2.64166667	-11.78930893	4.88903676	36.27223463	-18.70384701	-15.51821768	16.64633723	-7.29172746
2.65000000	-11.72699574	4.88934647	36.27601145	-19.45387336	-16.13367885	16.35119982	-7.37810945
2.65833333	-12.05038621	5.50070850	36.54842767	-20.46380778	-16.52282135	15.61536648	-7.40109912
2.66666667	-11.91915900	5.54761085	36.48624696	-21.41898778	-17.24751794	15.13767105	-7.29755875
2.67500000	-11.91375469	5.76863815	36.52668959	-22.46842326	-17.84609266	14.07349170	-6.81362400
2.68333333	-11.88355509	6.16985790	36.39472028	-23.74550878	-18.31545224	13.05173318	-6.64789973
2.69166667	-11.65582676	6.35888635	36.16790831	-25.14319262	-18.99114716	12.35472883	-6.38969230
2.70000000	-11.75806925	7.04711330	36.17301203	-26.74002927	-19.42297486	10.72621377	-5.58306212
2.70833333	-11.61625658	7.60684874	35.87602506	-28.51876354	-19.86198553	9.33986671	-5.07997313
2.71666667	-11.70777099	8.54228029	35.83880199	-30.51486291	-20.21429995	7.67382779	-4.51030047
2.72500000	-11.89691613	9.78374839	35.81125379	-32.69506028	-20.50754310	5.76838310	-3.91239267
2.73333333	-11.65961148	10.60232018	35.25360143	-34.94258844	-20.60293429	4.03368444	-3.45215527
2.74166667	-11.87470416	11.97431760	35.15501450	-37.21082216	-20.70657516	1.76010107	-2.55276615
2.75000000	-12.07799023	13.50752797	34.99231929	-39.64542261	-20.69459480	-0.40091192	-1.94570692
2.75833333	-11.87029641	14.49298661	34.36754798	-41.94180323	-20.58136708	-2.21591433	-1.56933365
2.76666667	-12.12018109	16.23829376	34.20921698	-44.48148360	-20.46341497	-4.42588989	-0.78347483
2.77500000	-11.94607322	17.44930997	33.56284379	-46.90616557	-20.23131152	-6.05370977	-0.46922872
2.78333333	-12.52366284	19.70357570	33.84647215	-49.54347352	-20.23928277	-8.22534173	0.28619642
2.79166667	-12.26434395	20.96284185	33.17552316	-52.05923535	-20.07148760	-9.46570935	0.56297018
2.80000000	-12.43390046	22.71777602	32.94559473	-54.54528782	-19.91970681	-11.14063455	1.16451713
2.80833333	-12.16986235	24.00601627	32.23284662	-56.95629600	-19.68206350	-12.08549457	1.39454640
2.81666667	-12.33708220	25.92254174	32.04967823	-59.43341504	-19.60175669	-13.70710780	1.94274664
2.82500000	-12.22181106	27.43861998	31.62482269	-61.82166506	-19.57983319	-14.36826388	2.40336363
2.83333333	-11.95151446	28.78398171	30.86182316	-64.12568826	-19.29769884	-14.21696879	2.59869763
2.84166667	-12.02778427	30.61347445	30.59145815	-66.45992486	-19.23479409	-14.77852544	3.22883986
2.85000000	-11.70523520	31.91043971	29.83964819	-68.62741101	-19.02774769	-13.87747653	3.36681670
2.85833333	-11.55575348	33.36690144	29.20165484	-70.73927095	-18.79863450	-13.27816125	3.92499828
2.86666667	-11.22373540	34.73763287	28.30611196	-72.79546480	-18.41900081	-12.20096631	4.07397614
2.87500000	-11.00881826	36.17989662	27.72068072	-74.76974647	-18.48574527	-11.84837498	4.90370292
2.88333333	-10.67342128	37.51795651	26.85496645	-76.73122066	-18.11446236	-10.45973041	5.04476317
2.89166667	-10.34208437	38.87888491	25.96324065	-78.60298014	-17.73924640	-9.09790106	5.25775899
2.90000000	-9.94969064	40.12724282	25.12930474	-80.40552724	-17.54418793	-7.76778193	5.67233622
2.90833333	-9.65453439	41.52089085	24.22860918	-82.07875626	-17.08996159	-6.38874558	5.81072314
2.91666667	-9.28318781	42.79067878	23.34445190	-83.64038278	-16.76797309	-4.89922826	5.97770008
2.92500000	-8.56493047	43.59206160	22.15977168	-85.06522754	-16.82826559	-2.72886015	6.74848801
2.93333333	-8.29545989	44.93820238	21.29173958	-86.43183966	-16.34789030	-1.43439118	6.81808703
2.94166667	-7.74827242	45.88755101	20.23431056	-87.71560917	-16.20617661	1.06223477	7.14202719
2.95000000	-7.47183149	47.22644214	19.43892913	-88.91142902	-15.80686512	2.14732482	7.20518169
2.95833333	-6.90980650	48.08184130	18.39356833	-89.99831849	-15.61090392	4.62445753	7.50053201
2.96666667	-6.60050132	49.24745652	17.64938511	-90.97425524	-15.30564926	5.64808517	7.56065796
2.97500000	-6.08054402	50.12852947	16.55876635	-91.85470770	-14.92360929	7.20964004	7.85412812
2.98333333	-5.66901127	51.05677537	15.72167591	-92.65759858	-14.65076584	9.14346187	7.86730610
2.99166667	-5.43654792	52.24906190	14.93767017	-93.32558462	-14.22614202	9.78404665	7.94487246
3.00000000	-4.85017526	52.85600086	13.91409361	-93.88989331	-14.05513443	11.53244201	8.11701326
3.00833333	-4.59004580	53.89974597	13.23230359	-94.36299813	-13.78204860	12.26810361	8.19969532
3.01666667	-4.41217880	54.97220473	12.53630819	-94.73348461	-13.39662841	12.86745142	8.31175981
3.02500000	-3.89989709	55.55925326	11.65779886	-95.01709357	-13.44582240	14.61853385	8.47618953
3.03333333	-3.71370495	56.53381813	11.03537308	-95.16182452	-13.11698255	15.00183384	8.56999709
3.04166667	-3.48310085	57.36746884	10.44272580	-95.22835056	-12.94550880	15.58972383	8.72514490
3.05000000	-3.35952753	58.30554648	9.82237539	-95.19007221	-12.60593595	15.86216030	8.85074623
3.05833333	-3.13299137	59.03104873	9.27100500	-95.03003235	-12.54393395	16.67022168	9.02049869
3.06666667	-3.04169128	59.89561944	8.70096466	-94.81540527	-12.23132928	16.86367235	9.14417835
3.07500000	-2.67488964	60.35984991	7.95284514	-94.54884993	-12.22028488	18.40751766	9.27693451
3.08333333	-2.59768173	61.09941459	7.59085497	-94.10615327	-12.12394995	18.58429777	9.44362503
3.09166667	-2.54278129	61.83417602	7.13909398	-93.58200713	-11.92438369	18.72160382	9.57223792
3.10000000	-2.52877434	62.51968727	6.80858023	-92.98764673	-11.94094735	19.24194756	9.80982960
3.10833333	-2.50299239	63.16353494	6.41890599	-92.33785788	-11.77294989	19.29968895	9.92810309
3.11666667	-2.48925692	63.72738069	6.07043584	-91.55113796	-11.68473475	19.40275783	10.10996246
3.12500000	-2.50747841	64.21546453	5.91493310	-90.69168869	-11.89114845	19.88685565	10.44917496
3.13333333	-2.48023350	64.68546962	5.58975087	-89.81981687	-11.82500261	19.92041045	10.57870326
3.14166667	-2.44092234	65.01647556	5.29453599	-88.88619902	-11.82889446	19.89775487	10.82508622
3.15000000	-2.43779986	65.35841583	5.03427426	-87.92035323	-11.93083440	19.88073357	10.97985559
3.15833333	-2.32453958	65.47063633	4.75744761	-86.89103522	-12.10965014	19.90980648	11.31802978
3.16666667	-2.41951657	65.77276894	4.52294026	-85.88796910	-12.10807989	19.76928756	11.42121318
3.17500000	-2.34575322	65.83333998	4.33558974	-84.77419064	-12.34753223	19.26728753	11.72679804
3.18333333	-2.35895641	65.96263220	4.17516460	-83.74681393	-12.54060827	18.92563126	11.84681126
3.19166667	-2.41083954	66.04446755	4.01010550	-82.69095586	-12.69519701	18.24889092	12.11804884
3.20000000	-2.36389704	65.98816454	3.84799484	-81.63704215	-12.96966670	17.60365080	12.32530493
3.20833333	-2.40919428	65.95896906	3.69044261	-80.68493273	-13.12779809	16.94665630	12.54371533
3.21666667	-2.44195423	65.88480328	3.55112315	-79.73054021	-13.33338317	16.24740250	12.70132627
3.22500000	-2.48576946	65.79676572	3.40904913	-78.83415378	-13.52238020	15.52583392	12.81418675
3.23333333	-2.52018234	65.62754858	3.25185598	-77.99378485	-13.63858567	14.70531568	12.90755687
3.24166667	-2.61277252	65.47814791	3.12138744	-77.16767118	-13.73889239	13.93237468	12.93834487
3.25000000	-2.66072978	65.26185651	2.95252228	-76.41429311	-13.81350160	13.11109020	12.91214906
3.25833333	-2.77227697	65.02421678	2.78743608	-75.69827070	-13.79410141	12.20023453	12.82236771
3.26666667	-2.89211490	64.74875959	2.67752483	-75.01431649	-13.80267323	11.17787569	12.67194752
3.27500000	-3.08542782	64.53255300	2.53317283	-74.36781112	-13.72818873	10.04651296	12.49883562
3.28333333	-3.04298976	63.95445590	2.34415138	-73.60503199	-13.74297368	8.20288009	12.06334913
3.29166667	-3.26391953	63.67079641	2.26073806	-73.06904695	-13.61142721	6.88864070	11.86917044
3.30000000	-3.65845464	63.44749890	2.48691072	-72.14961277	-13.79476726	4.61887801	11.50051527
3.30833333	-3.94487581	63.15874326	2.42437222	-71.64429166	-13.59861925	3.58209744	11.07836680
3.31666667	-4.25343372	62.80711389	2.38867123	-71.08975075	-13.39811608	2.96148353	10.40828464
3.32500000	-4.61867283	62.46194669	2.39393882	-70.54087898	-13.17965046	2.89657087	9.66852429
3.33333333	-5.02206677	62.14225041	2.47158376	-70.02929450	-13.03626409	3.29380065	8.94193991
3.34166667	-5.47692605	61.82365629	2.57402818	-69.52536428	-12.85828460	4.04616868	8.12721910
3.35000000	-5.98747614	61.53491319	2.87577641	-69.06642776	-12.84544469	5.12803312	6.81050923
3.35833333	-6.32447824	61.03326330	2.91029011	-68.69775321	-12.76023235	7.08156794	5.89836400
3.36666667	-6.84587799	60.75899213	3.15774432	-68.17871954	-12.62213827	8.00693362	4.95712084
3.37500000	-7.48182586	60.54079725	3.65857228	-67.54780899	-12.60828589	8.70470561	3.42864010
3.38333333	-8.09279454	60.34716150	4.06560659	-66.94047783	-12.53645643	9.38409896	1.96015361
3.39166667	-8.58178108	60.03734921	4.46073124	-66.26172655	-12.57379652	9.87675426	0.51811750
3.40000000	-8.98413676	59.66019779	4.67339144	-65.61200308	-12.57011841	10.22175723	-1.05596529
3.40833333	-9.36282216	59.30831617	4.92003810	-64.96822509	-12.64308398	10.26253729	-2.92148926
3.41666667	-9.83638932	59.06958056	5.13538738	-64.43569017	-12.69083205	10.37419446	-4.86154837
3.42500000	-10.17165683	58.66063598	5.53688643	-63.80969754	-12.99094148	10.40219439	-6.96294419
3.43333333	-10.49938134	58.23216942	5.93924762	-63.20333559	-13.21201951	10.40181323	-9.35525891
3.44166667	-10.77180810	57.69665722	6.35455564	-62.51008281	-13.58667181	10.53018089	-11.53184985
3.45000000	-11.00777050	57.06966357	6.82684479	-61.79576093	-14.12202621	10.73471580	-13.64413853
3.45833333	-11.25100306	56.40179798	7.40336057	-60.96269697	-14.77113829	10.88875821	-15.85344144
3.46666667	-11.48963588	55.72377233	8.05864735	-60.17522843	-15.55647710	11.07426646	-17.79382350
3.47500000	-11.64789498	54.98495097	8.66903683	-59.41747998	-16.38109693	11.16475538	-19.21180347
3.48333333	-11.63099346	54.07549929	9.38317171	-58.59624827	-17.90148497	11.23969898	-19.74987757
3.49166667	-11.92896472	53.44385622	10.55776861	-57.72016989	-19.35862486	11.31314975	-21.06069069
3.50000000	-11.84161979	52.39148539	11.61658288	-56.77221144	-21.53339907	11.47692071	-21.11711874
3.50833333	-12.00060735	51.71750022	12.85021284	-56.05985102	-23.61425078	11.53551524	-21.39735648
3.51666667	-12.11697619	50.96256110	14.31761960	-55.18341711	-26.33604254	11.63341203	-21.23851196
3.52500000	-11.88249215	49.93747348	15.39756208	-54.43975059	-29.25078571	11.53527852	-20.87811799
3.53333333	-12.04675673	49.28051268	17.15813493	-53.65712258	-32.48374210	11.61269543	-20.30801697
3.54166667	-11.75242686	48.04880900	18.43848134	-52.62729181	-35.88345878	11.59255879	-19.43492849
3.55000000	-11.72516094	47.17708999	20.19603046	-51.72256873	-39.57685993	11.59089016	-18.17453783
3.55833333	-12.17840605	46.94285295	22.45143322	-51.07500156	-43.34616960	11.66527957	-16.90294267
3.56666667	-11.76207462	45.57046332	23.65910766	-49.94337935	-47.00032289	11.50386167	-15.34998607
3.57500000	-11.76291535	44.70610413	25.46321414	-48.99134824	-50.79591037	11.44531784	-13.21257506
3.58333333	-11.90977159	44.07228500	27.43642989	-48.12264162	-54.63056264	11.38225254	-10.50022522
3.59166667	-11.90340138	43.33344710	29.21022169	-47.31082387	-58.36806811	11.32427742	-7.71859499
3.60000000	-12.00788680	42.63816190	31.15176950	-46.44167436	-62.01319542	11.28458066	-4.91222272
3.60833333	-11.89571089	41.74497152	32.75194982	-45.52845665	-65.55613035	11.23408590	-1.31827476
3.61666667	-11.94586140	41.10710812	34.56742363	-44.74999539	-68.98986913	11.11418892	1.95664972
3.62500000	-11.98411737	40.34362656	36.37796931	-43.88783130	-72.27552835	11.14454424	5.66769685
3.63333333	-12.04930739	39.67275962	38.24395063	-43.03410077	-75.40281912	11.01507313	9.04767378
3.64166667	-12.12350810	39.07190333	40.03881746	-42.27866051	-78.35048207	10.97377990	12.55810030
3.65000000	-12.02951309	38.16605233	41.66827778	-41.32321194	-81.07585303	10.83620317	15.78337010
3.65833333	-11.91457797	37.28928803	43.26000551	-40.45435256	-83.61057074	10.76322147	18.89974145
3.66666667	-11.85483557	36.46020873	44.85467306	-39.57485896	-85.92465765	10.68095171	21.65449511
3.67500000	-11.81108501	35.56029090	46.27016758	-38.59043341	-87.90491695	10.61165457	24.29795530
3.68333333	-11.71377257	34.62706849	47.64433872	-37.61062086	-89.69112093	10.49706302	26.68539760
3.69166667	-11.52990965	33.68402660	48.97935509	-36.71068209	-91.31846618	10.34257877	28.75437545
3.70000000	-11.29323167	32.56847876	50.20922233	-35.67340117	-92.69084203	10.20284554	30.59104546
3.70833333	-11.05710347	31.47345050	51.40533274	-34.64986216	-93.86874919	9.98498834	32.23552044
3.71666667	-10.92352587	30.63528825	52.56203560	-33.83081803	-94.73756253	9.85051239	33.75177431
3.72500000	-10.73955755	29.68955538	53.70356865	-32.91650877	-95.49310195	9.74050337	35.17002949
3.73333333	-10.55523072	28.68250502	54.75376487	-31.96160424	-95.95818180	9.58637463	36.35023400
3.74166667	-10.33248946	27.84075789	55.67076066	-31.19959022	-96.26742869	9.48020129	37.39324057
3.75000000	-10.22549225	26.89808029	56.72478319	-30.25230712	-96.39019282	9.36301536	38.38213580
3.75833333	-10.15187022	26.16245645	57.71493218	-29.49318024	-96.30574585	9.27884120	39.15242238
3.76666667	-10.02435106	25.35386740	58.66231083	-28.73381074	-96.13203591	9.24820384	39.84925203
3.77500000	-10.00658246	24.58702092	59.62992422	-27.86632765	-95.74930094	9.21481427	40.09737431
3.78333333	-9.91333299	23.85514035	60.44988443	-27.17265173	-95.21751853	9.06984900	40.60734350
3.79166667	-9.75280352	23.19155061	61.10884401	-26.55039885	-94.55028954	9.07386799	40.79325438
3.80000000	-9.77278067	22.53602176	61.92616131	-25.77266785	-93.76975104	9.07065125	40.87847790
3.80833333	-9.68239725	21.78271229	62.53950522	-25.10096239	-92.81640922	8.88011876	41.07029032
3.81666667	-9.55709933	21.19191005	63.01881772	-24.59065094	-91.76744648	8.95913790	41.10182442
3.82500000	-9.62093583	20.65769288	63.68319168	-23.93984912	-90.66110352	8.97679731	41.10659080
3.83333333	-9.41136277	19.94499828	63.89494239	-23.51896399	-89.38837594	9.16886339	41.09925923
3.84166667	-9.52670377	19.56177787	64.45318711	-23.00005469	-88.11296687	9.11591357	41.01730437
3.85000000	-9.58164187	19.23793663	64.78564765	-22.66753584	-86.66747288	8.95055611	40.76356494
3.85833333	-9.64823502	18.85477672	65.06690670	-22.25497645	-85.22203637	8.96554918	40.46263420
3.86666667	-9.68357384	18.52154918	65.24990751	-21.93419823	-83.77331151	8.95572866	40.02255136
3.87500000	-9.76630178	18.22568791	65.42787817	-21.62644673	-82.34210729	8.98630320	39.43162992
3.88333333	-9.86969047	17.87559116	65.57838383	-21.22165983	-80.95648563	8.97234816	38.79291534
3.89166667	-9.92609941	17.62707592	65.61581521	-21.01353180	-79.60889061	8.96467582	37.68538760
3.90000000	-10.07254491	17.37575890	65.68240772	-20.70231800	-78.32774609	8.97712562	36.50652796
3.90833333	-10.19791976	17.10600744	65.67065512	-20.38234254	-77.14764476	8.97235634	35.11264030
3.91666667	-10.32088565	16.82491558	65.61807316	-20.06323350	-76.05758405	8.90410805	33.50659799
3.92500000	-10.42982016	16.48286721	65.47787446	-19.68588838	-75.05661783	8.82054407	31.85725090
3.93333333	-10.50761912	16.08172239	65.29328430	-19.29963855	-74.21105299	8.69560405	30.06479275
3.94166667	-10.71554860	15.74067024	65.13138257	-18.81650914	-73.37330871	8.65144843	29.11796339
3.95000000	-10.74581991	15.30027985	64.82687949	-18.51086928	-72.80659611	8.32205992	27.43093163
3.95833333	-10.96503864	15.03316721	64.58160019	-18.11664476	-72.25315552	8.22879108	27.03760052
3.96666667	-11.12684680	14.69044801	64.23122385	-17.75133374	-71.91038118	7.83000470	26.74665993
3.97500000	-11.26890707	14.37231484	63.80506526	-17.40880983	-71.66739155	7.35214841	26.92974340
3.98333333	-11.46884449	14.08097574	63.43265760	-17.05290758	-71.56376139	6.86106713	27.45478004
3.99166667	-11.74214298	13.87153087	63.06113795	-16.70558390	-71.45366708	6.22955675	28.16998732
4.00000000	-12.01765245	13.73413861	62.63713635	-16.46512967	-71.19563283	5.44842219	29.00646887
4.00833333	-12.35356313	13.63237850	62.26844760	-16.19543728	-70.82923340	4.61581593	29.71824704
4.01666667	-12.71046977	13.55600076	61.91569240	-15.90123213	-70.37037039	3.70593514	30.26143721
4.02500000	-13.09981769	13.60862893	61.56587367	-15.76889683	-69.73845540	2.60182237	30.80016692
4.03333333	-13.36883073	13.57200787	61.13438789	-15.66271068	-69.08609721	1.47209829	31.09615685
4.04166667	-13.60048326	13.52498171	60.62927735	-15.60272132	-68.34094119	0.16428133	31.30316352
4.05000000	-13.77944930	13.45160260	60.10182826	-15.59689222	-67.67611265	-1.20553093	31.38713797
4.05833333	-13.91192362	13.44969527	59.54470065	-15.74819557	-67.06187658	-2.66419354	31.37400470
4.06666667	-14.03690964	13.49168932	58.94601693	-16.00022302	-66.44940036	-4.21618875	31.29897713
4.07500000	-14.12486009	13.62003271	58.31697577	-16.39869101	-65.84393935	-5.91737679	31.14213287
4.08333333	-14.21670334	13.83924400	57.62841883	-16.94159914	-65.15157060	-7.60268501	31.00371131
4.09166667	-14.24408051	14.11438586	56.86389117	-17.63607955	-64.40994938	-9.38604289	30.82611451
4.10000000	-14.26409038	14.59314668	56.06423122	-18.63161959	-63.62632227	-11.02157269	30.69197396
4.10833333	-14.13809211	14.97008581	55.10155076	-19.62510185	-62.84577127	-12.59941339	30.43208260
4.11666667	-14.09311839	15.68367640	54.24927320	-21.15091962	-62.07401170	-13.80427487	30.40797562
4.12500000	-14.14668320	16.48762871	53.45842262	-22.54804064	-61.28141796	-15.44524756	30.37414322
4.13333333	-14.04061934	17.34460540	52.44547116	-24.58186655	-60.34789062	-16.29323220	30.32652578
4.14166667	-14.01558194	18.41238703	51.57052384	-26.68620592	-59.53648665	-17.42759109	30.08191485
4.15000000	-13.88633907	19.58189542	50.66076811	-29.39351393	-58.72609947	-17.90134978	29.89827151
4.15833333	-13.53572786	20.58194182	49.56125649	-32.26368002	-57.85910825	-18.65694151	29.67341364
4.16666667	-13.33957438	21.90634481	48.52899630	-35.37485699	-56.88053606	-19.60858524	29.36955584
4.17500000	-13.17429103	23.43764232	47.55715552	-38.68056513	-56.01775297	-20.81900741	29.05962652
4.18333333	-13.09180785	25.10317992	46.69447352	-42.18049135	-55.09551225	-21.84317043	28.80953781
4.19166667	-12.93979388	26.75201087	45.68458312	-45.75732476	-54.09121691	-22.90663717	28.52785167
4.20000000	-12.76749590	28.37791686	44.75724342	-49.38655481	-53.17082072	-23.87252242	28.25035760
4.20833333	-12.87751856	30.24588075	44.08121938	-52.96579171	-52.18291553	-24.84783102	27.77866137
4.21666667	-12.57725650	31.67741123	42.96109199	-56.23572489	-51.26839273	-26.79855097	27.82907825
4.22500000	-12.16041917	33.16569780	41.74939011	-59.91311918	-50.23417506	-27.04221964	27.27456464
4.23333333	-11.85377282	34.62043200	40.65450906	-63.40070885	-49.32617096	-26.26712217	26.90856763
4.24166667	-11.97171917	36.62103195	40.04953569	-66.81702574	-48.42847368	-27.05701862	26.53348403
4.25000000	-11.63237098	37.93852809	38.91225507	-70.07839870	-47.49953224	-25.47577858	26.24222054
4.25833333	-11.34907190	39.41820520	37.89544797	-73.34333364	-46.62745714	-23.67794260	25.95299634
4.26666667	-11.07070632	40.91711641	36.90743316	-76.49035428	-45.76832678	-21.63872846	25.62258885
4.27500000	-10.86131861	42.46779009	35.90810946	-79.47674968	-44.83123772	-19.40831181	25.28488101
4.28333333	-11.01204382	44.50500181	35.47531262	-82.44992855	-44.12795080	-16.63262320	24.91218755
4.29166667	-10.72328719	45.92066993	34.45099944	-85.04548996	-43.18840125	-14.32144539	24.61132985
4.30000000	-10.47413961	47.37494297	33.30567148	-87.54210209	-42.14210953	-10.61254527	24.37934625
4.30833333	-10.30156868	48.86274232	32.29352419	-89.70258782	-41.07868584	-8.50524113	24.02784958
4.31666667	-9.99462119	50.16113020	31.18097173	-91.71269548	-40.09361461	-5.19220914	23.70556774
4.32500000	-9.84857796	51.58972945	30.20754979	-93.52826970	-39.04032354	-1.28952267	23.50900456
4.33333333	-9.46085093	52.69833279	28.91296412	-95.02444414	-37.91674081	1.64213632	22.99557215
4.34166667	-9.35645435	54.05501387	28.01151761	-96.24482368	-36.89982396	3.49357613	22.65808115
4.35000000	-9.15013329	55.24444525	26.97904805	-97.38867731	-35.82765479	7.17459651	22.26974329
4.35833333	-8.95110270	56.31294101	26.03685736	-98.10731444	-34.89030539	9.01987752	21.88152897
4.36666667	-8.70649222	57.38779792	24.91089323	-98.76110304	-33.78260265	10.96010708	21.41437116
4.37500000	-8.60886499	58.51393962	24.04914223	-99.14497426	-32.82716117	12.61057655	21.04643105
4.38333333	-8.47722045	59.55522249	23.18995462	-99.35924286	-31.84596600	14.00879832	20.59289025
4.39166667	-8.32150027	60.38271633	22.32643246	-99.22450049	-30.95455671	15.02022075	20.17699334
4.40000000	-8.16907344	61.16335863	21.39388604	-98.95106358	-29.96528570	16.15948040	19.77038543
4.40833333	-8.13808782	62.08519790	20.61904092	-98.55037891	-29.02952870	16.81159735	19.25803906
4.41666667	-8.15170998	62.92678339	19.97932416	-97.90753371	-28.16932515	17.25609556	18.78382487
4.42500000	-8.10442120	63.60889330	19.27677351	-97.08733990	-27.34797117	17.77886065	18.32338901
4.43333333	-7.84629737	63.98960114	18.27533277	-96.20502261	-26.47239550	18.78903646	18.09195939
4.44166667	-7.96516343	64.72096450	17.76908889	-95.15004669	-25.67126424	18.92473209	17.60306727
4.45000000	-8.03621610	65.27884518	17.28956405	-93.94940744	-25.01613673	19.32066035	17.24630164
4.45833333	-8.17336952	65.88237665	16.83252486	-92.65322336	-24.25984310	19.40193881	16.97233751
4.46666667	-8.25402561	66.25717906	16.41808014	-91.17714844	-23.64467908	19.58768908	16.38601899
4.47500000	-8.35805478	66.55539419	15.99203802	-89.64581290	-23.02219413	19.79108863	15.98519874
4.48333333	-8.39447313	66.73444932	15.50020973	-88.06928505	-22.51427353	19.92392398	15.90711426
4.49166667	-8.62475603	67.09773713	15.20329167	-86.51570693	-21.88783245	19.85776012	15.81227832
4.50000000	-8.84646340	67.21672561	15.04831360	-84.72607826	-21.47119701	19.52426760	15.15250572
4.50833333	-9.11950199	67.37527035	14.90831077	-83.05194732	-20.96355038	19.14203615	14.78475171
4.51666667	-9.36023437	67.50232768	14.77065374	-81.42348101	-20.58915235	18.48805456	14.40816089
4.52500000	-9.53713197	67.50970167	14.52053740	-79.81689557	-20.13967876	17.90316557	14.10014325
4.53333333	-9.70234700	67.41093391	14.28915927	-78.23960221	-19.72035191	17.22325869	13.77491050
4.54166667	-9.76932645	67.25306203	13.94945197	-76.78505895	-19.42452720	16.03977414	13.47912050
4.55000000	-9.99498569	67.20012112	13.71027358	-75.47829622	-18.94353193	15.41836719	13.37054727
4.55833333	-10.13686713	67.03569129	13.53020915	-74.20453019	-18.74459927	13.86311762	12.95234820
4.56666667	-10.33463231	66.89253444	13.25963263	-73.10127639	-18.28023701	12.91388138	12.83003501
4.57500000	-10.28121806	66.45461903	12.77493084	-72.07124632	-17.99860195	11.26219695	12.42181283
4.58333333	-10.47118284	66.23640141	12.51330821	-71.30703294	-17.57189903	10.47335377	12.27331959
4.59166667	-10.55419020	65.87706328	12.28142262	-70.70514879	-17.34346351	9.60405642	11.86251468
4.60000000	-10.71740269	65.66670560	12.05391323	-70.43006881	-17.06053932	9.47420790	11.75148888
4.60833333	-10.74655111	65.26366914	11.72664816	-70.25102931	-16.83919285	9.03740967	11.07993190
4.61666667	-10.95369958	65.09555101	11.55583716	-70.33275219	-16.57627867	9.29320662	10.81991526
4.62500000	-11.15676139	64.91065591	11.46429132	-70.51603803	-16.43092529	9.79260593	10.26681116
4.63333333	-11.41485900	64.71317441	11.46510144	-70.62787941	-16.35203046	10.47949006	9.52987016
4.64166667	-11.58391659	64.46709076	11.28137865	-70.88215246	-16.12909686	11.76133527	9.18232306
4.65000000	-11.88612235	64.25851961	11.34142799	-70.72488694	-16.01014580	12.11832050	8.34778744
4.65833333	-12.11006341	63.97240877	11.34600489	-70.46070161	-15.98205746	12.18780548	8.23358598
4.66666667	-12.50019977	63.75731146	11.38058050	-69.99127236	-15.70439567	12.89691888	6.61526439
4.67500000	-12.75561777	63.40462298	11.29509783	-69.44047212	-15.45472473	13.26198835	5.55233662
4.68333333	-12.99400989	63.01407918	11.24062416	-68.83892085	-15.24996695	13.50962029	4.36984583
4.69166667	-13.24411849	62.58087825	11.14445978	-68.16785701	-14.97393697	13.67893865	3.21743402
4.70000000	-13.30499776	61.91589118	10.93443114	-67.47861668	-14.82083296	13.69897599	1.45338325
4.70833333	-13.44332959	61.39576914	10.78302725	-66.89805207	-14.66639565	13.74854058	-0.18843801
4.71666667	-13.51713070	60.75172870	10.66573859	-66.23667986	-14.62616937	13.76798344	-2.01695530
4.72500000	-13.54895778	60.04465512	10.51391689	-65.56326550	-14.62656681	13.79261267	-4.07360644
4.73333333	-13.69585560	59.39869588	10.65807265	-64.86638671	-14.78200833	13.87978865	-6.08970673
4.74166667	-13.76473711	58.61783598	10.82132807	-64.07493116	-15.04886108	13.97070603	-8.35483076
4.75000000	-13.90786352	57.90425310	11.17814002	-63.31163510	-15.47176495	14.05685207	-10.53360993
4.75833333	-13.97918512	57.13076653	11.59548130	-62.49921487	-16.13170521	14.09828807	-12.73811176
4.76666667	-13.89069239	56.25881789	11.84777583	-61.72980567	-16.76269486	14.15388817	-14.93210877
4.77500000	-13.79160753	55.37438542	12.26913822	-61.02004657	-17.68299920	14.22371314	-16.68262348
4.78333333	-14.03643986	54.86060315	13.31057744	-60.30648600	-19.01973674	14.30627120	-18.07150340
4.79166667	-13.76040707	53.63727201	13.86582672	-59.29766744	-20.73149363	14.23794517	-18.85410924
4.80000000	-13.46180398	52.48793038	14.44930304	-58.44914994	-22.39308542	14.26313906	-20.05976575
4.80833333	-13.39280996	51.58474067	15.58168520	-57.59916604	-24.68452429	14.31551870	-20.49101603
4.81666667	-13.10947439	50.49125594	16.57535224	-56.71206355	-27.38996912	14.24329264	-20.49350008
4.82500000	-13.11720265	49.68146430	18.07811766	-55.84641567	-30.30486839	14.23371514	-20.74662604
4.83333333	-13.02178899	48.80825455	19.59178049	-54.99021859	-33.60256652	14.23213968	-20.62767365
4.84166667	-12.74208587	47.66283390	20.91850861	-53.95809847	-37.06914960	14.15387949	-20.21436085
4.85000000	-12.74977931	46.98143839	22.68903330	-53.20345825	-40.72341984	14.11425345	-19.84536065
4.85833333	-12.48676647	45.88270827	24.13605262	-52.21056843	-44.45535530	14.03857393	-19.22781409
4.86666667	-12.47133135	45.08810803	25.92681098	-51.33241300	-48.22642443	13.98861354	-18.64810064
4.87500000	-12.16238136	44.02089130	27.31785457	-50.44833013	-51.98842207	13.85140628	-17.81197986
4.88333333	-12.34433842	43.61996506	29.37076459	-49.71893324	-55.85509411	13.76204859	-16.79563507
4.89166667	-12.12272340	42.58372029	30.93316303	-48.76145026	-59.55397468	13.62634740	-15.71209230
4.90000000	-12.04567342	41.92055377	32.60256612	-48.03018233	-63.22293491	13.52703816	-13.80731812
4.90833333	-11.98672140	41.04528770	34.35335864	-47.09512384	-66.76160332	13.41415931	-11.96325260
4.91666667	-12.06889026	40.43919119	36.21682284	-46.29428043	-70.27876318	13.43747956	-8.95453260
4.92500000	-12.07303934	39.85595781	37.93434814	-45.58038597	-73.61757618	13.37136404	-5.90531190
4.93333333	-12.02724491	39.16003814	39.58364779	-44.80911876	-76.81306184	13.29768175	-2.62651984
4.94166667	-11.97164167	38.35193066	41.25924743	-43.88412825	-79.86451795	13.10842133	0.64928242
4.95000000	-11.90025720	37.66378422	42.88591559	-43.15555964	-82.75474680	13.03274487	4.32031624
4.95833333	-11.82989152	36.86968958	44.49165948	-42.27281017	-85.44443793	12.89931892	7.77168390
4.96666667	-11.65728179	35.96478057	45.88629667	-41.42586431	-87.85269124	12.78350507	11.22468432
4.97500000	-11.42165908	35.10179863	47.14202240	-40.63031626	-90.06953617	12.62693074	14.61200021
4.98333333	-11.20103459	34.14670877	48.56177022	-39.79161978	-92.15491822	12.48342976	17.78473550
4.99166667	-10.80947036	33.02480018	49.81452481	-38.90396873	-94.06206759	12.30740053	20.84948127
5.00000000	-10.58071788	32.17881079	50.74296541	-38.11914021	-95.46157663	12.18434791	23.75510097
5.00833333	-10.31512423	31.23891754	51.83457463	-37.31648930	-96.80570754	11.95543918	26.46632500
5.01666667	-9.98163599	30.13927797	52.84152270	-36.36054663	-97.92086861	11.78961814	28.89321429
5.02500000	-9.67002493	29.21081053	53.82798497	-35.55858720	-98.85732619	11.59145937	31.09589385
5.03333333	-9.33249111	28.26169532	54.73705204	-34.76882329	-99.54902056	11.38579762	33.01673493
5.04166667	-9.12548071	27.40534402	55.75747020	-33.95270246	-100.11412316	11.15260091	34.69999499
5.05000000	-8.87304889	26.68506741	56.66006568	-33.26489709	-100.45252066	10.99804684	36.19057597
5.05833333	-8.60877500	25.79522326	57.54671338	-32.43964621	-100.59146657	10.72648433	37.47333219
5.06666667	-8.44840770	24.99993822	58.47829096	-31.61604275	-100.59437698	10.54990007	38.44892171
5.07500000	-8.27475146	24.23238287	59.34137481	-30.84317008	-100.43551893	10.34756076	39.52723950
5.08333333	-8.14828129	23.52541214	60.26971798	-30.05990782	-100.14410515	10.26877824	39.88109930
5.09166667	-7.89197604	22.75119356	60.88939133	-29.43350094	-99.60116124	10.04037286	40.79411620
5.10000000	-7.82289677	22.17106611	61.74504980	-28.73546377	-99.01797767	9.99628097	41.06496305
5.10833333	-7.60558033	21.48143702	62.30049515	-28.12528931	-98.25008288	9.79570690	41.63957745
5.11666667	-7.54676341	20.88403087	63.01835085	-27.42845586	-97.37443011	9.77117300	41.76983693
5.12500000	-7.24840203	20.16935374	63.36127960	-26.90182992	-96.35630001	9.55780712	41.99194115
5.13333333	-7.27037114	19.68035236	64.01113059	-26.25439762	-95.29555862	9.54904377	42.03838139
5.14166667	-7.20418458	19.28719251	64.44100825	-25.82765970	-94.09380652	9.34968451	42.04805812
5.15000000	-7.13146902	18.77968080	64.79281364	-25.31724937	-92.79008559	9.25050529	41.91900640
5.15833333	-7.17073638	18.43605350	65.20534131	-24.83520076	-91.43431869	9.22873568	41.78013503
5.16666667	-7.12657538	18.12720518	65.43152308	-24.52061637	-89.99704693	9.07524273	41.43672187
5.17500000	-6.95045267	17.54149624	65.41212345	-24.13062272	-88.53367112	9.40834540	41.00918142
5.18333333	-7.02537385	17.36886440	65.60585270	-23.79506381	-87.05404867	9.15965767	40.67502136
5.19166667	-7.14306605	17.11184694	65.81213179	-23.38856849	-85.61228821	9.13849078	40.32678625
5.20000000	-7.12858049	16.90390364	65.83634640	-23.19681461	-84.18956571	9.02546370	39.57037631
5.20833333	-7.21683191	16.63077149	65.89592980	-22.80323722	-82.79687536	9.05028726	39.10190223
5.21666667	-7.14828134	16.32419777	65.73519564	-22.59998384	-81.48192306	9.02343707	38.09496555
5.22500000	-7.14718720	16.03968072	65.61534428	-22.32542460	-80.23340880	9.07548437	37.23257113
5.23333333	-7.17540674	15.76682977	65.46754773	-22.05599996	-79.08606181	9.09270852	36.19137525
5.24166667	-7.18837576	15.54611400	65.28712070	-21.85440640	-78.05576293	9.13615652	35.00158766
5.25000000	-7.15216456	15.11662278	65.06728168	-21.56998162	-77.09647850	9.13983060	33.57486169
5.25833333	-7.05668681	14.80211577	64.68098938	-21.41743709	-76.19977248	9.17197756	32.11290512
5.26666667	-7.02816972	14.48521778	64.29938797	-21.19041002	-75.38391056	9.21222230	30.53231449
5.27500000	-7.15463735	14.24211860	64.13291149	-20.95455415	-74.71301459	9.28286931	29.31318935
5.28333333	-7.10372411	13.86960425	63.84318352	-20.78361674	-74.22115809	9.27094400	27.39476488
5.29166667	-7.19782270	13.68749785	63.50497649	-20.59887868	-73.56262709	9.30999487	26.45107766
5.30000000	-7.18462371	13.43734982	63.10226283	-20.49448719	-73.09964240	9.33356567	25.41598256
5.30833333	-7.36177171	13.35180275	62.81099937	-20.36606113	-72.61182740	9.35522696	25.27049958
5.31666667	-7.47938664	13.31011913	62.37031954	-20.30647754	-72.15258530	9.29813978	25.39644197
5.32500000	-7.75447577	13.45670155	62.01997015	-20.26435414	-71.73239112	9.22676111	26.10063241
5.33333333	-7.98859474	13.56210455	61.68153834	-20.26791781	-71.40439709	9.14558718	27.05054046
5.34166667	-8.26326074	13.68736132	61.32119779	-20.27607682	-70.99942708	9.02101538	28.24614699
5.35000000	-8.45861404	13.79631272	60.94420483	-20.29096840	-70.69797766	8.82293559	29.22751420
5.35833333	-8.75478188	13.82630008	60.73982079	-20.14015446	-70.47128921	8.50052304	30.03069438
5.36666667	-9.00564023	13.90590976	60.57336623	-20.02183938	-70.30665575	8.12381490	30.53185745
5.37500000	-9.32525661	13.96275807	60.50307512	-19.84081483	-70.09961047	7.65138653	30.85395021
5.38333333	-9.64993498	14.09523289	60.51004244	-19.70154994	-69.89901727	7.10708100	30.93249173
5.39166667	-9.91091933	14.10531107	60.50463938	-19.45700278	-69.72848492	6.64375852	30.88597594
5.40000000	-10.23035259	14.22477275	60.55142404	-19.31197667	-69.48219281	5.76076844	30.58997120
5.40833333	-10.39528367	14.14733882	60.41620248	-19.06306516	-69.15960411	4.98849196	30.30318503
5.41666667	-10.54317474	14.03903132	60.21884907	-18.80639653	-68.79012888	4.07810597	30.04051303
5.42500000	-10.74945587	13.88660820	60.01157038	-18.46525944	-68.38794092	3.05818058	29.87499438
5.43333333	-10.96800644	13.83501421	59.72977922	-18.19941569	-67.91637690	2.04922001	29.79223901
5.44166667	-11.09804383	13.80926870	59.31007548	-18.03111686	-67.35897576	0.80617851	29.64699942
5.45000000	-11.23434587	13.68676271	58.83953520	-17.78108579	-66.77647433	-0.50193602	29.54031456
5.45833333	-11.43627964	13.68106242	58.37464834	-17.59967404	-66.18818402	-1.77663820	29.49266069
5.46666667	-11.46382710	13.52515787	57.67207308	-17.56604006	-65.51454363	-2.85611268	29.49296162
5.47500000	-11.64057024	13.60798998	57.16601463	-17.51497944	-64.83737909	-4.26948855	29.40826015
5.48333333	-11.82768104	13.69986633	56.63859075	-17.54477648	-64.14817779	-5.64818159	29.36204412
5.49166667	-12.00372197	13.81125890	56.15859170	-17.65569538	-63.52153256	-7.02765073	29.28255898
5.50000000	-12.09531696	14.05772579	55.57362709	-18.01212824	-62.84148464	-8.21942933	29.16456634
5.50833333	-12.18372071	14.24058175	54.98487563	-18.31876908	-62.14036630	-9.45376955	28.98889092
5.51666667	-12.25129842	14.52639115	54.40137262	-18.84663198	-61.48112234	-10.48919169	28.76510631
5.52500000	-12.48869301	15.00774489	54.02244481	-19.57997558	-60.87676992	-10.74638270	28.60922840
5.53333333	-12.43874714	15.39824052	53.30157889	-20.51823642	-60.11787488	-11.53542068	28.28013124
5.54166667	-12.60464041	16.12309392	52.88535274	-21.70028200	-59.50085472	-11.86074009	28.08022826
5.55000000	-12.55759713	16.68432736	52.18270078	-23.13069656	-58.70882109	-12.17980549	27.73094942
5.55833333	-12.64829719	17.66244632	51.56803752	-24.98324906	-57.95159091	-11.71261194	27.76254326
5.56666667	-12.60913155	18.55397138	50.91803659	-26.97838279	-57.19961230	-11.92300792	27.17130486
5.57500000	-12.41702945	19.35588655	50.09728033	-29.30400690	-56.50959264	-11.83954235	27.06566542
5.58333333	-12.40029500	20.42274969	49.53270078	-31.61312833	-55.85239226	-12.53223654	26.71663780
5.59166667	-12.29958472	21.64697867	48.81441081	-34.32257782	-55.04392235	-13.02683348	26.49410660
5.60000000	-12.15831415	22.93289802	48.01182558	-37.86017242	-54.43149015	-6.09890058	26.28056972
5.60833333	-11.93743066	24.12474435	47.24073119	-40.80470957	-53.67122426	-6.30738777	26.01901932
5.61666667	-11.78619406	25.31499482	46.56591513	-43.65778392	-53.03937457	-6.54357903	25.61687481
5.62500000	-11.52850678	26.38622108	45.84990975	-46.58057171	-52.46415927	-6.46984019	25.32541508
5.63333333	-11.34191129	27.65005480	45.06799681	-49.50134466	-51.69084969	-6.07476070	25.03536176
5.64166667	-11.27632098	28.95508059	44.52563993	-52.36722829	-51.08223091	-5.48894067	24.69581130
5.65000000	-11.04428579	29.87214292	43.72055256	-55.05783723	-50.47543477	-3.98912403	24.45605028
5.65833333	-11.24239109	31.37522443	43.51801357	-57.71050135	-49.93540918	-3.49763679	24.00714006
5.66666667	-11.03946946	32.24346090	42.76066122	-60.15663023	-49.34434961	-1.91289706	23.80596301
5.67500000	-10.96276666	33.24974890	42.14484415	-62.45217552	-48.71403944	-0.38276038	23.57191325
5.68333333	-11.25483835	35.00282826	42.13656341	-64.99549364	-48.25648732	1.66082515	23.21364386
5.69166667	-11.09143593	35.93573838	41.42014936	-66.96931514	-47.61969027	2.90738072	22.97916156
5.70000000	-11.17812687	37.40326373	41.13139406	-69.11447806	-47.11769354	5.10496148	22.77420151
5.70833333	-11.26320186	38.66041100	40.79467112	-70.90538597	-46.62540054	7.27004364	22.60336424
5.71666667	-11.01390643	39.11290014	40.01329252	-71.40718646	-45.85481173	-0.20498874	22.36524102
5.72500000	-11.12947511	40.25628417	39.71684624	-72.65360947	-45.32937332	1.34562609	22.03736256
5.73333333	-10.94296808	41.00028888	38.95738143	-73.59485859	-44.59662409	3.19444739	21.79747374
5.74166667	-11.04220949	41.88513267	38.62769899	-74.25441390	-44.04157200	4.45127912	21.56186920
5.75000000	-10.82691425	42.45574693	37.84886521	-74.53694584	-43.20506375	4.51109936	20.94487771
5.75833333	-10.89031280	43.23813233	37.53198665	-74.69453410	-42.75679346	5.17798057	20.93103219
5.76666667	-10.83691414	43.91026175	36.97788696	-74.68108602	-42.01737560	6.18502296	20.62381764
5.77500000	-10.52754428	43.88046804	36.02024689	-74.12667033	-41.19520683	7.09666664	20.31663699
5.78333333	-10.62618943	44.36483900	35.66540958	-73.36421284	-40.53537927	7.03027433	19.92709401
5.79166667	-10.71469964	44.58450827	35.24207184	-72.34100985	-39.91766778	7.30448027	19.57837727
5.80000000	-10.38416620	44.47149647	34.25693415	-71.23785265	-39.00403157	8.22531394	19.25818403
5.80833333	-10.57117735	44.77702826	33.99290648	-69.93813794	-38.36289561	8.34562817	19.13807109
5.81666667	-10.33040094	44.52323805	33.19800408	-68.43844094	-37.60757842	9.49167322	18.53994967
5.82500000	-10.57208471	44.64562497	32.97570639	-66.74068953	-36.94326090	9.57533758	18.42226988
5.83333333	-10.38040721	44.10295349	32.20910495	-64.80395170	-36.18893765	10.45169574	17.82523742
5.84166667	-10.66308690	44.11353796	32.04242686	-62.83239414	-35.51670054	10.42897338	17.71644381
5.85000000	-10.45675949	43.40921120	31.22917546	-60.63781553	-34.70431731	10.91741600	17.17312632
5.85833333	-10.67681913	43.08935265	30.98431563	-58.33356412	-34.07611503	10.63205579	16.82407209
5.86666667	-10.53181206	42.31458698	30.27565268	-55.98976837	-33.30738560	10.79472080	16.56176558
5.87500000	-10.83066007	41.98505272	30.12659501	-53.64746021	-32.63981715	10.33761903	16.29590844
5.88333333	-10.99763820	41.31409592	29.80058004	-51.12507792	-31.99945497	9.86444477	15.98177375
5.89166667	-10.67396662	40.16981152	28.86720894	-48.71013464	-31.20609839	9.83059926	15.79595773
5.90000000	-11.03125798	39.82111125	28.80608260	-46.44833744	-30.55409286	9.27451401	15.66649530
5.90833333	-11.29212034	39.34959210	28.71187617	-44.22956511	-29.97896324	8.60125550	15.46562091
5.91666667	-11.14742655	38.18794184	28.11561073	-41.93591477	-29.47450053	8.15596660	15.23301214
5.92500000	-11.36213281	37.46536204	27.96203066	-39.80272618	-29.01560712	7.31948303	15.07999794
5.93333333	-11.50926358	36.83711502	27.78471951	-37.92399832	-28.55158525	6.46425551	14.97004211
5.94166667	-11.68811141	36.30424143	27.64156300	-36.22511132	-28.07398429	5.57785647	14.88797485
5.95000000	-11.76001320	35.54243298	27.44029662	-34.61612446	-27.75266242	4.60436011	14.79769320
5.95833333	-11.89533472	34.88523995	27.28884889	-33.17871072	-27.37285260	3.81247618	14.73591615
5.96666667	-12.11343180	34.36633134	27.20294645	-31.91940287	-26.94146849	3.26232598	14.65965765
5.97500000	-12.28119552	33.83584222	27.15487619	-30.84912152	-26.64717709	2.83025925	14.57832940
5.98333333	-12.47571705	33.20916157	27.12237545	-29.81173559	-26.37919856	2.76442933	14.47499037
5.99166667	-12.85643662	32.99436241	27.42033020	-29.23158816	-26.30395747	3.27521231	14.61539027
6.00000000	-13.07425079	32.60807644	27.41260103	-28.51719966	-26.02542280	3.39092660	14.45340530
6.00833333	-13.40626526	32.36413959	27.55699039	-27.85449421	-25.75303243	3.55347009	14.24788471
6.01666667	-13.71486687	32.17598118	27.67873648	-27.25622804	-25.48469821	3.49648611	14.10289057
6.02500000	-14.57281015	32.78252827	28.48802025	-27.08194138	-25.33140141	4.52249384	13.71962531
6.03333333	-14.44594067	32.26912602	28.05119218	-26.60374893	-24.93588252	4.51635207	13.63018271
6.04166667	-14.62681038	32.15589102	27.94739020	-26.17116439	-24.52209340	4.37670658	13.48107170
6.05000000	-14.77281163	32.03666977	27.80499292	-25.78299963	-24.12104790	4.12585637	13.28677510
6.05833333	-14.86496204	31.87906032	27.60982576	-25.43569856	-23.71892382	3.91359440	13.07343472
6.06666667	-14.95947707	31.68548249	27.38677951	-25.08693696	-23.28287342	3.78656193	12.89454686
6.07500000	-15.03350798	31.51793061	27.12086927	-24.79793133	-22.80928252	3.69233460	12.71784872
6.08333333	-15.02947944	31.25360174	26.77552997	-24.48728231	-22.35989111	3.67312291	12.45424475
6.09166667	-15.06949200	31.02432890	26.44185772	-24.18942704	-21.85299709	3.72123997	12.31531685
6.10000000	-15.14404235	30.84976091	26.19593111	-23.92370435	-21.41874819	3.75041282	12.25840412
6.10833333	-15.32925266	30.76892193	26.05714733	-23.58874886	-20.96239896	3.76476469	12.20998778
6.11666667	-15.49486079	30.65901595	25.90367162	-23.24114328	-20.49495586	3.72634453	12.00957279
6.12500000	-15.63717553	30.49901867	25.79695801	-22.85443589	-20.15620758	3.76840806	11.94272368
6.13333333	-15.82060287	30.47949781	25.80661015	-22.54901679	-19.91136830	3.79187520	11.92730291
6.14166667	-15.93656708	30.21996203	25.60829793	-22.07650870	-19.48897780	3.71957888	11.62049296
6.15000000	-16.13231833	30.15164384	25.62514870	-21.72291195	-19.23197729	3.77839980	11.64872946
6.15833333	-16.17451351	29.86750878	25.43288273	-21.33376700	-18.94358286	3.85620882	11.46187851
6.16666667	-16.34773382	29.78650492	25.44860378	-20.99542365	-18.72468421	3.92488107	11.46673227
6.17500000	-16.46792317	29.56043292	25.32056856	-20.58069745	-18.40577121	3.97130967	11.37983251
6.18333333	-16.60187097	29.53302563	25.34465296	-20.37693588	-18.24714264	3.99887378	11.37371697
6.19166667	-16.63432850	29.30097293	25.26335670	-20.16768895	-18.19333832	4.45089253	11.51847180
6.20000000	-16.73720915	29.17062661	25.19104527	-19.91282075	-17.97363150	4.41427918	11.48987449
6.20833333	-16.84165314	29.07688080	25.12481606	-19.71248872	-17.73532301	4.40539887	11.41233928
6.21666667	-16.88532557	29.05540905	25.10977983	-19.70737670	-17.69695161	4.40538159	11.41443659
6.22500000	-16.99210898	28.83667430	24.99959256	-19.36476565	-17.39401914	4.39439698	11.29966041
6.23333333	-17.03636693	28.81114253	24.98060293	-19.34168733	-17.35077804	4.40020737	11.30840261
6.24166667	-17.15006208	28.62053361	24.84469322	-18.97591093	-17.00152457	4.40993150	11.23362916
6.25000000	-17.19792205	28.58886765	24.82452957	-18.94927289	-16.95254925	4.41719853	11.24445071
6.25833333	-17.32083550	28.35273569	24.67859766	-18.49738238	-16.58066238	4.43309388	11.14063894
6.26666667	-17.36050233	28.32597547	24.66525874	-18.47061954	-16.53309163	4.44040282	11.15233249
6.27500000	-17.48709055	28.17584525	24.54903428	-18.11796711	-16.18049370	4.47626070	11.13664898
6.28333333	-17.53438582	28.14288173	24.54581059	-18.06652865	-16.13897324	4.48500702	11.13612614
6.29166667	-17.43208828	27.64872981	24.27855200	-17.61300221	-15.98295457	4.75343784	11.13841854
6.30000000	-17.54105861	27.56660178	24.28628983	-17.38118573	-15.84329368	4.74283737	11.11906471
6.30833333	-17.58027776	27.54428086	24.28031923	-17.35023173	-15.80789308	4.74758627	11.12149892
6.31666667	-17.79625615	27.53295204	24.37212102	-17.02487566	-15.60763684	4.70236968	10.98316709
6.32500000	-17.82636062	27.51058542	24.36361854	-17.00488290	-15.57699065	4.70919637	10.99134172
6.33333333	-17.98107930	27.44345676	24.38037243	-16.72573902	-15.42149888	4.72244917	10.96090774
6.34166667	-18.01383340	27.41364738	24.38959084	-16.70425313	-15.38921760	4.72887240	10.96723573
6.35000000	-18.24403665	27.47032944	24.57345925	-16.46158707	-15.33665675	4.74849890	10.95150357
6.35833333	-18.29171621	27.40359809	24.56533944	-16.35277271	-15.28749276	4.82094555	11.02508348
6.36666667	-18.46589012	27.51062070	24.77594940	-16.30341377	-15.36787928	4.80951312	11.01030665
6.37500000	-18.51763648	27.39522948	24.78857846	-16.11410394	-15.36492717	4.87693480	11.06290497
6.38333333	-18.53094055	27.35595076	24.78326680	-16.10978933	-15.38175577	4.88007782	11.06240635
6.39166667	-18.50321765	27.14861747	24.77037222	-15.90201963	-15.50650678	4.94353082	11.14014993
6.40000000	-18.64494913	27.26806569	24.97536104	-15.89490163	-15.65592507	5.02955417	11.27332170
6.40833333	-18.63881021	27.23722735	24.97445942	-15.89716955	-15.67647614	5.03329492	11.27186626
6.41666667	-18.63790015	27.19417012	24.96923188	-15.88327406	-15.71975670	5.04354246	11.27198066
6.42500000	-18.63129947	27.14122791	24.97057686	-15.85741568	-15.77892316	5.06021621	11.27659943
6.43333333	-18.66096259	26.95859050	24.98631669	-15.63373240	-15.96596632	5.26302545	11.59983953
6.44166667	-18.66845185	26.91634933	24.97728966	-15.62258314	-15.99201418	5.26957894	11.60143234
6.45000000	-18.66411921	26.86531021	24.96824757	-15.60407762	-16.03872915	5.28091102	11.60576202
6.45833333	-18.60533762	26.65385900	25.00366333	-15.41555324	-16.31741116	5.38738936	11.75793923
6.46666667	-18.61438795	26.62075832	24.98670584	-15.42178683	-16.32546383	5.39206906	11.76402921
6.47500000	-18.61198464	26.58263896	24.97191741	-15.41703913	-16.35189440	5.40080931	11.77308828
6.48333333	-18.58798002	26.38611203	24.97216784	-15.22360167	-16.51972878	5.53407678	12.04516350
6.49166667	-18.59798408	26.34919896	24.95843881	-15.22197437	-16.53343659	5.53295888	12.04707796
6.50000000	-18.62465305	26.32637843	24.94989053	-15.22759063	-16.54125122	5.53326773	12.04754277
6.50833333	-18.03902002	25.54012929	24.09194449	-15.13500724	-16.29800184	5.90735193	12.24436759
6.51666667	-18.06481698	25.51905243	24.08883736	-15.14127302	-16.30286443	5.90683234	12.24367176
6.52500000	-18.06989183	25.48322798	24.09297198	-15.10210212	-16.31828068	5.91325600	12.24135559
6.53333333	-18.09333289	25.46506579	24.08901395	-15.10101535	-16.32459705	5.91430106	12.24092585
6.54166667	-18.18374838	25.33982643	24.19508827	-14.72058716	-16.39479561	5.95721901	12.26175401
6.55000000	-18.20189678	25.32824511	24.18791123	-14.72736183	-16.40035726	5.95585169	12.26140982
6.55833333	-18.20239833	25.30819773	24.18369262	-14.71956101	-16.40342655	5.95462378	12.26182962
6.56666667	-18.21934522	25.29950757	24.17746411	-14.72023761	-16.40694164	5.95439789	12.26198778
6.57500000	-18.22826979	25.28014645	24.17401332	-14.69041462	-16.39913959	5.95822106	12.26571364
6.58333333	-18.25481311	25.26935075	24.16310088	-14.69137170	-16.40268430	5.95854883	12.26627066
6.59166667	-18.40978714	25.28235506	24.19131891	-14.48911584	-16.28013301	5.94428700	12.35189394
6.60000000	-18.42614063	25.27827262	24.18230222	-14.49331024	-16.28333795	5.94476392	12.35277122
6.60833333	-18.44007452	25.27329292	24.17391308	-14.49930747	-16.28428118	5.94576896	12.35402886
6.61666667	-18.43277956	25.27371792	24.15364978	-14.53242975	-16.26481071	5.95715818	12.36498861
6.62500000	-18.44436311	25.27302803	24.14235941	-14.53900079	-16.26710199	5.95857054	12.36603292
6.63333333	-18.42117245	25.27833751	24.10610823	-14.62599540	-16.23791991	5.98191496	12.38302458
6.64166667	-18.43219651	25.27888102	24.09540851	-14.63217373	-16.24161058	5.98409728	12.38388631
6.65000000	-18.41358513	25.28782845	24.04385841	-14.74734592	-16.21493162	6.03115247	12.40649981
6.65833333	-18.42042600	25.28902363	24.03557716	-14.75191023	-16.21743426	6.03423015	12.40754421
6.66666667	-18.42761638	25.29022250	24.02653335	-14.75867151	-16.21989919	6.03707393	12.40857831
6.67500000	-18.38453237	25.36768281	23.88563277	-15.04794665	-16.08723066	6.37907699	12.53078651
6.68333333	-18.39080779	25.36947322	23.87845391	-15.05139966	-16.09094057	6.37854669	12.53107003
6.69166667	-18.38035415	25.37644838	23.86727076	-15.10982337	-16.08620569	6.37672858	12.53535845
6.70000000	-18.38691226	25.37927307	23.85750774	-15.11576627	-16.09010122	6.37719952	12.53535574
6.70833333	-18.34041364	25.46356662	23.71842087	-15.40054330	-15.95544603	6.58436289	12.56024275
6.71666667	-18.33978674	25.46535367	23.71731874	-15.40042654	-15.95610473	6.58422061	12.56017628
6.72500000	-18.34599760	25.47344358	23.69244690	-15.44507704	-15.95515791	6.58039869	12.56047554
6.73333333	-18.34521605	25.47506799	23.69105395	-15.44571937	-15.95529799	6.58038750	12.56048997
6.74166667	-18.32771214	25.49678682	23.65716530	-15.53888147	-15.93357428	6.57954159	12.56416538
6.75000000	-18.32646477	25.49720457	23.65726377	-15.53994763	-15.93311734	6.57970808	12.56418382
6.75833333	-18.32558342	25.49941152	23.65539707	-15.54149484	-15.93326726	6.57989827	12.56422118
6.76666667	-18.25415316	25.58531232	23.49922166	-15.87173598	-15.77314736	6.83579158	12.59744229
6.77500000	-18.25353467	25.58638138	23.49819698	-15.87192529	-15.77392974	6.83554576	12.59739217
6.78333333	-18.24760013	25.59067146	23.48678195	-15.91234213	-15.78064232	6.83135801	12.59764770
6.79166667	-18.24871097	25.59076577	23.48501993	-15.91370241	-15.78108210	6.83138935	12.59762310
6.80000000	-18.23075531	25.60054558	23.46973347	-15.99978468	-15.76835263	6.83927923	12.59872920
6.80833333	-18.22909311	25.60255382	23.46839751	-16.00009607	-15.76864952	6.83965305	12.59866512
6.81666667	-18.16507959	25.65586394	23.38843402	-16.23286137	-15.70834357	7.07232724	12.58615956
6.82500000	-18.16470913	25.65751624	23.38771705	-16.23211161	-15.70849769	7.07194396	12.58627229
6.83333333	-18.17824870	25.66922113	23.39229694	-16.23824750	-15.69832283	7.06077869	12.59096330
6.84166667	-18.17654075	25.67114962	23.39196315	-16.23767929	-15.69795413	7.06052892	12.59112504
6.85000000	-18.18711325	25.68465310	23.39260869	-16.24952230	-15.68004441	7.05266490	12.59720422
6.85833333	-18.18697634	25.68512818	23.39237407	-16.24947972	-15.67979181	7.05259566	12.59729658
6.86666667	-18.18340702	25.69957350	23.40868718	-16.27700289	-15.65479891	7.04586558	12.60553819
6.87500000	-18.16527918	25.70904561	23.41507933	-16.27439626	-15.65368711	7.04597627	12.60603959
6.88333333	-18.09269397	25.56337829	23.53163737	-16.19427235	-15.87617994	7.06244641	12.63024249
6.89166667	-18.09325917	25.56357072	23.53124999	-16.19409656	-15.87599276	7.06223620	12.63040660
6.90000000	-18.09692917	25.57356869	23.52973684	-16.18805190	-15.86968951	7.05827664	12.63382465
6.90833333	-18.09747901	25.57368951	23.52999758	-16.18807583	-15.86888979	7.05793675	12.63412369
6.91666667	-18.11657955	25.60363073	23.53210152	-16.19125317	-15.83994768	7.04222583	12.64555634
6.92500000	-18.11540097	25.60540870	23.53195507	-16.19048201	-15.83942804	7.04188338	12.64574656
6.93333333	-18.14439243	25.61932561	23.52128990	-16.18912969	-15.81608095	7.02652092	12.65528140