0.00000000	-17.40987429	24.29206746	22.73882955	-12.38196263	-9.96025486	2.43151000	5.13221631
0.00833333	-17.22939985	24.00103164	22.68374456	-12.27845548	-10.51599022	2.53629615	5.90619477
0.01666667	-17.09524334	23.84711559	22.52425081	-12.21340578	-10.54890035	2.49171237	5.82114339
0.02500000	-17.09749006	23.86235024	22.51641110	-12.20323154	-10.48950113	2.40452890	5.82277815
0.03333333	-16.99581458	23.73345576	22.36615856	-12.15333924	-10.43907786	2.38678284	5.82425100
0.04166667	-16.91879594	23.63433508	22.24495209	-12.10317382	-10.36420709	2.38951752	5.78285318
0.05000000	-17.05942014	23.84615852	22.47051551	-12.18202189	-10.48529610	2.39145983	5.80065686
0.05833333	-16.97398102	23.73920428	22.33615202	-12.13526279	-10.41392562	2.34321452	5.78188259
0.06666667	-17.02444107	23.72442451	22.35231557	-12.07496806	-10.31370075	2.41599083	5.78724124
0.07500000	-16.98460472	23.76462071	22.32235367	-12.13281851	-10.35534883	2.29728729	5.74796390
0.08333333	-16.92775174	23.70848659	22.23919468	-12.09624601	-10.29561739	2.33521152	5.71833701
0.09166667	-17.12974906	23.94993169	22.59459051	-12.12339821	-10.57564913	2.32422823	5.82589697
0.10000000	-16.99471961	23.77939974	22.38753620	-12.06601630	-10.46031516	2.27006431	5.78536968
0.10833333	-17.03571274	23.84909553	22.46793310	-12.08635732	-10.51972231	2.26057907	5.79140937
0.11666667	-16.96796343	23.77280648	22.36851577	-12.06780458	-10.46288407	2.21833863	5.77328302
0.12500000	-16.89431641	23.67208406	22.22906358	-12.02024915	-10.36164789	2.19992283	5.73398384
0.13333333	-17.04308951	23.86775995	22.46765200	-12.08233087	-10.48735913	2.23028047	5.79774671
0.14166667	-16.96072394	23.76971954	22.32278600	-12.05291952	-10.39331264	2.21096723	5.76074283
0.15000000	-16.96376074	23.78672009	22.33258648	-12.06965579	-10.39526670	2.18724259	5.73031045
0.15833333	-17.05147353	23.89004384	22.45923191	-12.06870825	-10.43901501	2.22821264	5.72805111
0.16666667	-16.98468623	23.81536081	22.33711987	-12.05265333	-10.35625035	2.19192338	5.70035540
0.17500000	-17.07432296	23.93691282	22.47075415	-12.08636718	-10.41963660	2.22665877	5.71117702
0.18333333	-16.93975372	23.76344825	22.23544366	-12.02720297	-10.26588418	2.15213094	5.65469182
0.19166667	-17.02878252	23.89251771	22.36313778	-12.08120258	-10.30350142	2.17857098	5.68676759
0.20000000	-17.12511226	24.01237382	22.46138616	-12.10370042	-10.29707325	2.16929465	5.70816663
0.20833333	-17.16850302	24.04366217	22.59872490	-12.07743628	-10.46922695	2.19472591	5.80709117
0.21666667	-17.06314699	23.90371627	22.43129763	-12.02465487	-10.37662713	2.15909974	5.78247198
0.22500000	-17.00486007	23.83150535	22.33025738	-11.99585896	-10.31019950	2.13462555	5.76056219
0.23333333	-16.98140819	23.80970375	22.29263386	-11.99714378	-10.29365494	2.11996914	5.74488746
0.24166667	-17.05017141	23.89353454	22.41592464	-12.01599582	-10.38334949	2.17935786	5.75790167
0.25000000	-17.10884330	23.99179540	22.46721740	-12.07057161	-10.36993576	2.13957443	5.75881247
0.25833333	-17.01427436	23.84758946	22.30585516	-11.99150386	-10.26367405	2.15206326	5.72271317
0.26666667	-16.94424288	23.73431103	22.19401034	-11.93624716	-10.20338834	2.11252241	5.68184364
0.27500000	-17.06002226	23.89223369	22.31891510	-11.96237602	-10.20377292	2.11299486	5.68996609
0.28333333	-17.20450553	24.10226500	22.61077378	-12.07172138	-10.46255959	2.16312984	5.76363069
0.29166667	-17.10703745	23.96615673	22.43775683	-12.02094078	-10.33496939	2.16749962	5.72822195
0.30000000	-17.12844462	24.01240575	22.42327549	-12.04970014	-10.27049237	2.10293286	5.68981554
0.30833333	-17.02949241	23.85422323	22.35417313	-11.96777032	-10.35508022	2.08824067	5.74638317
0.31666667	-17.17621911	24.06504185	22.51926228	-12.04667535	-10.36161245	2.11953946	5.70770039
0.32500000	-17.09511038	23.94309858	22.36170714	-11.99101391	-10.24334522	2.14073637	5.68375057
0.33333333	-17.02921318	23.87101843	22.34164699	-12.00138537	-10.34452608	2.03681046	5.76125490
0.34166667	-16.99994654	23.79744884	22.22183367	-11.94255860	-10.16407328	2.12957151	5.68284017
0.35000000	-17.18281251	24.05952633	22.53452882	-12.04590792	-10.40633251	2.16440142	5.76727167
0.35833333	-17.13071759	23.96922783	22.41504378	-12.00071745	-10.28387200	2.20517250	5.76422042
0.36666667	-17.06056968	23.88707791	22.32940206	-11.98069787	-10.26767832	2.11492084	5.71643387
0.37500000	-17.29582552	24.20305431	22.69671610	-12.07915677	-10.47580258	2.16853140	5.79917045
0.38333333	-17.18468996	24.05481144	22.52710643	-12.04105109	-10.38105859	2.13181992	5.76323805
0.39166667	-17.13265497	23.98333616	22.45961518	-12.00838426	-10.34523804	2.18252413	5.70195343
0.40000000	-17.27324620	24.14767884	22.64646153	-12.01246568	-10.41640984	2.09861919	5.77304517
0.40833333	-17.18586305	24.02337707	22.51006410	-11.97642324	-10.34122110	2.11208721	5.73363949
0.41666667	-17.11938427	23.93618745	22.39846273	-11.95535384	-10.27196819	2.09900359	5.71177212
0.42500000	-17.10346755	23.93026052	22.44037304	-11.98911917	-10.41274068	2.14357352	5.80337233
0.43333333	-17.03624617	23.83879754	22.31542259	-11.95236835	-10.30778395	2.17432026	5.77560349
0.44166667	-17.07001053	23.88413407	22.35584833	-11.97191943	-10.31160042	2.13118561	5.77674998
0.45000000	-17.00270002	23.77917335	22.23921878	-11.93072319	-10.23030630	2.14977136	5.74935026
0.45833333	-16.98899287	23.74386423	22.18970007	-11.89936818	-10.16300123	2.17945351	5.74461974
0.46666667	-17.18099643	24.02089103	22.53032656	-12.00798352	-10.41214904	2.16083757	5.79165874
0.47500000	-17.48318464	24.37697197	22.94999113	-12.09115037	-10.56397070	2.22072606	5.91212284
0.48333333	-17.69321935	24.64968484	23.23585370	-12.15032008	-10.68444478	2.18463514	5.86485916
0.49166667	-17.12821924	23.92466413	22.44424481	-11.96297607	-10.38073799	2.14827993	5.75173922
0.50000000	-17.35348747	24.22507659	22.76795322	-12.06912118	-10.50909174	2.16629040	5.75992184
0.50833333	-17.25171778	24.08236873	22.60727641	-12.01283568	-10.41018178	2.20420212	5.75035524
0.51666667	-17.17978707	23.99421921	22.50654529	-11.98533411	-10.38785712	2.12312763	5.71866887
0.52500000	-17.25532376	24.08606516	22.65135422	-12.01799202	-10.49385289	2.17886347	5.77340368
0.53333333	-17.16932834	23.95334312	22.50169892	-11.95480167	-10.38689568	2.16892967	5.73937409
0.54166667	-17.20342199	24.00950245	22.55537103	-11.98956126	-10.41780798	2.15450459	5.74228559
0.55000000	-17.15815815	23.94203764	22.48414393	-11.95954935	-10.38086620	2.15780261	5.72806003
0.55833333	-17.29121853	24.12049750	22.69468184	-12.02915788	-10.50274334	2.18445389	5.78337019
0.56666667	-17.20502004	23.98575230	22.53761747	-11.96338280	-10.39725808	2.17734550	5.76042912
0.57500000	-17.12616135	23.86846534	22.40782725	-11.91901316	-10.32041900	2.16187479	5.73655088
0.58333333	-17.09257159	23.82669153	22.35919596	-11.90073040	-10.29715420	2.14788348	5.72767083
0.59166667	-17.19479012	23.96405309	22.52543003	-11.95863189	-10.39872213	2.15360071	5.77648870
0.60000000	-17.13131202	23.86741797	22.40440961	-11.91399114	-10.31757982	2.15990357	5.74927624
0.60833333	-17.31134416	24.11646927	22.69626378	-12.02146498	-10.51186129	2.21238706	5.85402357
0.61666667	-17.22236909	23.99273735	22.55622299	-11.97925448	-10.43052604	2.21569232	5.81799507
0.62500000	-17.16750654	23.92424975	22.47143282	-11.95721399	-10.39426555	2.15994148	5.79386222
0.63333333	-17.12357670	23.86724924	22.40789100	-11.94568125	-10.35667288	2.15342944	5.78998975
0.64166667	-17.06959138	23.77704906	22.29067610	-11.89743726	-10.26280110	2.18006750	5.77985578
0.65000000	-17.06438409	23.76468388	22.31188572	-11.89306763	-10.30935419	2.12835914	5.77750706
0.65833333	-17.11058031	23.84911294	22.36962033	-11.96631588	-10.32631043	2.18660820	5.78145618
0.66666667	-17.15615417	23.85284188	22.49734406	-11.90705022	-10.49341905	2.21202845	5.84823198
0.67500000	-17.08907337	23.75913511	22.36864575	-11.86934164	-10.40723817	2.20555998	5.82030025
0.68333333	-17.11995619	23.81012348	22.41491586	-11.91495388	-10.42899846	2.18365160	5.78230575
0.69166667	-17.07366234	23.72986756	22.32581678	-11.86239300	-10.37737372	2.20347882	5.76172664
0.70000000	-17.04921892	23.70722398	22.29039139	-11.87741663	-10.36636063	2.17761684	5.76438247
0.70833333	-17.07304926	23.73927007	22.33520026	-11.89587289	-10.39264314	2.17170818	5.79555880
0.71666667	-17.02439575	23.65628041	22.22284297	-11.84658910	-10.30465448	2.18884432	5.78799988
0.72500000	-16.98927062	23.59309061	22.15864338	-11.81456620	-10.25833963	2.18632524	5.79259242
0.73333333	-17.33950107	24.06829676	22.70353415	-12.01152626	-10.55876830	2.24920215	5.92729533
0.74166667	-17.23845880	23.90501053	22.54038758	-11.93508548	-10.46798777	2.25590322	5.89396170
0.75000000	-17.29684859	23.98309685	22.65297956	-11.97733317	-10.56215193	2.28003305	5.95522419
0.75833333	-17.20132375	23.86265163	22.50123116	-11.94961846	-10.48322093	2.31303382	5.92454015
0.76666667	-17.13049265	23.75862914	22.37496612	-11.90667965	-10.39926135	2.31110422	5.90777921
0.77500000	-17.11761658	23.75395080	22.36209039	-11.92250051	-10.41451139	2.28053576	5.89889262
0.78333333	-17.14158482	23.77709475	22.39341050	-11.93124082	-10.42740334	2.27950066	5.92193102
0.79166667	-17.11369577	23.72165532	22.33554657	-11.90112544	-10.39032965	2.28565894	5.90848484
0.80000000	-17.14232111	23.75650931	22.38227038	-11.92010664	-10.42825241	2.27670492	5.90955971
0.80833333	-17.08214871	23.65904418	22.28666835	-11.87591663	-10.39195849	2.28394120	5.88741957
0.81666667	-17.62258066	24.30307838	22.99785414	-12.06534418	-10.57834588	2.39952271	5.93849099
0.82500000	-17.58732393	24.20187761	22.91331014	-11.98873021	-10.51835906	2.41541762	5.89950510
0.83333333	-17.41097399	24.05188952	22.67544209	-11.98413796	-10.46759037	2.32100443	5.91326371
0.84166667	-17.22614267	23.82087497	22.48200325	-11.93515176	-10.51663587	2.27742908	5.95795312
0.85000000	-17.48376015	24.09409356	22.77968858	-12.00110591	-10.52845350	2.39700199	5.91745078
0.85833333	-17.36939371	23.98030803	22.63105464	-11.96483215	-10.46913394	2.42442861	5.86252306
0.86666667	-17.26323742	23.81768033	22.45864969	-11.90909056	-10.41001037	2.34423331	5.87362058
0.87500000	-17.37309638	23.95291852	22.62379986	-11.95281572	-10.51981599	2.42499704	5.91076832
0.88333333	-17.28620695	23.82541660	22.47825957	-11.91092424	-10.42637683	2.42245090	5.90503119
0.89166667	-17.21409626	23.71871261	22.35762886	-11.86492519	-10.37622230	2.38407007	5.88413238
0.90000000	-17.30814886	23.84615149	22.49320859	-11.92130494	-10.44508247	2.42287154	5.90425630
0.90833333	-17.25109355	23.76657412	22.39813507	-11.90443390	-10.40051157	2.40832590	5.90245552
0.91666667	-17.24458178	23.74353526	22.36962170	-11.89136493	-10.37695127	2.40547078	5.90293657
0.92500000	-17.22403408	23.71392917	22.31784249	-11.88294718	-10.34197982	2.40029856	5.89500323
0.93333333	-17.16183764	23.62845299	22.21461325	-11.85901650	-10.28189530	2.39309799	5.87962094
0.94166667	-17.25873558	23.76942273	22.35940129	-11.92608350	-10.37702352	2.37410843	5.90213810
0.95000000	-17.18671470	23.66202612	22.24909002	-11.87710531	-10.31916879	2.41563322	5.86340285
0.95833333	-17.12491192	23.54052674	22.11970933	-11.82069322	-10.22484345	2.39698947	5.86461781
0.96666667	-17.40676929	23.93296036	22.62318917	-11.99829879	-10.60591078	2.45696428	6.04031591
0.97500000	-17.40143703	23.90641244	22.59166781	-11.97238370	-10.55776248	2.46342166	6.03147044
0.98333333	-17.33643433	23.79645295	22.47736647	-11.91899626	-10.48560240	2.47525574	6.01696944
0.99166667	-17.28672762	23.72636690	22.38375468	-11.90082029	-10.42789615	2.44628343	6.00503747
1.00000000	-17.24919451	23.66287553	22.30732608	-11.87082641	-10.36360009	2.45727026	5.99771010
1.00833333	-17.21122242	23.62499444	22.25229972	-11.88525422	-10.35774113	2.44672617	5.98325244
1.01666667	-17.37742084	23.85091309	22.53066737	-11.99166989	-10.54099935	2.50748738	6.08267511
1.02500000	-17.31226949	23.75512945	22.41893571	-11.95241764	-10.46810087	2.51325852	6.04866591
1.03333333	-17.26877493	23.69278743	22.34017793	-11.93668938	-10.42998911	2.48731778	6.01207198
1.04166667	-17.43723259	23.91344928	22.62623927	-12.01440958	-10.61103217	2.52456688	6.06750355
1.05000000	-17.42062585	23.89756685	22.57034894	-12.02500756	-10.55681585	2.53761909	6.03552733
1.05833333	-17.34867228	23.76450012	22.42980077	-11.95748198	-10.45121973	2.55307493	6.00423066
1.06666667	-17.40774702	23.87172528	22.50984824	-12.03019580	-10.49440369	2.52945982	6.00235289
1.07500000	-17.55967577	24.04724742	22.75635982	-12.07890349	-10.62782066	2.58886883	6.08851420
1.08333333	-17.43436477	23.89223033	22.57275369	-12.03730400	-10.54716462	2.56881239	6.05441084
1.09166667	-17.35604371	23.76967286	22.42262881	-11.98459159	-10.43323879	2.57640258	6.03742107
1.10000000	-17.32087649	23.74327754	22.37579559	-11.99011198	-10.44224210	2.51680148	6.03742628
1.10833333	-17.24345303	23.62110870	22.23753846	-11.93818305	-10.34399747	2.54205634	6.01006831
1.11666667	-17.33117542	23.74956612	22.39590083	-12.00381158	-10.46246476	2.52047882	6.07160861
1.12500000	-17.48209168	23.94378446	22.63206068	-12.06299627	-10.59223767	2.56538222	6.11863874
1.13333333	-17.45189340	23.90292340	22.59373952	-12.07413343	-10.60748843	2.59929063	6.14631303
1.14166667	-17.37472618	23.80186742	22.46535179	-12.03679277	-10.52107435	2.61875504	6.11655124
1.15000000	-17.26784749	23.65369034	22.30044154	-11.99408935	-10.43668714	2.57136549	6.09714788
1.15833333	-17.38047123	23.78720810	22.47580929	-12.03413781	-10.52474378	2.60394025	6.12004289
1.16666667	-17.29647451	23.66712724	22.30503885	-11.99055088	-10.38763697	2.62491482	6.10913777
1.17500000	-17.24773886	23.61740852	22.24525943	-11.98554109	-10.38129815	2.54807514	6.06172536
1.18333333	-17.53227947	23.99642759	22.67570962	-12.11575653	-10.60519477	2.60458008	6.19009542
1.19166667	-17.42059139	23.83108935	22.47403602	-12.04567611	-10.45627181	2.61664469	6.14612581
1.20000000	-17.35970405	23.74737553	22.38320268	-12.00165635	-10.42547692	2.58730469	6.11875883
1.20833333	-17.50422459	23.96428220	22.64808813	-12.13444527	-10.61304628	2.67932909	6.19884254
1.21666667	-17.32477917	23.68499644	22.34166294	-11.99783225	-10.41841415	2.64689625	6.16005015
1.22500000	-17.54323320	23.98110103	22.68740954	-12.09429606	-10.62601664	2.65305622	6.22616606
1.23333333	-17.45523040	23.85843484	22.53056086	-12.05223217	-10.53283238	2.60843941	6.19084161
1.24166667	-17.43170164	23.81390175	22.53076624	-12.03981925	-10.56936874	2.64158572	6.19535883
1.25000000	-17.33903823	23.68265148	22.37882986	-11.98264083	-10.47505188	2.64841816	6.15056749
1.25833333	-17.34211127	23.69191343	22.39116883	-11.99768269	-10.49686946	2.62999333	6.14007673
1.26666667	-17.52532869	23.93325927	22.67320528	-12.08684719	-10.65220954	2.68714026	6.18659988
1.27500000	-17.42404577	23.79993080	22.51362998	-12.03162940	-10.57663533	2.66794412	6.14113154
1.28333333	-17.37279712	23.72853079	22.42337112	-12.00677444	-10.52204091	2.64094048	6.11071143
1.29166667	-17.31448229	23.62462055	22.30575192	-11.93970841	-10.39639291	2.66575344	6.10602237
1.30000000	-17.35538224	23.69043005	22.36789619	-11.97194230	-10.45362990	2.62397258	6.08662531
1.30833333	-17.56835854	23.98265778	22.70809365	-12.09161099	-10.68142031	2.65951108	6.18800430
1.31666667	-17.48757824	23.85532035	22.57625537	-12.02677508	-10.59709248	2.67914597	6.15581211
1.32500000	-17.40839837	23.74994375	22.44658170	-11.99679127	-10.51894619	2.66695983	6.12544377
1.33333333	-17.46739440	23.82705675	22.55335535	-12.04038255	-10.58975661	2.70379357	6.13589151
1.34166667	-17.40043753	23.73182161	22.43909844	-11.99726914	-10.49696800	2.71229102	6.11032998
1.35000000	-17.40199475	23.74487533	22.42715992	-12.01947384	-10.49376631	2.70760297	6.06617517
1.35833333	-17.31195190	23.61969106	22.28163462	-11.97123384	-10.38709252	2.70779265	6.02574882
1.36666667	-17.28767226	23.57868001	22.24021914	-11.95103731	-10.36647379	2.67870901	6.01417646
1.37500000	-17.51110768	23.87611975	22.59169974	-12.06312344	-10.55085438	2.73879116	6.05943496
1.38333333	-17.31996668	23.65079148	22.29693770	-12.01151304	-10.41000529	2.68169631	6.01183220
1.39166667	-17.45147235	23.79743161	22.52028521	-12.04802437	-10.54493348	2.70646503	6.08366036
1.40000000	-17.55551600	23.92938047	22.62625519	-12.08295528	-10.52859525	2.68449417	6.09884183
1.40833333	-17.45274378	23.79989658	22.54126132	-12.05196780	-10.59654779	2.69971370	6.14015767
1.41666667	-17.51392172	23.86799349	22.62379988	-12.05328442	-10.62092191	2.69156513	6.15249078
1.42500000	-17.45293379	23.78964153	22.53284760	-12.01704056	-10.57988033	2.72250637	6.12656207
1.43333333	-17.38020922	23.68440472	22.42080922	-11.98920868	-10.53025786	2.66744621	6.14465740
1.44166667	-17.32956312	23.60585140	22.33983474	-11.95293546	-10.48393003	2.68578203	6.12432108
1.45000000	-17.28859584	23.54884749	22.26830959	-11.93712170	-10.43468135	2.70141303	6.11628133
1.45833333	-17.22603853	23.44701367	22.15824971	-11.89121514	-10.36199255	2.71504135	6.11698288
1.46666667	-17.40243778	23.70938050	22.47751275	-12.01246324	-10.60431569	2.70332439	6.16669388
1.47500000	-17.32118060	23.58604844	22.35081910	-11.95925141	-10.53915445	2.70240468	6.14766233
1.48333333	-17.30789478	23.56748184	22.33958214	-11.95500063	-10.55207114	2.66997556	6.17103534
1.49166667	-17.30598083	23.55568952	22.33737585	-11.94199799	-10.54792621	2.68462792	6.18096258
1.50000000	-17.35435688	23.61630765	22.46591094	-11.96961196	-10.69792432	2.71978542	6.28078788
1.50833333	-17.28205931	23.52196716	22.34653310	-11.93618563	-10.61001450	2.75576948	6.26889430
1.51666667	-17.26620438	23.49034953	22.30050218	-11.92003044	-10.56604591	2.68006372	6.25585507
1.52500000	-17.21397690	23.43187710	22.22245068	-11.89535972	-10.52213905	2.70130095	6.21117206
1.53333333	-17.16281606	23.33770324	22.11276464	-11.85579412	-10.43606866	2.69920670	6.20399890
1.54166667	-17.19188701	23.37498325	22.15438260	-11.86837219	-10.45846981	2.67853970	6.19129679
1.55000000	-17.57246778	23.87684517	22.78239387	-12.06198957	-10.85397823	2.76847965	6.35039684
1.55833333	-17.45859187	23.71596724	22.59318666	-11.99740554	-10.74208799	2.76331291	6.30436365
1.56666667	-17.37509087	23.60125515	22.45579076	-11.94580290	-10.67552372	2.72937088	6.27081784
1.57500000	-17.43906889	23.64655325	22.58575569	-11.89541924	-10.83042705	2.87787227	6.25667421
1.58333333	-17.34425332	23.54763941	22.39792615	-11.92882089	-10.65747885	2.81556333	6.28030651
1.59166667	-17.37952979	23.59797507	22.46578558	-11.95332370	-10.70450038	2.72610624	6.31415353
1.60000000	-17.30534919	23.49333682	22.32821281	-11.89711901	-10.60683547	2.70178709	6.27650836
1.60833333	-17.37912227	23.58463515	22.44058277	-11.93890645	-10.66654296	2.73638176	6.29869840
1.61666667	-17.47061982	23.69522254	22.58285111	-11.97450303	-10.74009543	2.78460520	6.31964715
1.62500000	-17.46399033	23.67762534	22.52836997	-11.96212071	-10.67617331	2.76331841	6.31997166
1.63333333	-17.49164117	23.71368366	22.61268570	-11.96243498	-10.77804851	2.73194159	6.35751911
1.64166667	-17.52664273	23.76473835	22.62557664	-11.98603776	-10.74059064	2.79460849	6.32610632
1.65000000	-17.50518599	23.71907080	22.56551694	-11.96088159	-10.69288127	2.75680981	6.35137121
1.65833333	-17.44949721	23.63578113	22.47952442	-11.92267542	-10.64220041	2.74663108	6.32541514
1.66666667	-17.36383241	23.49273456	22.32674588	-11.85217529	-10.52775870	2.75369768	6.29587323
1.67500000	-17.42901795	23.59143749	22.50225232	-11.90588489	-10.75696726	2.75244603	6.40197980
1.68333333	-17.40742166	23.53900664	22.44440423	-11.87213419	-10.69686927	2.77065488	6.38580753
1.69166667	-17.38448679	23.50188613	22.39722429	-11.85757531	-10.66439728	2.74728199	6.35768874
1.70000000	-17.50392731	23.66223783	22.55792452	-11.91804185	-10.72221658	2.77049676	6.35549686
1.70833333	-17.44953635	23.58398412	22.45839062	-11.88567135	-10.65442823	2.77494478	6.32773463
1.71666667	-17.43029765	23.56327838	22.43608669	-11.88903510	-10.65779909	2.75161798	6.32557284
1.72500000	-17.62228871	23.80138009	22.71683706	-11.96450499	-10.77799005	2.78643800	6.39610379
1.73333333	-17.52893275	23.71098854	22.60302601	-11.95978306	-10.73478927	2.80314966	6.33853517
1.74166667	-17.55024416	23.69883987	22.58995936	-11.92230895	-10.71166743	2.77290543	6.37926121
1.75000000	-17.47204725	23.58857478	22.46059397	-11.88966884	-10.61512658	2.79491956	6.35675266
1.75833333	-17.43744577	23.51958413	22.38567740	-11.85433190	-10.56478229	2.79577587	6.35475417
1.76666667	-17.43082373	23.51047063	22.37234400	-11.85286932	-10.58433794	2.78914002	6.35979059
1.77500000	-17.68717855	23.85481418	22.77960465	-11.98202602	-10.81825540	2.81606104	6.46909508
1.78333333	-17.55157427	23.70865471	22.57550978	-11.96086773	-10.73899163	2.81288657	6.41722683
1.79166667	-17.46672692	23.55786473	22.41453011	-11.88199474	-10.63267191	2.83904219	6.37410255
1.80000000	-17.45468785	23.56335953	22.40903835	-11.90895418	-10.64674173	2.79367914	6.37426269
1.80833333	-17.77372477	23.94774260	22.85173624	-12.01855089	-10.80854267	2.88400279	6.44769475
1.81666667	-17.61070464	23.74744339	22.58884363	-11.96624484	-10.66030921	2.86946033	6.40099977
1.82500000	-17.71318172	23.86359369	22.75166230	-11.98739841	-10.76386963	2.89133596	6.45886170
1.83333333	-17.62118633	23.74625869	22.60077533	-11.95615279	-10.67816048	2.88563665	6.43335591
1.84166667	-17.57409457	23.67267260	22.49134759	-11.93481205	-10.61112297	2.87444954	6.41537331
1.85000000	-17.75158271	23.90015524	22.77193932	-12.00678843	-10.77481155	2.92530510	6.47942999
1.85833333	-17.65149990	23.75552942	22.58070761	-11.96069820	-10.64540916	2.93369686	6.45047728
1.86666667	-17.57252257	23.63865341	22.43461023	-11.92063147	-10.55758997	2.93542381	6.44271404
1.87500000	-17.63264744	23.72526680	22.52714479	-11.95827068	-10.62850538	2.91872933	6.47650392
1.88333333	-17.54808888	23.58755784	22.36815973	-11.89855134	-10.51928802	2.95849750	6.45681308
1.89166667	-17.52046482	23.53456613	22.33672396	-11.87316490	-10.53154859	2.89666884	6.46559268
1.90000000	-17.63105265	23.67763141	22.48572931	-11.93161553	-10.60187551	2.91567970	6.50701374
1.90833333	-17.57924515	23.58810425	22.37003853	-11.88497355	-10.51482752	2.94533714	6.48852207
1.91666667	-17.53238180	23.51575933	22.26991751	-11.85167455	-10.44248734	2.94574252	6.46741598
1.92500000	-17.47134838	23.43795298	22.16676301	-11.84435795	-10.38864174	2.92495071	6.43781414
1.93333333	-17.71967603	23.76379148	22.58797909	-11.94922923	-10.69838703	2.93625681	6.56535035
1.94166667	-17.62635248	23.61886995	22.41936648	-11.89277925	-10.58047571	2.95293558	6.52831459
1.95000000	-17.55137996	23.51160701	22.29880166	-11.85763013	-10.51782441	2.95310450	6.49621518
1.95833333	-17.82168909	23.85286670	22.71632047	-11.97267366	-10.74137876	3.00579545	6.55077356
1.96666667	-17.75616778	23.73968575	22.58337706	-11.91723325	-10.65776284	3.00169507	6.54119649
1.97500000	-17.70128043	23.66711779	22.48713895	-11.91270602	-10.62049739	2.99143254	6.53252415
1.98333333	-17.63807853	23.56224262	22.36068911	-11.86361386	-10.53192428	3.01940223	6.51297410
1.99166667	-17.75914567	23.72717314	22.56389965	-11.94475779	-10.65582193	3.05245246	6.54225677
2.00000000	-17.69779206	23.64033315	22.44563815	-11.92117960	-10.57972758	3.03909278	6.53436425
2.00833333	-17.63102816	23.53301468	22.29170220	-11.87319613	-10.44535335	3.06432943	6.52058963
2.01666667	-17.62419084	23.53605766	22.29655794	-11.89803080	-10.48715318	3.01945444	6.49662367
2.02500000	-17.78421466	23.72127363	22.55733785	-11.93466550	-10.67134421	3.05762398	6.60137162
2.03333333	-17.76438512	23.69955860	22.49448798	-11.93966220	-10.61998997	3.05619043	6.58006666
2.04166667	-17.65495195	23.53215506	22.31179576	-11.87196029	-10.51664441	3.05632489	6.52795161
2.05000000	-17.82102088	23.74905155	22.53156711	-11.94767977	-10.59867934	3.03629098	6.59789318
2.05833333	-17.74854525	23.62060279	22.39643542	-11.87854740	-10.52302315	3.06697727	6.56518732
2.06666667	-17.69579144	23.53934517	22.29812511	-11.85286406	-10.46773949	3.05565076	6.54914802
2.07500000	-17.69700307	23.54142206	22.28577800	-11.87049019	-10.47067128	3.03203468	6.55005346
2.08333333	-18.01491438	23.93073130	22.78331611	-11.96987676	-10.77948038	3.11659962	6.70158799
2.09166667	-17.92232417	23.78837032	22.61890531	-11.91106925	-10.67472027	3.11229376	6.65953763
2.10000000	-17.84413403	23.67213968	22.48563711	-11.87445209	-10.61229291	3.08576319	6.61796553
2.10833333	-17.81600125	23.62989344	22.42725880	-11.87900043	-10.57415414	3.08524093	6.60307504
2.11666667	-17.75140633	23.51637966	22.28219048	-11.82114359	-10.45560609	3.10268835	6.57000992
2.12500000	-17.96592156	23.80273114	22.59754221	-11.94283085	-10.63167310	3.13728591	6.66220805
2.13333333	-17.91945067	23.71712804	22.52203070	-11.90212350	-10.58290951	3.16084161	6.64815733
2.14166667	-18.05690686	23.88874085	22.72940864	-11.96249545	-10.71418945	3.18494687	6.72956483
2.15000000	-17.98683911	23.76609797	22.59956452	-11.90845720	-10.63689348	3.20799419	6.71322890
2.15833333	-17.96471095	23.71650318	22.56283964	-11.88953600	-10.62843736	3.20558301	6.72249074
2.16666667	-17.95371790	23.68843982	22.53450305	-11.87738848	-10.62902840	3.21607912	6.71009657
2.17500000	-18.10799769	23.88467719	22.83149012	-11.94954855	-10.89880476	3.24833883	6.84516767
2.18333333	-18.05634201	23.81027192	22.72187991	-11.93517128	-10.83902119	3.24204333	6.79209249
2.19166667	-17.95466493	23.67831264	22.55382249	-11.88360791	-10.75253476	3.26596597	6.73229315
2.20000000	-18.14066108	23.89191550	22.84945063	-11.96843454	-10.93198801	3.27526215	6.81880080
2.20833333	-18.02086222	23.71237774	22.65014173	-11.90254256	-10.81090082	3.27761817	6.80039431
2.21666667	-18.07066897	23.76107372	22.83735572	-11.92740277	-11.10243683	3.26949959	6.96089744
2.22500000	-17.96557143	23.62548009	22.67155009	-11.90137914	-11.00244862	3.27559857	6.93769437
2.23333333	-17.89468160	23.54109676	22.55278056	-11.90692808	-10.94882942	3.27465643	6.91836457
2.24166667	-18.03660723	23.74368937	22.82166932	-12.02011367	-11.14128038	3.33284087	6.98969856
2.25000000	-17.92033031	23.60188354	22.62091019	-12.00851535	-11.03499455	3.35512955	6.95485686
2.25833333	-17.88639951	23.53126398	22.73719922	-11.94754855	-11.38716935	3.30529069	7.14303124
2.26666667	-17.86367467	23.56891668	22.66335567	-12.07242967	-11.32105374	3.37340526	7.09124800
2.27500000	-17.84697889	23.57061760	22.63188926	-12.13854721	-11.31302478	3.38252707	7.05097154
2.28333333	-17.73422154	23.45228434	22.48034063	-12.14906475	-11.25122933	3.39714336	6.95703023
2.29166667	-18.27644630	24.16012921	23.25180101	-12.40159447	-11.62226542	3.49388609	7.13707012
2.30000000	-18.16130419	24.04823009	23.03529807	-12.44556019	-11.46846113	3.53727210	7.07227055
2.30833333	-18.13398692	24.08347116	22.94576923	-12.58708477	-11.38975551	3.62086917	7.01015328
2.31666667	-18.09837117	24.07768090	22.84101371	-12.67722474	-11.26572531	3.68803813	6.95331933
2.32500000	-18.37661128	24.44801870	23.28141563	-12.76007833	-11.57231425	3.65883670	7.06290325
2.33333333	-18.26801871	24.35772635	23.05897491	-12.85284572	-11.38116918	3.73165355	6.97140853
2.34166667	-18.18838430	24.32554524	22.86256045	-12.96580177	-11.20990186	3.79200793	6.90509826
2.35000000	-18.13049438	24.32526991	22.72706817	-13.12026435	-11.08284634	3.87739528	6.84106383
2.35833333	-18.10033654	24.40739009	22.61670093	-13.36253103	-10.97521269	4.00935155	6.82338434
2.36666667	-18.46397376	24.86437410	23.19793153	-13.40649637	-11.27899797	3.91066628	6.84330968
2.37500000	-18.33503280	24.86548457	22.84342097	-13.69940385	-10.98589724	4.07273168	6.84406469
2.38333333	-18.18773159	24.78705689	22.59407231	-13.90074643	-10.86239863	4.12660161	6.79486297
2.39166667	-18.39808213	25.10607638	23.07965618	-14.01931242	-11.25202314	4.09491927	6.96076097
2.40000000	-18.21695105	25.02881401	22.76850401	-14.28252770	-11.09775359	4.15333124	6.93669147
2.40833333	-18.05840361	24.92666594	22.51883610	-14.49989270	-11.02076774	4.35861574	6.97426000
2.41666667	-18.10917872	25.08089631	22.63606187	-14.59345391	-11.23246545	4.14647358	7.02032305
2.42500000	-17.91934256	25.03280380	22.33681268	-14.90994150	-11.14962199	4.37233139	7.02138917
2.43333333	-17.79844815	24.97600082	22.17720136	-15.01623008	-11.21185471	4.19227906	7.08545764
2.44166667	-17.61170451	24.84605350	21.94719831	-15.22256734	-11.21427050	4.39420051	7.06056881
2.45000000	-17.44719865	24.75770194	21.72150545	-15.46588762	-11.17490474	4.53030833	7.07347050
2.45833333	-17.28851117	24.66649177	21.54077671	-15.67509667	-11.24333902	4.76551517	7.23490606
2.46666667	-17.14771054	24.57163310	21.39749303	-15.85978559	-11.33445623	4.91133819	7.33534569
2.47500000	-17.04217375	24.54109936	21.30916541	-16.05403197	-11.48042827	5.04826669	7.54759496
2.48333333	-17.08070010	24.42506931	21.44811606	-15.89477533	-11.59293102	4.76644044	7.50053220
2.49166667	-16.96705691	24.45812308	21.36889149	-16.18585380	-11.84410788	5.01165177	7.70060079
2.50000000	-16.80699030	24.30654732	21.31469201	-16.30708796	-12.14981773	5.17769300	7.84569080
2.50833333	-16.62882708	24.09961024	21.27067861	-16.37882303	-12.51530943	5.32569478	8.01261607
2.51666667	-16.74807273	24.23031034	21.58225766	-16.39889336	-12.82389879	5.14543668	8.07255535
2.52500000	-16.55701525	24.00985279	21.60420100	-16.47518314	-13.34116679	5.32058340	8.34007955
2.53333333	-16.59232454	24.05024378	21.91503867	-16.53470432	-13.84457389	5.29690947	8.41083253
2.54166667	-16.44417015	23.82674438	22.09651354	-16.51761533	-14.57583608	5.43227401	8.74301587
2.55000000	-16.50070690	23.86609244	22.47124763	-16.57043344	-15.13684407	5.45563706	8.69687184
2.55833333	-16.32854442	23.70612852	22.67390839	-16.71393900	-15.93212963	5.52833542	8.76853523
2.56666667	-16.51563788	23.95663283	23.31627617	-16.84710594	-16.68808238	5.68641185	8.86470152
2.57500000	-16.32790166	23.78539966	23.54196063	-17.00617637	-17.55380015	5.77739969	8.92569591
2.58333333	-16.39305627	23.99560095	24.08006964	-17.26780296	-18.36238758	5.94753835	8.89237805
2.59166667	-16.18430317	23.80889927	24.32397798	-17.43106264	-19.29078800	6.02313355	8.92468158
2.60000000	-16.03839503	23.66342724	24.71547550	-17.52217971	-20.37972912	6.30449812	9.32506283
2.60833333	-15.85693519	23.43134507	25.05207460	-17.55059899	-21.38370230	6.36122513	9.35163620
2.61666667	-15.64873169	23.24444976	25.32266839	-17.70980358	-22.36848881	6.39520688	9.29404727
2.62500000	-15.91481062	23.64095574	26.21516263	-17.91041407	-23.40089713	6.44448508	8.85607017
2.63333333	-15.65186909	23.46270122	26.52492378	-18.10272514	-24.58330832	6.56047902	8.79256099
2.64166667	-15.45705723	23.19531187	26.95482671	-18.09771166	-25.66301554	6.51867172	8.30916691
2.65000000	-15.21338120	22.98636657	27.31939615	-18.24370593	-26.86412349	6.58613659	8.10906400
2.65833333	-15.20249032	23.05170889	27.99153344	-18.36937748	-28.04159117	6.54241387	7.26498958
2.66666667	-14.93005910	22.82981091	28.39793063	-18.52730578	-29.34097085	6.60734850	6.95667469
2.67500000	-14.87339039	22.85461342	29.08101763	-18.68155943	-30.56275224	6.52638294	5.79738405
2.68333333	-14.57412317	22.57349277	29.47527643	-18.82585609	-31.86143749	6.54173542	5.50821858
2.69166667	-14.28226318	22.29013693	29.95553536	-18.94325630	-33.24901589	6.62198528	5.12440354
2.70000000	-14.19400468	22.24211377	30.65201029	-19.06062709	-34.42191874	6.69894676	3.38313092
2.70833333	-13.91850565	21.91788051	31.15945354	-19.09901038	-35.81113204	6.75509696	3.00339349
2.71666667	-13.73086880	21.72519972	31.82202241	-19.19265744	-37.15659110	6.91356846	1.80820154
2.72500000	-13.45656674	21.36601752	32.32076593	-19.18510568	-38.50214224	6.91437177	1.48284048
2.73333333	-13.19087285	20.95957372	32.96179603	-19.08612035	-39.95514474	7.07540270	0.58170072
2.74166667	-12.93884308	20.50238254	33.55584586	-18.90944708	-41.29693919	7.11080570	-0.25161659
2.75000000	-12.72942774	20.05940713	34.12332413	-18.72542692	-42.59131771	7.14076917	-0.68643432
2.75833333	-12.49882474	19.62816205	34.67515123	-18.59177513	-43.68601854	7.36312334	-2.16927000
2.76666667	-12.30037460	19.17835672	35.27039338	-18.36044813	-44.87874933	7.44046858	-2.74508144
2.77500000	-12.16369378	18.78163565	35.79740471	-18.11627557	-45.84003928	7.44455306	-2.87642035
2.78333333	-11.94567971	18.32242738	36.19968520	-17.99746211	-46.59057389	7.96548114	-3.91741975
2.79166667	-11.86285517	17.95170087	36.72819314	-17.71777805	-47.30884918	7.96677031	-3.84445125
2.80000000	-11.60010796	17.42864654	37.00402762	-17.54643620	-47.84767693	8.31073660	-3.95218656
2.80833333	-11.54160855	17.08421969	37.47609338	-17.26605578	-48.28684708	8.30467613	-3.56089339
2.81666667	-11.48685103	16.73789974	37.91541510	-16.96968505	-48.61674539	8.34636318	-3.26748834
2.82500000	-11.25900655	16.26697623	37.89964942	-16.89449947	-48.51679222	8.80304937	-3.28965452
2.83333333	-11.29693055	15.96349174	38.26137008	-16.53951109	-48.42614889	8.80642516	-3.16720488
2.84166667	-11.35351131	15.74191842	38.60359036	-16.27836479	-48.20960857	8.82894542	-3.07472574
2.85000000	-11.02557956	15.09552608	38.34629928	-16.07647531	-47.76705742	9.24980556	-2.59775976
2.85833333	-11.12804545	14.90530769	38.66893682	-15.74835490	-47.31555132	9.29187955	-2.43836731
2.86666667	-11.22402000	14.73752892	38.94082771	-15.45973843	-46.74991546	9.31970833	-2.23494176
2.87500000	-10.85654293	14.10696215	38.48898936	-15.34905268	-45.98418218	9.68456978	-1.41096432
2.88333333	-10.99128596	13.95560081	38.72134243	-15.06412213	-45.19091636	9.74436403	-1.29364196
2.89166667	-11.12762339	13.79806990	38.94237806	-14.76748349	-44.31896594	9.79714239	-1.23793070
2.90000000	-11.13205246	13.51407373	38.86850273	-14.56147565	-43.27919976	9.85560239	-1.11361501
2.90833333	-10.85251501	12.90516391	38.59130744	-14.38416201	-42.30999827	10.19555755	-0.60778109
2.91666667	-10.99964887	12.69118964	38.77673626	-14.02654635	-41.21161398	10.24713081	-0.76781291
2.92500000	-10.89808642	12.34939578	38.55540476	-14.02575646	-40.00229452	10.61153209	-0.62625158
2.93333333	-10.97014232	12.14869949	38.52316086	-13.80986505	-38.73055345	10.61286417	-0.90090996
2.94166667	-10.80490260	11.71795965	38.23086201	-13.77075958	-37.47617018	10.92926811	-0.84662014
2.95000000	-10.64286648	11.15716476	37.98756735	-13.42356513	-36.25239582	10.95874264	-0.96369032
2.95833333	-11.00651947	11.27628171	38.34476219	-13.35956111	-35.04673495	11.21561629	-1.27149715
2.96666667	-11.18839650	11.30327021	38.39603114	-13.32740162	-33.67939811	11.35693734	-1.77400975
2.97500000	-11.32807914	11.19110380	38.44426326	-13.21830221	-32.38553055	11.52789713	-2.19050193
2.98333333	-11.00018469	10.36441124	37.95961253	-12.84816353	-31.09731615	11.60711374	-2.18035946
2.99166667	-11.15840773	10.32433906	37.98846566	-12.82667131	-29.75015181	11.78305948	-2.66789262
3.00000000	-11.19809988	9.99397510	37.90386609	-12.65613336	-28.51308737	11.97882956	-2.72385392
3.00833333	-11.32963172	9.96945041	37.89370695	-12.70123212	-27.17842948	12.13464106	-3.16390211
3.01666667	-11.08135201	9.41988712	37.46454900	-12.60956940	-25.92321613	12.38853855	-3.41459527
3.02500000	-11.22131455	9.31485564	37.44923259	-12.58009715	-24.65603200	12.60613141	-4.04525506
3.03333333	-10.92281188	8.62405685	36.99952061	-12.37770920	-23.52995313	12.75693466	-4.11787593
3.04166667	-11.07645630	8.59982745	37.06536120	-12.45728060	-22.39637064	13.05352132	-4.60889978
3.05000000	-11.17263031	8.51842991	37.05191179	-12.55528601	-21.30571021	13.31859002	-4.94960829
3.05833333	-11.13228536	8.21659701	36.86488274	-12.50964572	-20.39114648	13.49654073	-4.64707899
3.06666667	-11.25371244	8.14160932	36.91896896	-12.58264722	-19.43434317	13.64310470	-4.73096430
3.07500000	-11.40979242	8.08765146	36.90585665	-12.66331894	-18.41784257	13.87608326	-4.86746562
3.08333333	-11.32255561	7.72888743	36.75264451	-12.65610534	-17.81521745	14.23653004	-4.48985027
3.09166667	-11.42337647	7.61724509	36.74435982	-12.75751868	-16.99329209	14.50099784	-4.56381715
3.10000000	-11.44114369	7.45161610	36.62174068	-12.90195440	-16.27996649	14.81743760	-4.57162846
3.10833333	-11.54342937	7.28306508	36.61606442	-12.94013797	-15.68305844	14.95532561	-4.55052132
3.11666667	-11.58100404	7.15106718	36.53982018	-13.07940831	-15.21216418	15.31015664	-4.45449786
3.12500000	-11.64933868	6.92070907	36.50827120	-12.97870323	-14.92714153	15.27152836	-4.27252323
3.13333333	-11.74536905	6.85246420	36.49557427	-13.18224385	-14.62245609	15.46436187	-4.32491515
3.14166667	-11.85063351	6.85304225	36.49518694	-13.48685775	-14.43538611	15.80447388	-4.46431364
3.15000000	-11.94122424	6.83931434	36.42920539	-13.80341828	-14.28538345	16.05622442	-4.63153252
3.15833333	-12.06565794	6.88142970	36.49257203	-14.17273067	-14.34917132	16.32512475	-4.98279781
3.16666667	-12.39729487	7.17766914	36.75345053	-14.50919811	-14.44213589	16.16595238	-5.48793690
3.17500000	-12.39471292	7.11943299	36.57255930	-14.99304549	-14.55893465	16.40224907	-5.95481309
3.18333333	-12.47352636	7.27698711	36.52223048	-15.64643881	-14.78792183	16.62635341	-6.51832696
3.19166667	-12.79112081	7.56927746	36.72097335	-16.07120094	-14.95750282	16.32557039	-7.35584053
3.20000000	-13.07612991	8.05034990	36.92223255	-16.86693190	-15.23211376	16.34562305	-7.92698994
3.20833333	-13.24194771	8.32094662	37.05302834	-17.62826193	-15.59775563	16.39033141	-8.29422648
3.21666667	-13.40637071	8.71910342	37.16514747	-18.50150655	-15.85491646	16.05606137	-8.77482286
3.22500000	-13.30784924	8.84420101	37.11240129	-19.49646881	-16.36462165	15.89996904	-8.63777560
3.23333333	-13.23255633	9.08594376	37.08889533	-20.65118804	-16.92131003	15.67752314	-8.30042249
3.24166667	-13.62105981	9.86187561	37.49903543	-21.76717744	-17.27265588	14.79204544	-8.58942593
3.25000000	-13.42901929	10.05041135	37.36684924	-23.08349536	-17.93804940	14.33281444	-8.03029490
3.25833333	-13.40902012	10.50682863	37.39244266	-24.47745235	-18.62635664	13.39610345	-7.61324812
3.26666667	-13.08425448	10.73972676	37.13164198	-26.12001408	-19.36245990	12.86423551	-7.30973646
3.27500000	-12.87179795	11.19083617	36.81704918	-27.90024567	-19.82619864	11.62753315	-6.42937246
3.28333333	-12.69547386	11.60271975	36.65861146	-29.55220409	-20.50932247	9.84329511	-5.72717124
3.29166667	-12.37416370	12.25124249	36.16841574	-31.81653617	-20.83855434	8.91688251	-5.42833058
3.30000000	-12.55190109	13.56421004	36.18928260	-34.19667834	-21.10020375	6.69030383	-4.68373202
3.30833333	-12.67854174	14.64831391	36.16063134	-36.31761016	-21.44367171	4.24714189	-4.02813866
3.31666667	-12.44861333	15.66090430	35.52521821	-38.85004940	-21.34314694	2.33240949	-3.61612604
3.32500000	-12.62536435	17.23281235	35.42127054	-41.43246992	-21.35204740	-0.30714230	-3.18011570
3.33333333	-12.55003033	18.60272101	34.88021945	-44.10176186	-21.12143619	-2.30310709	-2.78680000
3.34166667	-12.97206377	20.71802160	35.09910352	-46.89563001	-21.21090849	-4.88234513	-2.41129248
3.35000000	-13.09237398	22.40169375	34.83350816	-49.48187953	-21.08977298	-6.98867754	-1.97748220
3.35833333	-13.02230924	23.87747112	34.37942242	-52.06335391	-20.91277817	-8.72649185	-1.63770816
3.36666667	-12.73624667	25.20971612	33.60201216	-54.59350945	-20.64682673	-10.10059859	-1.31690720
3.37500000	-12.82047065	26.98038942	33.47174874	-57.06435646	-20.75979601	-12.19721545	-0.88323844
3.38333333	-12.56141637	28.24630849	32.67972091	-59.37916512	-20.45539590	-13.17097154	-0.52869603
3.39166667	-12.52140376	29.91373606	32.24659801	-61.70176357	-20.33427270	-14.59267342	-0.20391166
3.40000000	-12.21468363	31.15986627	31.44175247	-63.87099588	-20.07686572	-14.86386723	0.12641521
3.40833333	-11.94119999	32.40955786	30.72831556	-65.95080468	-19.87585533	-14.95277955	0.52316062
3.41666667	-11.81989345	33.89252194	30.25463844	-67.88420288	-19.89408112	-16.03928984	1.09800961
3.42500000	-11.53140303	35.14774809	29.47004947	-69.83090931	-19.63802299	-15.30420836	1.49964269
3.43333333	-11.21887417	36.37622409	28.70802863	-71.66445758	-19.43959520	-14.47610278	1.88988508
3.44166667	-10.93705847	37.62392684	28.07232816	-73.32856113	-19.43355204	-14.62267872	2.55495568
3.45000000	-10.61177664	38.79039995	27.33585612	-74.96078137	-19.23158775	-13.38377937	2.81156447
3.45833333	-10.26705528	40.01306986	26.52147421	-76.53473626	-18.96005876	-12.23810065	3.03856986
3.46666667	-9.79151044	40.97891091	25.56183861	-77.89200997	-18.75903157	-11.58649937	3.40777459
3.47500000	-9.46763379	42.13511686	24.77165832	-79.20730337	-18.45338325	-10.31802869	3.49590712
3.48333333	-9.12962401	43.30326937	23.99664522	-80.47333233	-18.19009131	-9.10363354	3.61652822
3.49166667	-8.83825303	44.45644195	23.16726459	-81.58880543	-17.79932419	-7.99854550	3.76400186
3.50000000	-8.46221847	45.54783229	22.30087630	-82.66031747	-17.51607083	-6.63755410	3.97552672
3.50833333	-8.12551035	46.63078920	21.44751110	-83.60541503	-17.18730514	-5.38798272	4.17736631
3.51666667	-7.37099227	47.21411106	20.13129893	-84.40943965	-16.99072210	-3.25728416	4.68162149
3.52500000	-7.14259139	48.32805646	19.42703843	-85.07830960	-16.65388837	-2.22223815	4.79356808
3.53333333	-6.65437489	49.13799533	18.40796016	-85.65483515	-16.39105734	-0.53527830	5.08842401
3.54166667	-6.44798631	50.19097256	17.73894892	-86.08931702	-16.06748537	0.41084077	5.19562523
3.55000000	-6.07361533	51.01627320	16.89597830	-86.42437207	-15.81359956	2.01226751	5.43879258
3.55833333	-5.87770843	52.02834495	16.22387736	-86.64540958	-15.48790390	2.86536300	5.55916284
3.56666667	-5.48726246	52.68994997	15.38354399	-86.74957062	-15.31530638	4.54999284	5.86684833
3.57500000	-5.28633910	53.62379775	14.75146649	-86.75046358	-15.04052737	5.16392483	6.01492548
3.58333333	-4.95902356	54.20344774	14.03879145	-86.54760181	-14.83904035	6.04305988	6.24914612
3.59166667	-4.42114223	54.63857807	13.01801089	-86.38133424	-14.62141188	7.48441522	6.51225145
3.60000000	-4.30707455	55.49638749	12.52919887	-86.11908550	-14.45720642	7.63882390	6.59601302
3.60833333	-4.17255526	56.13614578	11.99465229	-85.61379581	-14.25966584	8.59209394	6.96716369
3.61666667	-3.70049139	56.44159993	11.09036458	-85.12022480	-14.10440306	10.00639294	7.20703328
3.62500000	-3.72166014	57.22269045	10.80422035	-84.56646731	-13.99164051	10.62495153	7.44622206
3.63333333	-3.59397860	57.75374786	10.33727106	-83.82043336	-13.88676418	10.81210461	7.68335792
3.64166667	-3.52794281	58.32744354	9.99697886	-83.06281650	-13.87642579	10.83724460	7.74243966
3.65000000	-3.43205616	58.68802046	9.59408346	-82.13688219	-13.78884177	11.50284983	8.16095393
3.65833333	-3.43059385	59.23773941	9.21781861	-81.23223853	-13.67770671	11.49291982	8.33542028
3.66666667	-3.20182755	59.36041004	8.78233824	-80.29131765	-13.78823029	12.59987834	8.60868567
3.67500000	-3.24003004	59.72715559	8.59334958	-79.23683713	-13.84016997	12.46942686	8.85552642
3.68333333	-3.23397448	60.07254348	8.36806881	-78.17007147	-13.91778087	12.33075375	9.08961180
3.69166667	-3.26362865	60.35504976	8.15125373	-77.14828228	-13.99239294	12.29425983	9.17708584
3.70000000	-3.26586041	60.48457263	8.03734700	-75.95338223	-14.23843101	12.15025373	9.76022412
3.70833333	-3.27416177	60.65811546	7.87612044	-74.89600950	-14.37056484	12.06921165	9.83593097
3.71666667	-3.13188435	60.48437971	7.61159971	-73.69531881	-14.60061201	11.69064871	10.36457924
3.72500000	-3.04838995	60.43331468	7.28269099	-72.64705441	-14.69059734	11.58872172	10.62224746
3.73333333	-3.04547473	60.43672788	6.99345210	-71.63362679	-14.75684265	11.20154002	10.83353845
3.74166667	-3.03580013	60.35419810	6.73671087	-70.67681303	-14.85341146	10.78081900	11.06974575
3.75000000	-3.02079136	60.23482778	6.48939753	-69.74862807	-14.97434302	10.29611903	11.30662862
3.75833333	-2.97092950	60.05415548	6.14795318	-68.86819958	-15.04192408	9.63328090	11.53507490
3.76666667	-2.94822456	59.85161180	5.86837199	-68.05753238	-15.13155880	8.86047118	11.68765277
3.77500000	-2.78244906	59.42950341	5.47416191	-67.27086035	-15.22774605	8.03700965	11.88042677
3.78333333	-2.79570672	59.22450311	5.17695008	-66.60473386	-15.27712110	6.98739589	12.01613129
3.79166667	-2.81173954	58.96954695	4.89226334	-65.97814220	-15.32657847	5.90712634	12.12932505
3.80000000	-2.77020638	58.58022343	4.56778679	-65.37854224	-15.36388442	4.82938731	12.19830731
3.80833333	-2.86634735	58.32528108	4.35050034	-64.85755043	-15.39123107	3.85077424	12.25245871
3.81666667	-2.92618936	57.98016241	4.13838344	-64.34826351	-15.43762121	2.88890833	12.25419871
3.82500000	-2.99659886	57.62812270	3.87433195	-63.89560593	-15.42961483	2.04558632	12.21000150
3.83333333	-3.08662293	57.24472034	3.62575434	-63.47359268	-15.39254731	1.40070432	12.08521911
3.84166667	-3.26464480	56.92917018	3.51836022	-63.13419734	-15.46310799	1.26340093	12.01977415
3.85000000	-3.39652271	56.49922238	3.31892760	-62.83485191	-15.35980962	1.37472696	11.63534260
3.85833333	-3.62211822	56.17899175	3.25587898	-62.55676616	-15.40799979	1.45263745	11.55343748
3.86666667	-3.84689761	55.79872522	3.13857185	-62.28189016	-15.31533229	2.23125402	10.96663850
3.87500000	-4.07670819	55.48271008	3.07143969	-62.17729704	-15.34415289	3.02096613	10.53948559
3.88333333	-4.33903730	55.17303248	3.01151063	-62.05839507	-15.31065921	3.89746687	10.07390289
3.89166667	-4.62184178	54.85283646	2.97598272	-61.87240597	-15.28058081	4.83125123	9.47058140
3.90000000	-4.92847003	54.55002768	3.01749160	-61.66643369	-15.28673811	5.69388208	8.80059711
3.90833333	-5.26750616	54.27593592	3.06170114	-61.39520772	-15.26905429	6.43662107	8.10426425
3.91666667	-5.63887919	54.02614769	3.15365465	-61.05733564	-15.25634144	7.05594336	7.28234149
3.92500000	-5.94831101	53.70878553	3.22842980	-60.65105154	-15.32577852	7.47276107	6.53297556
3.93333333	-6.40168040	53.52652129	3.43920118	-60.18646544	-15.30106416	7.72778246	5.32834315
3.94166667	-6.70946791	53.17448097	3.55019493	-59.68883669	-15.37583790	8.08960466	4.15792818
3.95000000	-7.04260603	52.82095322	3.68465416	-59.15759781	-15.46710733	8.18804327	2.81524952
3.95833333	-7.37912226	52.45002559	3.92454446	-58.59093823	-15.67139169	8.30029395	1.42152338
3.96666667	-7.70548331	52.05926152	4.23318037	-58.01729743	-15.95891579	8.31469385	-0.13468571
3.97500000	-7.94625052	51.55382013	4.56989455	-57.39759700	-16.45942407	8.41727708	-1.51852694
3.98333333	-8.53710638	51.39691345	5.27303479	-56.77003570	-16.79147544	8.21588777	-3.47900367
3.99166667	-8.69547571	50.75744535	5.74398813	-56.08742129	-17.54848217	8.37174967	-5.26328053
4.00000000	-8.90670737	50.15816382	6.29832893	-55.40140162	-18.33386805	8.51743545	-7.23456597
4.00833333	-9.32539953	49.77068258	7.00300612	-54.81595302	-19.16849099	8.74428029	-9.29507946
4.01666667	-9.43507786	48.96068005	7.72185642	-53.93015972	-20.29458143	8.82647480	-11.11789948
4.02500000	-9.85649925	48.57914540	8.82922571	-53.24845801	-21.49593651	8.90170394	-12.84918373
4.03333333	-9.83113007	47.68196456	9.61328950	-52.47766599	-23.05280939	9.00502994	-14.05645884
4.04166667	-10.13493419	47.12466537	10.78628643	-51.69173742	-24.55410378	9.04947688	-15.67211968
4.05000000	-10.04837778	46.17925344	11.71019064	-50.91834049	-26.50125573	9.12362691	-16.40070227
4.05833333	-10.53819223	45.88288172	13.45371754	-50.15165804	-28.64382212	9.08418144	-17.43072133
4.06666667	-10.41908628	44.90450952	14.56528200	-49.30821000	-30.99735066	9.13626719	-17.92774834
4.07500000	-10.55429588	44.25680729	16.14716349	-48.56150164	-33.58866957	9.14815950	-18.45015676
4.08333333	-10.72220282	43.67238560	17.74681228	-47.86052363	-36.37072702	9.22641238	-18.70064291
4.09166667	-10.56548158	42.68024874	19.02387643	-47.01603814	-39.31002180	9.24444883	-18.33438404
4.10000000	-10.54465265	41.85116656	20.65818544	-46.15034672	-42.47199642	9.26111935	-17.92595035
4.10833333	-10.85574337	41.47768616	22.63710594	-45.49076057	-45.67468126	9.36161442	-17.84004604
4.11666667	-10.69356610	40.51171657	24.01437334	-44.65978416	-48.88330162	9.34493456	-16.72211330
4.12500000	-10.64972828	39.74682689	25.67343246	-43.89630248	-52.22035458	9.31955894	-15.57300842
4.13333333	-10.64755722	38.98167930	27.38420795	-43.05459638	-55.50830926	9.29436635	-14.31483219
4.14166667	-10.71953821	38.29250238	29.08635938	-42.26217587	-58.68944788	9.27524758	-12.92403366
4.15000000	-11.41466557	38.49796921	31.76609073	-41.72542407	-62.09538718	9.45695391	-11.72167780
4.15833333	-11.39769151	37.72318334	33.31558400	-40.93212484	-65.07189919	9.45196657	-10.07252032
4.16666667	-11.31145730	36.95952800	34.85255058	-40.21078001	-67.99820920	9.35353334	-8.39276846
4.17500000	-11.40818725	36.45103082	36.47426845	-39.58709824	-70.77230624	9.36663629	-6.57511874
4.18333333	-11.40151344	35.64012872	38.07410770	-38.70479076	-73.42054399	9.34966747	-4.69452090
4.19166667	-11.43071933	34.94884793	39.64478853	-37.93036112	-75.90987147	9.30838157	-2.78286419
4.20000000	-11.77499833	34.71173002	41.64909622	-37.33402695	-78.40854825	9.68444830	-0.11130048
4.20833333	-11.66466941	33.79683721	42.94730004	-36.48177296	-80.45776491	9.52578352	1.51635822
4.21666667	-11.52687799	32.95025828	44.24414624	-35.70474201	-82.47660599	9.65465179	3.96553943
4.22500000	-11.43563549	32.11751845	45.42562130	-34.88620000	-84.11861391	9.45951836	5.59899637
4.23333333	-11.24616151	31.26282580	46.41134058	-34.18025345	-85.65376770	9.62136205	7.94815373
4.24166667	-11.34148112	30.56223543	47.77521890	-33.31905164	-87.02658379	9.63141581	9.80549820
4.25000000	-10.98952930	29.47494878	48.59971263	-32.54175653	-88.16561828	9.67588918	11.69303915
4.25833333	-10.84409299	28.60992087	49.65887545	-31.73127701	-89.10905578	9.48616338	13.06319879
4.26666667	-10.60524240	27.59770295	50.52900848	-30.92351768	-89.90057130	9.61506804	14.88694358
4.27500000	-10.51735421	26.85544547	51.54414186	-30.17515990	-90.49391691	9.44025031	16.04831424
4.28333333	-10.29656296	26.03416936	52.32179447	-29.54096174	-90.97936775	9.53888421	17.76030306
4.29166667	-10.26861564	25.38503770	53.31974521	-28.83222063	-91.21548815	9.47255726	18.27909704
4.30000000	-10.14641678	24.58771826	54.16041140	-28.16767727	-91.41037738	9.51052989	20.17592256
4.30833333	-9.83013390	23.60628363	54.74045951	-27.40173682	-91.40566730	9.43205920	21.33191636
4.31666667	-9.82115671	23.07332816	55.63850769	-26.83988060	-91.23019810	9.42666324	21.58938634
4.32500000	-9.69725955	22.33229127	56.19965479	-26.19021956	-90.86109743	9.28587312	23.10561408
4.33333333	-9.67547191	21.71337661	57.00617852	-25.51995851	-90.43647806	9.26687917	23.51843845
4.34166667	-9.47800789	20.97755212	57.49486889	-24.97209409	-89.90374987	9.30966590	24.48783494
4.35000000	-9.35870323	20.29296109	58.07409057	-24.37970468	-89.25932053	9.33682765	25.02828906
4.35833333	-9.38217275	19.73206648	58.73411468	-23.75402584	-88.43816309	9.30573412	25.29902249
4.36666667	-9.42610352	19.32126647	59.36739099	-23.29341833	-87.55991594	9.32340496	25.46552348
4.37500000	-9.10902550	18.52829337	59.38835955	-22.89300756	-86.44926304	9.42919198	26.16721964
4.38333333	-9.16949755	18.23502315	59.89679993	-22.54795807	-85.34180556	9.44210113	26.27247231
4.39166667	-9.23194296	17.96535463	60.29019050	-22.25344709	-84.13220516	9.47880956	26.42974619
4.40000000	-9.10003228	17.39582458	60.45051782	-21.91158126	-82.93120115	9.50798651	26.87328788
4.40833333	-9.17834738	17.07764090	60.79866662	-21.57483951	-81.63700454	9.54148072	26.88337814
4.41666667	-9.26403995	16.72557856	61.06056487	-21.23900161	-80.28399700	9.58020161	26.85440877
4.42500000	-9.37965146	16.53183093	61.28251016	-21.13124055	-78.91353732	9.68761319	26.78729425
4.43333333	-9.44394234	16.36955032	61.50001117	-21.03660863	-77.65095257	9.74541363	26.75990934
4.44166667	-9.46006366	16.03209120	61.44942823	-20.71616004	-76.25376167	9.76793932	26.19037566
4.45000000	-9.26294431	15.35562608	61.14766789	-20.43922325	-74.93753909	9.90201602	25.79265985
4.45833333	-9.37417356	15.22474818	61.20127617	-20.34305985	-73.72601420	9.95126697	25.19100172
4.46666667	-9.44415587	15.07055332	61.12569751	-20.26951357	-72.56913054	10.00587984	24.29200275
4.47500000	-9.48274839	14.84915303	60.96890720	-20.16664943	-71.47862000	10.07450996	23.36560968
4.48333333	-9.43458600	14.33360135	60.68560852	-19.88808415	-70.48592928	10.04595560	22.25816686
4.49166667	-9.53563930	14.12320853	60.53213348	-19.74247166	-69.61059349	10.05211614	21.09326860
4.50000000	-9.60527598	13.94963267	60.27964548	-19.67509055	-68.81177612	10.01851509	19.75626532
4.50833333	-9.70540496	13.67728783	60.00594402	-19.46635684	-68.08944466	9.98346149	18.52729306
4.51666667	-9.78231363	13.43090615	59.70023983	-19.31767400	-67.49734383	9.85976584	17.37159914
4.52500000	-9.90914365	13.28807677	59.39870296	-19.22114854	-67.01087672	9.69003295	16.46231318
4.53333333	-10.08575093	13.18909765	59.18133670	-19.19188939	-66.74997680	9.66873857	16.37093536
4.54166667	-10.27619627	12.91253285	58.76128060	-18.80629118	-66.25683550	9.20998395	15.85237109
4.55000000	-10.47322718	12.84238857	58.45243635	-18.76100502	-66.04205885	9.13756602	15.88496577
4.55833333	-10.72842792	12.60892246	58.00175370	-18.34743560	-65.65943889	8.39650078	16.53856873
4.56666667	-10.99583568	12.54823133	57.60531109	-18.20969206	-65.36690773	7.81154079	17.29175086
4.57500000	-11.31220178	12.51996749	57.23213632	-18.00286925	-64.96250989	7.26527720	17.93082349
4.58333333	-11.64981159	12.51982503	56.87836627	-17.83433612	-64.50823921	6.53855941	18.62186084
4.59166667	-12.01310146	12.54324107	56.52138641	-17.66396515	-63.97479794	5.75494648	19.18150110
4.60000000	-12.54000033	12.96178587	56.41014453	-17.81333697	-63.39356829	4.89611916	19.34695559
4.60833333	-12.76446319	12.85961292	55.98025528	-17.68116018	-62.85445114	3.77963221	19.61670715
4.61666667	-13.02010640	12.91121240	55.63509363	-17.71043162	-62.30466402	2.69219757	19.63809942
4.62500000	-13.23901366	13.08382537	55.18321917	-17.89121672	-61.67076071	1.51607137	19.67935976
4.63333333	-13.42646979	13.10300067	54.75140227	-17.99393002	-61.15319250	0.18514880	19.58860127
4.64166667	-13.58527905	13.06084412	54.27209041	-18.11109852	-60.58876781	-1.22494707	19.54536471
4.65000000	-13.73782211	13.43252719	53.75702064	-18.70351792	-59.95713218	-2.69636743	19.43231096
4.65833333	-13.90764378	13.52224011	53.22334634	-19.02867899	-59.33183307	-4.29606398	19.38444999
4.66666667	-13.99531705	13.93472538	52.57915428	-19.83480274	-58.62848926	-5.77786871	19.37597095
4.67500000	-14.09568700	14.32517006	51.91003507	-20.61633867	-57.89580116	-7.48927650	19.35751481
4.68333333	-14.16626328	14.75970689	51.17736173	-21.48167157	-57.07585934	-9.20507326	19.15171627
4.69166667	-14.20891550	15.48517266	50.38248555	-22.88739258	-56.22133234	-10.64054956	19.24807125
4.70000000	-14.10047696	16.13181196	49.47021207	-24.49044143	-55.41954043	-11.43641421	19.25227099
4.70833333	-14.08144007	17.02329677	48.62294977	-26.05657640	-54.55984653	-13.73647429	19.04623995
4.71666667	-13.95910894	17.76949341	47.66121814	-28.02001418	-53.73461177	-14.40475538	19.07729613
4.72500000	-14.12860428	19.24191972	47.05113177	-30.32528261	-52.91334628	-16.54315117	19.03592725
4.73333333	-13.82856513	20.21806658	46.08233562	-32.95471389	-52.14480375	-17.70821775	18.94984097
4.74166667	-13.84820758	21.61447431	45.41810664	-35.70915242	-51.34891136	-19.41464840	18.75518099
4.75000000	-13.54736523	22.77117383	44.28887036	-38.69254415	-50.39208349	-20.80264282	18.67347058
4.75833333	-13.53264634	24.13348699	43.57634328	-41.62350593	-49.60866006	-22.95829689	18.56399353
4.76666667	-13.18926894	25.43006922	42.48346781	-45.00745670	-48.73464057	-24.03596954	18.46602636
4.77500000	-13.14745640	26.99328207	41.67863514	-48.22734651	-47.77499667	-26.86864718	18.23684103
4.78333333	-12.92844358	28.58388917	40.70749359	-51.86197625	-46.82865407	-27.91887512	18.12529425
4.79166667	-12.90449028	30.06070756	39.98160339	-55.01045339	-45.97128674	-30.69966031	17.92162110
4.80000000	-12.71331578	31.42541714	39.05441382	-58.31351620	-45.05872117	-32.33807672	17.79495288
4.80833333	-12.69281637	33.23178431	38.42027111	-61.86115530	-44.26692578	-33.67780529	17.59067319
4.81666667	-12.34119548	34.55587555	37.33497453	-65.14396417	-43.42126777	-34.89798038	17.50893378
4.82500000	-12.02070337	35.97943768	36.29169460	-68.49036744	-42.53991630	-34.53245203	17.32238606
4.83333333	-11.87784484	37.35745231	35.49562333	-71.57819632	-41.73562204	-34.03168131	17.16210382
4.84166667	-11.84260642	39.04748177	34.88480862	-74.59287140	-41.06716517	-34.20107893	17.07951227
4.85000000	-11.57660151	40.42802417	33.89477037	-77.48045365	-40.19923008	-32.65599517	16.89352811
4.85833333	-11.34103217	41.86821721	32.94231883	-80.25003661	-39.31082095	-30.82508315	16.69677123
4.86666667	-10.85407812	42.68297338	31.79854908	-82.54201126	-38.45419000	-27.63426537	16.57875217
4.87500000	-10.91174702	44.45825393	31.10691285	-85.03522545	-37.51573009	-25.10504900	16.38084700
4.88333333	-10.36072018	45.34677331	29.56593397	-87.01945830	-36.34461025	-21.81449829	16.25484058
4.89166667	-10.41874591	46.85215234	28.92897998	-88.88338789	-35.41800393	-18.57651585	16.00866582
4.90000000	-10.26305224	48.09661055	27.98439266	-90.40868858	-34.40065040	-16.49142702	15.77876905
4.90833333	-9.84668767	49.07060998	26.67485727	-91.83116880	-33.30653257	-12.39906742	15.57936098
4.91666667	-9.79141590	50.37398283	25.86850858	-92.93631613	-32.32711821	-10.44754657	15.33235676
4.92500000	-9.55765874	51.37269529	24.89339031	-93.75404711	-31.37226346	-8.07655762	14.99317473
4.93333333	-9.06723946	51.98753544	23.52147933	-94.42603999	-30.29441849	-3.45978967	15.01519514
4.94166667	-9.10401773	53.19384082	22.76321452	-94.81076930	-29.23147015	-2.26774504	14.83157610
4.95000000	-8.67029339	53.78222031	21.51179293	-95.12629544	-28.24897002	2.09258344	14.50076298
4.95833333	-8.52994424	54.69112124	20.66908495	-95.23505262	-27.33309855	4.58700804	14.21147641
4.96666667	-8.47414208	55.54956455	19.95748245	-95.06348324	-26.50142165	6.58959683	14.02529802
4.97500000	-8.21557437	56.10748737	18.97555039	-94.65556633	-25.63158410	8.32514682	13.80852760
4.98333333	-8.28907196	57.00501120	18.40367877	-94.12103737	-24.81318180	8.92306224	13.63382066
4.99166667	-8.03254917	57.47237320	17.51563454	-93.52626682	-24.07397390	11.06888166	13.37263683
5.00000000	-7.97625904	58.05156109	16.93227895	-92.64806700	-23.41576635	11.81641618	13.11192952
5.00833333	-7.88584044	58.54136227	16.27912749	-91.66881845	-22.73964009	12.64681818	12.87869890
5.01666667	-7.69232007	58.84225537	15.48210690	-90.63437502	-22.06124342	13.89451864	12.81188970
5.02500000	-7.79263495	59.45463132	15.07412920	-89.50620368	-21.44932975	14.13339803	12.74988198
5.03333333	-7.57968718	59.57955266	14.38955165	-88.21234417	-20.93497614	15.25863431	12.47556947
5.04166667	-7.71072933	60.05421224	14.05388073	-86.84914240	-20.39967848	15.40719524	12.41239334
5.05000000	-7.74453693	60.31004855	13.75053932	-85.32884618	-20.08714484	15.75630422	12.11786777
5.05833333	-7.87514945	60.62353861	13.46438103	-83.84606986	-19.63740307	15.89947869	12.09642000
5.06666667	-7.81586202	60.62636835	13.17814541	-82.25186385	-19.53789053	16.52819781	12.02449102
5.07500000	-7.96110400	60.82224921	13.00248534	-80.70031457	-19.26037397	16.52967369	11.96392258
5.08333333	-8.12320657	60.93208487	12.93729623	-79.06402653	-19.10915417	16.50118784	11.68208363
5.09166667	-8.25837696	61.02955479	12.80047061	-77.55924181	-18.95249071	16.44039515	11.64283531
5.10000000	-8.45284994	61.03449818	12.82208126	-75.99162418	-18.84001730	16.21451026	11.31493505
5.10833333	-8.58111952	61.01833998	12.68590372	-74.57971033	-18.70218383	15.99165725	11.25442342
5.11666667	-8.57821213	60.76250847	12.46560369	-73.14618881	-18.63461676	15.47800446	11.01097154
5.12500000	-8.74111623	60.69170767	12.34318350	-71.94010869	-18.46337986	15.02303360	10.84624118
5.13333333	-8.82997275	60.52767992	12.19318732	-70.82043798	-18.38866517	14.51670869	10.67724969
5.14166667	-8.90438212	60.30346750	11.96484874	-69.79635043	-18.17579659	13.66550628	10.31700118
5.15000000	-8.83960110	59.86283145	11.66783035	-68.85306992	-18.08182743	12.93959407	9.92676838
5.15833333	-8.92047213	59.60960603	11.45280460	-68.08750567	-17.94348298	12.21160573	9.74568356
5.16666667	-8.96961824	59.27166336	11.13988527	-67.37923663	-17.68729800	10.97467278	9.27141040
5.17500000	-8.67385598	58.42634297	10.44707544	-66.60483204	-17.43505700	9.79966087	8.71779417
5.18333333	-8.81537410	58.05567478	10.31108866	-65.93375830	-17.27391528	8.81254887	8.24868077
5.19166667	-8.97436725	57.63859665	10.15824512	-65.25582680	-17.06556341	8.06244187	7.77897535
5.20000000	-9.08173647	57.07393541	9.94108338	-64.51532999	-16.87674933	7.63253814	7.00877554
5.20833333	-9.23507274	56.48594663	9.72442229	-63.75290785	-16.61373767	7.64600561	6.25785614
5.21666667	-9.44942915	55.86662315	9.61994882	-62.91696120	-16.38666842	8.05889297	5.61166816
5.22500000	-9.68851392	55.21646170	9.58078289	-62.03967217	-16.19675253	8.79705092	4.73436031
5.23333333	-9.84552841	54.40057966	9.41802741	-61.14605509	-15.94506628	9.83416906	3.78708503
5.24166667	-10.22171591	53.81177977	9.54819678	-60.20269177	-15.77315855	10.62553946	2.74974188
5.25000000	-10.68132410	53.33628347	9.68361528	-59.29283682	-15.55802865	11.31410915	1.66263704
5.25833333	-11.09397260	52.85449021	9.90013248	-58.40470134	-15.42468763	11.83484520	0.54046164
5.26666667	-11.49188091	52.46317473	10.16352349	-57.60129972	-15.37825609	12.13432616	-0.73808630
5.27500000	-11.87499969	52.16121929	10.33178512	-56.90179168	-15.26800377	12.17025557	-2.14114715
5.28333333	-12.08916856	51.75733219	10.49803508	-56.24303051	-15.38712143	12.10036615	-3.42869028
5.29166667	-12.32638744	51.42535128	10.63774319	-55.69178888	-15.42103850	11.90457673	-5.18566438
5.30000000	-12.39934504	50.94033392	10.53667000	-55.18861354	-15.34239744	11.67776969	-6.90892680
5.30833333	-12.50693695	50.47416719	10.66190837	-54.63572309	-15.62994629	11.53957724	-8.65040609
5.31666667	-12.55367595	49.86102853	10.85872178	-54.00518866	-16.08429863	11.47768326	-10.37637659
5.32500000	-12.52803654	49.10952939	11.04822404	-53.27976161	-16.64169721	11.46566421	-12.10269929
5.33333333	-12.44686488	48.25674294	11.30733304	-52.48100596	-17.44146181	11.43538799	-13.77361197
5.34166667	-12.42005100	47.42465843	11.85717082	-51.63249045	-18.59077251	11.43436596	-15.23999345
5.35000000	-12.40638932	46.62714993	12.44913011	-50.77515249	-19.85302324	11.39871733	-16.56678560
5.35833333	-12.38259169	45.81269379	13.21697280	-49.91078932	-21.31893711	11.34554213	-17.60630683
5.36666667	-12.32673764	44.96792117	14.13682572	-49.02365220	-23.19460209	11.30323463	-18.47218276
5.37500000	-12.26379573	44.22446305	15.20715300	-48.27187437	-25.44152967	11.24607752	-19.23352777
5.38333333	-12.03679688	43.26115876	16.28737074	-47.48555238	-28.05287846	11.22491157	-19.66305164
5.39166667	-12.20115565	42.83408064	17.89710532	-46.85342388	-30.79254575	11.23424154	-20.55391434
5.40000000	-12.11588325	42.05395174	19.38063322	-46.07686622	-33.92084535	11.18822168	-21.13547247
5.40833333	-11.86822701	41.08698821	20.76007495	-45.25200501	-37.27299814	11.15085397	-21.35727183
5.41666667	-11.73850830	40.27280109	22.41514281	-44.44694123	-40.83691943	11.07643656	-21.66810053
5.42500000	-11.78298506	39.67755496	24.26229099	-43.69380448	-44.42463701	11.00254656	-22.12259068
5.43333333	-11.55278679	38.85846337	25.78006321	-42.99691046	-48.11916636	10.91809067	-21.91869990
5.44166667	-11.62127093	38.35427718	27.67389827	-42.27321352	-51.77294014	10.82855673	-22.20872034
5.45000000	-11.84013546	38.08287292	29.77170636	-41.66576401	-55.46854739	10.72875117	-22.29067354
5.45833333	-11.56852332	37.18134440	31.19098914	-40.90881174	-58.99301558	10.63474455	-21.68274679
5.46666667	-11.39400955	36.42413092	32.74826695	-40.20037386	-62.47612252	10.52104014	-20.92662176
5.47500000	-11.13075490	35.54521219	34.14035268	-39.48577910	-65.72690345	10.43420236	-20.38131456
5.48333333	-11.13027860	35.00633248	35.91508175	-38.84708511	-69.10074429	10.34998062	-18.57671974
5.49166667	-11.14380495	34.55111778	37.70416191	-38.30477511	-72.30712462	10.27622511	-16.95479719
5.50000000	-11.27267975	34.22097282	39.55793954	-37.78943398	-75.33614387	10.23292963	-14.84625686
5.50833333	-11.96852150	34.66203359	42.20124958	-37.47926095	-78.47806215	10.26137019	-12.16832983
5.51666667	-11.76215670	33.94083132	43.57188151	-36.87968415	-81.05986576	10.15314506	-9.99819921
5.52500000	-11.85582101	33.55986038	45.41250389	-36.34273986	-83.68315058	10.20578444	-6.97010961
5.53333333	-11.59377743	32.64273019	46.71338662	-35.57919341	-85.86400914	10.08482745	-4.75004300
5.54166667	-11.35850645	31.74832243	48.08684759	-34.82562345	-87.99330426	10.10496958	-1.69394048
5.55000000	-11.24245317	31.10044001	49.18089793	-34.21471485	-89.58869289	9.96785801	0.45714017
5.55833333	-11.05026758	30.42164657	50.27627420	-33.65981324	-91.15277178	10.04883057	3.36397756
5.56666667	-10.84254171	29.61453058	51.40388005	-32.95764476	-92.42578260	9.88297969	5.39539647
5.57500000	-10.31891229	28.27388056	52.22594121	-32.02880073	-93.62630310	9.83327248	8.20567685
5.58333333	-10.01456859	27.33290087	53.04234865	-31.29768180	-94.44562709	9.75399967	10.45105405
5.59166667	-9.74245701	26.45711822	53.89473194	-30.60388772	-95.09306060	9.67262509	12.52055207
5.60000000	-9.45129939	25.57396226	54.73748109	-29.92355885	-95.57986184	9.63735791	14.45840175
5.60833333	-9.26264985	24.85049757	55.60329349	-29.33820785	-95.80841717	9.55109349	16.10141515
5.61666667	-8.98227595	23.93236919	56.32151659	-28.62463329	-95.86393224	9.50199051	17.62382397
5.62500000	-8.79247237	23.27193973	57.05692705	-28.10457708	-95.72226046	9.46611898	18.92922104
5.63333333	-8.69915892	22.70895717	57.84901503	-27.58312508	-95.40611796	9.35594269	19.94070734
5.64166667	-8.53739269	22.08396057	58.45058896	-27.05808759	-94.94225370	9.41489182	21.09334694
5.65000000	-8.51885327	21.62621508	59.26843323	-26.56289001	-94.35815966	9.40882530	21.35778478
5.65833333	-8.51082798	21.09417386	59.93489299	-25.92400200	-93.58522077	9.24474641	22.12037897
5.66666667	-8.21487722	20.39581710	60.19172757	-25.53671781	-92.72212618	9.34850925	23.41127889
5.67500000	-8.07837005	19.74849507	60.59042399	-24.98126288	-91.68903948	9.26068644	23.98659982
5.68333333	-8.08834106	19.25836292	61.06914936	-24.40340973	-90.52298538	9.21434855	24.21711584
5.69166667	-7.82804200	18.49004769	61.13935323	-23.89986883	-89.26616316	9.32074783	24.87410666
5.70000000	-7.88842485	18.15010520	61.59176756	-23.43949074	-87.95439189	9.31359268	24.92905211
5.70833333	-7.73004755	17.54264652	61.62006415	-23.01280140	-86.47421550	9.36644085	25.19781998
5.71666667	-7.80458981	17.25176411	61.90319277	-22.60471532	-84.96222363	9.30759351	25.16550184
5.72500000	-7.91123719	16.94346999	62.11767940	-22.16530294	-83.38552960	9.26297222	25.07452512
5.73333333	-7.99685370	16.69746667	62.23124668	-21.82374599	-81.75279508	9.18996937	24.89135991
5.74166667	-8.05957643	16.46178575	62.27740442	-21.56460003	-80.10023381	9.20206883	24.64338329
5.75000000	-8.00930779	16.06639241	62.12353183	-21.31465536	-78.43138227	9.49877653	24.41511209
5.75833333	-8.16187242	15.93968693	62.22719772	-21.12043968	-76.89425753	9.54585515	24.33298847
5.76666667	-8.29245481	15.71947121	62.12276697	-20.75469054	-75.22893214	9.47131751	23.40827074
5.77500000	-8.42733818	15.51968194	62.06346056	-20.48412142	-73.74087188	9.51975198	22.74424470
5.78333333	-8.55081922	15.31319990	61.99809740	-20.21182661	-72.36322587	9.58036649	21.95518610
5.79166667	-8.65376141	15.00640280	61.85522204	-19.89900401	-71.05988319	9.64877248	20.89724095
5.80000000	-8.48679019	14.58534122	61.38430556	-19.81689763	-69.77958760	9.88513411	19.37620276
5.80833333	-8.58096849	14.32105493	61.22268699	-19.57914513	-68.73134522	9.94059456	17.89203927
5.81666667	-8.68256727	14.11799127	61.04796246	-19.41382474	-67.85057174	10.00874702	16.13807418
5.82500000	-8.74416490	13.91383406	60.77777629	-19.31244647	-66.97442602	10.10624964	14.48827360
5.83333333	-8.75710650	13.54668772	60.48417386	-19.13841746	-66.28327765	10.20336161	12.94861135
5.84166667	-8.79986241	13.35800788	60.21649619	-19.09877621	-65.75407233	10.26969859	12.04671354
5.85000000	-8.89619210	13.21727798	59.94359199	-19.06543721	-65.36331346	10.35691389	11.29579348
5.85833333	-9.02808933	13.08321644	59.72003831	-19.01728943	-65.09470433	10.38916295	11.27347556
5.86666667	-9.18359696	13.09202021	59.49174353	-19.07726304	-64.99442316	10.35529420	11.60828892
5.87500000	-9.31362486	13.00007771	59.31292094	-19.10454114	-65.05772195	10.34317124	11.72760060
5.88333333	-9.44003400	12.82856395	59.06811464	-18.97142534	-65.15907685	10.16707391	12.77363785
5.89166667	-9.61707102	12.86437639	58.94113608	-19.06438499	-65.35471631	9.97607107	13.46713053
5.90000000	-9.80255532	12.80098016	58.75056476	-19.01756648	-65.38928125	9.78170858	13.99428914
5.90833333	-10.37039729	13.42530786	58.80733425	-19.24903601	-65.29871924	9.57161702	14.63732274
5.91666667	-10.49402113	13.34944422	58.58763360	-19.25494893	-65.17769610	9.20787559	15.15699338
5.92500000	-10.69997977	13.28760054	58.42117093	-19.18299776	-64.97211729	8.80501351	15.56810429
5.93333333	-10.83879368	13.30413078	58.22051973	-19.28851234	-64.72503763	8.71119750	15.63448538
5.94166667	-11.09184303	13.44019202	58.04629265	-19.33390444	-64.31326137	7.77735436	16.19714994
5.95000000	-11.33345160	13.51300887	57.78007182	-19.33044786	-63.83943093	7.12179809	16.47121454
5.95833333	-11.48047167	13.54207795	57.40358207	-19.38424922	-63.35849425	6.33119639	16.65822816
5.96666667	-11.72308905	13.70993181	57.07678168	-19.46940583	-62.85420809	5.57145043	16.99896313
5.97500000	-11.98960908	13.82486913	56.74302826	-19.49771019	-62.33101463	4.81718104	17.29997327
5.98333333	-12.33291397	13.99116824	56.38947397	-19.44803919	-61.75705025	3.73374502	17.65193454
5.99166667	-12.60873981	14.18391585	56.07598366	-19.54745208	-61.19353463	2.68809575	17.86530750
6.00000000	-12.90613808	14.43019197	55.80227371	-19.68090501	-60.59973901	1.64615363	17.77287288
6.00833333	-13.13058441	14.55014250	55.34600341	-19.69966642	-59.94378575	0.55010531	17.91200219
6.01666667	-13.35470788	14.68361219	54.85466853	-19.71134666	-59.25513967	-0.76232395	17.98512146
6.02500000	-13.52964263	14.77462889	54.41749523	-19.79094363	-58.63828212	-2.05064838	17.94777255
6.03333333	-13.62184374	14.80887930	53.95882858	-19.89896205	-58.09779267	-3.36415864	17.83833987
6.04166667	-13.59171193	14.73342473	53.27207512	-19.97979013	-57.43982316	-4.75271741	17.68461887
6.05000000	-13.76441135	14.95997914	52.81013556	-20.24000042	-56.81406662	-6.08134684	17.66623010
6.05833333	-13.83891283	15.13433000	52.24508311	-20.58041603	-56.14113375	-7.45255742	17.56426819
6.06666667	-13.86279462	15.33986705	51.68020425	-21.04620485	-55.51976464	-8.77055929	17.44947062
6.07500000	-13.96746945	15.70637107	51.15322778	-21.62961027	-54.82643925	-10.00539110	17.35665686
6.08333333	-14.09239074	16.05427379	50.62167810	-22.14515643	-54.12204343	-11.30386072	17.17271242
6.09166667	-14.13620498	16.48813110	49.94581514	-22.95723770	-53.33391594	-12.28875449	17.12620753
6.10000000	-14.13591258	16.97386378	49.28230600	-23.95687060	-52.59303129	-12.93801966	17.06328400
6.10833333	-14.12088452	17.36379453	48.65425020	-24.84763493	-51.90092131	-14.30043027	16.86537240
6.11666667	-14.19263943	18.09463777	48.12304839	-26.14039870	-51.20635289	-15.16053043	16.73992088
6.12500000	-14.18829184	18.73429619	47.51287605	-27.50546372	-50.54086687	-16.05038248	16.67632773
6.13333333	-14.10203771	19.51860184	46.75796928	-29.21128050	-49.75734532	-16.79608394	16.57475530
6.14166667	-14.00910114	20.36331906	46.07500797	-31.11160224	-49.07448290	-17.53821363	16.47744101
6.15000000	-13.86788096	21.03405702	45.33146134	-32.78933740	-48.39227245	-19.01709957	16.31069950
6.15833333	-13.74271448	21.91435762	44.62432463	-34.98363988	-47.64905047	-19.68251959	16.19729218
6.16666667	-13.63535829	22.64948611	44.00718167	-36.89026200	-47.07889563	-21.35601990	15.99089877
6.17500000	-13.51136066	23.54812377	43.34882619	-39.08010981	-46.45962051	-22.69420873	15.90976975
6.18333333	-13.43065257	24.35667882	42.69556481	-41.20739865	-45.77430162	-23.99758389	15.78243573
6.19166667	-13.18129543	25.36655866	41.88288350	-43.79600743	-45.01822214	-24.34805753	15.67563221
6.20000000	-12.86386059	25.77092301	40.92823205	-45.61361944	-44.31338623	-26.61207637	15.53885367
6.20833333	-12.76028465	26.71455125	40.28330251	-47.87838111	-43.64737870	-27.71147591	15.41463735
6.21666667	-12.55360892	27.62069015	39.54820736	-50.25586058	-42.96107738	-27.58481704	15.25745897
6.22500000	-12.55797488	28.32975734	39.04872651	-52.05130812	-42.37871898	-29.38012925	15.08180093
6.23333333	-12.30728918	29.11805954	38.28793831	-54.20079520	-41.76169693	-28.71458392	14.90487813
6.24166667	-12.19767240	30.28715980	37.63822856	-56.35026175	-41.01886965	-29.44773610	14.62813553
6.25000000	-12.06857137	31.23237843	37.06378001	-58.34764406	-40.44433748	-28.21855910	14.45513069
6.25833333	-12.07853342	32.21939043	36.65588851	-60.12677984	-39.84543919	-27.26320282	14.22619540
6.26666667	-11.99918556	33.00338358	35.98849639	-61.60856893	-39.12057062	-25.71106497	14.05418915
6.27500000	-12.26810272	34.20577286	35.85602693	-63.05657510	-38.59845259	-24.05473073	13.93174878
6.28333333	-12.19897133	34.86466393	35.27606177	-64.14195634	-37.90906585	-22.44859456	13.71872221
6.29166667	-12.16664234	35.58763305	34.72052040	-65.06662111	-37.22257563	-20.90526605	13.51836183
6.30000000	-12.16253541	36.28471863	34.25781671	-65.75750809	-36.58220970	-19.35251179	13.32101982
6.30833333	-12.20642461	37.15677692	33.79154870	-66.46278639	-35.88427728	-16.09733227	13.20717648
6.31666667	-12.23688876	37.79803931	33.36730873	-66.72285998	-35.24701283	-14.96768301	12.97869359
6.32500000	-12.26448542	38.40802558	32.90616595	-66.76779855	-34.56635903	-13.81815380	12.72036501
6.33333333	-12.08417490	38.71933523	32.16709336	-66.69925149	-33.82218304	-10.65130111	12.55694649
6.34166667	-12.23406948	39.40009940	31.86882772	-66.47231721	-33.15627238	-8.73200465	12.24827785
6.35000000	-12.33349866	39.85123045	31.47698953	-65.86562377	-32.45135173	-8.27615000	12.14658943
6.35833333	-12.43462370	40.21897547	31.07226315	-65.03664361	-31.74050399	-7.57604876	11.91190822
6.36666667	-12.05787243	40.05268884	30.15465808	-64.28331079	-31.08055460	-3.34722336	11.60523842
6.37500000	-12.07838369	40.19778136	29.71378362	-63.19578260	-30.42680430	-1.70370882	11.34552649
6.38333333	-12.02467363	40.16314427	29.14197340	-61.89433182	-29.74341221	-0.33339441	11.17214124
6.39166667	-12.11446586	40.15137143	28.80142410	-60.37904750	-29.16336644	0.64991726	10.91875911
6.40000000	-12.07131781	39.95472188	28.25873166	-58.80303866	-28.48209730	2.05817822	10.82314465
6.40833333	-12.28386685	40.04959856	28.11780360	-57.12081222	-27.94455255	2.33412950	10.71420208
6.41666667	-12.07757565	39.53590731	27.34182307	-55.27517602	-27.22853660	3.60056942	10.42545896
6.42500000	-12.28526776	39.48683798	27.23934535	-53.40973933	-26.75417097	3.77981488	10.37702509
6.43333333	-12.50837053	39.38769644	27.14879202	-51.50471253	-26.30833464	3.92572146	10.31448620
6.44166667	-12.57166599	38.91921020	26.77070452	-49.39698975	-25.68035217	4.42194948	9.91442006
6.45000000	-12.14697421	37.88498369	25.86902026	-47.41163987	-25.06983366	5.74873032	9.91914778
6.45833333	-12.38665394	37.61802262	25.76722725	-45.39788248	-24.58983671	5.61852468	9.80861050
6.46666667	-12.59032767	37.37976430	25.78929896	-43.52516043	-24.33153338	5.53007298	9.80303248
6.47500000	-12.48668451	36.61628352	25.30350009	-41.48777196	-23.82112127	5.29223480	9.50464870
6.48333333	-12.69673689	36.28231431	25.26881691	-39.68401857	-23.48819518	5.21914318	9.56798337
6.49166667	-12.42098289	35.17242986	24.57471493	-37.71371426	-22.91454728	5.06588231	9.44581680
6.50000000	-12.45535836	34.55543444	24.35502600	-36.02690654	-22.56733126	4.82149871	9.39199287
6.50833333	-12.67071728	34.25606714	24.42695511	-34.59418798	-22.39455851	4.58434051	9.42445333
6.51666667	-12.82513138	33.87236344	24.33217807	-33.21405651	-22.05623649	3.74336106	9.34513941
6.52500000	-12.79856878	33.28873793	24.11374469	-32.00271869	-21.84562864	3.31775569	9.39522757
6.53333333	-12.95199720	32.86381020	24.11759350	-30.86999731	-21.67338917	2.59848121	9.41365393
6.54166667	-13.07895041	32.44297117	24.15278606	-29.91898690	-21.58216262	2.19220365	9.48775995
6.55000000	-13.22615782	32.12260684	24.15853943	-29.16080220	-21.43480288	1.93851377	9.54221649
6.55833333	-13.39059602	31.83600503	24.19085690	-28.47185079	-21.29730265	1.81161565	9.57791350
6.56666667	-13.56484960	31.55713322	24.30361494	-27.83613355	-21.26193626	1.89453526	9.60486635
6.57500000	-13.69647247	31.23780107	24.36129361	-27.25546512	-21.18825249	2.16528919	9.64581505
6.58333333	-13.90653486	31.00019772	24.52193670	-26.64826115	-21.16966816	2.39657212	9.65247312
6.59166667	-14.14069884	30.74676102	24.64930471	-25.98827307	-21.04785322	2.73479263	9.65169399
6.60000000	-14.38512897	30.49483019	24.84228583	-25.27270002	-21.00594988	2.84843447	9.63409327
6.60833333	-14.60320183	30.27955316	25.00766627	-24.60541208	-20.96241990	2.93150838	9.63217796
6.61666667	-14.86730789	30.09900229	25.24294676	-23.92616844	-20.92510547	2.82719963	9.57817067
6.62500000	-15.11284424	30.01189835	25.38676838	-23.38533513	-20.80256178	2.75171493	9.55864403
6.63333333	-15.63697336	30.40191729	25.84216288	-23.10580666	-20.64819540	2.65867692	9.36950550
6.64166667	-15.80278664	30.42584977	25.84705001	-22.83630118	-20.42360055	2.47624070	9.28067417
6.65000000	-15.93538880	30.46829995	25.81133327	-22.66531406	-20.18289102	2.30168687	9.17402366
6.65833333	-15.99545234	30.46344282	25.61659335	-22.56586551	-19.84112214	2.17839958	9.05441676
6.66666667	-16.00083823	30.38250474	25.28617595	-22.47519766	-19.38003122	2.11478317	8.91713172
6.67500000	-16.03898387	30.29369299	25.04505455	-22.33938989	-18.98691083	2.06822971	8.82085533
6.68333333	-15.56371789	29.61763073	24.02988559	-22.19308229	-18.26773308	2.32363166	8.63436351
6.69166667	-15.73030358	29.67093839	23.92120773	-22.04430641	-17.86973680	2.29796171	8.61655508
6.70000000	-15.75667303	29.59149150	23.61203170	-21.87455677	-17.38376427	2.21716266	8.41313472
6.70833333	-15.80624779	29.48818395	23.34138693	-21.65106554	-16.91676451	2.18974836	8.28292834
6.71666667	-15.90077201	29.44855635	23.11841620	-21.43249712	-16.45716706	2.17642415	8.15977622
6.72500000	-16.03241012	29.34496013	22.99768612	-21.09931580	-16.09294170	2.20099814	8.07681963
6.73333333	-16.15472603	29.27811905	22.92908360	-20.80815503	-15.78631996	2.20075993	8.00230560
6.74166667	-16.25737150	29.20601230	22.85027748	-20.53256419	-15.53657318	2.19098754	7.90585764
6.75000000	-16.35237587	29.12263851	22.76308798	-20.24536728	-15.25025940	2.19387011	7.81180813
6.75833333	-16.46257150	29.06523871	22.74138443	-19.98567114	-15.06270596	2.23899792	7.78766524
6.76666667	-16.37386987	28.78737756	22.55486531	-19.75234750	-14.99323215	2.39361993	7.88334251
6.77500000	-16.54942502	28.79758372	22.63286034	-19.50644291	-14.83877219	2.40218706	7.84537158
6.78333333	-16.71128740	28.76459891	22.70044130	-19.25759542	-14.72107087	2.42919498	7.83812360
6.79166667	-16.84784956	28.74611319	22.74979020	-19.06311902	-14.60534736	2.45227737	7.85466347
6.80000000	-16.95752407	28.59945729	22.83451875	-18.75872279	-14.61427719	2.38530999	7.85136728
6.80833333	-16.95735787	28.46249809	22.80188114	-18.60522641	-14.62866597	2.48430205	8.01448307
6.81666667	-17.06336616	28.49457308	22.83020563	-18.51092428	-14.52511767	2.52123116	8.03084844
6.82500000	-17.12795746	28.45551772	22.82387218	-18.37148475	-14.43863301	2.49064391	8.00652883
6.83333333	-17.20890859	28.46282214	22.81418152	-18.27859357	-14.30660737	2.52053392	8.01428734
6.84166667	-17.28965811	28.47902291	22.83292130	-18.18948959	-14.22544092	2.56268834	8.02704451
6.85000000	-17.35778367	28.42715729	22.77821378	-18.06013778	-14.05363851	2.55569172	8.00440171
6.85833333	-17.42628118	28.42651638	22.77711986	-17.96406171	-13.95741694	2.58154903	8.01003162
6.86666667	-17.48436588	28.41678120	22.74434161	-17.87837830	-13.82708831	2.58918074	7.99861481
6.87500000	-17.52241046	28.36969242	22.66173802	-17.77819826	-13.65846091	2.57340725	7.96313850
6.88333333	-17.34316056	28.08800974	22.36225578	-17.66707162	-13.52201360	2.56478393	7.88558526
6.89166667	-17.46786056	28.21561693	22.42175765	-17.65398762	-13.40304204	2.59158638	7.88833323
6.90000000	-17.49949920	28.13469397	22.36627842	-17.50912828	-13.27335546	2.59632587	7.82008387
6.90833333	-17.53761464	28.12801781	22.31968220	-17.46623809	-13.13281508	2.60716128	7.81444087
6.91666667	-17.12175696	27.50512481	21.80516829	-17.22361805	-13.09741511	2.64597414	7.90294837
6.92500000	-17.24589607	27.66550910	21.84338927	-17.26451389	-12.92054562	2.60576571	7.82070776
6.93333333	-17.30099317	27.70687390	21.80168574	-17.23928935	-12.77462685	2.64110800	7.81167542
6.94166667	-17.47907308	27.96698454	21.94176429	-17.32070907	-12.68557110	2.64572244	7.73629519
6.95000000	-17.53783732	28.05246218	21.93503111	-17.33668209	-12.58780663	2.63318916	7.69641302
6.95833333	-17.61786021	28.18027017	21.97712013	-17.38988198	-12.51749567	2.66673243	7.72637145
6.96666667	-17.65153216	28.22339906	21.97111051	-17.36613617	-12.46551166	2.58706763	7.70163989
6.97500000	-17.71155846	28.33298680	21.98780977	-17.42699259	-12.38828532	2.61128508	7.68063515
6.98333333	-17.76993821	28.44765526	22.07026883	-17.48921731	-12.43065115	2.67757206	7.70755507
6.99166667	-17.81354463	28.51962506	22.04614331	-17.53523815	-12.31568570	2.70249433	7.71318300
7.00000000	-17.84015572	28.58686477	22.05502688	-17.59106335	-12.29178401	2.73699881	7.70494276
7.00833333	-17.75186497	28.50777272	21.88571369	-17.62078883	-12.19183756	2.75766118	7.63388314
7.01666667	-17.84609643	28.65992777	21.99384067	-17.70356907	-12.20916729	2.78190134	7.64274710
7.02500000	-17.85698632	28.68583178	22.01328886	-17.73334801	-12.23313663	2.82086580	7.66521111
7.03333333	-17.73804097	28.51817431	21.88430272	-17.70898763	-12.25388226	2.84969935	7.67536013
7.04166667	-17.38676399	28.08326699	21.43000754	-17.61091837	-12.16735585	2.68794864	7.63625839
7.05000000	-17.35908666	28.01962315	21.39442241	-17.60858380	-12.18754192	2.75936965	7.67781859
7.05833333	-17.48188707	28.22636250	21.59965894	-17.72131351	-12.30162547	2.78148418	7.67660847
7.06666667	-17.43656785	28.15832157	21.54843132	-17.72747815	-12.32435460	2.82731383	7.71338081
7.07500000	-17.48229208	28.22452949	21.62450260	-17.77171578	-12.39354175	2.86043134	7.73040990
7.08333333	-17.52088029	28.26822909	21.67516706	-17.80148490	-12.40916825	2.89124129	7.75227188
7.09166667	-17.56588752	28.32419513	21.75007223	-17.83073576	-12.46621475	2.92411639	7.76909947
7.10000000	-17.60715720	28.37082810	21.81006907	-17.83890647	-12.49028563	2.94315955	7.78444387
7.10833333	-17.63500544	28.38191293	21.83767776	-17.83503683	-12.50424546	2.94986325	7.78797136
7.11666667	-17.63608859	28.34986397	21.84483774	-17.78766944	-12.50874458	2.90909473	7.76736104
7.12500000	-17.66465573	28.43096088	21.90502672	-17.85034886	-12.53725904	2.92722279	7.80775666
7.13333333	-17.63228477	28.23138043	21.86298011	-17.66253368	-12.53605116	2.87021958	7.80452264
7.14166667	-17.69019051	28.29639271	21.93755072	-17.67684250	-12.53679914	2.91626916	7.84197672
7.15000000	-17.73465196	28.32882625	21.96699635	-17.66571796	-12.50037886	2.93346750	7.84686728
7.15833333	-17.59149896	28.11230962	21.80369128	-17.55568215	-12.49959887	2.83755322	7.80887068
7.16666667	-17.67360552	28.19300778	21.88770499	-17.55778012	-12.48782540	2.88569958	7.82187647
7.17500000	-17.68615528	28.18014834	21.90159900	-17.52011979	-12.47759608	2.83200834	7.70767537
7.18333333	-17.74090948	28.23902864	21.94090125	-17.51198571	-12.43515685	2.85767921	7.71361972
7.19166667	-17.75537229	28.23362983	21.93877771	-17.47294588	-12.39612952	2.82286581	7.66219186
7.20000000	-17.77370035	28.24097850	21.95607816	-17.45214336	-12.37312589	2.80613990	7.64888153
7.20833333	-17.76025630	28.21467537	21.94468815	-17.42697490	-12.36262606	2.78363136	7.66810849
7.21666667	-17.79704528	28.23633781	21.97680912	-17.39821970	-12.34670164	2.79717256	7.68123750
7.22500000	-17.75226351	28.16471334	21.93248148	-17.36186336	-12.34653970	2.77190432	7.70659495
7.23333333	-17.81519054	28.23293321	22.01194496	-17.34823091	-12.36978970	2.82045420	7.74166669
7.24166667	-17.85033474	28.26341621	22.05314638	-17.34519397	-12.36483169	2.82953962	7.75576105
7.25000000	-17.84358067	28.23227898	22.06853756	-17.29413066	-12.40727140	2.78755475	7.71602836
7.25833333	-17.89796035	28.28198729	22.13863102	-17.27889238	-12.43274585	2.83117892	7.74508875
7.26666667	-17.91017656	28.26539671	22.16260737	-17.24012695	-12.44692018	2.80126186	7.73229966
7.27500000	-17.89862617	28.30358482	22.16588566	-17.26381548	-12.47008731	2.74666098	7.71626217
7.28333333	-18.07500629	28.54459299	22.43542756	-17.32182554	-12.59828410	2.78636522	7.75073182
7.29166667	-17.97236318	28.36198466	22.29491741	-17.22032891	-12.54910622	2.73052797	7.71960377
7.30000000	-17.76053652	28.08364345	22.01350646	-17.14599961	-12.46522675	2.73863547	7.71545438
7.30833333	-17.82127603	28.15466761	22.10988198	-17.15088524	-12.50938484	2.76478218	7.71859759
7.31666667	-17.80398657	28.10895294	22.08534535	-17.12292386	-12.51179963	2.77755153	7.72159278
7.32500000	-17.90598996	28.24557551	22.21580200	-17.14609095	-12.54192274	2.78977908	7.73171067
7.33333333	-17.96552577	28.31495491	22.29775706	-17.14511214	-12.56263522	2.79055955	7.73025073
7.34166667	-18.02650887	28.38803550	22.37678617	-17.15157672	-12.58088250	2.82569109	7.74803297
7.35000000	-18.06928162	28.42875442	22.42956144	-17.14039206	-12.58460105	2.82109708	7.74228568
7.35833333	-18.08839136	28.43608162	22.45535606	-17.10996806	-12.58908363	2.76461441	7.69965451
7.36666667	-18.14120563	28.49534207	22.51428316	-17.10798819	-12.58876500	2.79729044	7.71273072
7.37500000	-18.16767180	28.50591359	22.53678165	-17.07206412	-12.57032354	2.76667560	7.67364572
7.38333333	-18.21622379	28.57198172	22.61651904	-17.08456794	-12.61044665	2.80045945	7.68219330
7.39166667	-18.26347159	28.60567166	22.64715597	-17.05862598	-12.57065348	2.80006745	7.68150627
7.40000000	-18.28272032	28.59716440	22.66599765	-17.00347659	-12.55289061	2.72674046	7.62240055
7.40833333	-18.31504989	28.61916118	22.70347545	-16.96606889	-12.54412803	2.66585679	7.58136590
7.41666667	-18.35650606	28.64866739	22.76221866	-16.94453190	-12.55943690	2.68168331	7.59649544
7.42500000	-18.38452862	28.59179387	22.80067314	-16.82751983	-12.55205225	2.66319831	7.58355174
7.43333333	-18.39304662	28.52978427	22.82494287	-16.73280324	-12.56323609	2.62649007	7.57603150
7.44166667	-18.42475666	28.57036550	22.87944186	-16.73208874	-12.57895917	2.64437103	7.60219168
7.45000000	-18.46383328	28.60174368	22.93439842	-16.71161707	-12.59365053	2.65888355	7.61474317
7.45833333	-18.43553029	28.50447297	22.90117896	-16.61663098	-12.57720819	2.58974744	7.59588770
7.46666667	-18.49629746	28.56339894	22.95614419	-16.60316452	-12.56110812	2.61921359	7.62230862
7.47500000	-18.54292335	28.58735572	22.98973562	-16.55523147	-12.55004532	2.57810180	7.59487622
7.48333333	-18.63347841	28.65674414	23.03838113	-16.52200452	-12.44835292	2.58420739	7.70065448
7.49166667	-18.64590307	28.66018614	23.04588864	-16.48749784	-12.51038546	2.57458982	7.51722541
7.50000000	-18.68909345	28.68303886	23.08188689	-16.45374004	-12.49090321	2.57484405	7.55885180