0.00000000	-18.57669977	26.02638401	26.64073115	-11.47841862	-12.14557678	1.91991023	4.53338739
0.00833333	-18.44744589	25.85847510	26.43879022	-11.44417394	-12.01743008	1.95766376	4.48549755
0.01666667	-18.53765596	25.96222653	26.54729261	-11.47248049	-12.04898128	1.96824614	4.32165189
0.02500000	-18.47729824	25.86829526	26.44403045	-11.40753858	-11.97782893	1.90097651	4.34776991
0.03333333	-18.59879804	26.04766306	26.62984542	-11.50201036	-12.06983511	1.88867277	4.33248104
0.04166667	-18.57256841	26.01015947	26.58521115	-11.47661465	-12.04480134	1.81336090	4.32843929
0.05000000	-18.48222575	25.87598608	26.44349577	-11.40156824	-11.96972533	1.79851040	4.30235890
0.05833333	-18.56644351	25.98915094	26.56188959	-11.44004268	-12.01062211	1.82517684	4.34202543
0.06666667	-18.63495153	26.06959734	26.63853610	-11.44823999	-12.00747662	1.85757887	4.35415822
0.07500000	-18.67544084	26.15150184	26.69692720	-11.52721475	-12.03870496	1.89183019	4.37464377
0.08333333	-18.57075361	25.99626509	26.56789173	-11.45397635	-12.01667121	1.93570993	4.40493074
0.09166667	-18.72905265	26.19183256	26.79081508	-11.49191354	-12.08934372	1.97447012	4.46306578
0.10000000	-18.62390449	26.04274153	26.61858620	-11.44185106	-11.99013313	1.98260241	4.45536105
0.10833333	-18.57720184	26.01102769	26.58036758	-11.48408582	-12.02285759	1.96462529	4.43065886
0.11666667	-18.52462422	25.94315953	26.50293178	-11.45446441	-11.98610387	1.93953816	4.41093046
0.12500000	-18.45353854	25.81286798	26.37746304	-11.35109190	-11.91537061	1.92335263	4.40173282
0.13333333	-18.69619199	26.11621514	26.69505733	-11.41202870	-12.00793767	1.92641602	4.45639544
0.14166667	-18.54346112	25.97413403	26.50761445	-11.47824448	-11.97801988	1.89150776	4.38488239
0.15000000	-18.44054326	25.82754849	26.35357038	-11.41584922	-11.90229055	1.91300342	4.36710362
0.15833333	-18.42132381	25.78338798	26.31096758	-11.35477524	-11.87437807	1.83791108	4.30270431
0.16666667	-18.51653286	25.91768789	26.45547904	-11.40955795	-11.94910914	1.87936529	4.30210711
0.17500000	-18.59068496	26.03170313	26.58422625	-11.49446987	-12.02306050	1.91020895	4.35400489
0.18333333	-18.51328907	25.91723945	26.46418192	-11.43080184	-11.96017062	1.90906997	4.31870648
0.19166667	-18.46109678	25.83437385	26.38465106	-11.38370858	-11.91253729	1.90459233	4.30946605
0.20000000	-18.44614174	25.81157789	26.36033188	-11.36832650	-11.89359473	1.89555461	4.31447080
0.20833333	-18.62001354	26.05421686	26.63392313	-11.47399925	-12.03289605	1.94467769	4.39615920
0.21666667	-18.54811546	25.93964438	26.51843350	-11.40606059	-11.97020961	1.89271729	4.38357258
0.22500000	-18.54962162	25.94322362	26.51711543	-11.40917633	-11.96128725	1.85870808	4.36843638
0.23333333	-18.64796539	26.08732106	26.65752318	-11.47924829	-12.01496353	1.81927105	4.37665804
0.24166667	-18.57467115	26.01063821	26.58649431	-11.47481148	-12.02556167	1.85615075	4.36476813
0.25000000	-18.48969013	25.85827309	26.41328090	-11.36977692	-11.90624877	1.79675328	4.33034312
0.25833333	-18.42510350	25.78064228	26.30090190	-11.34592276	-11.86354175	1.74703598	4.32116731
0.26666667	-18.74033767	26.19879207	26.75293051	-11.49564627	-12.03002707	1.83503223	4.39040922
0.27500000	-18.62359435	26.05241517	26.57921687	-11.45720704	-11.94935738	1.82799965	4.30752407
0.28333333	-18.69169906	26.11491765	26.65252033	-11.43327583	-11.95657826	1.87063299	4.36664452
0.29166667	-18.67701545	26.07200984	26.60130069	-11.38754325	-11.90188589	1.87277993	4.36235356
0.30000000	-18.70267498	26.14300204	26.67352138	-11.48306243	-11.97854119	1.89979549	4.41114622
0.30833333	-18.75420122	26.20758982	26.72230048	-11.48525157	-11.97540193	1.81361546	4.38730111
0.31666667	-18.62747730	26.03929952	26.57768112	-11.45405069	-11.97082148	1.87796313	4.41866561
0.32500000	-18.51584521	25.87074119	26.39174066	-11.36989625	-11.85683331	1.89319891	4.41369377
0.33333333	-18.58140033	25.98498776	26.50348402	-11.44319960	-11.93185483	1.87296917	4.41766881
0.34166667	-18.55212168	25.92684664	26.44957910	-11.38525935	-11.90304560	1.85009309	4.40720361
0.35000000	-18.48133493	25.83204034	26.32788418	-11.34891840	-11.84135099	1.87360161	4.37745098
0.35833333	-18.57558382	25.97477424	26.48237435	-11.45096333	-11.92641271	1.91542809	4.44305688
0.36666667	-18.62077284	26.03197066	26.49109630	-11.46409498	-11.85428788	1.92527833	4.35274711
0.37500000	-18.73899358	26.18321425	26.69555165	-11.50072262	-12.00037546	1.96035190	4.44087086
0.38333333	-18.52706289	25.86828659	26.37044987	-11.33053465	-11.84896405	1.91887733	4.36248266
0.39166667	-18.67128973	26.08818641	26.57101005	-11.46689712	-11.92469807	1.90446724	4.40568661
0.40000000	-18.64113079	26.03567619	26.51773049	-11.41545834	-11.88939943	1.91348935	4.35324793
0.40833333	-18.55545528	25.92598862	26.39619174	-11.35634288	-11.83502995	1.91842254	4.33229592
0.41666667	-18.69536798	26.14176478	26.58433740	-11.49143883	-11.90769278	1.85276422	4.38097293
0.42500000	-18.60313897	26.00350711	26.43557650	-11.42767426	-11.82508490	1.87955239	4.34796668
0.43333333	-18.69997326	26.13232419	26.59418503	-11.48712479	-11.93298561	1.94303564	4.39184702
0.44166667	-18.80060184	26.28711391	26.71589809	-11.56300770	-11.96539095	1.86362473	4.43823338
0.45000000	-18.62815418	26.04107145	26.45513154	-11.45814731	-11.85884954	1.84410334	4.41416610
0.45833333	-18.56806450	25.93154716	26.33890069	-11.38967860	-11.76969665	1.87266095	4.39734294
0.46666667	-18.68355799	26.08295893	26.49451480	-11.42710639	-11.82786130	1.82206869	4.36157572
0.47500000	-18.78775632	26.24021286	26.65815916	-11.53890650	-11.91287381	1.89122577	4.39137582
0.48333333	-18.75317633	26.17805432	26.59879100	-11.50622743	-11.88098534	1.88476127	4.37496624
0.49166667	-18.68910029	26.06672159	26.47985538	-11.43981368	-11.79744885	1.86559667	4.37105655
0.50000000	-18.69128617	26.06892138	26.48275031	-11.43745366	-11.81881820	1.81491716	4.37302818
0.50833333	-18.74642905	26.14228473	26.55083623	-11.47746617	-11.82856366	1.85419342	4.40426145
0.51666667	-18.64286221	25.97882114	26.37420243	-11.36110701	-11.74425371	1.84258404	4.38294198
0.52500000	-18.61206323	25.94534179	26.32643171	-11.35811795	-11.71965111	1.85585363	4.38258497
0.53333333	-18.60149631	25.91148578	26.30659192	-11.32877089	-11.71307169	1.83017705	4.34104588
0.54166667	-18.71371931	26.10720999	26.46813176	-11.50779303	-11.78037154	1.88818687	4.38943884
0.55000000	-18.64797917	25.98796397	26.35738946	-11.41138621	-11.71413192	1.88124487	4.35990370
0.55833333	-18.77875146	26.17332117	26.55187231	-11.49337929	-11.81084362	1.86610308	4.39925974
0.56666667	-18.66059525	26.00015273	26.35662323	-11.41612959	-11.69651696	1.86306320	4.37640847
0.57500000	-18.64172712	25.97834346	26.34618236	-11.41885230	-11.71458021	1.80218662	4.37798198
0.58333333	-18.84778940	26.25727552	26.64089343	-11.52843759	-11.83852393	1.84002539	4.46302490
0.59166667	-18.73725995	26.08957228	26.45574588	-11.44939772	-11.73521127	1.83503135	4.43334220
0.60000000	-18.71228350	26.06259759	26.42452356	-11.45157979	-11.74262827	1.78898735	4.42367926
0.60833333	-18.82585978	26.22142130	26.58421673	-11.51714376	-11.82234132	1.78868223	4.44835449
0.61666667	-18.74902758	26.07671924	26.43328977	-11.42346853	-11.71327502	1.82381548	4.43878647
0.62500000	-18.72477717	26.08504814	26.44152693	-11.49337899	-11.80987102	1.82961777	4.46848832
0.63333333	-18.64488204	25.93956933	26.29153710	-11.41667995	-11.71492119	1.84922421	4.45757943
0.64166667	-18.83437113	26.19763957	26.55057424	-11.51745428	-11.81062710	1.86405814	4.45798636
0.65000000	-18.74368751	26.05214421	26.39722496	-11.44000899	-11.73916268	1.88764996	4.43185142
0.65833333	-18.80176338	26.14715374	26.48781163	-11.50775316	-11.80187745	1.91124789	4.45413544
0.66666667	-18.69260536	25.98304004	26.31421021	-11.43363365	-11.72363125	1.90937707	4.42461932
0.67500000	-18.66398586	25.94918971	26.26130562	-11.42764949	-11.69777508	1.90488772	4.42724162
0.68333333	-18.57754327	25.80295812	26.13276444	-11.34666247	-11.64727589	1.92401055	4.39020461
0.69166667	-18.78457618	26.11343494	26.46693882	-11.51146178	-11.83062558	1.97359717	4.44317240
0.70000000	-18.67462548	25.96534523	26.27403157	-11.46198313	-11.72184617	1.94019242	4.43459914
0.70833333	-18.65987879	25.96939595	26.27171466	-11.49771231	-11.74348110	1.87035657	4.44343059
0.71666667	-18.60662783	25.86205875	26.15200283	-11.42065133	-11.65695668	1.89132390	4.44598070
0.72500000	-18.60221243	25.84879428	26.13972374	-11.41008856	-11.66413360	1.86801256	4.47683477
0.73333333	-18.74659036	26.03093410	26.35450217	-11.47842834	-11.76256818	1.93516766	4.56538512
0.74166667	-18.64024912	25.87815429	26.20983901	-11.40676549	-11.71722358	1.94894032	4.56730647
0.75000000	-18.70680095	25.95856245	26.30791407	-11.42229577	-11.77832693	1.96809489	4.59577025
0.75833333	-18.63246427	25.84218181	26.18245255	-11.37521835	-11.71002664	1.97449768	4.57893307
0.76666667	-18.56973853	25.76235810	26.09874736	-11.34974704	-11.69442457	1.93080624	4.54983604
0.77500000	-18.71556591	25.95515330	26.29477235	-11.41720878	-11.77386544	1.90465251	4.58085093
0.78333333	-18.60976033	25.79362742	26.12687259	-11.35522532	-11.68700392	1.90596470	4.56874840
0.79166667	-18.75385259	25.96732170	26.37203932	-11.40162681	-11.84098219	1.88386691	4.62837130
0.80000000	-18.64263326	25.80092091	26.19600430	-11.33454479	-11.76709856	1.88111291	4.61559346
0.80833333	-18.58782816	25.71933356	26.10349398	-11.29823095	-11.72622216	1.87097894	4.62003470
0.81666667	-18.61388122	25.75805369	26.13325470	-11.32653759	-11.75330936	1.88718336	4.64143436
0.82500000	-18.66257125	25.82638247	26.22644451	-11.36378772	-11.83492704	1.95365661	4.66825072
0.83333333	-18.56783478	25.67905325	26.08131137	-11.29575752	-11.78117468	1.95247253	4.63297935
0.84166667	-18.54652339	25.63526085	26.03848322	-11.27149425	-11.76786745	1.94226813	4.62265655
0.85000000	-18.60016915	25.73168146	26.10028692	-11.33141649	-11.80858776	1.93948472	4.62485625
0.85833333	-18.52336969	25.65198526	25.97693422	-11.32039591	-11.76076764	1.94305222	4.62250534
0.86666667	-18.67254518	25.79910884	26.20830245	-11.34091803	-11.87423408	1.95859994	4.64442807
0.87500000	-18.58380288	25.65645124	26.05053801	-11.27036411	-11.78595732	1.96990889	4.64781459
0.88333333	-18.51070914	25.56757328	25.95369792	-11.25614188	-11.76481505	1.91122301	4.65325754
0.89166667	-18.58068742	25.66853988	26.08902379	-11.32912169	-11.88581104	1.97920392	4.77353713
0.90000000	-18.54838818	25.61185904	26.04200301	-11.29167653	-11.86335717	1.97633458	4.76684887
0.90833333	-18.47580517	25.50461712	25.91823052	-11.24890780	-11.80204451	1.98813877	4.76039204
0.91666667	-18.62441087	25.70348767	26.13968788	-11.32416635	-11.90134233	2.04246525	4.79709323
0.92500000	-18.53658390	25.57108077	25.98791595	-11.27346345	-11.83466950	2.01318960	4.79174668
0.93333333	-18.50258521	25.60578254	25.97557241	-11.34096751	-11.94152145	2.03052244	4.86366995
0.94166667	-18.51480441	25.51934396	25.97476918	-11.25751230	-11.89783828	2.02399706	4.87011945
0.95000000	-18.41194537	25.31115401	25.82752457	-11.12335158	-11.84041383	2.01928761	4.82929228
0.95833333	-18.34506604	25.22112173	25.71845542	-11.10676102	-11.79580327	1.98902729	4.82273268
0.96666667	-18.34062448	25.21123195	25.72129796	-11.10368924	-11.82028029	1.99214294	4.82065080
0.97500000	-18.49563474	25.42896204	25.92616113	-11.20851892	-11.89567042	2.03903166	4.84709682
0.98333333	-18.42689442	25.32286601	25.81413882	-11.16778926	-11.84074953	2.04066411	4.82926686
0.99166667	-18.60367606	25.58441351	26.06401469	-11.31758132	-11.95547190	2.07923179	4.88551529
1.00000000	-18.52406334	25.48127330	25.95880750	-11.27836303	-11.91998261	2.11734822	4.86279783
1.00833333	-18.51232584	25.43801702	25.88301513	-11.25589870	-11.84936205	2.09187403	4.82426065
1.01666667	-18.50210471	25.42772357	25.86358546	-11.27087250	-11.86311415	2.07124354	4.82116204
1.02500000	-18.57887547	25.53018635	25.96652616	-11.31966919	-11.90512031	2.11803580	4.84120656
1.03333333	-18.49584374	25.40253981	25.82427690	-11.26503334	-11.82769125	2.13300676	4.83291669
1.04166667	-18.40968729	25.27881422	25.67729122	-11.22351093	-11.73917733	2.13680768	4.81885225
1.05000000	-18.64476302	25.60608432	26.03750642	-11.37125320	-11.93229986	2.19929425	4.91863391
1.05833333	-18.52160757	25.43932612	25.83304869	-11.31118266	-11.81840006	2.19915508	4.89225437
1.06666667	-18.46960504	25.36483062	25.73648001	-11.27934225	-11.76672120	2.16642471	4.89031232
1.07500000	-18.59000587	25.54974054	25.92158734	-11.37330339	-11.86531757	2.18133013	4.97091755
1.08333333	-18.46503202	25.34132399	25.72169981	-11.26439355	-11.75524146	2.18502035	4.91768307
1.09166667	-18.65243890	25.59915515	25.99627671	-11.35326025	-11.90742139	2.14778823	5.00475660
1.10000000	-18.51360020	25.42279056	25.76976238	-11.31342218	-11.78306656	2.16375421	4.93964396
1.10833333	-18.45230603	25.33225329	25.67891321	-11.26537838	-11.75071408	2.13953796	4.92024631
1.11666667	-18.44783924	25.32826543	25.68177624	-11.27469913	-11.77028742	2.12794388	4.92104030
1.12500000	-18.45556123	25.33230913	25.66401382	-11.25993695	-11.74822117	2.07312521	4.91872779
1.13333333	-18.71107954	25.65712189	26.05723677	-11.36209476	-11.93870100	2.13212601	5.01765665
1.14166667	-18.55862157	25.46225011	25.81996109	-11.32263255	-11.83162500	2.13538299	4.98906506
1.15000000	-18.40174441	25.22812312	25.56806470	-11.21929892	-11.70528948	2.09626695	4.95554905
1.15833333	-18.61137245	25.50610617	25.89538276	-11.32453471	-11.86546465	2.22007866	4.99357066
1.16666667	-18.52487863	25.39902385	25.74314076	-11.28552592	-11.80340521	2.15429155	4.96388031
1.17500000	-18.71379757	25.64854322	26.03489378	-11.37173593	-11.96355667	2.16270743	5.06716884
1.18333333	-18.58531673	25.49387886	25.83050693	-11.35171335	-11.85653318	2.22088852	4.97752371
1.19166667	-18.49391541	25.35688459	25.68191405	-11.28644542	-11.78086193	2.20820381	4.95648123
1.20000000	-18.62511495	25.59819798	25.85325072	-11.43364331	-11.83022839	2.19071853	4.95508517
1.20833333	-18.66073585	25.65670867	25.88681862	-11.47950778	-11.82355997	2.20460094	4.95516232
1.21666667	-18.50429076	25.42654393	25.64948299	-11.36601725	-11.72248411	2.15247780	4.92521227
1.22500000	-18.66982868	25.67323988	25.87996991	-11.50433984	-11.81921924	2.16231745	4.94616661
1.23333333	-18.63869611	25.62186141	25.82538183	-11.47397564	-11.79600030	2.14073938	4.93671227
1.24166667	-18.64838840	25.59575237	25.78458693	-11.43367681	-11.68628179	2.20635736	4.98212571
1.25000000	-18.62365312	25.59261781	25.74894721	-11.45030903	-11.70793529	2.10655376	4.87956108
1.25833333	-18.53794642	25.46395290	25.61013568	-11.38825298	-11.63365809	2.13087251	4.86471141
1.26666667	-18.57374278	25.53028506	25.70164418	-11.42837217	-11.73879176	2.15873442	4.93143086
1.27500000	-18.49810010	25.36341346	25.55387070	-11.30411990	-11.64328280	2.19086805	4.90007667
1.28333333	-18.46451527	25.30809773	25.48843944	-11.26873559	-11.60156285	2.18734249	4.89535368
1.29166667	-18.48141655	25.34644271	25.51973387	-11.28186492	-11.65633965	2.11038035	4.93606836
1.30000000	-18.44460504	25.25979494	25.43978868	-11.22158123	-11.58663023	2.13702175	4.91417251
1.30833333	-18.62781578	25.53383835	25.72854995	-11.37830031	-11.75939984	2.15969372	5.00843906
1.31666667	-18.57002034	25.43135858	25.63412684	-11.32487037	-11.70905736	2.18302818	4.99736129
1.32500000	-18.61305304	25.48992679	25.68679322	-11.33688079	-11.73308242	2.10052134	5.00016842
1.33333333	-18.55844807	25.39278073	25.58720598	-11.29078593	-11.66202179	2.11526330	4.99216603
1.34166667	-18.52922494	25.35613381	25.53410243	-11.27040699	-11.64980610	2.04145774	4.97078742
1.35000000	-18.46748374	25.27379814	25.44082113	-11.25068225	-11.61557591	2.06393116	4.95956162
1.35833333	-18.59020378	25.45062227	25.62608505	-11.33151304	-11.70987429	2.01393050	4.97249793
1.36666667	-18.52984064	25.34988816	25.52392394	-11.27477289	-11.64276539	2.04829771	4.95734527
1.37500000	-18.44859043	25.24533506	25.41200913	-11.23577068	-11.60989351	2.08855477	4.93998991
1.38333333	-18.49625942	25.30090721	25.48577797	-11.24999429	-11.66081914	2.09494504	4.96460217
1.39166667	-18.52632057	25.31629166	25.51855157	-11.22855382	-11.66888376	2.12885323	4.95277128
1.40000000	-18.76526246	25.66468859	25.88897163	-11.40906051	-11.84502501	2.23864839	5.02495462
1.40833333	-18.67291772	25.53391216	25.74715925	-11.35098751	-11.78182964	2.19017852	5.02886072
1.41666667	-18.61432023	25.45059312	25.66422499	-11.31471108	-11.74818190	2.19640509	5.01896579
1.42500000	-18.58737945	25.40222687	25.61427472	-11.29203658	-11.71705109	2.16970214	5.01223745
1.43333333	-18.66214133	25.51719253	25.72948583	-11.36840317	-11.78755975	2.13789286	5.03193912
1.44166667	-18.58296608	25.40216329	25.60609828	-11.32675187	-11.72405105	2.15269442	5.01667496
1.45000000	-18.82753649	25.75119405	25.97604492	-11.48844672	-11.90523285	2.17910639	5.09554949
1.45833333	-18.72464973	25.60435100	25.81754732	-11.42976681	-11.82930847	2.16988286	5.06973990
1.46666667	-18.55595203	25.35765589	25.55487179	-11.31522465	-11.71997773	2.10983826	5.01641376
1.47500000	-18.72619810	25.61343133	25.82656696	-11.45969401	-11.85776262	2.15265025	5.08903664
1.48333333	-18.60618214	25.44455489	25.63812258	-11.38041473	-11.76448903	2.17377659	5.04842960
1.49166667	-18.74720026	25.61997196	25.83243877	-11.43914687	-11.83593089	2.16505835	5.07333005
1.50000000	-18.66718879	25.50600637	25.70173655	-11.39098038	-11.77126557	2.13538481	5.07989705
1.50833333	-18.84155563	25.74197546	25.95083385	-11.48129012	-11.86972588	2.19743156	5.11309355
1.51666667	-18.74825032	25.58726209	25.78422006	-11.39486897	-11.76322097	2.20179509	5.10564892
1.52500000	-18.70045312	25.52802244	25.69998572	-11.37444833	-11.72205196	2.14636132	5.07407912
1.53333333	-18.78730773	25.65873735	25.81775810	-11.45374773	-11.75811996	2.17779920	5.10828962
1.54166667	-18.69855150	25.51703276	25.68142333	-11.38140689	-11.70321382	2.19037296	5.07355640
1.55000000	-18.64380959	25.41949673	25.58408488	-11.30136131	-11.65593306	2.15028017	5.05624895
1.55833333	-18.94814307	25.86707403	26.02592442	-11.52880573	-11.85054960	2.19481723	5.10536569
1.56666667	-18.89544479	25.78778926	25.95587545	-11.48646164	-11.82987427	2.14788304	5.09523653
1.57500000	-18.88018632	25.74572227	25.90394143	-11.45008167	-11.78765152	2.11701193	5.08066067
1.58333333	-18.73523790	25.53287275	25.66054669	-11.37567133	-11.64369871	2.18926562	5.06955908
1.59166667	-18.73778997	25.55102901	25.67222378	-11.39206556	-11.68440462	2.08361916	5.05613503
1.60000000	-18.82682048	25.68269829	25.83102593	-11.48643892	-11.78468254	2.12037248	5.10552717
1.60833333	-18.74267078	25.56566617	25.71438756	-11.44033823	-11.74570140	2.15755507	5.07590789
1.61666667	-18.95120199	25.82983370	25.98437454	-11.53625717	-11.82501247	2.16748740	5.13439506
1.62500000	-18.86883558	25.69426318	25.83899138	-11.45664287	-11.73875615	2.19606839	5.11560874
1.63333333	-18.80835695	25.60120201	25.75308175	-11.40907665	-11.71283523	2.17964006	5.10828778
1.64166667	-18.71988269	25.49629777	25.64833977	-11.38410892	-11.68071321	2.19846399	5.06912554
1.65000000	-18.62899526	25.34532573	25.47554838	-11.29918998	-11.57631692	2.20982996	5.04523535
1.65833333	-18.71926431	25.46731077	25.59696926	-11.36139486	-11.64753376	2.15377302	5.10655262
1.66666667	-19.13130266	26.02408476	26.20765803	-11.57651324	-11.91004262	2.26364843	5.21671347
1.67500000	-19.03413194	25.90104905	26.09458515	-11.53273669	-11.88772340	2.28080802	5.18726772
1.68333333	-18.92933567	25.73477159	25.90256425	-11.47400254	-11.77507407	2.23422457	5.15401940
1.69166667	-18.85318202	25.57881166	25.77988741	-11.38694367	-11.70837512	2.23531666	5.11902452
1.70000000	-18.93343435	25.70914618	25.88485085	-11.42867555	-11.74796992	2.21087235	5.21378849
1.70833333	-18.95498530	25.75458712	25.92403462	-11.46261386	-11.77306601	2.19179256	5.12615080
1.71666667	-18.89278130	25.64742779	25.80302769	-11.42087791	-11.68498556	2.22699575	5.12228864
1.72500000	-19.05218520	25.88249696	26.06272039	-11.52906518	-11.84288355	2.20227164	5.17955779
1.73333333	-18.91035852	25.67700724	25.82835427	-11.44449407	-11.72007348	2.22340509	5.13598487
1.74166667	-18.93037641	25.70438035	25.85996608	-11.46139812	-11.74016854	2.20208630	5.13618433
1.75000000	-18.71764892	25.37522916	25.52896987	-11.28235375	-11.57222741	2.18489074	5.08070516
1.75833333	-18.96527924	25.74787204	25.91264689	-11.48090176	-11.76750678	2.21898421	5.15337827
1.76666667	-18.96812562	25.73886604	25.91903471	-11.47611515	-11.78752336	2.20437527	5.20833178
1.77500000	-18.78234442	25.44677822	25.61591563	-11.31982898	-11.61821002	2.24154413	5.18908603
1.78333333	-18.77539453	25.48419370	25.62188970	-11.37503738	-11.65158509	2.10230422	5.16653272
1.79166667	-18.72986742	25.40361107	25.53727180	-11.33539396	-11.58982223	2.14378959	5.12930875
1.80000000	-18.89044498	25.62483435	25.77310366	-11.40546616	-11.69868644	2.13585175	5.14513215
1.80833333	-19.11795734	25.94476520	26.10582992	-11.57112578	-11.82939503	2.22635168	5.20658823
1.81666667	-19.06744915	25.88627684	26.02001292	-11.56376125	-11.78742432	2.21359552	5.18240614
1.82500000	-18.99375896	25.75886707	25.89516938	-11.49389626	-11.70813681	2.25246179	5.16553067
1.83333333	-18.90186166	25.62556773	25.75431661	-11.41550936	-11.66653351	2.18730712	5.15582111
1.84166667	-18.95624519	25.70115224	25.82118450	-11.41834171	-11.66620057	2.19304181	5.11227368
1.85000000	-18.98118111	25.74212212	25.87588892	-11.47064308	-11.69404118	2.22527409	5.14459175
1.85833333	-18.91377102	25.63869629	25.76012639	-11.40869509	-11.63700756	2.21509685	5.12208288
1.86666667	-18.97781407	25.73527810	25.86066475	-11.45983391	-11.69015383	2.23552261	5.15395821
1.87500000	-19.08832165	25.94221177	26.02497138	-11.57729915	-11.79360574	2.25336660	5.20178036
1.88333333	-18.98254103	25.79885801	25.86144962	-11.52514317	-11.70420225	2.23494478	5.17790220
1.89166667	-18.96632168	25.71691428	25.84229036	-11.46061469	-11.69495560	2.21255034	5.18000295
1.90000000	-18.84747298	25.58842591	25.67451028	-11.41990575	-11.62093046	2.24148738	5.14978756
1.90833333	-19.01474692	25.78494502	25.91073410	-11.48910079	-11.71783003	2.23757375	5.17276599
1.91666667	-19.01882407	25.80617731	25.92123656	-11.54128768	-11.73868916	2.25980070	5.20090734
1.92500000	-18.91698587	25.65988968	25.77056313	-11.46378329	-11.68790656	2.21397354	5.19781748
1.93333333	-18.94840538	25.69453995	25.80776633	-11.47187374	-11.68567256	2.26878751	5.18146982
1.94166667	-19.02656930	25.85179635	25.90013891	-11.55309331	-11.71865638	2.29813034	5.19981931
1.95000000	-19.18196927	26.07519932	26.12287864	-11.65276238	-11.81722811	2.28412478	5.24111587
1.95833333	-19.03374608	25.85680561	25.90000645	-11.55121211	-11.72284460	2.30914533	5.19720491
1.96666667	-19.09788663	25.88437048	26.00232531	-11.53898448	-11.74940338	2.34671685	5.19407402
1.97500000	-19.01464474	25.74092193	25.86386528	-11.45056371	-11.68087763	2.33073684	5.19079416
1.98333333	-18.95549481	25.64223179	25.77091066	-11.39534161	-11.63781091	2.31289476	5.19448900
1.99166667	-18.95333569	25.65672432	25.78751901	-11.41064360	-11.68750600	2.23349498	5.23305247
2.00000000	-19.19328076	25.99807686	26.11666415	-11.59622048	-11.77449939	2.30085913	5.24983151
2.00833333	-19.06374667	25.81165222	25.91928450	-11.52707027	-11.68516888	2.29919843	5.23796353
2.01666667	-19.09053633	25.85224526	25.96921548	-11.53698080	-11.73204939	2.23645105	5.32235182
2.02500000	-18.99511199	25.70722668	25.82553395	-11.46246750	-11.67808666	2.21516546	5.35428010
2.03333333	-19.00787444	25.75172234	25.88643237	-11.52541499	-11.75956872	2.19417394	5.44793498
2.04166667	-18.92778134	25.66173089	25.80283251	-11.51598634	-11.77510268	2.23882541	5.43734957
2.05000000	-18.92267347	25.68589537	25.82710449	-11.58610626	-11.84970606	2.23957942	5.56662182
2.05833333	-19.31703280	26.28489581	26.39686268	-11.89635306	-12.07743877	2.24662006	5.72918200
2.06666667	-19.17531845	26.06185333	26.29665643	-11.81602026	-12.19237088	2.39408022	5.71379874
2.07500000	-19.06485942	25.97874793	26.20916366	-11.88977860	-12.28605280	2.42441687	5.82554497
2.08333333	-18.98884023	25.91876693	26.20167743	-11.95270060	-12.44150962	2.48177416	5.92671803
2.09166667	-19.15681665	26.15822912	26.50902339	-12.08853036	-12.68224070	2.57545979	5.99252392
2.10000000	-19.22064847	26.31077489	26.66892408	-12.27834028	-12.83450654	2.67169607	6.07258238
2.10833333	-19.01886190	26.06809148	26.49426323	-12.23917793	-12.96561255	2.68582576	6.21187217
2.11666667	-19.12621922	26.22393629	26.70866121	-12.32827101	-13.15321382	2.74001377	6.35889311
2.12500000	-18.94817674	26.03576313	26.57122580	-12.34431217	-13.29407275	2.78735211	6.47613466
2.13333333	-18.78700685	25.83501399	26.43988111	-12.31976957	-13.41795660	2.82561107	6.56767381
2.14166667	-18.70108589	25.75737439	26.41470551	-12.35588196	-13.58955931	2.87783252	6.73539159
2.15000000	-18.59800538	25.60256717	26.35632770	-12.32907392	-13.73133887	2.92052889	6.81517080
2.15833333	-18.55728994	25.57120093	26.39999740	-12.38779445	-13.92180425	2.95271738	6.94538126
2.16666667	-18.81184096	25.87074686	26.75899905	-12.48703861	-14.04917297	2.99996324	6.92505301
2.17500000	-18.65667738	25.61573475	26.60017499	-12.41068452	-14.12621665	3.03917535	7.00455168
2.18333333	-18.72950533	25.71933439	26.75526706	-12.51701522	-14.27368540	3.08717672	7.07095721
2.19166667	-18.54586745	25.53262147	26.54548214	-12.55005230	-14.31490774	3.08837768	7.15394096
2.20000000	-18.58281049	25.50841731	26.63505571	-12.56622934	-14.43416194	3.14660098	7.31680186
2.20833333	-18.64148292	25.57977751	26.73294803	-12.64225700	-14.53560524	3.19586634	7.38307115
2.21666667	-18.51674311	25.43222685	26.55519652	-12.67425944	-14.52593363	3.22543141	7.40562132
2.22500000	-18.42494172	25.33985531	26.44051725	-12.74081628	-14.56817144	3.28174587	7.53102062
2.23333333	-18.32155721	25.20595121	26.26779932	-12.76838265	-14.52858255	3.30427151	7.53917617
2.24166667	-18.26747754	25.16978060	26.17529907	-12.86766476	-14.56044416	3.38909251	7.69493688
2.25000000	-18.19173569	25.01508824	26.01984704	-12.85741720	-14.50665084	3.41848883	7.67081223
2.25833333	-18.18017333	25.04128426	25.98227015	-12.98445668	-14.53769568	3.50526146	7.77559700
2.26666667	-18.13624494	24.93628674	25.86287728	-12.98916218	-14.48572792	3.53814252	7.75996358
2.27500000	-18.20528725	25.03091000	25.92464278	-13.11006139	-14.54150150	3.62095553	7.82857347
2.28333333	-18.34476972	25.19698251	26.06037692	-13.19146391	-14.59651184	3.65495463	7.89679522
2.29166667	-18.23898090	25.08611817	25.85394435	-13.29021328	-14.51387043	3.69183635	7.88835042
2.30000000	-18.26517651	25.18760540	25.78410335	-13.53173386	-14.44222983	3.86856214	7.94595409
2.30833333	-18.20033481	25.02552078	25.66996806	-13.53933109	-14.41792189	3.92885658	7.96292058
2.31666667	-18.13367706	24.94984543	25.52698667	-13.66385480	-14.38960109	4.03978138	8.03792517
2.32500000	-18.02699122	24.85382127	25.29531202	-13.81691010	-14.27755553	4.07869012	8.01229685
2.33333333	-18.07370439	24.96478953	25.42396153	-13.90461908	-14.52536551	4.05554125	8.25975235
2.34166667	-17.94507591	24.88709173	25.15157886	-14.17347511	-14.40037589	4.23334654	8.26843190
2.35000000	-17.85935125	24.81779607	24.96032306	-14.42477582	-14.32007288	4.42425241	8.27285689
2.35833333	-17.74934711	24.83112595	24.74663544	-14.81102644	-14.25122251	4.59369600	8.31362052
2.36666667	-17.81451234	25.03421774	24.85104998	-15.02887048	-14.41103448	4.41496666	8.39006094
2.37500000	-17.59492128	25.06017210	24.47098643	-15.61318350	-14.30708018	4.68336555	8.44890289
2.38333333	-17.40424190	24.94222066	24.20198375	-15.87847058	-14.34817131	4.55104112	8.54564274
2.39166667	-17.30542125	25.16622954	23.97417608	-16.65097731	-14.26360984	4.82906562	8.60644231
2.40000000	-17.17676008	25.36549038	23.72244302	-17.43501729	-14.19483495	5.18348757	8.67393043
2.40833333	-16.98588150	25.61076766	23.37207060	-18.34036669	-14.09285718	5.34931034	8.72464367
2.41666667	-16.77888276	25.80362072	23.05213625	-19.04807438	-14.08381215	4.84837839	8.83669018
2.42500000	-16.55976756	26.22710569	22.63310972	-20.30126432	-13.94614626	5.13410420	8.93089831
2.43333333	-16.22462648	26.52221555	22.08746363	-21.50579949	-13.80550082	5.21424366	8.99769575
2.44166667	-15.66670192	26.45488858	21.36816855	-22.40183282	-13.81659257	4.52523244	9.22692090
2.45000000	-15.37528049	26.94444768	20.88296815	-23.85022120	-13.69578281	4.68860864	9.34664074
2.45833333	-14.79268840	26.96040615	20.02751671	-24.93563773	-13.53730418	4.08244172	9.45747741
2.46666667	-14.47711430	27.43479908	19.49582876	-26.36010310	-13.37548897	4.00417752	9.51567153
2.47500000	-14.20789326	27.96246334	19.06125784	-27.77221034	-13.26746745	3.94211736	9.60075440
2.48333333	-13.53248471	27.94282419	18.07968984	-28.89181686	-13.07149176	3.02120318	9.73510572
2.49166667	-13.25245313	28.51515808	17.60136343	-30.33432548	-12.91781512	3.05911587	9.84348710
2.50000000	-12.91679313	28.99014819	17.00712464	-31.65600930	-12.70423658	2.82077258	9.86062009
2.50833333	-12.68749943	29.53143642	16.61553089	-32.90170844	-12.60356114	2.88203203	9.92582629
2.51666667	-12.17948770	29.63167679	15.88367773	-33.85235082	-12.50575237	2.30431170	10.10322340
2.52500000	-11.98630552	30.16050985	15.49472358	-34.90779920	-12.36598398	2.47921541	10.16918692
2.53333333	-11.53348017	30.33320382	14.82878751	-35.71358612	-12.31362603	2.06502071	10.37585347
2.54166667	-11.34769256	30.87046111	14.47452911	-36.58747203	-12.20909639	2.18397533	10.41625950
2.55000000	-11.17291831	31.32563853	14.10763187	-37.28746601	-12.06683296	2.33449859	10.47944111
2.55833333	-10.64409036	31.19214243	13.41498175	-37.53795256	-12.11347360	1.53840020	10.76016249
2.56666667	-10.50445900	31.57197089	13.10964968	-37.94564451	-11.98064572	1.71138515	10.86176457
2.57500000	-10.33616841	31.79261468	12.79914848	-38.09744812	-11.89712657	1.76165407	10.96803421
2.58333333	-10.23942471	32.24924904	12.51638944	-38.33859853	-11.75135101	1.80559697	11.01616042
2.59166667	-10.18655336	32.67086992	12.24539660	-38.42547942	-11.56677252	1.88438397	11.09114130
2.60000000	-9.93347217	32.60051242	11.94654010	-38.04662567	-11.71148600	1.00500039	11.29064970
2.60833333	-9.80794006	32.82274430	11.70194171	-37.82546824	-11.66811404	0.86974033	11.25654357
2.61666667	-9.77813962	33.19369257	11.50868250	-37.58035130	-11.61057125	0.85104219	11.26365604
2.62500000	-9.67825015	33.33788273	11.22554727	-37.13847518	-11.48341942	0.38447729	11.20250710
2.63333333	-9.67687204	33.68319865	11.06181984	-36.73699052	-11.43115082	0.35575272	11.23975267
2.64166667	-9.68006686	34.01746642	10.89277754	-36.21584239	-11.34364109	0.25883163	11.30018857
2.65000000	-8.97502504	33.30098806	9.83510533	-35.22510750	-11.09689997	-1.09344266	11.52279914
2.65833333	-8.98417507	33.48855986	9.65162492	-34.49884395	-10.96859701	-1.47011956	11.72175647
2.66666667	-9.04296814	33.78516036	9.49865853	-33.77712504	-10.85961645	-1.54332808	11.81884913
2.67500000	-8.39421422	33.17541932	8.49961446	-32.78346349	-10.70726989	-2.44838647	12.16023392
2.68333333	-8.43041919	33.42878465	8.30584127	-32.00873121	-10.59321530	-2.90842016	12.32934046
2.69166667	-8.44213277	33.57762831	8.07606195	-31.13581484	-10.47218674	-3.32754854	12.48038543
2.70000000	-8.30618406	33.58701681	7.67819699	-30.24340609	-10.36466132	-3.85075952	12.68125268
2.70833333	-8.26331455	33.69535068	7.35472457	-29.35020100	-10.22872828	-4.32040499	12.84418705
2.71666667	-7.76780563	33.20997916	6.51630978	-28.37522100	-10.05454433	-4.44177404	12.99616520
2.72500000	-7.77602452	33.34716678	6.25213206	-27.44497628	-9.96355665	-5.09803848	13.18221881
2.73333333	-7.44632266	33.05692172	5.63308304	-26.45246106	-9.89938578	-5.43572848	13.39055572
2.74166667	-6.90944797	32.51682074	4.74858467	-25.40379332	-9.80601347	-5.85052040	13.59367626
2.75000000	-7.06148822	32.79311096	4.71621811	-24.56971059	-9.86036253	-6.30829932	13.83289948
2.75833333	-7.06080564	32.83269815	4.52170901	-23.57004218	-9.88285566	-7.23459052	14.08789860
2.76666667	-7.10091393	32.91522983	4.30200600	-22.59080609	-9.84325221	-8.07485717	14.33412176
2.77500000	-6.85355284	32.71119856	3.74524747	-21.75498779	-9.75294962	-8.02018633	14.56480007
2.78333333	-6.89930445	32.79712030	3.56938080	-20.85877360	-9.76118244	-8.72004895	14.79742402
2.79166667	-6.81594699	32.69631474	3.15365533	-19.91440452	-9.67127958	-8.87444865	15.00583673
2.80000000	-6.91406358	32.68490566	3.06490281	-18.81364064	-9.75748594	-9.62711110	15.22006232
2.80833333	-6.79815530	32.57425333	2.68695491	-18.01819813	-9.77750982	-9.49789520	15.52817133
2.81666667	-6.97282850	32.73020127	2.63453438	-17.19200752	-9.82233040	-9.56345297	15.81351910
2.82500000	-7.05321563	32.78328826	2.50628614	-16.33535439	-9.91726296	-9.75231796	16.14163523
2.83333333	-7.22794070	32.91358494	2.51186253	-15.55941355	-10.05417589	-9.77456323	16.51116324
2.84166667	-7.35046592	33.07712215	2.35986762	-14.97969639	-10.08778733	-9.47740278	16.75718674
2.85000000	-7.52647045	33.20862483	2.35113061	-14.43198551	-10.20184841	-9.09688010	17.02501311
2.85833333	-7.61934547	33.27987764	2.23313923	-13.91679195	-10.30491360	-8.87865071	17.31609013
2.86666667	-7.74835159	33.29161807	2.19997056	-13.29864808	-10.48822072	-8.88594832	17.65879945
2.87500000	-7.82214976	33.38027351	2.07439541	-13.04655371	-10.62827969	-8.50990367	17.92945094
2.88333333	-7.92860579	33.37817959	1.99758412	-12.59156252	-10.79843281	-8.49158600	18.10394002
2.89166667	-8.02069733	33.41993721	1.94332986	-12.30507343	-11.05790625	-8.37630151	18.40810438
2.90000000	-8.10511522	33.43809743	1.88436461	-12.11256938	-11.32923331	-8.10615409	18.75170532
2.90833333	-8.18679912	33.55839621	1.75139575	-12.31616063	-11.45052828	-7.52214809	19.08501831
2.91666667	-8.23934186	33.54567874	1.60428686	-12.32223016	-11.65478051	-7.22122342	19.26387847
2.92500000	-8.27528557	33.49250999	1.48070550	-12.40359627	-11.89231354	-6.89600690	19.53955492
2.93333333	-8.31083542	33.46356112	1.36831024	-12.61776043	-12.14423471	-6.60812202	19.77271047
2.94166667	-8.38130896	33.49440915	1.23533634	-12.95470461	-12.34257696	-6.37541913	19.95691222
2.95000000	-8.41907968	33.45682538	1.04937323	-13.32630638	-12.52797954	-6.36284934	19.95531076
2.95833333	-8.34712437	33.14671309	0.77560334	-13.43864018	-12.67847605	-6.55902300	20.02328571
2.96666667	-8.56024551	33.34314699	0.87946312	-13.92027990	-12.97976070	-6.81173967	20.04678638
2.97500000	-8.58979859	33.33344159	0.74803230	-14.45224175	-13.32117973	-7.00100518	19.98142524
2.98333333	-8.79426856	33.36745187	0.81056641	-14.66731654	-13.52669560	-7.74859308	19.80499023
2.99166667	-8.83464995	33.36727550	0.76130541	-15.08659267	-14.02824974	-8.08947480	19.72235886
3.00000000	-9.25349346	33.69594391	1.19444204	-15.27794434	-14.54834493	-8.93939172	19.58605932
3.00833333	-9.26659988	33.56104871	1.19053139	-15.42010542	-15.14218973	-9.42620226	19.35619708
3.01666667	-9.40315996	33.57843678	1.37511386	-15.54436341	-15.77443600	-10.01413771	19.05481237
3.02500000	-9.37701820	33.47737322	1.40551758	-15.83617005	-16.54144270	-10.14299929	18.76538325
3.03333333	-9.36477444	33.37736589	1.52256151	-16.13617991	-17.45235166	-10.20580968	18.39158981
3.04166667	-10.00756364	33.89278219	2.44425575	-16.30090697	-18.42935234	-10.51067889	17.61248116
3.05000000	-9.94601550	33.69562398	2.63400370	-16.64900601	-19.56610084	-10.19321260	16.94966315
3.05833333	-10.00504759	33.63598909	2.99439620	-17.07408158	-20.69305071	-9.96583503	16.05960826
3.06666667	-9.97660942	33.48150484	3.39998837	-17.52647160	-22.09899034	-9.47808352	15.12900342
3.07500000	-9.72510307	33.10799156	3.67950843	-18.05523478	-23.73566252	-9.16718066	14.47819116
3.08333333	-10.05628951	33.24851877	4.83920703	-18.39740693	-25.54616819	-8.43239058	12.72983108
3.09166667	-10.07975372	33.15517243	5.71868102	-18.85780734	-27.61485886	-7.80040527	11.33724298
3.10000000	-10.03279047	32.83542740	6.77880255	-19.07381833	-29.94384916	-7.27770055	9.79009662
3.10833333	-10.56408079	33.29084867	8.63250875	-19.47383457	-32.48608337	-6.96194812	7.78155130
3.11666667	-10.36081844	32.69247304	9.78426885	-19.43919099	-35.13081236	-6.49814913	5.84155566
3.12500000	-10.84161106	32.93657758	11.85850132	-19.52992399	-37.91808612	-6.27072742	3.39824716
3.13333333	-11.38654763	33.32616084	14.04516806	-19.73071835	-40.82939949	-5.84882302	1.14643877
3.14166667	-12.26346501	33.95366420	16.83278576	-19.78641275	-43.88766453	-5.39735213	-1.04164619
3.15000000	-12.07926260	33.45579615	18.21953005	-19.70607276	-46.66038517	-5.14339113	-2.88347585
3.15833333	-11.98603728	32.93534935	19.83386735	-19.49688250	-49.51265945	-4.77570286	-4.12072197
3.16666667	-12.35034471	33.04189074	21.96866182	-19.49708794	-52.38275489	-4.42936584	-5.04885404
3.17500000	-12.82852458	33.42898537	24.38420911	-19.76694941	-55.30956366	-3.98630240	-5.48158685
3.18333333	-12.77757984	33.01987788	26.07940252	-19.68037431	-58.05245860	-3.60901429	-5.25485277
3.19166667	-12.64210061	32.59387960	27.71956167	-19.69217301	-60.76917096	-3.26000925	-4.59315414
3.20000000	-13.20629786	33.07362231	30.34038148	-19.98916786	-63.69054936	-2.77423406	-3.68940982
3.20833333	-13.20595492	32.85302541	32.12917591	-20.10436727	-66.31107345	-2.38340481	-2.54630063
3.21666667	-13.26005196	32.60910258	34.03698532	-20.13377598	-68.90898584	-1.96090703	-1.27958318
3.22500000	-12.93928754	31.88805610	35.50027637	-20.03259368	-71.33245604	-1.64537838	-0.15835328
3.23333333	-12.90590252	31.63950644	37.38331956	-20.14257813	-73.85500702	-1.20778970	1.27934668
3.24166667	-12.56999518	30.91615947	38.80072477	-20.05061637	-76.08719421	-0.92407067	2.51263762
3.25000000	-12.20575732	30.17412582	40.20341298	-19.96314777	-78.25708726	-0.63369386	3.89960804
3.25833333	-11.77336098	29.36050439	41.55234229	-19.87765142	-80.40439252	-0.26775153	5.89653690
3.26666667	-11.41864550	28.63136349	42.92625376	-19.80947191	-82.34715550	-0.03416832	7.33731869
3.27500000	-11.02503539	27.90552889	44.27652373	-19.75832980	-84.22688590	0.26337490	9.04604509
3.28333333	-10.64379658	27.07233739	45.64658514	-19.60204720	-86.07749449	0.63838772	11.39246207
3.29166667	-10.25529050	26.41422517	46.89919547	-19.63573789	-87.72309774	0.96493607	13.17485859
3.30000000	-9.84475787	25.51469870	48.22400772	-19.38845312	-89.25149201	1.16808533	14.71422911
3.30833333	-9.23256703	24.45193254	49.20225234	-19.23583022	-90.66385594	1.49345598	16.73275339
3.31666667	-8.87493914	23.64573033	50.47235649	-19.03995409	-91.92451760	1.68740784	18.01553033
3.32500000	-8.45516045	22.86624026	51.70483671	-18.94812859	-93.12459075	1.91290235	19.25107444
3.33333333	-7.93527673	21.84006409	52.70052338	-18.72597244	-94.18349693	2.22716646	20.84345796
3.34166667	-7.56773300	21.08275564	53.89695744	-18.58510400	-95.10008728	2.42994925	21.70407210
3.35000000	-7.03529136	20.06447735	54.80128670	-18.38392227	-95.87772099	2.73366503	22.87735399
3.35833333	-6.71747756	19.45282791	55.89769885	-18.34510611	-96.49842540	2.94570453	23.57316264
3.36666667	-6.44917184	18.75239203	57.06201571	-18.13809758	-97.01158670	3.08644580	23.89928449
3.37500000	-5.91307168	17.82238847	57.79058311	-18.04050564	-97.42772928	3.48645073	25.33373609
3.38333333	-5.67583062	17.22920804	58.88614570	-17.90993291	-97.66792556	3.56008825	25.52947117
3.39166667	-5.20343270	16.37941842	59.55291843	-17.82017311	-97.77551660	3.94870936	26.67024994
3.40000000	-5.01462122	15.83357320	60.57198056	-17.67950083	-97.75157489	4.00653337	26.81703161
3.40833333	-4.60805312	15.04882401	61.19435462	-17.56745757	-97.56861923	4.35322478	27.73631688
3.41666667	-4.43187191	14.57008157	62.10426068	-17.49183497	-97.27840124	4.40961248	27.82664783
3.42500000	-4.31291199	14.08705165	62.98066682	-17.35211527	-96.84093988	4.51694901	27.95963064
3.43333333	-4.19460040	13.65436732	63.78964697	-17.24475650	-96.27542838	4.65600055	28.10525403
3.44166667	-4.07559127	13.16140083	64.39666433	-17.10295076	-95.50163807	5.13289856	28.52525920
3.45000000	-3.96247275	12.78682570	65.07641358	-17.07263247	-94.71740657	5.21268175	28.59369862
3.45833333	-3.57253192	12.13468421	65.25659021	-17.09804673	-93.82299666	5.64564532	29.23581348
3.46666667	-3.53381788	11.79363016	65.85628794	-17.02774043	-92.88173351	5.72107338	29.25344006
3.47500000	-3.60825010	11.50944545	66.40315880	-16.84957371	-91.74762396	5.96219455	29.14934618
3.48333333	-3.57987607	11.22264623	66.83336093	-16.87464352	-90.61253257	6.26885631	29.05208183
3.49166667	-3.55054355	11.01937197	67.12967296	-16.94886684	-89.39056242	6.49656510	28.90531421
3.50000000	-3.57517774	10.73995931	67.48412862	-16.88732654	-88.21643505	6.61116808	28.84952489
3.50833333	-3.58419406	10.43734780	67.70600954	-16.80420089	-86.93399248	6.94571544	28.32143227
3.51666667	-3.62253418	10.18815071	67.94766480	-16.78641192	-85.74586999	7.03325959	28.26304079
3.52500000	-3.59634047	9.80101802	67.99884402	-16.62837791	-84.42318288	7.41584524	27.33773137
3.53333333	-3.55035635	9.48801258	67.96276490	-16.61492001	-83.19080262	7.69192086	26.68150435
3.54166667	-3.55533315	9.16928019	67.93131510	-16.53330575	-81.99380558	7.92469362	26.00479847
3.55000000	-3.56152344	8.85069822	67.86926130	-16.46302914	-80.86455776	8.18767539	25.04212513
3.55833333	-3.41958397	8.33514816	67.61274842	-16.37849793	-79.78701806	8.43356971	23.86983831
3.56666667	-3.42211999	8.07384082	67.45818751	-16.35176635	-78.80785487	8.65997993	22.64422548
3.57500000	-3.49785744	7.70966691	67.34386343	-16.16419946	-77.92241115	8.89804222	21.43088508
3.58333333	-3.47842579	7.39498790	67.13771017	-16.14358231	-77.14314419	9.11235153	19.88701818
3.59166667	-3.53657430	7.08072422	66.91254408	-16.02508404	-76.41801089	9.32235862	18.42398091
3.60000000	-3.55760963	6.81578363	66.63589394	-15.99657568	-75.80038450	9.52386218	16.91027798
3.60833333	-3.63740086	6.42942720	66.42353989	-15.79850273	-75.30457765	9.71775428	15.52741938
3.61666667	-3.69146504	6.17984435	66.06416948	-15.74930641	-74.77926664	9.83549825	13.92388881
3.62500000	-3.79755929	5.88776713	65.74447543	-15.59484470	-74.40441056	9.97826288	12.56513052
3.63333333	-3.93818953	5.66303134	65.42842315	-15.47157328	-74.08756816	10.11535471	11.27086542
3.64166667	-4.12203216	5.53868242	65.13048612	-15.52316010	-73.72747163	10.30383792	9.92272567
3.65000000	-4.37509137	5.38136975	64.85009868	-15.35459885	-73.47679372	10.39050828	9.33472473
3.65833333	-4.60586066	5.30837489	64.54680213	-15.35683334	-73.25682725	10.41103745	9.28261445
3.66666667	-4.92637648	5.33507269	64.19765505	-15.33194620	-73.01391235	10.42571722	9.72127228
3.67500000	-5.22770245	5.28552468	63.82807247	-15.24540603	-72.77621351	10.25599380	10.62566706
3.68333333	-5.57243878	5.16276361	63.47968161	-15.04833205	-72.52562051	10.01448247	11.79624624
3.69166667	-5.81871482	5.13201676	62.99238507	-15.03674103	-72.33923877	9.65014880	13.46251906
3.70000000	-6.17952884	5.14233510	62.62650700	-14.93369538	-72.06801098	9.22859987	14.65417973
3.70833333	-6.58961052	5.19402616	62.32519380	-14.85422094	-71.80646741	8.60752080	15.91722993
3.71666667	-6.92000043	5.21905352	61.99996696	-14.81950957	-71.54057861	7.93935824	16.79650396
3.72500000	-7.25396754	5.23667437	61.70850954	-14.74696788	-71.26018838	7.08981431	17.46186038
3.73333333	-7.60668002	5.31957315	61.48297375	-14.72792531	-70.96126457	6.07577308	17.81564961
3.74166667	-7.99358736	5.43630147	61.30366444	-14.71168827	-70.61286679	4.99782857	17.94593893
3.75000000	-8.41187756	5.56218094	61.21723235	-14.70447035	-70.27246742	3.77113818	17.90643927
3.75833333	-8.66560707	5.77906734	60.89344099	-14.97637900	-69.82864951	2.54289365	17.81672830
3.76666667	-9.09351420	5.95647415	60.69095705	-14.99794693	-69.31434261	0.88626460	17.76358080
3.77500000	-9.43279343	6.28660817	60.33797065	-15.33797736	-68.72758016	-0.67809192	17.75565402
3.78333333	-9.79373456	6.73772793	59.91923956	-15.75490606	-68.03406922	-2.54451348	17.79068215
3.79166667	-10.28476322	7.22542721	59.61474704	-16.04572006	-67.28843161	-4.62230739	17.64835226
3.80000000	-10.55217988	7.77400082	58.98042772	-16.73865079	-66.42715095	-6.53583834	17.80527228
3.80833333	-10.86664427	8.45051139	58.40509244	-17.54945276	-65.58058348	-8.58633829	17.93002658
3.81666667	-11.11197671	9.18987649	57.67291976	-18.51058660	-64.59178261	-10.63909310	18.02163829
3.82500000	-11.58372340	10.20515133	57.24213531	-19.54705216	-63.65684966	-12.56003056	17.89964800
3.83333333	-11.67241869	11.08306474	56.35315601	-20.95650747	-62.69542936	-14.26737077	18.01041142
3.84166667	-11.88252125	12.04869956	55.63820996	-22.33597886	-61.76285679	-15.96306013	17.91259691
3.85000000	-11.82160065	13.08753101	54.65248201	-24.25434562	-60.85998685	-17.22298454	17.95132715
3.85833333	-12.11288159	14.35007968	54.05529807	-26.12673815	-59.90678888	-18.71803113	17.77195652
3.86666667	-11.93838810	15.43998324	52.95127847	-28.34198135	-58.95745405	-20.11614694	17.71022138
3.87500000	-11.81931777	16.71446514	51.94171255	-30.81260583	-58.01740221	-21.48499526	17.60659105
3.88333333	-11.86507266	18.22839545	51.05718187	-33.53417430	-56.98191583	-22.79138936	17.47027764
3.89166667	-11.90606144	19.88361655	50.17085107	-36.51518391	-55.91758966	-24.01875396	17.30917826
3.90000000	-11.73692156	21.42705628	49.00961348	-39.74459656	-54.73861140	-24.72298125	17.15597032
3.90833333	-11.85215768	23.34514107	48.24908746	-43.03372953	-53.70212149	-26.23203024	16.91459283
3.91666667	-11.59238909	24.78704875	47.11884458	-46.46718215	-52.62698482	-26.32415477	16.71351389
3.92500000	-11.39305383	26.36535630	46.00690316	-49.86578684	-51.48287791	-27.46042392	16.42592044
3.93333333	-11.39326965	28.22164661	45.16196457	-53.37747964	-50.46719212	-28.00075267	16.20997156
3.94166667	-11.09937076	29.71704749	43.91834455	-56.85788938	-49.35569995	-27.32770291	16.02773499
3.95000000	-11.14833073	31.63371401	43.19449587	-60.38941609	-48.36177215	-27.54546655	15.80089102
3.95833333	-10.82689506	33.12066032	42.00317022	-63.78321212	-47.35700114	-26.32448930	15.62428976
3.96666667	-10.73695684	34.82063443	41.08348429	-67.08507545	-46.37657946	-25.70567047	15.49911303
3.97500000	-10.48192043	36.32507451	39.97379319	-70.30759017	-45.39269175	-23.82531186	15.33409375
3.98333333	-10.35327021	38.07962875	39.06443495	-73.56607463	-44.44492926	-21.87894997	15.18485010
3.99166667	-10.13138566	39.60372101	37.99852372	-76.51052581	-43.46797566	-19.78602922	14.99828008
4.00000000	-10.00272011	41.18850086	37.03165861	-79.35056979	-42.48748138	-17.57925315	14.82751724
4.00833333	-9.79940313	42.79083894	35.96829413	-82.03975192	-41.43231493	-15.51421200	14.63470178
4.01666667	-9.75397470	44.51384222	35.20437664	-84.62316816	-40.58932427	-13.24126909	14.55426726
4.02500000	-9.59830118	45.95528524	34.12810783	-86.84269916	-39.52940959	-11.07996733	14.35934141
4.03333333	-9.46875278	47.50304349	33.16865666	-89.02503418	-38.57169289	-7.78739438	14.36110156
4.04166667	-9.27783206	48.92447832	32.07944882	-90.87469638	-37.48886891	-5.91167887	14.11803339
4.05000000	-8.97417635	50.04110131	30.92142137	-92.53259764	-36.45732676	-2.44784340	14.05756917
4.05833333	-8.86175446	51.44620252	29.93361187	-93.91328233	-35.38793816	-0.93592504	13.81679710
4.06666667	-8.25806377	52.21934231	28.39154431	-95.18556751	-34.34100381	2.88957237	13.75798021
4.07500000	-8.46151020	53.84353929	27.88502592	-96.34787514	-33.38475735	5.65177391	13.33333567
4.08333333	-8.41568744	55.07322883	27.01184754	-97.01430980	-32.35506317	6.25751374	13.26393918
4.09166667	-7.76441163	55.57894728	25.42568813	-97.63140031	-31.39115614	9.56854523	13.09865746
4.10000000	-7.75712876	56.78494779	24.64353222	-98.11466317	-30.45797396	11.35146332	12.87128810
4.10833333	-7.48018714	57.54288905	23.56545149	-98.21133142	-29.53126547	12.36044423	12.59906207
4.11666667	-7.31284128	58.41565182	22.75825238	-98.28144444	-28.73658883	13.71217072	12.48001728
4.12500000	-7.38019867	59.45383410	22.10117475	-98.11164396	-27.88496080	13.92935082	12.45319270
4.13333333	-7.05702753	59.99211401	20.83996567	-97.80532919	-26.86235419	15.94105457	12.06792109
4.14166667	-7.12208576	60.80136652	20.21470763	-97.24702546	-26.03548969	16.51014304	11.71728785
4.15000000	-7.18752484	61.63688326	19.62192201	-96.62126132	-25.24879834	16.82041774	11.65615758
4.15833333	-6.87719270	61.93231879	18.63796181	-95.83797853	-24.56328850	18.18463632	11.47308100
4.16666667	-6.97974370	62.67098822	18.16190873	-94.94888684	-23.92352562	18.51505149	11.23193617
4.17500000	-6.95825009	63.17992855	17.55029965	-93.94878574	-23.33690338	19.01171072	11.16498337
4.18333333	-7.09999190	63.85974760	17.11627480	-92.90223009	-22.71568584	19.13018133	11.12920276
4.19166667	-7.23391728	64.33188596	16.73698546	-91.60986953	-22.18482866	19.40926193	10.74596619
4.20000000	-7.37511999	64.83029447	16.35086612	-90.33381703	-21.64727467	19.53315584	10.73632297
4.20833333	-7.52464568	65.23002986	16.00875156	-88.96284985	-21.16487889	19.66868231	10.62385576
4.21666667	-7.68524610	65.53481475	15.72574335	-87.50766335	-20.74772533	19.75644868	10.49370370
4.22500000	-7.80696914	65.72228743	15.51546743	-85.89886619	-20.55679410	19.62500987	10.26141418
4.23333333	-8.01892008	65.95978956	15.35857875	-84.33188616	-20.31866367	18.77176537	10.31038528
4.24166667	-8.19157747	66.12162457	15.12955064	-82.83935288	-20.02085785	18.47772094	10.18082139
4.25000000	-8.39230187	66.27994654	14.90138287	-81.45349474	-19.65787975	18.19633386	10.15997838
4.25833333	-8.53676871	66.28355092	14.72239676	-79.90770493	-19.50779832	16.81077224	10.01258551
4.26666667	-8.72678066	66.33402301	14.52489828	-78.61773380	-19.22921486	16.52079983	9.96940737
4.27500000	-8.86795839	66.26743251	14.33971972	-77.32770374	-19.03841155	15.76447440	9.68957012
4.28333333	-8.93334334	66.05591123	13.98842443	-76.07654061	-18.77215034	14.81399010	9.60580684
4.29166667	-9.09360795	65.96391653	13.77206317	-75.03020803	-18.53269096	14.26642644	9.49413552
4.30000000	-9.24942781	65.79740147	13.51838789	-74.07054659	-18.23543386	13.60937965	9.30402574
4.30833333	-9.38081611	65.58836026	13.24839398	-73.22711558	-17.92769467	12.72617906	8.96226742
4.31666667	-9.51213731	65.32663732	12.95789913	-72.52747951	-17.61117179	12.00578069	8.63751221
4.32500000	-9.58661507	64.97334698	12.60973433	-71.96248843	-17.29467180	11.27537868	8.12651403
4.33333333	-9.47572173	64.32220458	12.01528140	-71.45198030	-16.93999670	10.59464752	7.56814063
4.34166667	-9.71003144	64.07865319	11.81157577	-71.19046763	-16.59622755	10.42125017	7.06191601
4.35000000	-9.94641309	63.80365352	11.59207106	-71.01572121	-16.24520256	10.48931096	6.43105807
4.35833333	-10.18128995	63.46752048	11.39729360	-70.83381316	-15.89124090	10.72587429	5.80361228
4.36666667	-10.44734490	63.14323386	11.29053054	-70.61826941	-15.59731944	11.09535181	4.90526447
4.37500000	-10.74586614	62.82692508	11.21535317	-70.28908658	-15.30238794	11.45135199	3.78612847
4.38333333	-11.07289784	62.48756009	11.15121158	-69.84009745	-14.99010847	11.74204082	2.67171092
4.39166667	-11.36872508	62.16064434	11.13294869	-69.35688253	-14.78518210	11.93030825	1.57311830
4.40000000	-11.64487795	61.79388032	11.07238130	-68.79978261	-14.49803193	12.07536786	0.01959645
4.40833333	-11.91437275	61.39014541	10.96694745	-68.18965247	-14.21095275	12.15550073	-1.45826970
4.41666667	-11.91930010	60.63940597	10.60717897	-67.49170938	-13.93528178	12.10115804	-3.10113771
4.42500000	-12.19612293	60.18406264	10.71329826	-66.79861838	-13.87717641	12.17850901	-4.81783861
4.43333333	-12.47845026	59.70876395	10.80917585	-66.07362753	-13.82534621	12.22803372	-6.69983517
4.44166667	-12.62836898	59.01076508	10.88582062	-65.25668518	-13.88079663	12.24023881	-8.66625212
4.45000000	-12.77869642	58.29130421	11.04818964	-64.39573975	-14.10589523	12.27664987	-10.70262208
4.45833333	-12.97915498	57.63609731	11.41747841	-63.55558688	-14.56585240	12.32056720	-12.63337131
4.46666667	-12.97405794	56.76176030	11.51581842	-62.70352871	-14.86361105	12.36330798	-14.60325711
4.47500000	-13.09280027	56.07451397	12.06994713	-61.86024153	-15.80981308	12.35698822	-16.35217776
4.48333333	-13.03746347	55.14712238	12.58237019	-60.93328359	-17.06285878	12.33089699	-17.63981489
4.49166667	-13.02171939	54.28970186	13.14176341	-60.08723342	-18.34603618	12.33889675	-19.27599008
4.50000000	-12.99088331	53.46904397	13.88993591	-59.30044845	-19.85518664	12.36060434	-20.12540267
4.50833333	-12.94565020	52.61370899	14.85909303	-58.44703505	-22.00918314	12.38640453	-20.96088853
4.51666667	-12.96225151	51.85432448	16.11022357	-57.63141892	-24.63797474	12.36820482	-21.59620084
4.52500000	-12.61644514	50.63873742	17.08536177	-56.68608398	-27.68082754	12.29849272	-21.82592039
4.53333333	-12.63964661	49.88546247	18.66237938	-55.83833137	-30.90528235	12.26522330	-22.50119638
4.54166667	-12.26160463	48.63949296	19.87254242	-54.81908678	-34.57033701	12.18462344	-22.43016191
4.55000000	-12.07820221	47.68288500	21.34255222	-53.92441896	-38.35539632	12.08799946	-22.47031616
4.55833333	-12.29560687	47.15419625	23.48227169	-53.07091578	-42.30554055	12.09656756	-23.01214530
4.56666667	-11.97228803	45.95336552	24.99033053	-52.00080462	-46.37336211	11.97540926	-22.68680817
4.57500000	-11.88061639	45.11345201	26.73543784	-51.10827391	-50.37908727	11.88258489	-22.53378812
4.58333333	-12.09823329	44.59513916	28.72988689	-50.22103750	-54.28388630	11.79778618	-22.60640884
4.59166667	-11.86413447	43.60178706	30.19550010	-49.30909751	-58.13923709	11.68051615	-21.70024163
4.60000000	-12.14485964	43.25704674	32.36866806	-48.53938951	-62.05784607	11.64646239	-20.86782294
4.60833333	-11.84744685	42.17018277	33.81639591	-47.60589018	-65.75924094	11.50538812	-19.31238149
4.61666667	-12.17624215	41.90162514	36.02854210	-46.87635700	-69.53469683	11.56014539	-17.13746760
4.62500000	-11.95956596	41.02593133	37.53453216	-46.10063601	-73.01721601	11.39512849	-15.02544506
4.63333333	-12.31133526	40.82187736	39.82269681	-45.38937077	-76.63263745	11.47851060	-11.76576372
4.64166667	-12.46607424	40.33845951	41.83982765	-44.62736904	-79.99733249	11.43009281	-8.59408060
4.65000000	-12.29028806	39.52032049	43.30271043	-43.86434913	-82.93227946	11.27758756	-5.99489269
4.65833333	-12.34396803	38.87526014	45.11512834	-43.03225994	-85.93359018	11.32826750	-2.37215992
4.66666667	-12.16082744	37.96918177	46.49902543	-42.16424849	-88.48441057	11.15913177	0.26672859
4.67500000	-12.18087936	37.34592578	48.15139950	-41.42712062	-91.01785882	11.25386452	3.92675964
4.68333333	-11.98915089	36.43326397	49.51088851	-40.60136171	-93.16985571	11.17715802	6.65006738
4.69166667	-11.74225075	35.44262387	50.69784757	-39.66751976	-95.03795579	10.96171930	9.00155499
4.70000000	-11.37469802	34.30063013	51.79056108	-38.74505518	-96.86082394	11.00022001	12.26238103
4.70833333	-10.96495860	33.06644909	52.77005749	-37.77151349	-98.32506077	10.91250443	14.65778299
4.71666667	-10.81104041	32.22262981	53.96194234	-36.93444786	-99.52047083	10.70996591	16.38163473
4.72500000	-10.44021943	31.10586013	54.89574315	-36.03358330	-100.58000356	10.69530475	18.65234258
4.73333333	-10.23298700	30.24775166	55.98273891	-35.24128457	-101.35698838	10.47946837	20.14581903
4.74166667	-10.00477892	29.35861329	56.98810537	-34.45544669	-101.97691302	10.41072263	21.93504685
4.75000000	-9.69009135	28.30345772	57.82503757	-33.57188991	-102.37140829	10.43855945	23.49406285
4.75833333	-9.59513153	27.59213381	58.80814932	-32.79691941	-102.47890721	10.24125062	24.42363788
4.76666667	-9.34623903	26.74039916	59.58760304	-32.10264294	-102.50135879	10.14513106	25.93280634
4.77500000	-9.09997135	26.01356991	60.28027910	-31.47373868	-102.25491828	10.11923067	26.79194075
4.78333333	-8.92761337	25.19531701	61.02818118	-30.70174735	-101.87087605	10.00369182	27.65403470
4.79166667	-8.90065939	24.50499379	61.92889390	-29.89815817	-101.33213084	9.94833120	27.99053253
4.80000000	-8.65213800	23.63528850	62.48812101	-29.19109292	-100.63860602	9.81796604	28.65716479
4.80833333	-8.65103572	23.08552155	63.14133233	-28.54629114	-99.74350241	9.90808895	29.12130543
4.81666667	-8.66544490	22.57988354	63.92733043	-27.90728058	-98.78740902	9.86729359	29.21090471
4.82500000	-8.57074540	21.92964750	64.38712181	-27.29024051	-97.60137442	9.71419429	29.49477387
4.83333333	-8.57120573	21.43702786	64.89150237	-26.69612839	-96.30557649	9.62375828	29.53302371
4.84166667	-8.68599609	21.00948743	65.47057876	-26.04228179	-94.98983312	9.61604855	29.57218466
4.85000000	-8.79264216	20.68966887	65.89464696	-25.53160220	-93.47526178	9.41252729	29.51681796
4.85833333	-8.92399648	20.32754398	66.29394027	-24.94192384	-91.94692067	9.39477945	29.45179766
4.86666667	-9.03681707	20.03393603	66.58550263	-24.45864602	-90.33036543	9.28050223	29.21007077
4.87500000	-9.20060827	19.71688402	66.87998631	-23.91037964	-88.75398073	9.29610520	29.05584836
4.88333333	-9.27833974	19.48249070	66.93670506	-23.58824913	-86.99931618	9.22264239	28.42256880
4.89166667	-9.45658897	19.27658098	67.11067418	-23.21108919	-85.34805783	9.37358501	27.83501604
4.90000000	-9.62945262	19.00117497	67.21324488	-22.72567720	-83.82052438	9.37044591	27.50280381
4.90833333	-9.74006760	18.71442057	67.16164159	-22.33351208	-82.27958380	9.25960712	26.62287001
4.91666667	-9.86656648	18.49161763	67.07435766	-21.99068709	-80.76731019	9.33571126	25.75728071
4.92500000	-10.01462554	18.19776380	66.98743856	-21.56603841	-79.41941665	9.27197675	24.99333201
4.93333333	-10.18828452	17.91972168	66.87338358	-21.10663704	-78.15841200	9.27058126	24.40403248
4.94166667	-10.29612971	17.57744577	66.63914537	-20.67614279	-76.96767250	9.22650008	23.37929885
4.95000000	-10.40403002	17.22705506	66.38280361	-20.26367770	-75.92946538	9.19415279	22.41356312
4.95833333	-10.32988124	16.82443475	65.87785352	-20.07659157	-74.95409495	9.35372508	21.21320475
4.96666667	-10.52833238	16.54974614	65.67205243	-19.63976562	-74.31977965	9.29311544	20.77104459
4.97500000	-10.69853405	16.21924989	65.42633246	-19.19867520	-73.90744163	9.16675375	20.43826737
4.98333333	-10.82355674	15.88944903	65.13074964	-18.80386866	-73.72608008	8.96145783	20.33909559
4.99166667	-10.98816417	15.61400667	64.87099703	-18.41486007	-73.74743147	8.77762555	20.51898385
5.00000000	-11.11903461	15.27493057	64.53994477	-18.01038397	-73.85338270	8.38690747	21.08180320
5.00833333	-11.31040580	14.98893478	64.28291314	-17.61020644	-73.97499474	8.03396303	21.67420389
5.01666667	-11.54892385	14.80907458	64.08528033	-17.25878270	-73.99836133	7.60307282	22.17706623
5.02500000	-11.83045055	14.72868490	63.91542828	-16.98506132	-73.87855840	7.05817473	22.61346856
5.03333333	-12.14328254	14.65648757	63.74664824	-16.70083692	-73.60714715	6.40053504	22.94577506
5.04166667	-12.46827699	14.64611719	63.57332526	-16.50029735	-73.19154868	5.63428557	23.13829702
5.05000000	-12.73665259	14.58110159	63.29998989	-16.27815733	-72.65419118	4.81598708	23.20782013
5.05833333	-12.96502967	14.57806699	62.98880980	-16.20210172	-72.12044863	3.83756164	23.20562901
5.06666667	-13.12251687	14.50091231	62.55730878	-16.13838521	-71.50429296	2.66552624	23.15006892
5.07500000	-13.22020184	14.39470360	62.03718248	-16.18283577	-70.85384282	1.46018756	22.97015314
5.08333333	-13.32224001	14.34870259	61.52443169	-16.28104300	-70.24052642	0.12882838	22.87277018
5.09166667	-13.47923730	14.50021808	61.02896390	-16.58185565	-69.58627084	-1.18016779	22.89446753
5.10000000	-13.48275020	14.48337043	60.29461286	-16.83345968	-68.80820267	-3.03963835	22.69096256
5.10833333	-13.63185935	14.84501148	59.71534592	-17.42485918	-68.03705083	-4.69202397	22.69906727
5.11666667	-13.71545409	15.26595203	59.05152373	-18.17841159	-67.20973976	-6.49936500	22.59920168
5.12500000	-13.77661755	15.78317732	58.32743993	-19.07887615	-66.35477891	-8.30115243	22.52578576
5.13333333	-13.88796977	16.44150352	57.60306124	-20.10003375	-65.44035990	-10.21215674	22.41172980
5.14166667	-14.02827985	17.25116306	56.92867371	-21.26910879	-64.54332237	-12.11850821	22.26566805
5.15000000	-14.00041239	17.95001004	56.11735032	-22.44248016	-63.60088215	-14.20563371	21.97846408
5.15833333	-13.89026370	18.75268878	55.11272279	-24.06025600	-62.58209693	-15.72933267	21.86901817
5.16666667	-13.77871988	19.52359904	54.18292375	-25.61770723	-61.60733848	-17.64744451	21.53073331
5.17500000	-13.59707991	20.55352345	53.22089793	-27.75426466	-60.69184676	-19.10160069	21.38225000
5.18333333	-13.48793982	21.70019458	52.26425802	-29.88648552	-59.68650845	-21.16133645	21.12492626
5.19166667	-13.25867697	22.97086962	51.17991309	-32.51106711	-58.64823047	-22.69454258	20.93895786
5.20000000	-13.03046493	24.28024493	50.07782125	-35.29651334	-57.60232735	-24.35023300	20.74786441
5.20833333	-12.80752890	25.63616741	49.03392374	-38.27775968	-56.60202084	-25.97377658	20.55066958
5.21666667	-12.63583093	27.03370070	47.98018915	-41.35107238	-55.53578549	-27.68398813	20.34590282
5.22500000	-12.47811478	28.52049983	47.07912275	-44.57418399	-54.61806206	-29.41540264	20.12088845
5.23333333	-12.20080338	30.09030729	45.98060392	-48.12687933	-53.57109791	-30.28705371	19.93818116
5.24166667	-12.01037365	31.75267109	45.03487309	-51.69201734	-52.58885640	-31.58068500	19.69969366
5.25000000	-11.70854914	33.33969302	43.90023469	-55.23318797	-51.56872908	-32.67411336	19.50022751
5.25833333	-11.52161592	34.96149493	42.93886095	-58.78160387	-50.57641169	-33.32495848	19.26459117
5.26666667	-11.24677822	36.48645311	41.88841551	-62.26337316	-49.60677972	-33.81066257	19.04490748
5.27500000	-11.04908716	38.13145841	40.95836526	-65.75491804	-48.69081631	-34.09779552	18.85655996
5.28333333	-10.78682817	39.71840172	39.93896051	-69.15258738	-47.75672441	-33.98584505	18.66903559
5.29166667	-10.46786620	41.19224626	38.82695290	-72.49584271	-46.78784794	-32.59718592	18.44592828
5.30000000	-10.23312598	42.74503698	37.93653693	-75.75741019	-45.93760612	-31.16300590	18.25693877
5.30833333	-10.05134533	44.11092680	36.97856766	-78.70079030	-44.97408494	-29.19373493	18.04312646
5.31666667	-9.78511778	45.71446638	36.01555408	-81.78017993	-44.12397080	-26.96251194	17.84286703
5.32500000	-9.48908316	47.24830334	34.95330997	-84.59161184	-43.16693658	-24.80914829	17.72264720
5.33333333	-9.24526763	48.63995561	33.99247140	-87.12084977	-42.29243992	-22.37580311	17.54297967
5.34166667	-9.05652435	49.98999790	33.00593962	-89.39214857	-41.28422282	-19.95222997	17.34611928
5.35000000	-8.63892463	51.20831221	31.78763992	-91.67617605	-40.34064764	-14.45123733	17.39816017
5.35833333	-8.46211077	52.51909904	30.86691445	-93.49005293	-39.37928492	-12.25901817	17.11041449
5.36666667	-8.08088410	53.71205932	29.63523397	-95.29582784	-38.32359456	-7.24306634	16.97876916
5.37500000	-7.85294992	54.93194008	28.60613575	-96.75173428	-37.28224551	-3.55487067	16.74058374
5.38333333	-7.57552722	56.03631925	27.56294550	-97.94506157	-36.29696551	-0.12537399	16.50247332
5.39166667	-7.25753019	57.03988310	26.44328690	-98.87823483	-35.26215876	2.94912663	16.26831808
5.40000000	-7.19779400	58.26416478	25.67924293	-99.51119327	-34.34641835	4.60257316	15.89503623
5.40833333	-6.82385378	59.07138645	24.47076603	-100.02960952	-33.27413272	7.79561753	15.70634896
5.41666667	-6.51088563	59.87503134	23.41836189	-100.23887323	-32.32023988	9.65449276	15.45174387
5.42500000	-6.52226974	61.00604574	22.72366350	-100.22166625	-31.38202237	10.19982396	15.28108705
5.43333333	-6.30736748	61.77472570	21.81261114	-100.02749225	-30.51314266	11.95745563	14.90379554
5.44166667	-6.04312017	62.36974300	20.87375048	-99.55077051	-29.65864620	13.11471683	14.56121595
5.45000000	-5.79366719	62.95286005	19.88203387	-98.99794835	-28.71653088	14.41316262	14.45412461
5.45833333	-5.86809384	63.71556506	19.33024533	-98.15478838	-27.85610671	14.89107020	14.08128941
5.46666667	-5.73694197	64.21541125	18.62742786	-97.23953648	-27.12702523	15.94717037	14.00522632
5.47500000	-5.82600272	64.94336174	18.09470933	-96.17466704	-26.28763215	16.08244714	13.85245451
5.48333333	-5.60858234	65.10407787	17.24478796	-94.93279279	-25.51240376	17.03561538	13.47021026
5.49166667	-5.74736474	65.70580191	16.79953666	-93.65111444	-24.73090021	17.07975008	13.37054998
5.50000000	-5.71995473	66.01317196	16.28676603	-92.17516217	-24.13788469	17.27257941	12.88102291
5.50833333	-5.87129899	66.44543774	15.85204347	-90.68737561	-23.37446433	17.29880946	12.88284393
5.51666667	-5.72310287	66.36689441	15.18475112	-89.06067271	-22.83230454	17.77727262	12.64554428
5.52500000	-5.91051449	66.68631025	14.87514843	-87.47891610	-22.19525246	17.67998551	12.58937993
5.53333333	-6.03413396	66.84336623	14.61689043	-85.80066756	-21.71668064	17.40850587	12.19516042
5.54166667	-6.22284780	67.01705616	14.34441978	-84.18098274	-21.15441272	17.20257941	12.12154654
5.55000000	-6.42292983	67.06611610	14.09112063	-82.55158183	-20.59887827	16.91815853	11.97163186
5.55833333	-6.60971659	67.01705756	14.02692135	-80.87616246	-20.30872990	16.26882774	11.58208662
5.56666667	-6.81930585	66.98569366	13.95631995	-79.30263295	-20.00846251	15.45360775	11.58978171
5.57500000	-6.93131875	66.87003370	13.68855076	-77.84676393	-19.63917313	14.64708313	11.42646633
5.58333333	-7.07976616	66.78980712	13.44681754	-76.59107605	-19.27570230	14.26239274	11.45264664
5.59166667	-7.11711637	66.53074195	13.09591612	-75.28090108	-18.96058671	12.60622486	11.29839486
5.60000000	-7.24906091	66.38913993	12.84270666	-74.25284441	-18.62271713	11.93377615	11.28532715
5.60833333	-7.33508382	66.16945113	12.56155763	-73.31567038	-18.30199776	10.71957515	11.18851181
5.61666667	-7.23165255	65.73892833	12.11235908	-72.43703520	-18.09387184	8.98887484	11.04162830
5.62500000	-7.34454371	65.54038292	11.93183056	-71.80157120	-17.94334404	8.38102819	11.06612600
5.63333333	-7.50358922	65.34054696	11.92081648	-71.19284508	-17.94877357	6.96076558	11.03406309
5.64166667	-7.48460601	64.98296379	11.61729715	-70.80736853	-17.80937171	6.45106146	10.96966784
5.65000000	-7.56918545	64.72957372	11.43334927	-70.58339916	-17.69066389	6.40223381	10.89992480
5.65833333	-7.65706674	64.44353324	11.30643621	-70.48476816	-17.62182051	6.62288902	10.74396110
5.66666667	-7.80531235	64.23201970	11.21064028	-70.51416466	-17.51042665	7.00132858	10.62180992
5.67500000	-7.96838384	64.05854551	11.14054356	-70.59972079	-17.44770751	7.41343858	10.49207862
5.68333333	-8.19950025	63.95193823	11.12029903	-70.66873188	-17.32549266	8.16098470	10.15963827
5.69166667	-8.45197973	63.80276279	11.12130947	-70.64645610	-17.17365542	8.73757360	9.80117712
5.70000000	-8.73425780	63.66784930	11.11764074	-70.52628645	-16.96351007	9.26562377	9.40126639
5.70833333	-8.94111118	63.44324490	11.10919559	-70.29687046	-16.89949568	9.43764324	9.24021191
5.71666667	-9.37159351	63.45413207	11.23271660	-70.00549775	-16.62851860	9.92581132	8.20946292
5.72500000	-9.62944501	63.26622948	11.13258628	-69.65194871	-16.28980832	10.18476501	7.63687623
5.73333333	-9.88668901	63.07374998	11.03564390	-69.27382061	-15.93484889	10.33328187	6.74571380
5.74166667	-10.11823978	62.83737930	10.91500975	-68.88555710	-15.54438276	10.37728216	5.69492215
5.75000000	-10.34118413	62.60746034	10.79071396	-68.53762250	-15.16989246	10.39294916	4.62679684
5.75833333	-10.51999140	62.29005414	10.60503889	-68.11885686	-14.76513314	10.40854703	3.35588380
5.76666667	-10.66934379	61.89660447	10.39165579	-67.66003915	-14.37891144	10.40014513	2.01942130
5.77500000	-10.77576020	61.41919019	10.15609722	-67.13997516	-14.01674768	10.40195943	0.54592630
5.78333333	-10.82140562	60.85921140	9.85953717	-66.61379797	-13.68249802	10.38848663	-1.03825991
5.79166667	-10.82077434	60.18016484	9.49876977	-65.97714801	-13.33629737	10.39437976	-2.71982566
5.80000000	-10.99794161	59.65483308	9.46472380	-65.32141714	-13.13481656	10.44510407	-4.45883590
5.80833333	-11.20832092	59.07927807	9.53831630	-64.56934668	-12.98769747	10.49032779	-6.29009819
5.81666667	-11.36325149	58.50069661	9.59198430	-63.84016336	-12.92701739	10.47297573	-8.20127308
5.82500000	-11.50322079	57.87393080	9.65216189	-63.08233985	-12.86685159	10.51020114	-10.16741973
5.83333333	-11.63446102	57.16019250	9.83885485	-62.21353542	-12.93883369	10.52539386	-12.14071809
5.84166667	-11.68232751	56.44835166	9.94648018	-61.42101410	-13.10124152	10.47903258	-14.08732660
5.85000000	-11.76187675	55.77493360	10.17385275	-60.63644455	-13.38711383	10.45135834	-15.94702768
5.85833333	-11.75072137	54.92450461	10.50986243	-59.72876420	-13.98969792	10.38786330	-17.29658295
5.86666667	-11.83534873	54.22638567	10.71520826	-58.90520445	-14.14233896	10.45661557	-18.92714544
5.87500000	-11.79264579	53.42378808	11.00073513	-58.01137801	-14.93576612	10.28773345	-19.98014407
5.88333333	-11.82473638	52.62268159	11.55818305	-57.06785768	-15.97878211	10.18270874	-20.65596098
5.89166667	-11.75844644	51.74103154	12.10014401	-56.08660800	-17.28895996	10.01441036	-20.76690320
5.90000000	-11.84652810	51.16583876	12.79236337	-55.34610737	-18.60321349	9.89260230	-20.85392108
5.90833333	-11.70265157	50.24543235	13.42384919	-54.39301251	-20.52305498	9.78765336	-20.32339406
5.91666667	-11.58669404	49.39111044	14.11768359	-53.52119363	-22.64371143	9.66738838	-19.57927414
5.92500000	-11.59531015	48.69261597	15.06218313	-52.66247127	-24.73432272	9.49319970	-19.56940703
5.93333333	-11.67253254	48.11066786	16.25540661	-51.85706478	-27.28733657	9.37882327	-19.04854122
5.94166667	-11.43457176	47.14605542	16.99163932	-50.96206931	-29.95274289	9.26356777	-17.95029273
5.95000000	-11.39675115	46.50522037	18.05422125	-50.17683338	-32.51943790	9.01280150	-18.03313433
5.95833333	-11.42541133	45.94106207	19.17653205	-49.42089243	-35.25808190	8.83757620	-17.57902238
5.96666667	-11.20634574	45.05818674	19.98739605	-48.56806968	-37.91194880	8.63799542	-17.03364663
5.97500000	-10.91430765	44.14866165	20.74628842	-47.82103411	-40.62465381	8.48672687	-15.92208003
5.98333333	-10.78146258	43.34098554	21.60792525	-46.98690676	-43.18636798	8.32365685	-14.83720256
5.99166667	-10.59753783	42.54141619	22.51969076	-46.20780690	-45.79832345	8.16829223	-13.75477671
6.00000000	-11.05179951	42.47204593	24.25756229	-45.51496404	-48.43622938	8.08302906	-12.94159605
6.00833333	-11.02494810	41.89408531	25.27731806	-44.81103074	-50.84817805	7.97319143	-11.30051894
6.01666667	-10.84657910	41.18106085	26.10826156	-44.12635455	-53.11142215	7.78509650	-9.78267315
6.02500000	-10.81383727	40.67301608	27.08169480	-43.52175839	-55.26464140	7.63161022	-8.14132460
6.03333333	-11.32356785	40.81371477	28.88892032	-42.97837145	-57.70934319	7.56471312	-5.44119997
6.04166667	-11.19829952	40.10927688	29.67372332	-42.25353193	-59.45248458	7.36833907	-3.83051426
6.05000000	-11.65229968	40.15741421	31.35608910	-41.70298395	-61.48902754	7.28646159	-1.27419850
6.05833333	-11.83106142	39.88674963	32.52459310	-41.13429125	-63.07096869	7.17152340	0.71663643
6.06666667	-11.83194187	39.42447993	33.44039961	-40.50970828	-64.42161467	7.02865491	2.54815090
6.07500000	-11.79266150	38.94888432	34.22715457	-39.90954564	-65.48994370	6.85412448	3.89268025
6.08333333	-12.01693741	38.70532218	35.32821673	-39.27352616	-66.51163964	6.69103028	5.95209344
6.09166667	-12.06948446	38.27600340	36.14773204	-38.66487263	-67.16788550	6.55265838	7.11042696
6.10000000	-12.23710565	37.95601229	37.08863761	-37.99998959	-67.71361918	6.47753924	8.56787060
6.10833333	-12.19201052	37.44093345	37.60626468	-37.36073430	-67.87429664	6.27417802	9.52418175
6.11666667	-12.10354015	36.87201801	38.04815548	-36.69861958	-67.89668234	6.11746423	10.71278252
6.12500000	-12.12285193	36.41377151	38.55249739	-36.06966243	-67.68395306	5.94358956	11.49308952
6.13333333	-12.11983174	35.90849235	38.96440922	-35.42003932	-67.24615467	5.77997953	12.30137966
6.14166667	-12.20948411	35.60756723	39.39091495	-34.87735986	-66.61950467	5.76347923	12.52775635
6.15000000	-12.16502980	35.02237705	39.64110601	-34.14714205	-65.83632956	5.45480934	13.55274731
6.15833333	-12.06053572	34.36171401	39.75882958	-33.42822968	-64.89260441	5.39639348	14.49774757
6.16666667	-12.18224628	34.09749414	40.02707046	-32.86674465	-63.76590141	5.29816266	14.85696449
6.17500000	-12.10575787	33.59000046	40.03950875	-32.27735499	-62.56781781	5.23269776	15.93601480
6.18333333	-12.23361700	33.45312692	40.26880340	-31.81407187	-61.21429121	5.08425969	16.14273153
6.19166667	-12.13590415	32.78323310	39.79141876	-31.12683298	-59.42421838	4.99949449	16.87603720
6.20000000	-12.38503983	32.64443274	39.87587444	-30.58018409	-57.69937262	4.93247344	16.94065465
6.20833333	-12.57619648	32.44338751	39.83934148	-30.03153824	-55.85262814	4.69463830	16.98140022
6.21666667	-12.55336269	32.05070069	39.54980239	-29.56790560	-53.98864597	4.78492433	17.24254727
6.22500000	-12.71830555	31.88414363	39.37178288	-29.07941482	-52.00419738	4.64104716	17.01618532
6.23333333	-12.53114941	31.27452834	38.65153350	-28.51390585	-49.87025100	4.62564571	17.04310983
6.24166667	-12.70409622	31.16535625	38.37169703	-28.12828746	-47.76851060	4.49180051	16.64200719
6.25000000	-12.63375058	30.73696606	37.80846376	-27.66968340	-45.68275863	4.51265600	16.51002954
6.25833333	-12.85910574	30.53067734	37.66468119	-27.11845088	-43.69046334	4.43336482	16.04242066
6.26666667	-12.87140461	30.27231976	37.22221984	-26.80951064	-41.72334142	4.37503012	15.66381339
6.27500000	-12.90728533	30.09406218	36.74840780	-26.56199850	-39.84170068	4.52156762	15.48015559
6.28333333	-12.90806158	29.76719808	36.15793963	-26.19584497	-37.92232451	4.52931008	15.08531243
6.29166667	-13.12563005	29.71147746	35.87949721	-25.87014621	-36.19703052	4.51312179	14.61997463
6.30000000	-13.24232777	29.57158421	35.47647969	-25.59764468	-34.57546596	4.49417591	13.98683614
6.30833333	-13.28133241	29.37186366	35.03878132	-25.34320378	-33.14770055	4.52143235	13.41490110
6.31666667	-13.40856180	29.27669251	34.70576566	-25.09966391	-31.85861743	4.55130880	12.83258537
6.32500000	-13.27540368	28.86996805	34.00205337	-24.83804334	-30.62773067	4.60719646	12.11807026
6.33333333	-13.47509216	28.89509287	33.69268466	-24.68888914	-29.55614712	4.63112228	11.33097175
6.34166667	-13.60125339	28.82804531	33.40605769	-24.52779230	-28.68398411	4.68965363	10.22450913
6.35000000	-13.79664823	28.90261125	33.16525726	-24.47190681	-27.86174044	4.74704846	9.53864520
6.35833333	-13.81017711	28.69000793	32.72929578	-24.27548246	-27.09426194	4.80968449	8.40823419
6.36666667	-13.89787800	28.65810655	32.17407106	-24.26029429	-26.26376791	4.90697804	7.76160156
6.37500000	-13.91697308	28.63175512	31.78436764	-24.30297398	-25.68299172	5.01262899	7.38156528
6.38333333	-13.78598139	28.43349349	31.30512563	-24.33535927	-25.20220264	5.09021594	7.14474378
6.39166667	-13.96021836	28.52179557	31.02001478	-24.36483212	-24.68217699	5.16895090	7.16537774
6.40000000	-14.09529763	28.62130511	30.58377981	-24.45186462	-24.07431587	5.27647962	7.07434979
6.40833333	-14.25128259	28.75616845	30.45109250	-24.52343674	-23.73327614	5.33180148	7.10152158
6.41666667	-14.41746352	28.95919547	30.35033168	-24.63315318	-23.40619535	5.34481956	6.87419499
6.42500000	-14.55914596	29.03013275	30.29984581	-24.60283243	-23.12995675	5.35726299	6.87640134
6.43333333	-14.72111915	29.09797212	30.19637281	-24.55280371	-22.74293147	5.25579762	6.53511954
6.44166667	-14.86643768	29.07386489	30.13316646	-24.36377777	-22.45001072	5.11062461	6.42824823
6.45000000	-14.98021791	29.08531485	30.09706741	-24.26822956	-22.25206253	5.10941992	6.35212078
6.45833333	-14.99470422	29.03071095	29.89418747	-24.23934078	-21.96579609	5.05390787	6.06449968
6.46666667	-15.09074769	29.05072458	29.91388225	-24.17048927	-21.89807139	5.07170828	6.06892926
6.47500000	-15.01552163	28.72357412	29.66476830	-23.91661972	-21.71633751	5.01527815	5.93353559
6.48333333	-15.11880272	28.59623862	29.62574854	-23.68087615	-21.61053261	5.04629923	5.96973935
6.49166667	-14.73016575	27.82331008	28.99086070	-23.26705389	-21.45409152	5.00385966	6.07620804
6.50000000	-14.85634058	27.83744767	29.02553894	-23.14606169	-21.40964996	5.01833359	6.10869458
6.50833333	-14.95949083	27.72318784	28.94947218	-22.87857251	-21.26605951	4.95733129	6.11368907
6.51666667	-15.06143911	27.58786629	28.96183513	-22.60204358	-21.19688465	4.95030828	6.14477293
6.52500000	-15.15248681	27.38319599	28.97386738	-22.23517587	-21.10479881	4.87191522	6.19192769
6.53333333	-15.29379548	27.39098110	28.98109343	-22.09281406	-20.99322375	4.88655443	6.24569121
6.54166667	-15.43818692	27.37649174	28.87522931	-21.89056394	-20.71530860	4.83083279	6.28244173
6.55000000	-15.58461381	27.42142091	28.84100644	-21.77356983	-20.54743405	4.84111979	6.31667778
6.55833333	-15.64884167	27.31372306	28.69041015	-21.57133819	-20.31322949	4.79065163	6.27628727
6.56666667	-15.76846001	27.33558241	28.72773024	-21.48273444	-20.24352499	4.82772755	6.31226267
6.57500000	-15.88144340	27.26091254	28.67942889	-21.27130818	-20.07564548	4.84105260	6.36003344
6.58333333	-15.89327698	27.13193753	28.45768403	-21.12101062	-19.84609781	4.78016393	6.36473797
6.59166667	-16.00373980	27.14686078	28.31804585	-21.05283171	-19.60706982	4.82811153	6.41297112
6.60000000	-16.01624345	27.11361300	28.10356499	-21.04017138	-19.42510891	4.92236256	6.39104001
6.60833333	-15.95988263	26.94322733	27.82329828	-20.93651966	-19.19226267	5.02191223	6.32438268
6.61666667	-16.04773749	26.91997164	27.79592064	-20.82225354	-19.12400046	5.02347537	6.37289784
6.62500000	-16.10861128	26.84484819	27.70525146	-20.68461072	-19.01661496	5.02650825	6.40652321
6.63333333	-16.15733192	26.73836968	27.61389265	-20.52301275	-18.91825757	5.04179423	6.43881836
6.64166667	-16.20344920	26.62046952	27.54853432	-20.34297700	-18.84456300	5.04436810	6.47965380
6.65000000	-16.31363707	26.64708204	27.55559397	-20.25404440	-18.76193034	5.05393684	6.46310239
6.65833333	-16.40622033	26.63023480	27.54712468	-20.11793909	-18.67763976	5.04589008	6.47567028
6.66666667	-16.52162835	26.69307104	27.62061447	-20.05964034	-18.66134521	5.07504937	6.50110401
6.67500000	-16.59960771	26.67856835	27.55423507	-19.93426891	-18.49947964	5.02601422	6.44434716
6.68333333	-16.68051676	26.66308285	27.52716310	-19.81674774	-18.37728832	5.06384624	6.42206189
6.69166667	-16.77325665	26.63074774	27.59286564	-19.65619384	-18.33744378	5.04896433	6.42207982
6.70000000	-16.89255866	26.59792908	27.53712020	-19.46258868	-18.13629806	5.03608890	6.39899027
6.70833333	-17.02171264	26.61046364	27.55635934	-19.31440837	-18.01429068	5.06853674	6.43383919
6.71666667	-17.14484327	26.54927329	27.54179408	-19.09090153	-17.84474224	5.04445333	6.42236678
6.72500000	-17.21624917	26.50764663	27.46934708	-18.95208221	-17.68432579	5.01780924	6.35767280
6.73333333	-17.33104042	26.54746230	27.50432497	-18.86292264	-17.59847383	5.05988831	6.39787030
6.74166667	-17.38807817	26.52665546	27.44461622	-18.77340259	-17.45853401	5.07447392	6.35187413
6.75000000	-17.48970516	26.58019093	27.47488571	-18.71778730	-17.38668114	5.10633289	6.38945263
6.75833333	-17.53354737	26.56124041	27.41995034	-18.64306382	-17.28432606	5.08082166	6.35726316
6.76666667	-17.60424694	26.60735062	27.41539803	-18.63595002	-17.19850646	5.13256379	6.37855932
6.77500000	-17.67181487	26.65197656	27.41344106	-18.61989979	-17.13004576	5.15922431	6.39849085
6.78333333	-17.72677553	26.73387676	27.49661886	-18.69697699	-17.21336444	5.18741253	6.41444841
6.79166667	-17.74803714	26.64442765	27.38558563	-18.57621079	-17.04976236	5.18125308	6.40488414
6.80000000	-17.74992102	26.58558596	27.31948659	-18.54456417	-16.99131876	5.20450693	6.41568027
6.80833333	-17.76709447	26.56803632	27.27016591	-18.54173843	-16.93300895	5.21418856	6.42898687
6.81666667	-17.81634827	26.59401913	27.27796770	-18.55176049	-16.91241936	5.24429898	6.46879160
6.82500000	-17.82152349	26.55351491	27.21507307	-18.53475121	-16.85463608	5.23340590	6.47732552
6.83333333	-17.86733331	26.59152796	27.20587161	-18.57562994	-16.82140723	5.26254583	6.51900895
6.84166667	-17.90663840	26.62239933	27.16768522	-18.60886233	-16.76221929	5.28375680	6.55174854
6.85000000	-17.89609348	26.60873069	27.09435313	-18.63416775	-16.70865409	5.28752800	6.52394159
6.85833333	-17.93895801	26.65510415	27.09527515	-18.67584474	-16.69151786	5.30763454	6.56034997
6.86666667	-17.97266060	26.74321267	27.17555437	-18.78022531	-16.80416886	5.33170201	6.57275488
6.87500000	-18.01317238	26.72345459	27.08175139	-18.70573140	-16.64043563	5.32740946	6.57094910
6.88333333	-18.02591460	26.68573232	27.07282141	-18.66523789	-16.65205064	5.33379246	6.60024786
6.89166667	-18.07727258	26.68327960	27.11428158	-18.61024977	-16.67061823	5.31596507	6.60871767
6.90000000	-18.12321866	26.75264917	27.21325017	-18.66268691	-16.77773506	5.34305691	6.62655718
6.90833333	-18.17538211	26.70560388	27.21171960	-18.53485015	-16.73462313	5.35020391	6.67708713
6.91666667	-18.27145165	26.81489531	27.36114152	-18.56895421	-16.83977890	5.36584614	6.68789820
6.92500000	-18.25472850	26.66983060	27.26719042	-18.36892306	-16.74629566	5.27395294	6.71159981
6.93333333	-17.98254195	26.28944807	26.83483455	-18.27075974	-16.57132235	5.29203312	6.66822712
6.94166667	-18.07058117	26.35238759	26.93120307	-18.22451017	-16.60760017	5.33248401	6.69786378
6.95000000	-18.15148954	26.36721427	26.96488190	-18.12294743	-16.54996156	5.27598942	6.66696255
6.95833333	-18.23662589	26.41359125	27.03309281	-18.06829899	-16.52918844	5.29128405	6.69387262
6.96666667	-18.32876178	26.44873302	27.09193054	-17.97046884	-16.49322191	5.28843903	6.70267209
6.97500000	-18.40613720	26.52516722	27.18180380	-17.94559405	-16.51046165	5.29297611	6.71033108
6.98333333	-18.43992917	26.50027283	27.14432230	-17.85287756	-16.41061121	5.21674030	6.66578900
6.99166667	-18.50591665	26.55590648	27.19215270	-17.83214917	-16.39273309	5.23662658	6.68430660
7.00000000	-18.53876991	26.54150436	27.16110631	-17.77185471	-16.30236111	5.20052924	6.65306878
7.00833333	-18.47174660	26.46359550	27.00944684	-17.77343594	-16.19845695	5.23310269	6.61332070
7.01666667	-18.55275463	26.54134610	27.09141183	-17.76505955	-16.20812779	5.27558487	6.64522424
7.02500000	-18.61130173	26.61800225	27.15670521	-17.78245874	-16.22311316	5.29496349	6.66150535
7.03333333	-18.62068940	26.68572505	27.05254246	-17.82689549	-16.05141225	5.25697412	6.62342050
7.04166667	-18.67497932	26.79913987	27.17689304	-17.91972264	-16.16997004	5.29950240	6.63894010
7.05000000	-18.50196211	26.50909030	26.75686763	-17.78524327	-15.82348394	5.39622844	6.54840687
7.05833333	-18.59185063	26.58884933	26.82999238	-17.77487593	-15.81176395	5.42813549	6.58115216
7.06666667	-18.67768176	26.65877867	26.89282305	-17.74910894	-15.78904301	5.44291426	6.59470505
7.07500000	-18.75530292	26.72763977	26.96612795	-17.74162685	-15.78459718	5.45636703	6.60494314
7.08333333	-18.76707865	26.71116245	26.88779506	-17.70372222	-15.65853138	5.40811474	6.53774554
7.09166667	-18.81442414	26.74625148	26.92076648	-17.67793561	-15.64256301	5.42284503	6.53668633
7.10000000	-18.85028331	26.76333876	26.93070960	-17.65415369	-15.61605299	5.43642679	6.54793880
7.10833333	-18.88077953	26.76643199	26.94024701	-17.61931622	-15.58705250	5.43850100	6.55446124
7.11666667	-18.90746973	26.78895343	26.95386913	-17.61444943	-15.57351462	5.44539595	6.56506236
7.12500000	-18.94630904	26.83383342	27.01411202	-17.62172424	-15.61867699	5.46356453	6.57269016
7.13333333	-18.95311643	26.79000732	26.96203096	-17.56527076	-15.53055062	5.44724341	6.57107118
7.14166667	-18.97847920	26.87244879	27.06586364	-17.64941034	-15.65600364	5.46788004	6.57358678
7.15000000	-18.96127748	26.76760380	26.94726117	-17.53776742	-15.51540776	5.43514232	6.56383423
7.15833333	-18.99651326	26.84029184	27.03822064	-17.58770240	-15.59923780	5.46115516	6.57554268
7.16666667	-18.87640823	26.63344567	26.81388017	-17.48469343	-15.46350852	5.39703998	6.53919460
7.17500000	-18.56062237	26.22552033	26.38115117	-17.40280062	-15.33123662	5.43351720	6.53848076
7.18333333	-18.63124097	26.32251527	26.47151709	-17.43427066	-15.35931281	5.46199788	6.56255142
7.19166667	-18.69096074	26.38668104	26.51026190	-17.43713865	-15.31000377	5.43139608	6.53834796
7.20000000	-18.75617765	26.48193828	26.59657635	-17.47680200	-15.34231603	5.46524431	6.56446424
7.20833333	-18.79460774	26.49805631	26.58242110	-17.45133490	-15.24969280	5.43316758	6.52606276
7.21666667	-18.84580854	26.56693142	26.63202406	-17.48329154	-15.24347702	5.45480653	6.54515886
7.22500000	-18.84604801	26.54812650	26.58742686	-17.45927896	-15.17080164	5.40967610	6.47922831
7.23333333	-18.90348799	26.61603918	26.62822034	-17.46585841	-15.13506986	5.43725521	6.50651373
7.24166667	-18.94344021	26.71508364	26.73497467	-17.55898007	-15.23065872	5.45634491	6.51175352
7.25000000	-18.85811005	26.54726219	26.46319905	-17.42274647	-14.93518744	5.36908908	6.40164937
7.25833333	-18.93353174	26.63948495	26.55326542	-17.43685901	-14.94078161	5.40720266	6.41805458
7.26666667	-18.90029188	26.56898575	26.41981643	-17.39863678	-14.78456335	5.37598769	6.34532386
7.27500000	-18.96275499	26.66283510	26.47793969	-17.41405037	-14.75947443	5.39649403	6.35935346
7.28333333	-19.02870620	26.71321216	26.50488310	-17.40691911	-14.67450514	5.39852591	6.34548362
7.29166667	-19.06235468	26.74815931	26.46812785	-17.39690960	-14.54380254	5.35278719	6.26997012
7.30000000	-19.08693777	26.77809358	26.43753895	-17.39326643	-14.44850882	5.33823747	6.21646613
7.30833333	-19.04958825	26.71222806	26.33306584	-17.36324683	-14.36865486	5.31087858	6.18161203
7.31666667	-19.11387065	26.75599272	26.36130946	-17.33657472	-14.29895617	5.32764125	6.19605099
7.32500000	-19.16296034	26.78759041	26.35286404	-17.31064485	-14.20645107	5.31093506	6.16805264
7.33333333	-19.22509670	26.85169908	26.36334776	-17.30620513	-14.12558557	5.31491324	6.16461702
7.34166667	-19.04388003	26.60088236	26.09232254	-17.21610994	-14.05624390	5.27711393	6.20531581
7.35000000	-19.12312801	26.68162963	26.11486991	-17.21129734	-13.94750174	5.27601346	6.20042914
7.35833333	-19.18979587	26.78124532	26.19296244	-17.24701180	-13.94406949	5.29631570	6.20341879
7.36666667	-19.22286142	26.81041735	26.06140521	-17.22590177	-13.66081454	5.25248493	6.10925844
7.37500000	-19.26568310	26.85607472	26.04550167	-17.23336633	-13.54441096	5.27668882	6.05886122
7.38333333	-19.22061624	26.82220284	25.95792127	-17.22850198	-13.45999538	5.26642683	5.96246031