0.00000000	-18.48672172	25.41832098	25.93811804	-11.07367707	-11.43223146	2.28894525	4.28623495
0.00833333	-18.47805299	25.42213288	25.91238207	-11.07589464	-11.41512247	2.28667843	4.29136604
0.01666667	-18.47486835	25.43450553	25.90998714	-11.08206644	-11.40353775	2.27986679	4.27295253
0.02500000	-18.50779832	25.50309266	25.97165470	-11.12625020	-11.45558422	2.33590722	4.31442152
0.03333333	-18.50976008	25.48420423	25.95753209	-11.09279058	-11.41191772	2.28031695	4.26170247
0.04166667	-18.51695719	25.51240980	25.97150422	-11.11300756	-11.41883172	2.26958328	4.24808241
0.05000000	-18.51401784	25.51936610	25.96940225	-11.11268493	-11.41814685	2.26066485	4.24619399
0.05833333	-18.52957717	25.55558137	25.98129501	-11.13666788	-11.41931881	2.27733308	4.25984065
0.06666667	-18.52563750	25.64060161	25.96588646	-11.21603219	-11.41144744	2.25311011	4.24952504
0.07500000	-18.49516578	25.61913029	25.93242414	-11.22269322	-11.41629581	2.24234760	4.21601411
0.08333333	-18.53140548	25.62468113	25.98004735	-11.19536235	-11.42339340	2.30177984	4.25801883
0.09166667	-18.50856473	25.58073911	25.96162041	-11.15086111	-11.42145230	2.23778758	4.21894476
0.10000000	-18.52502226	25.59937092	25.97104042	-11.16171449	-11.41456749	2.26052364	4.25813207
0.10833333	-18.52563338	25.60631961	25.97466789	-11.14785341	-11.41713698	2.23515056	4.24270573
0.11666667	-18.55172615	25.67328753	26.03564115	-11.19191157	-11.47497137	2.28925998	4.28563375
0.12500000	-18.53809738	25.63988940	25.99989908	-11.15841077	-11.42824888	2.21702244	4.22801241
0.13333333	-18.53512550	25.64633075	26.01068414	-11.16671103	-11.44421954	2.23388464	4.24195109
0.14166667	-18.46486666	25.57278530	25.92187062	-11.16041101	-11.44710809	2.21324444	4.22603894
0.15000000	-18.50176007	25.63877705	25.98719289	-11.20097060	-11.48202880	2.27380176	4.27214858
0.15833333	-18.52902678	25.65820202	25.99518899	-11.18457631	-11.44716223	2.29295880	4.28692564
0.16666667	-18.49665541	25.62184575	25.97036353	-11.17182160	-11.46385878	2.18081673	4.25359043
0.17500000	-18.49905326	25.63097573	25.98147272	-11.18926481	-11.46578219	2.23908568	4.24058217
0.18333333	-18.53412256	25.68610619	26.02252283	-11.21305169	-11.47774811	2.28776466	4.28427909
0.19166667	-18.53436926	25.67264432	26.00464938	-11.18808454	-11.45029375	2.25591767	4.25227669
0.20000000	-18.54775504	25.69940828	26.01562052	-11.20661173	-11.44013378	2.27293008	4.26798807
0.20833333	-18.55453213	25.70878655	26.01590263	-11.20090266	-11.43192147	2.26019463	4.24226220
0.21666667	-18.56890056	25.74198636	26.03261581	-11.22992972	-11.43520616	2.29289302	4.26681671
0.22500000	-18.36933194	25.50132250	25.78842029	-11.19242550	-11.41331992	2.30676589	4.22131676
0.23333333	-18.41975342	25.56859231	25.83010180	-11.20769952	-11.38740241	2.28383740	4.22743846
0.24166667	-18.45007416	25.61178354	25.85921793	-11.22362149	-11.38083018	2.29579116	4.23365630
0.25000000	-18.48171134	25.65245338	25.87885838	-11.22848769	-11.35566497	2.31364448	4.24630313
0.25833333	-18.49096442	25.66661628	25.88320389	-11.21921401	-11.35265493	2.26864140	4.19783900
0.26666667	-18.49850673	25.67877666	25.89293816	-11.22005062	-11.34502231	2.28560948	4.19512822
0.27500000	-18.52863636	25.73681318	25.94352109	-11.25707133	-11.36420595	2.33304169	4.23263194
0.28333333	-18.52875900	25.71900985	25.90126694	-11.22529796	-11.29446716	2.26346155	4.16409471
0.29166667	-18.53699782	25.73252569	25.89765911	-11.22114374	-11.28306091	2.26388459	4.14495814
0.30000000	-18.54319272	25.74779159	25.91192526	-11.24402233	-11.27500718	2.28536287	4.15384641
0.30833333	-18.57457217	25.79827277	25.94961447	-11.26829568	-11.28662193	2.33161863	4.18559032
0.31666667	-18.52486958	25.72248837	25.86282461	-11.23950298	-11.22264945	2.26280904	4.10315997
0.32500000	-18.53567261	25.73985839	25.85857830	-11.25051253	-11.20374055	2.28287696	4.10013114
0.33333333	-18.53876194	25.74545400	25.85162853	-11.24700032	-11.19142915	2.30844775	4.10917615
0.34166667	-18.39475297	25.57468784	25.66995370	-11.23949257	-11.15792037	2.31791302	4.08304808
0.35000000	-18.42554653	25.59339118	25.68948014	-11.22692703	-11.12270488	2.32915674	4.10940949
0.35833333	-18.45841389	25.65845924	25.75026861	-11.25080609	-11.16809344	2.36927104	4.14035831
0.36666667	-18.46316033	25.64546084	25.72713104	-11.22392197	-11.12319686	2.28717971	4.08123713
0.37500000	-18.49744472	25.70802869	25.78501364	-11.25027772	-11.16158292	2.34626502	4.12472425
0.38333333	-18.47940470	25.66074908	25.72219152	-11.20945032	-11.08341245	2.25134858	4.04476738
0.39166667	-18.51712174	25.70573323	25.75988305	-11.21758045	-11.07142592	2.30951077	4.08817010
0.40000000	-18.42654033	25.56240343	25.66392265	-11.11923616	-11.08155572	2.21791536	4.05454299
0.40833333	-18.47307023	25.61746483	25.70762137	-11.13365396	-11.06885556	2.26704256	4.07990013
0.41666667	-18.50432456	25.66206235	25.74547814	-11.15370261	-11.06147289	2.30336654	4.09972599
0.42500000	-18.53452257	25.69759246	25.76217768	-11.16293418	-11.03646886	2.31406598	4.09404638
0.43333333	-18.56131019	25.75338651	25.81722608	-11.19175266	-11.07489688	2.35519609	4.10913622
0.44166667	-18.58905260	25.78514633	25.83954217	-11.19715575	-11.06547466	2.38195334	4.11743945
0.45000000	-18.53680752	25.71608203	25.74172048	-11.20474561	-10.98762740	2.30946485	3.98647500
0.45833333	-18.54703023	25.71825119	25.75122274	-11.18142817	-10.98114334	2.33402890	3.99909458
0.46666667	-18.55308877	25.72677841	25.76792243	-11.18059074	-10.98388508	2.33574802	4.00097493
0.47500000	-18.58350951	25.79859098	25.83441431	-11.22417086	-11.04846434	2.38875925	4.04138552
0.48333333	-18.57115639	25.74173294	25.79961461	-11.15108371	-10.99088230	2.31413649	3.97478095
0.49166667	-18.59086765	25.77955692	25.82802321	-11.19259497	-10.99180966	2.34736667	4.01449873
0.50000000	-18.60660175	25.80685953	25.85762597	-11.20411326	-11.01626656	2.36181771	4.02671661
0.50833333	-18.54386332	25.71969823	25.77446117	-11.16794960	-10.97907000	2.26362686	3.94516083
0.51666667	-18.55594860	25.72842777	25.79397347	-11.16136095	-10.97830721	2.29975647	3.95660954
0.52500000	-18.58490558	25.78689870	25.85869833	-11.19940630	-11.03577363	2.35993872	4.00037072
0.53333333	-18.60482684	25.78998010	25.86887006	-11.18267736	-11.00581393	2.38317066	4.01853797
0.54166667	-18.59085099	25.74941380	25.84604985	-11.14541681	-10.98354920	2.31694309	3.95343828
0.55000000	-18.61136196	25.78191707	25.87340714	-11.16942130	-10.98384073	2.35313265	3.98578730
0.55833333	-18.61414631	25.78783329	25.88959352	-11.18254097	-10.99987140	2.32677550	3.93080338
0.56666667	-18.64144621	25.83163134	25.91884763	-11.20586878	-11.00881070	2.38151840	3.98003549
0.57500000	-18.64754378	25.83012654	25.91685542	-11.21345224	-10.98595572	2.37822560	3.97757696
0.58333333	-18.65584560	25.83479061	25.92931489	-11.19921523	-10.98892117	2.38301634	3.96241285
0.59166667	-18.67555188	25.86655241	25.95021654	-11.22487251	-10.98822728	2.40888918	3.97648736
0.60000000	-18.53104491	25.71711320	25.77296342	-11.26741210	-10.96532827	2.42258866	3.93223432
0.60833333	-18.54852989	25.72040107	25.79103298	-11.24701445	-10.95523215	2.41400748	3.92443571
0.61666667	-18.58545465	25.76213629	25.82089316	-11.24907536	-10.95423412	2.42467383	3.92742841
0.62500000	-18.61182630	25.79495870	25.84836208	-11.25959885	-10.95467503	2.45143703	3.94230008
0.63333333	-18.61978487	25.80542558	25.85829033	-11.26532364	-10.95702144	2.42210709	3.91526269
0.64166667	-18.65930254	25.86353350	25.91796163	-11.29475561	-10.98495731	2.48399378	3.96538308
0.65000000	-18.69050241	25.88041683	25.92711460	-11.28544965	-10.95514805	2.50075219	3.97492514
0.65833333	-18.72065453	25.92513154	25.97199953	-11.30187909	-10.97896913	2.53077084	3.98903362
0.66666667	-18.74294456	25.93156888	25.98241595	-11.29190190	-10.94438630	2.52536238	3.97913966
0.67500000	-18.75203625	25.92872115	25.98370831	-11.27410853	-10.93869289	2.48165361	3.91993200
0.68333333	-18.78925376	25.98629310	26.02737564	-11.31160692	-10.95045971	2.51756492	3.95235182
0.69166667	-18.81661957	26.02542126	26.05776391	-11.32691524	-10.95502113	2.54351187	3.96812623
0.70000000	-18.81797288	26.01014791	26.04316547	-11.31179058	-10.93894437	2.49045584	3.90894565
0.70833333	-18.84545217	26.03837643	26.06407611	-11.31772748	-10.92733429	2.51287721	3.93187094
0.71666667	-18.86974032	26.07769411	26.10317666	-11.33772502	-10.94964130	2.53641859	3.95057499
0.72500000	-18.88491924	26.07628546	26.08919385	-11.32281068	-10.90718653	2.50273421	3.92990902
0.73333333	-18.71210512	25.86185195	25.89149703	-11.28263964	-10.96902641	2.47271461	3.96196930
0.74166667	-18.76846352	25.92413308	25.93721496	-11.30116914	-10.95200248	2.51680653	4.00517657
0.75000000	-18.78531465	25.94517882	25.96567292	-11.29525090	-10.96473330	2.47126961	3.94431492
0.75833333	-18.84557339	26.02266422	26.03486402	-11.33574547	-10.96956388	2.55838842	4.00457556
0.76666667	-18.87456523	26.06116882	26.06808145	-11.35156402	-10.98001955	2.59751535	4.01760072
0.77500000	-18.87879780	26.04572407	26.05108682	-11.32502800	-10.94694501	2.56745150	3.94759189
0.78333333	-18.90913822	26.09640399	26.08329085	-11.36215709	-10.95495960	2.61674768	3.99069849
0.79166667	-18.93009924	26.10024426	26.08599478	-11.34547379	-10.92650857	2.62858312	3.99286537
0.80000000	-18.91574707	26.06584855	26.05996225	-11.29660762	-10.91410764	2.56336095	3.91913567
0.80833333	-18.94990063	26.12133508	26.12009464	-11.34139000	-10.96055325	2.62633650	3.97734787
0.81666667	-18.95193776	26.08555159	26.08394198	-11.29302069	-10.90893864	2.61175674	3.96069158
0.82500000	-18.96900541	26.10776671	26.11261604	-11.31512461	-10.91434464	2.63170069	3.97877369
0.83333333	-18.91576008	26.03156830	26.03862029	-11.27480689	-10.90496767	2.54588117	3.91409608
0.84166667	-18.78647039	25.82292444	25.90577817	-11.14128439	-10.95192184	2.51689477	3.98560328
0.85000000	-18.82446027	25.85871158	25.94296242	-11.15340198	-10.94121739	2.55937122	4.00836448
0.85833333	-18.86502055	25.92620029	26.00424185	-11.19356314	-10.98044391	2.60931165	4.03960423
0.86666667	-18.88790051	25.92843053	25.99852397	-11.16793300	-10.93060264	2.61437617	4.03244891
0.87500000	-18.88527582	25.92957008	25.98816278	-11.18399997	-10.94232505	2.58914521	3.97204873
0.88333333	-18.87667229	25.91312720	25.96611165	-11.17671615	-10.92217324	2.58459685	3.96188479
0.89166667	-18.91159143	25.96035120	26.01357365	-11.20012508	-10.94178275	2.65310990	4.01039894
0.90000000	-18.93957317	25.97428654	26.02446925	-11.19389216	-10.91799684	2.67758283	4.02772769
0.90833333	-18.94957239	25.97193823	26.02388393	-11.17686365	-10.90389142	2.66775389	4.01561445
0.91666667	-18.97232887	26.01165308	26.05985923	-11.20166137	-10.92609525	2.69245586	4.03108361
0.92500000	-18.99175662	26.01966486	26.05352048	-11.18802340	-10.90319931	2.70401766	4.03383349
0.93333333	-18.95725910	25.96455266	25.99116276	-11.15810489	-10.86428568	2.62179665	3.94153568
0.94166667	-18.98510511	26.00606592	26.01676695	-11.19263621	-10.87021369	2.67882576	3.99387065
0.95000000	-19.00033805	26.00838971	26.00785868	-11.18594120	-10.83764765	2.69026989	4.00235706
0.95833333	-18.77295743	25.71180022	25.67826105	-11.09082399	-10.74146956	2.60972530	3.92872383
0.96666667	-18.82803867	25.77529835	25.72734479	-11.11069574	-10.73540430	2.66326654	3.96086201
0.97500000	-18.88001621	25.82522849	25.76333812	-11.10668513	-10.73087369	2.66327025	3.95464827
0.98333333	-18.92600928	25.88358210	25.80384682	-11.11918417	-10.73644732	2.65849627	3.94658395
0.99166667	-18.96286470	25.92044240	25.82708787	-11.12832757	-10.73957534	2.67401236	3.95141707
1.00000000	-18.99907541	25.97255123	25.87497367	-11.16213130	-10.75185268	2.72723765	4.00087763
1.00833333	-18.99726298	25.95316882	25.84751351	-11.14808609	-10.73040839	2.66654865	3.94934883
1.01666667	-19.04508645	26.04031191	25.93776521	-11.20214695	-10.81979525	2.75064133	4.00911747
1.02500000	-19.06847327	26.02565376	25.91413721	-11.18109923	-10.73784708	2.77418825	4.02872390
1.03333333	-19.01914547	25.93582118	25.84184811	-11.13333858	-10.73696103	2.75235046	3.96164927
1.04166667	-19.05731010	25.98399893	25.88139397	-11.16633011	-10.74682738	2.80708051	4.01154501
1.05000000	-19.04894489	25.94444696	25.87105535	-11.12183931	-10.73886150	2.75293424	3.95488478
1.05833333	-19.06477431	25.95993367	25.86924979	-11.14092331	-10.73144037	2.79357318	4.00337749
1.06666667	-19.08528699	25.97534136	25.87559465	-11.15090400	-10.71820644	2.81710533	4.02737957
1.07500000	-19.08464360	25.95843830	25.86133018	-11.12110205	-10.71233681	2.79997572	4.00417628
1.08333333	-18.97162624	25.83372428	25.70466826	-11.14684304	-10.68496052	2.81633921	4.00087775
1.09166667	-19.01512230	25.88133414	25.73125634	-11.16653353	-10.66809757	2.86673527	4.03926532
1.10000000	-19.04389279	25.90488529	25.74987637	-11.17202728	-10.65742543	2.88900427	4.04279899
1.10833333	-19.08192904	25.93628609	25.77682911	-11.17676205	-10.64094668	2.91357878	4.04610718
1.11666667	-19.10056850	25.94338206	25.77937490	-11.16560002	-10.63290764	2.89109318	3.99814535
1.12500000	-19.13991026	25.98029258	25.79472497	-11.18247162	-10.59285867	2.91728811	4.02469564
1.13333333	-19.17455673	26.00700729	25.82528196	-11.18553380	-10.60398449	2.92756334	4.01638045
1.14166667	-19.19990156	26.04008558	25.82456987	-11.18836193	-10.59000571	2.89680748	3.97392455
1.15000000	-19.24041737	26.07802650	25.85833872	-11.20301414	-10.58597229	2.94701143	4.00686237
1.15833333	-19.27867549	26.09122667	25.85892129	-11.17669634	-10.54123650	2.95972372	4.00390300
1.16666667	-19.29743800	26.10960576	25.87164738	-11.18021806	-10.54105687	2.95579151	3.98317118
1.17500000	-19.29878816	26.12014330	25.85082832	-11.20049186	-10.52279373	2.93863221	3.95153343
1.18333333	-19.34170955	26.19987078	25.92721189	-11.24835728	-10.58131468	3.00690646	4.00127124
1.19166667	-19.27041167	26.05544602	25.79639501	-11.14358362	-10.50241499	2.92422802	3.97233174
1.20000000	-19.30443758	26.09942264	25.82851576	-11.17099780	-10.49815391	2.96677033	4.00357162
1.20833333	-19.33306164	26.11963259	25.84024762	-11.15811168	-10.46570939	2.97394334	3.99048677
1.21666667	-19.35458488	26.14681215	25.83875897	-11.17251573	-10.43380291	2.95144499	3.93510631
1.22500000	-19.38911249	26.18537360	25.85817461	-11.18806615	-10.40755362	2.99176729	3.96199357
1.23333333	-19.42785929	26.22021762	25.87719937	-11.19166820	-10.37969737	3.01083479	3.96380600
1.24166667	-19.46719711	26.26270393	25.88734073	-11.19729240	-10.33974975	3.01428920	3.95154920
1.25000000	-19.50881437	26.30680885	25.91701380	-11.20252027	-10.32637845	2.99817495	3.90363962
1.25833333	-19.55781280	26.38671834	25.99156108	-11.25217363	-10.38012857	3.06050051	3.94835227
1.26666667	-19.60812902	26.43154309	26.01321256	-11.25112605	-10.35258805	3.10187559	3.97661365
1.27500000	-19.63807073	26.43026378	25.97176800	-11.22993043	-10.23866968	3.07548615	3.93906243
1.28333333	-19.71075165	26.51492363	25.99534586	-11.24244195	-10.24719699	3.02878812	3.85689452
1.29166667	-19.73379390	26.54200523	26.03398839	-11.26572597	-10.26093896	3.08606695	3.90493787
1.30000000	-19.76204026	26.57031717	26.07024246	-11.27514868	-10.27086148	3.12005724	3.93627388
1.30833333	-19.70613337	26.46979357	25.98187761	-11.22559339	-10.25331698	3.03047411	3.89462915
1.31666667	-19.74394241	26.51150303	26.02713510	-11.24337176	-10.27249999	3.09673445	3.94117086
1.32500000	-19.77051911	26.51805298	26.03318807	-11.22859044	-10.23177477	3.12007016	3.95644424
1.33333333	-19.81227086	26.57685328	26.10695870	-11.24663369	-10.30691016	3.16909904	3.98373237
1.34166667	-19.73855534	26.42737961	25.95335562	-11.16280971	-10.20998290	3.06811044	3.88625992
1.35000000	-19.77417438	26.45184171	25.98541347	-11.16310609	-10.20279616	3.12417529	3.92536736
1.35833333	-19.79726294	26.45203034	25.99229997	-11.13718649	-10.18515370	3.13705056	3.92641273
1.36666667	-19.83520238	26.52749812	26.08454494	-11.19241750	-10.27452821	3.19159114	3.96483842
1.37500000	-19.82448705	26.45189695	25.99812886	-11.11170505	-10.16875197	3.10787225	3.88307086
1.38333333	-19.86573247	26.47565220	26.01020271	-11.11905275	-10.13919223	3.15600634	3.92875483
1.39166667	-19.80215488	26.40618886	25.92732775	-11.12325781	-10.12722293	3.12189683	3.89704883
1.40000000	-19.83113619	26.42823608	25.94460082	-11.11555638	-10.12108120	3.15752829	3.89370252
1.40833333	-19.85212426	26.44181427	25.94224591	-11.12393802	-10.09457107	3.16515678	3.90251189
1.41666667	-19.87684354	26.46481340	25.95864294	-11.10517270	-10.09481922	3.17497808	3.89661225
1.42500000	-19.90699601	26.50224812	25.97545176	-11.12764680	-10.09043542	3.20738737	3.92647237
1.43333333	-19.94135832	26.52542001	25.91684829	-11.12340151	-10.00551448	3.20487810	3.92886330
1.44166667	-19.99724865	26.55840834	25.97594119	-11.11820894	-10.02553834	3.27107951	3.96324604
1.45000000	-20.01850499	26.55868323	25.95197942	-11.10809339	-9.95238186	3.27310161	3.94369351
1.45833333	-20.03670058	26.58519238	25.95547885	-11.12441154	-9.93753879	3.27103770	3.92088281
1.46666667	-20.04603597	26.59954475	25.94182724	-11.13195488	-9.92379003	3.25633841	3.87811809
1.47500000	-20.04509588	26.74645942	25.88224291	-11.30823325	-9.88042181	3.23431138	3.88766870
1.48333333	-20.04807264	26.66877049	25.87817939	-11.21883025	-9.87790053	3.27682750	3.84563149
1.49166667	-20.08072920	26.72108712	25.90173138	-11.25904516	-9.86758878	3.30682491	3.88595976
1.50000000	-20.11319530	26.75396498	25.91120233	-11.26138706	-9.84376735	3.30711854	3.87468751
1.50833333	-20.10366708	26.85283518	25.84747633	-11.38805630	-9.81776558	3.26129367	3.84519383
1.51666667	-20.12142054	26.90963552	25.85061285	-11.44195402	-9.82173714	3.31701766	3.88535051
1.52500000	-20.14410157	26.92877475	25.83710148	-11.44363045	-9.78476306	3.33828979	3.88095589
1.53333333	-20.16509113	26.97618672	25.86066169	-11.47848032	-9.80081906	3.36480752	3.89186494
1.54166667	-20.15369898	26.96557522	25.78942402	-11.46071441	-9.73889628	3.30746198	3.81123654
1.55000000	-19.75911132	26.47843617	25.47028987	-11.33302445	-9.81169588	3.28159465	3.78965253
1.55833333	-19.80769787	26.55050724	25.54081122	-11.36701039	-9.83816286	3.32024285	3.83444839
1.56666667	-19.85646001	26.59511024	25.56602334	-11.34744635	-9.80752845	3.30420329	3.82800166
1.57500000	-19.89865062	26.65917911	25.60590205	-11.37306408	-9.80909842	3.31078330	3.83813649
1.58333333	-19.93987407	26.73273375	25.68162213	-11.40846903	-9.87313633	3.34757542	3.86362898
1.59166667	-19.98157195	26.79470721	25.74184447	-11.42432826	-9.89790656	3.37780220	3.88684826
1.60000000	-20.00473222	26.75314000	25.69393717	-11.33868892	-9.77691989	3.30702742	3.81869164
1.60833333	-20.03076969	26.76668883	25.71691226	-11.30598576	-9.78054157	3.26134188	3.75754171
1.61666667	-20.07352346	26.81950382	25.75310975	-11.32788851	-9.76907884	3.29162591	3.79639262
1.62500000	-20.11927215	26.87522155	25.81106406	-11.33615794	-9.79844338	3.33613678	3.82738753
1.63333333	-20.13592777	26.82995164	25.79025315	-11.25179283	-9.74160285	3.26238245	3.73527359
1.64166667	-20.15561241	26.85149114	25.79486919	-11.27464770	-9.72260779	3.29079407	3.76344159
1.65000000	-20.20082073	26.87268811	25.79762202	-11.25432381	-9.68020045	3.34210343	3.78973961
1.65833333	-20.03287117	26.62915453	25.60039317	-11.17340506	-9.71068821	3.33645501	3.80184993
1.66666667	-20.09543597	26.69440447	25.63763745	-11.20286492	-9.67974095	3.39552528	3.83523395
1.67500000	-20.14141492	26.72886376	25.64276047	-11.20488207	-9.62117726	3.41235349	3.76943347
1.68333333	-20.20693669	26.80386404	25.67556602	-11.25634995	-9.59258951	3.47885848	3.80615356
1.69166667	-20.25706740	26.77223767	25.70374307	-11.17975193	-9.56375522	3.51085270	3.70630091
1.70000000	-20.31350165	26.81787379	25.73149345	-11.21183841	-9.53143558	3.57346077	3.74348478
1.70833333	-20.23371324	26.74080848	25.61443737	-11.24503703	-9.55069253	3.57854221	3.72922051
1.71666667	-20.27295943	26.81299197	25.63756302	-11.31696467	-9.56641854	3.64597849	3.79350227
1.72500000	-20.29642166	26.84072011	25.54093584	-11.35414828	-9.49940278	3.67626876	3.77154575
1.73333333	-20.31068214	26.90273193	25.53120744	-11.45392909	-9.50133020	3.73543876	3.82699586
1.74166667	-20.37560059	27.00015607	25.41462978	-11.54857898	-9.38108977	3.78177499	3.86196401
1.75000000	-20.34705047	27.02496932	25.39010974	-11.67630656	-9.43760051	3.86716429	3.88404260
1.75833333	-20.34223194	27.09961951	25.34422752	-11.83768536	-9.45521357	3.92966807	3.95076747
1.76666667	-20.32595124	27.17288388	25.31238474	-12.00896614	-9.53461823	4.00731683	4.01946864
1.77500000	-19.91534757	26.65197115	24.73694836	-11.84031400	-9.57339663	3.91823512	4.13415468
1.78333333	-19.89357809	26.72871787	24.63831257	-12.04450115	-9.62092304	4.01599195	4.22894213
1.79166667	-19.66652590	26.49070766	24.39714118	-12.05976942	-9.73364299	4.02152166	4.30387742
1.80000000	-19.64200358	26.56462878	24.42578607	-12.27031584	-9.91964602	4.11076946	4.40462463
1.80833333	-19.59218791	26.57666640	24.36325830	-12.45695321	-10.02611362	4.22578870	4.54443326
1.81666667	-19.24128693	26.15190703	23.91568351	-12.39729046	-10.08549419	4.23621141	4.64298981
1.82500000	-19.21320014	26.20250111	23.89711340	-12.60817114	-10.24577561	4.34180058	4.77642515
1.83333333	-18.95949016	26.00265479	23.70393718	-12.76473065	-10.47974893	4.49903725	4.93574446
1.84166667	-18.89407579	26.08109478	23.79166525	-13.06218287	-10.83823544	4.55786487	4.97387014
1.85000000	-18.64173827	25.69472457	23.51141804	-12.95626726	-10.87205250	4.59346513	5.06294800
1.85833333	-18.57479673	25.73743348	23.58496889	-13.21723836	-11.23899913	4.69674524	5.17973335
1.86666667	-18.35819655	25.61826579	23.51448539	-13.43015420	-11.68192251	4.88093485	5.50835117
1.87500000	-17.94339590	25.18754241	23.11896826	-13.46840001	-11.86839932	4.79385325	5.47441417
1.88333333	-17.84939388	25.20351499	23.20892918	-13.72408699	-12.37099041	4.98174232	5.75028180
1.89166667	-17.69111757	25.16404562	23.26824367	-14.01116680	-12.91566725	5.13303651	5.99680582
1.90000000	-17.57338656	25.21853872	23.39343963	-14.37318282	-13.46341190	5.24105311	6.07061491
1.90833333	-17.42806897	24.95412988	23.51547465	-14.29738059	-13.93983572	5.16230479	6.19161930
1.91666667	-17.33930075	24.93999544	23.65019152	-14.57896673	-14.52040421	5.39107582	6.39190290
1.92500000	-17.19126051	25.06925145	23.67331003	-15.00519314	-15.13695486	5.42921103	6.45649730
1.93333333	-17.03447153	25.15832575	23.83700081	-15.50096615	-15.83573925	5.49434539	6.46922093
1.94166667	-16.80840288	24.96247271	24.08922320	-15.62992049	-16.84238133	5.68093458	6.95753611
1.95000000	-16.46619420	24.71045811	24.08098781	-15.83386003	-17.39444343	5.62810595	6.61056896
1.95833333	-16.23214872	24.60998499	24.26588818	-16.18378911	-18.29313897	5.84584033	6.70975642
1.96666667	-15.96941509	24.50830383	24.43570740	-16.57139901	-19.21868031	5.95395428	6.70657579
1.97500000	-16.23300984	24.94927189	25.20787310	-16.82365661	-20.20004015	5.86907001	6.39722085
1.98333333	-15.90775884	24.81130119	25.42147198	-17.23172820	-21.27901984	5.93985097	6.30095839
1.99166667	-15.83929381	24.86935508	26.07470112	-17.47164912	-22.41246357	6.01680373	5.75700762
2.00000000	-15.65730737	24.86107032	26.62833131	-17.80800163	-23.66910635	6.11758090	5.25125186
2.00833333	-15.28466529	24.62647439	27.04462169	-18.12391444	-25.11541724	6.22748598	4.99768946
2.01666667	-15.14845535	24.65317863	27.83201398	-18.41208242	-26.48919302	6.29363626	3.92953675
2.02500000	-14.87627830	24.50710075	28.52478522	-18.68425204	-28.11558083	6.56346043	3.28792711
2.03333333	-14.76573144	24.58515568	29.44267499	-19.00300705	-29.67363324	6.53567763	2.13451993
2.04166667	-14.36140012	24.27549700	29.99870040	-19.23446576	-31.37610109	6.58203238	1.72076862
2.05000000	-14.16860108	24.22782736	30.92046324	-19.48570598	-33.02472063	6.68110043	0.16391072
2.05833333	-13.69676795	23.78699294	31.55303591	-19.61744368	-34.80381100	6.73072004	-0.30482928
2.06666667	-13.25137456	23.28307238	32.33192462	-19.65027004	-36.57719826	7.05040163	-1.47361249
2.07500000	-13.02531136	23.07644417	33.17916503	-19.78907158	-38.16848616	7.13047996	-2.86659944
2.08333333	-12.66947366	22.65422967	33.81480580	-19.82481021	-39.80019166	7.18018913	-3.33133532
2.09166667	-12.52425469	22.45033654	34.62070018	-19.86264160	-41.41490771	7.45238780	-4.41431903
2.10000000	-12.22081899	22.15505667	35.33768556	-19.98607271	-42.95032886	7.57287316	-5.12660846
2.10833333	-11.89752120	21.77888700	35.97784898	-19.99729385	-44.33681364	7.59562739	-5.45852887
2.11666667	-11.62665446	21.41420776	36.68352737	-19.97080480	-45.62000990	7.79719739	-6.20012532
2.12500000	-11.39472509	21.11747082	37.20857427	-19.98355539	-46.61069581	7.80535696	-6.33622166
2.13333333	-11.25733838	20.94833083	37.85632924	-20.05976601	-47.54690538	8.01710907	-6.49791801
2.14166667	-11.18149799	20.85997479	38.41821347	-20.14784333	-48.25317534	8.13033072	-6.31417525
2.15000000	-11.01444260	20.66180722	38.87853899	-20.18880879	-48.75913658	8.14570073	-6.28552420
2.15833333	-10.80449221	20.46162036	39.28603276	-20.32165289	-49.21937578	8.34755811	-5.70303193
2.16666667	-10.55264411	20.17774245	39.46996862	-20.39453875	-49.34436957	8.46238881	-5.35856649
2.17500000	-10.44899266	20.02721718	39.80530617	-20.42634997	-49.37260867	8.47834191	-5.31502851
2.18333333	-10.36967033	19.89517283	40.11542783	-20.46263104	-49.25792357	8.50674866	-5.24039909
2.19166667	-10.18266964	19.74783292	40.13209345	-20.66143095	-48.94039525	8.81409150	-4.65779771
2.20000000	-10.13816685	19.64594210	40.40725040	-20.70396504	-48.60910878	8.84117743	-4.60510263
2.20833333	-10.10924700	19.60125883	40.55583995	-20.79821149	-48.02248073	8.93403162	-4.46452635
2.21666667	-9.97844516	19.43683090	40.55025647	-20.92963527	-47.37157797	9.24514410	-3.96989049
2.22500000	-9.99604084	19.39818987	40.72643766	-20.97960069	-46.64003398	9.29911603	-3.94606832
2.23333333	-10.00389063	19.38469558	40.78922691	-21.09397682	-45.69332745	9.43701924	-4.08371229
2.24166667	-10.03162307	19.39380861	40.87708832	-21.20219159	-44.74997935	9.50062943	-4.13457265
2.25000000	-10.00698905	19.39689208	40.81694764	-21.37898577	-43.64478029	9.63871653	-4.50885819
2.25833333	-9.97039904	19.33982861	40.73864702	-21.50597017	-42.48504808	9.76273342	-4.87433714
2.26666667	-10.01435887	19.36134054	40.73929476	-21.61407910	-41.30916460	9.85690269	-5.11544383
2.27500000	-9.91640246	19.26032211	40.52401158	-21.76096226	-39.98650703	10.02915550	-6.20010373
2.28333333	-9.77621487	19.07890082	40.23291552	-21.87104331	-38.63313614	10.16548797	-7.04801125
2.29166667	-9.64983656	18.90529637	39.94951961	-21.98198801	-37.22898670	10.32314443	-8.06776922
2.30000000	-9.51800143	18.69769279	39.64833691	-22.08275228	-35.82285922	10.48679706	-9.18673109
2.30833333	-9.45334614	18.57645327	39.39461068	-22.24333491	-34.40934711	10.67392246	-10.29235463
2.31666667	-9.39303145	18.43813223	39.12812604	-22.36729091	-32.99553068	10.87878124	-11.61436636
2.32500000	-9.31041236	18.32802556	38.79066698	-22.58231624	-31.58021082	11.06722544	-12.84887318
2.33333333	-9.25537840	18.26427010	38.50565217	-22.82402836	-30.19710389	11.29736552	-14.09407201
2.34166667	-9.02560389	18.02529620	37.98103384	-23.09158143	-28.81900814	11.48707374	-15.23043410
2.35000000	-8.91693173	17.93790028	37.64998656	-23.40814722	-27.52220472	11.77618128	-16.40432349
2.35833333	-8.46873498	17.45702337	36.86653886	-23.66574748	-26.28402746	11.90960415	-17.21832548
2.36666667	-8.42854065	17.55169003	36.57356981	-24.15574890	-25.07991811	12.22397343	-18.25539621
2.37500000	-8.37360447	17.61208947	36.25572638	-24.66047522	-23.94094447	12.58290157	-19.20055042
2.38333333	-8.33549265	17.68580348	35.97671346	-25.16733200	-22.90418874	12.94546475	-19.97010514
2.39166667	-8.21474862	17.70640881	35.64876966	-25.71484621	-21.92119549	13.31100046	-20.60695006
2.40000000	-8.11073924	17.77627285	35.31387268	-26.32826702	-20.98312932	13.70173626	-21.15830439
2.40833333	-8.10244954	17.96044656	35.02968357	-26.98918621	-20.10157305	13.94644077	-21.34046049
2.41666667	-8.10944164	18.25555125	34.72862217	-27.78255745	-19.19993033	14.63447916	-22.17168153
2.42500000	-8.06350868	18.50614617	34.42006929	-28.59624923	-18.42552172	15.08691293	-22.54647578
2.43333333	-8.00859411	18.68284556	34.12983069	-29.30608559	-17.73000246	15.35940021	-22.67382914
2.44166667	-8.11827519	19.08144441	33.93618055	-30.14039083	-17.03855710	16.01915944	-23.23710290
2.45000000	-8.10644113	19.33609906	33.63805753	-30.90564214	-16.40333846	16.29191913	-23.34549756
2.45833333	-8.10780070	19.69412220	33.36120191	-31.82114599	-15.82661687	16.94459477	-23.86273527
2.46666667	-8.18119090	20.08126486	33.12431102	-32.68253090	-15.28173181	17.43481992	-24.22158044
2.47500000	-8.23002903	20.34962280	32.85889507	-33.41468832	-14.83451851	17.75529042	-24.30537848
2.48333333	-8.35688824	20.78104916	32.74220337	-34.26050311	-14.52483485	18.43487496	-24.84821963
2.49166667	-8.34771846	20.93632140	32.42694509	-34.93145841	-14.19705129	18.72981353	-24.87990938
2.50000000	-8.50026283	21.32727985	32.32919020	-35.74658285	-14.01382725	19.57259235	-25.28640643
2.50833333	-8.56480148	21.66269208	32.20146541	-36.60263241	-13.86836590	20.23906414	-25.53027581
2.51666667	-8.52248272	21.77617036	31.92792839	-37.31231882	-13.78813436	20.80565909	-25.66892081
2.52500000	-8.46778970	21.89358683	31.58002522	-38.04791567	-13.65241900	21.13102840	-25.70629037
2.53333333	-8.42557782	22.09577275	31.29111916	-38.91278323	-13.63533085	21.84475994	-25.83279274
2.54166667	-8.41185007	22.42208529	31.03514667	-39.96740287	-13.54845734	22.90981380	-26.06726173
2.55000000	-8.35851278	22.55567457	30.67878370	-40.77604915	-13.47488612	23.26286074	-26.06314573
2.55833333	-8.31437887	22.73649373	30.32842808	-41.65371945	-13.40707260	23.78453131	-26.08884934
2.56666667	-8.26199791	22.99453022	30.04741516	-42.63893653	-13.41598585	24.49049737	-26.16379324
2.57500000	-8.56111374	23.65565925	30.04112149	-43.74474414	-13.35944825	25.51538295	-26.23752427
2.58333333	-8.52326655	23.74525144	29.67005792	-44.51922858	-13.21835173	26.09389588	-26.31117549
2.59166667	-8.93049232	24.44867601	29.90609486	-45.54015203	-13.20794929	26.95574632	-26.39110124
2.60000000	-8.91147626	24.63221049	29.49827646	-46.38471734	-13.05769348	27.26636327	-26.39787087
2.60833333	-8.87844601	24.77243599	29.13944290	-47.20343518	-12.97653134	27.73637594	-26.46456265
2.61666667	-9.20844143	25.33113254	29.17351129	-48.14909646	-13.00488044	28.84994686	-26.56265208
2.62500000	-9.18665279	25.47284952	28.82756735	-48.97759614	-12.94328885	29.24936418	-26.60457561
2.63333333	-9.34298873	25.70644306	28.69102971	-49.73320578	-12.95721423	30.15884696	-26.57136012
2.64166667	-9.39737177	25.96259214	28.41999834	-50.63297588	-12.91965236	30.61304408	-26.28682904
2.65000000	-10.02905325	26.90637937	28.96964768	-51.70692069	-13.30287696	31.51549905	-25.10520058
2.65833333	-10.22606072	27.29003766	28.91124539	-52.61094619	-13.50750919	32.21946551	-23.81525940
2.66666667	-10.28791275	27.49380371	28.67099538	-53.46612790	-13.64298230	32.82240625	-22.22493976
2.67500000	-10.67069887	28.11457819	28.96804516	-54.42601098	-14.16494720	33.42112927	-20.02159371
2.68333333	-10.62884213	28.16815710	28.67964701	-55.24153573	-14.41098030	34.02214151	-17.87635128
2.69166667	-10.67668471	28.29683682	28.52301539	-56.01979781	-14.69640386	34.61791657	-15.81976455
2.70000000	-10.65784083	28.36980177	28.41438547	-56.81227654	-15.05712682	35.14073616	-13.83586543
2.70833333	-10.72901141	28.48112414	28.31739883	-57.54618174	-15.36988268	35.63765261	-11.87590565
2.71666667	-10.87387388	28.73166511	28.55380977	-58.31521532	-15.90477785	36.11796168	-10.02802587
2.72500000	-10.92288587	28.81869465	28.53675366	-59.05016519	-16.33033845	36.54460526	-8.41621871
2.73333333	-10.83871591	28.82649366	28.56343810	-59.83578280	-16.89500831	36.83471247	-7.05127418
2.74166667	-11.73370520	29.98993724	29.69660158	-60.76042263	-17.53422716	37.09325137	-5.36354577
2.75000000	-11.51711248	29.88912651	29.64227829	-61.58484589	-18.20963267	37.16257666	-4.18540391
2.75833333	-11.30360540	29.78760586	29.51526172	-62.42325109	-18.75420488	37.07756791	-2.75661239
2.76666667	-11.23524279	29.85833857	29.40991908	-63.34282969	-19.21828111	36.84501777	-1.56611079
2.77500000	-11.09929313	29.97546224	29.34617338	-64.37554306	-19.68451842	36.31630281	-0.40069342
2.78333333	-10.98227393	30.23638765	29.30706203	-65.62118322	-20.14508848	35.54592371	0.50649202
2.79166667	-10.86338968	30.56140285	29.22059328	-66.98359845	-20.64297829	34.73021714	1.11840637
2.80000000	-11.09011730	31.49326134	29.50547989	-68.60164551	-20.97959879	32.87452578	1.74200362
2.80833333	-11.11626379	32.26880534	29.44441994	-70.38703595	-21.32639224	31.38663103	2.48714754
2.81666667	-10.97666349	32.99981460	29.34596322	-72.27966451	-21.77379548	29.44547768	3.07863459
2.82500000	-10.69454343	33.66855455	29.05409748	-74.25308205	-22.21002857	27.51727434	3.60407041
2.83333333	-10.46459252	34.49654691	28.74769253	-76.29300034	-22.54388928	25.15790000	4.16479737
2.84166667	-10.17588916	35.35148285	28.47340806	-78.37040648	-22.98671097	22.79390143	4.63485567
2.85000000	-9.94661659	36.34908779	28.19815452	-80.40918393	-23.28380687	19.95547938	4.97459644
2.85833333	-9.76745772	37.38602682	27.85867486	-82.34325186	-23.55983875	17.48334082	5.44651572
2.86666667	-9.33820660	38.14106802	27.31622242	-84.20391791	-23.77390211	15.52543099	5.86094966
2.87500000	-8.90845885	38.89836600	26.69596682	-85.93418472	-23.91805974	13.92955346	6.20026996
2.88333333	-8.50468030	39.64369584	25.88908398	-87.47818470	-23.76445128	12.49382519	6.59349538
2.89166667	-7.99036935	40.22603702	25.14706480	-88.79014734	-23.78294713	11.58594010	6.91821107
2.90000000	-7.26963612	40.46565929	24.03466968	-89.74881095	-23.62155082	10.77834452	7.11983318
2.90833333	-7.09621542	41.27986921	23.49418822	-90.58048289	-23.45627695	10.96660626	7.36085445
2.91666667	-6.70952892	41.83448096	22.77021533	-91.14252017	-23.36723967	10.58517515	7.78178097
2.92500000	-6.12244477	41.99984969	21.84693345	-91.34753286	-23.14102306	10.49255495	7.94285691
2.93333333	-6.00550978	42.68647026	21.36422715	-91.46599045	-22.91744933	11.13685234	8.14256876
2.94166667	-5.67552822	43.08568324	20.67380715	-91.24442118	-22.72473877	10.03996772	8.33591065
2.95000000	-5.34285419	43.38165232	19.91945345	-90.83813631	-22.40609004	9.58483365	8.46941248
2.95833333	-5.17046248	43.87158952	19.29681008	-90.30521650	-22.07470788	8.84698050	8.55028507
2.96666667	-5.14621213	44.44312882	18.87312872	-89.66168545	-21.77166013	9.18796577	8.67606597
2.97500000	-4.88001844	44.64835405	18.22331078	-88.61751501	-21.55591109	7.20385700	8.82793917
2.98333333	-4.64899434	44.86746360	17.60322064	-87.53852386	-21.25600918	6.28926705	8.93290014
2.99166667	-4.72719601	45.37064086	17.28833747	-86.42814553	-20.98658768	6.40442429	9.08580131
3.00000000	-4.57848823	45.47564087	16.87448394	-84.93068514	-20.86181540	4.84141884	9.21121342
3.00833333	-4.64857598	45.83684121	16.63145695	-83.50243741	-20.71085400	4.73346304	9.37139758
3.01666667	-4.69033355	46.04541940	16.39303737	-81.86469703	-20.63925783	4.21129047	9.62507753
3.02500000	-4.48042903	45.84115826	15.96452896	-79.95362092	-20.64799104	2.45510033	9.77637629
3.03333333	-4.58010302	45.97650128	15.84255085	-78.07651689	-20.68777747	1.87142506	10.01592531
3.04166667	-4.68426510	46.02952955	15.84264606	-76.06268910	-20.92451308	0.83103359	10.33880609
3.05000000	-4.63866927	45.77174392	15.70953019	-73.77643621	-21.14493363	-1.47783460	10.55590233
3.05833333	-4.72179308	45.65315391	15.68356385	-71.55430974	-21.44826024	-2.45758606	10.83555635
3.06666667	-4.68456959	45.43733125	15.57390228	-69.17110607	-21.79569303	-4.26084493	11.30670320
3.07500000	-4.56169409	44.87796085	15.38773623	-66.63113815	-22.18682464	-6.07389971	11.71319761
3.08333333	-3.69201679	43.24631943	14.28140089	-63.64368770	-22.46820858	-9.55813057	12.11031150
3.09166667	-3.74011221	42.83969444	14.31643146	-61.07507473	-22.97262102	-11.45833222	12.60433380
3.10000000	-3.70807294	42.21412907	14.32511587	-58.38435342	-23.56033453	-13.47890334	13.16777312
3.10833333	-3.20089913	40.83924888	13.78662574	-55.39845248	-24.12191751	-16.52379561	13.78727803
3.11666667	-3.24352361	40.19941732	13.97197836	-52.68998168	-24.92479118	-18.40837633	14.35967561
3.12500000	-3.24140559	39.40785038	14.00350381	-49.87342661	-25.57295524	-20.49421028	15.08929189
3.13333333	-2.72752382	37.88611679	13.48958669	-46.89367185	-26.27887288	-22.74873381	15.94609677
3.14166667	-2.78659874	37.10472694	13.67127114	-44.12622790	-27.11880265	-24.62312409	16.70042000
3.15000000	-2.83642118	36.25072009	13.87291307	-41.37864378	-28.03827592	-26.43879051	17.53435948
3.15833333	-2.53777260	34.95304325	13.66746077	-38.71016973	-28.96254293	-27.11021208	18.53828481
3.16666667	-2.68316457	34.18841820	14.03447782	-36.19069340	-29.99984747	-28.56823463	19.39252259
3.17500000	-2.77434859	33.39130663	14.36694860	-33.79046518	-31.08227085	-29.92166258	20.20710584
3.18333333	-2.89881606	32.63351995	14.75741285	-31.59607813	-32.24190655	-30.80292067	21.16657014
3.19166667	-3.17103166	32.15115001	15.46691173	-29.83431957	-33.66074275	-30.06613116	22.20053738
3.20000000	-3.22167916	31.48300086	15.72158191	-28.02656384	-34.76142859	-30.81323562	23.05833682
3.20833333	-3.35980649	30.95056203	16.21731113	-26.56564316	-36.12594022	-30.81027056	24.09269448
3.21666667	-3.74949231	30.82690893	17.08887882	-25.52377667	-37.60704406	-29.73687300	24.95368215
3.22500000	-3.89883666	30.35226881	17.65571485	-24.39742044	-39.03613909	-29.76773985	25.87378411
3.23333333	-4.31839921	30.32398823	18.61724892	-23.62833591	-40.63795298	-29.48958625	26.91658217
3.24166667	-4.40182923	29.86829445	19.01823008	-22.82224281	-41.95583482	-29.70120461	27.85307158
3.25000000	-4.79922158	29.82266213	19.83135330	-22.36036362	-43.36743179	-29.46658393	28.69302886
3.25833333	-5.04739610	29.61209407	20.16720022	-21.80942468	-44.52519849	-29.80587268	29.70917314
3.26666667	-5.61500447	29.65000647	21.33328592	-21.44270956	-46.18492819	-29.84230673	30.58571383
3.27500000	-5.63095000	29.28777779	21.70937688	-21.15844619	-47.51353555	-29.90231221	31.39175092
3.28333333	-6.42596057	29.78168501	22.99485371	-21.16234267	-49.04758000	-29.06836788	32.15965090
3.29166667	-6.49329416	29.30409465	23.34825596	-20.94944909	-50.31369948	-28.03099112	32.92657639
3.30000000	-6.67457609	28.97256602	23.92074922	-20.89763189	-51.72825300	-26.21619839	33.65291369
3.30833333	-7.29485937	29.28804142	24.99480583	-21.30123197	-53.17891013	-23.36359016	34.32479864
3.31666667	-7.68324135	29.42517545	25.56880551	-21.66372401	-54.41252396	-20.56145625	35.04682636
3.32500000	-7.79217157	29.10418572	25.87171881	-21.84289276	-55.61741570	-17.93036757	35.65552761
3.33333333	-8.20529873	29.23472314	26.92093190	-22.34785257	-57.19420041	-14.95352624	36.03477481
3.34166667	-8.69606361	29.54929570	27.64070271	-22.74600359	-58.46007457	-12.45509511	36.46631700
3.35000000	-8.74077558	29.38095261	27.99224461	-23.02589122	-59.79074641	-10.43510762	36.75626084
3.35833333	-8.91609186	29.42400730	28.31864052	-23.30800765	-61.04789539	-8.52223966	36.91541235
3.36666667	-9.67027988	30.27772444	29.58189942	-23.85039479	-62.61017539	-6.83380198	36.71037466
3.37500000	-9.55268485	30.07042233	29.95756077	-24.21694134	-64.19764208	-5.29118237	36.45406969
3.38333333	-10.28618422	30.94941953	31.34826457	-24.72266941	-66.03246059	-4.03300779	35.72361788
3.39166667	-10.24079903	30.96681751	31.97899521	-25.23324490	-67.84307570	-2.74789181	34.73678694
3.40000000	-10.10716160	30.91415639	32.54948354	-25.74993256	-69.83677826	-1.43315994	33.71066624
3.40833333	-10.18308366	31.11929171	33.70461800	-26.32105188	-72.06239375	-0.44755340	31.98888250
3.41666667	-9.93593483	30.92565970	34.38953395	-26.86931619	-74.24956743	0.72037711	30.52005356
3.42500000	-9.74823039	30.74625200	35.22040467	-27.32256722	-76.47390712	1.80329653	28.70223521
3.43333333	-9.47087586	30.48382238	36.12719707	-27.79999248	-78.78128498	2.79750060	26.73003101
3.44166667	-9.28028105	30.27643533	37.40005331	-28.24411196	-81.18849204	3.70793528	24.49363239
3.45000000	-9.28952797	30.35523583	38.70699245	-28.75247261	-83.26521528	4.34281057	21.81660415
3.45833333	-8.96765508	30.03652441	39.50065097	-29.26739588	-85.17090695	5.11668361	20.00142852
3.46666667	-8.66239117	29.76877610	40.51287188	-29.77490082	-87.03279624	5.87534690	18.13611128
3.47500000	-8.33425360	29.52873392	41.46732126	-30.39895936	-88.66129924	6.46689869	16.61435554
3.48333333	-8.26909410	29.60531360	42.70413849	-31.03004699	-90.06696526	6.77140917	15.04382062
3.49166667	-7.89839523	29.33404627	43.31877510	-31.66703152	-91.01889272	7.26307772	14.54077387
3.50000000	-7.52592879	29.02613894	43.94358707	-32.21645061	-91.76155082	7.76286282	14.35562099
3.50833333	-7.22452811	28.74299939	44.60253109	-32.69254828	-92.19850048	7.90107815	14.43540016
3.51666667	-6.99859884	28.45970578	45.22785783	-33.04794566	-92.34104250	8.15502691	14.62749215
3.52500000	-6.83224763	28.10754439	45.75819327	-33.23195789	-92.14556005	8.81050964	15.10806758
3.53333333	-6.70342228	27.77958245	46.36440563	-33.32139548	-91.75529153	8.93536479	15.20541807
3.54166667	-6.40838717	27.04033830	46.65649202	-33.14717221	-90.98360974	9.33683358	15.32930519
3.55000000	-6.23726542	26.64033643	46.95187753	-33.10392100	-90.11951581	9.44591514	15.36826687
3.55833333	-6.17898296	26.23024142	47.38516774	-32.91919591	-89.03749276	9.60290664	15.26345599
3.56666667	-6.22215453	25.99262430	47.86810889	-32.85778906	-87.82759725	9.68884908	15.23026180
3.57500000	-5.80623081	25.07142295	47.70358554	-32.47135673	-86.31916640	9.75202515	15.12122350
3.58333333	-5.87156715	24.79141895	48.07612886	-32.29711297	-84.72372492	9.93118648	14.64525245
3.59166667	-5.93507743	24.51601417	48.36761584	-32.13543777	-82.96787146	10.09287403	14.13084078
3.60000000	-5.91782163	24.24332684	48.48810118	-32.14426676	-81.05563921	10.26947290	13.28967187
3.60833333	-5.90870860	23.89032937	48.50015250	-31.99878075	-78.94962580	10.42748805	12.36409169
3.61666667	-5.85564648	23.53395231	48.41419000	-31.90482509	-76.71289662	10.58064380	11.17653253
3.62500000	-5.90248952	23.23195931	48.33102826	-31.74181805	-74.32991655	10.76459335	9.78887509
3.63333333	-5.93610839	22.97889022	48.16619958	-31.68739469	-71.84512615	10.94772487	8.06106427
3.64166667	-5.90093784	22.65184375	47.88543582	-31.63952026	-69.25329087	11.10547891	6.02006664
3.65000000	-5.59797953	21.96293258	47.12034142	-31.46906382	-66.46927393	11.11264817	3.81637871
3.65833333	-5.77856483	21.86456929	46.90274218	-31.42323060	-63.69718328	11.36683699	1.45220526
3.66666667	-5.83924246	21.67447150	46.49702124	-31.45899398	-60.85075030	11.62027607	-1.03223063
3.67500000	-5.78595733	21.36199159	45.89421339	-31.53562242	-57.96398125	11.88175797	-3.69346732
3.68333333	-5.69254450	21.00965973	45.13505125	-31.62033583	-55.03591230	12.17332232	-6.15917106
3.69166667	-5.68105281	20.72800397	44.44982795	-31.71451539	-52.11470142	12.54405174	-8.54542551
3.70000000	-5.51161332	20.36908222	43.49769604	-31.97416670	-49.21970674	12.92915120	-10.82283602
3.70833333	-4.83649078	19.35964098	41.92924155	-32.08643949	-46.39423633	13.37227074	-12.47450855
3.71666667	-4.93051948	19.29815273	41.29108153	-32.38287628	-43.76387869	13.84413907	-14.33508189
3.72500000	-4.65502052	18.86116982	40.11021144	-32.71412233	-41.24609463	14.33109443	-15.67265022
3.73333333	-4.69498967	18.84835191	39.49050521	-33.24237243	-39.00821200	14.86598199	-17.06951157
3.74166667	-4.49380676	18.54162704	38.41005063	-33.71074204	-36.86192374	15.42231319	-18.06058698
3.75000000	-4.52161337	18.54218876	37.72127821	-34.30961379	-34.91980067	15.99614234	-19.10765872
3.75833333	-4.57265165	18.60204381	37.02452548	-34.96312301	-33.16524895	16.66938094	-20.03901356
3.76666667	-4.54020211	18.57248300	36.34615821	-35.62441774	-31.68059247	17.30739593	-20.88557990
3.77500000	-4.57156788	18.60156583	35.65379454	-36.30122562	-30.33069375	17.98752910	-21.70430102
3.78333333	-4.57738360	18.65363185	34.95322287	-37.09681842	-29.00164520	18.74868610	-22.53836867
3.79166667	-4.76737175	18.90297353	34.54375932	-37.88790061	-28.02973256	19.51305114	-23.25783735
3.80000000	-4.91968654	19.14381095	34.04459516	-38.73120668	-27.05640998	20.24437156	-23.99388175
3.80833333	-5.05381207	19.33311412	33.52418860	-39.55556185	-26.15963327	20.69290465	-24.16364780
3.81666667	-5.50138445	20.03012909	33.25662395	-40.67359351	-25.11440796	21.78410972	-25.48303427
3.82500000	-5.62902047	20.26675990	32.77915829	-41.56756083	-24.40931043	22.52185423	-25.91430311
3.83333333	-5.95650998	20.74738624	32.36522211	-42.59206525	-23.60469053	23.31081828	-26.47741877
3.84166667	-6.23402217	21.11639623	31.99519358	-43.46867924	-22.87986579	23.94509809	-26.69930390
3.85000000	-6.37320795	21.32563057	31.44759737	-44.34241043	-22.18902367	24.27783408	-26.69384060
3.85833333	-6.78441559	21.88197298	31.17613007	-45.35587006	-21.53550928	25.33069920	-27.12022677
3.86666667	-7.19087798	22.42077618	30.81861925	-46.39302653	-20.84761438	26.13212940	-27.33281858
3.87500000	-7.66208494	22.98681170	30.74976306	-47.33007826	-20.47685154	26.96674775	-27.33382607
3.88333333	-8.21864051	23.70180290	30.72853473	-48.40155991	-20.14862728	27.78140478	-26.96751802
3.89166667	-8.37599179	23.88530883	30.18236523	-49.24445518	-19.69974894	28.16673581	-26.63845335
3.90000000	-8.93237778	24.61145786	30.18864479	-50.38113178	-19.64107553	29.34986516	-24.82682315
3.90833333	-9.29433213	25.04056158	30.08915554	-51.28638926	-19.68661883	30.11593859	-22.81690105
3.91666667	-9.63443857	25.47192176	29.86280134	-52.28939209	-19.75480709	30.86893290	-20.44546590
3.92500000	-10.07597029	25.96349009	29.83529740	-53.22570973	-19.92579485	31.56237218	-17.68681517
3.93333333	-10.27857203	26.13301449	29.45245652	-54.08959548	-19.93982869	32.17026550	-15.00201948
3.94166667	-10.81268930	26.77005215	29.75756479	-55.11919827	-20.29959561	32.93704342	-12.27325084
3.95000000	-10.94996524	26.84085326	29.40226795	-55.92538872	-20.39774562	33.41084325	-9.98008394
3.95833333	-11.03866256	26.97879943	29.24442925	-56.90900287	-20.70115667	33.80233101	-7.65427143
3.96666667	-11.60223312	27.73664746	29.67077862	-58.07988112	-21.05293038	34.24574500	-5.50521573
3.97500000	-11.74939456	27.88155477	29.68975646	-59.04547905	-21.42312883	34.27698738	-3.58754428
3.98333333	-11.81547906	28.08464143	29.66461853	-60.24903084	-21.83913184	34.17454869	-1.81802303
3.99166667	-11.76046341	28.29640575	29.57502150	-61.60546555	-22.34417647	33.80836243	-0.27981021
4.00000000	-11.81406422	28.76746053	29.58337471	-63.21260915	-22.88744815	33.16825956	1.44939004
4.00833333	-11.66569384	29.18307887	29.53758417	-64.99830490	-23.52480742	32.20382410	2.90601566
4.01666667	-12.36723739	30.75243703	30.30761166	-67.16292022	-24.05832316	30.50528886	4.06886046
4.02500000	-11.98948941	31.18976311	29.88618107	-69.28994451	-24.63760632	29.04585334	5.43907831
4.03333333	-11.69012948	31.83774546	29.52815476	-71.60575879	-25.17910289	27.22419102	6.73263942
4.04166667	-11.63899336	32.92838933	29.59343210	-73.93303827	-25.90912430	24.35821898	7.80377615
4.05000000	-11.16365212	33.64067920	29.19481900	-76.33675804	-26.60099006	22.39115733	8.68175956
4.05833333	-11.07447079	34.80059031	28.88635406	-78.71829079	-26.90708922	19.38386275	9.53702124
4.06666667	-10.82338743	35.88409667	28.69903703	-81.00846065	-27.60651846	17.06439935	10.38666956
4.07500000	-10.57816715	36.96207554	28.63695765	-83.11545050	-28.37015978	14.36920673	11.06378768
4.08333333	-10.41091059	38.12752559	28.41813256	-85.10741073	-28.90566011	12.26847440	11.68000391
4.09166667	-10.16608391	39.12597954	28.01978490	-86.88092547	-29.31049118	11.10640909	12.29874046
4.10000000	-9.45181843	39.54457508	27.08284703	-88.24505100	-29.60028914	9.81419501	12.74696868
4.10833333	-9.13958339	40.28831608	26.56140943	-89.48045915	-29.77197022	9.64221089	13.23367928
4.11666667	-8.91192146	41.08886452	26.10521581	-90.37775657	-29.90205053	9.85114526	13.51713198
4.12500000	-8.42192368	41.39963469	25.10543962	-90.77432867	-29.74351736	9.28657336	14.02965990
4.13333333	-8.28496254	42.07460659	24.55678677	-91.05122554	-29.56407847	9.94526083	14.38201641
4.14166667	-8.25641123	42.60245506	24.02364943	-90.97307970	-29.24120037	10.46935488	14.65223359
4.15000000	-7.93798656	42.87333263	23.23882203	-90.58679109	-28.98376890	9.30049286	14.94556011
4.15833333	-7.79607395	43.32826327	22.55696110	-90.14128271	-28.57705090	9.38134775	15.22113590
4.16666667	-7.45053479	43.39729854	21.59846386	-89.35603377	-28.08457054	8.75550584	15.35358705
4.17500000	-7.29246427	43.68857206	20.90304685	-88.47666166	-27.72846112	8.34315515	15.59190548
4.18333333	-7.32388056	44.12920716	20.36726215	-87.49301405	-27.29194536	8.32581013	15.76981856
4.19166667	-6.91700206	43.89872869	19.35140166	-86.11669329	-26.75775746	7.23586468	15.79977110
4.20000000	-7.03499090	44.30241178	18.96323221	-84.79544839	-26.38951245	7.21263358	15.95995754
4.20833333	-6.25101586	43.47925542	17.38950863	-83.00641184	-25.70072554	6.27688384	16.00523978
4.21666667	-6.41576070	43.72256511	17.06093852	-81.36335164	-25.36231113	5.90554406	16.16585471
4.22500000	-6.65184439	43.94179546	16.73914275	-79.58331974	-24.97548459	5.53719859	16.31967108
4.23333333	-6.83468077	44.04599991	16.34170816	-77.62458792	-24.51348467	4.77663520	16.47645209
4.24166667	-6.27965011	43.18465405	15.11683956	-75.35127961	-23.91433541	2.92692059	16.37342010
4.25000000	-6.42031469	43.12864113	14.75402854	-73.14218703	-23.61367923	1.75427437	16.57543048
4.25833333	-6.02740745	42.28384134	13.61827533	-70.60951160	-23.03736942	0.09716327	16.70592483
4.26666667	-6.19537147	42.06958029	13.21632919	-68.10500252	-22.68782883	-1.31939145	16.98389098
4.27500000	-6.43167063	41.76568109	12.93757357	-65.52596443	-22.50143899	-2.63438023	17.27058307
4.28333333	-5.90950157	40.50032810	11.75700595	-62.57893422	-22.08786255	-5.30495163	17.61531917
4.29166667	-5.61119863	39.50843990	10.80729936	-59.67010417	-21.75911261	-7.55255085	17.93241675
4.30000000	-5.83960824	39.07612481	10.60361240	-56.78252577	-21.73724958	-9.42461126	18.42969110
4.30833333	-5.26490028	37.57448303	9.46027595	-53.57773399	-21.63364973	-11.81150680	18.95080063
4.31666667	-5.42925619	36.98680025	9.28179987	-50.50922912	-21.79865225	-13.84473083	19.56387742
4.32500000	-5.57483418	36.20539989	9.13522770	-47.39960019	-22.09363599	-15.85030723	20.19312417
4.33333333	-5.19980570	34.80866959	8.29976175	-44.13239302	-22.23660487	-17.81607463	20.82497407
4.34166667	-5.44491626	34.22567152	8.35408281	-41.08582416	-22.70995428	-19.82015812	21.54077271
4.35000000	-5.62589077	33.49994398	8.36409935	-37.97534137	-23.25773583	-21.61593664	22.22981133
4.35833333	-5.81992361	32.72536768	8.46271816	-34.89312288	-23.96181991	-23.16715484	22.99659289
4.36666667	-5.81869195	31.84913198	8.27813840	-32.22333072	-24.51103514	-22.97093611	23.60728709
4.37500000	-5.96899915	31.17894294	8.34595151	-29.45709925	-25.28456715	-23.52830098	24.47443678
4.38333333	-6.21800451	30.62731317	8.55555772	-26.75002206	-26.11034729	-24.62173810	25.28513222
4.39166667	-6.81880928	30.52976280	9.26710256	-24.62091455	-27.20762147	-23.84930633	26.25914287
4.40000000	-6.98728078	30.00779505	9.43110901	-22.28591411	-28.12865129	-24.47137853	27.13230384
4.40833333	-7.32771392	29.87178660	9.72442454	-20.71642794	-29.00974287	-23.56587247	27.94839005
4.41666667	-7.53278750	29.57738191	9.94802614	-19.00610958	-30.00319797	-23.82093358	28.88059019
4.42500000	-8.00686641	29.61248405	10.54097832	-17.76341586	-31.19585402	-23.57872472	29.75313738
4.43333333	-8.38769841	29.72098695	10.95926618	-16.81050682	-32.25911705	-23.55685704	30.49023047
4.44166667	-8.52585403	29.56805138	11.18592606	-15.90299939	-33.42998647	-24.00719283	31.33055050
4.45000000	-8.72273207	29.62804652	11.57993184	-15.47110158	-34.76994263	-24.24227080	32.10824421
4.45833333	-8.86905149	29.46579642	11.82877700	-14.93861346	-36.05877253	-24.76655693	32.87533000
4.46666667	-9.37863717	29.90836642	12.65872146	-14.88836322	-37.66114873	-25.11466365	33.69937687
4.47500000	-9.32550954	29.64604514	12.78525152	-14.76396914	-39.08918366	-25.48640860	34.42271461
4.48333333	-9.41246959	29.41877770	12.95301135	-14.74401876	-40.44543629	-25.30262592	35.14398879
4.49166667	-9.45374631	29.32070010	13.17596005	-15.10490617	-41.93951056	-24.46278957	35.82942695
4.50000000	-9.47796466	29.15405748	13.32707765	-15.57385106	-43.39177602	-22.87840850	36.38455382
4.50833333	-9.56581228	28.89518334	13.51470399	-16.05705082	-44.87202529	-20.53814702	36.84853591
4.51666667	-9.66778079	28.80394055	13.80513593	-16.79675441	-46.46380502	-17.72163292	37.25154487
4.52500000	-9.62266581	28.60220856	13.99930759	-17.63421362	-48.11159521	-14.73679381	37.46842339
4.53333333	-9.67313879	28.41987224	14.31644850	-18.46076511	-49.86136131	-11.63769371	37.51231956
4.54166667	-10.90718191	29.78953054	16.31365446	-19.50208628	-52.18359989	-9.00920931	37.33950687
4.55000000	-10.85803046	29.59992190	16.67247491	-20.30037313	-54.15236788	-6.40898152	36.94831601
4.55833333	-10.87543087	29.54796431	17.18734636	-21.10906357	-56.24812239	-4.13332231	36.28885601
4.56666667	-12.29746930	31.21348517	19.77804002	-21.95423283	-59.11084949	-2.57387717	35.37351698
4.57500000	-12.21912477	31.04845150	20.37467895	-22.68464418	-61.43678764	-0.62549631	34.25179076
4.58333333	-13.38712765	32.51034140	22.86067490	-23.63205578	-64.42719919	0.62409332	32.83480782
4.59166667	-13.13580087	32.25614357	23.51043291	-24.44802979	-66.91246366	2.17783140	31.22014578
4.60000000	-13.93667725	33.20833889	25.73755261	-25.23635869	-69.85283082	3.20122063	29.06582077
4.60833333	-13.68731755	32.96705601	26.63043218	-26.03397486	-72.41470900	4.49211269	26.99098159
4.61666667	-14.25814575	33.68090126	28.72776766	-26.82121610	-75.15611645	5.27212746	24.21740004
4.62500000	-14.40203941	33.85165470	30.20389712	-27.58556454	-77.53443610	6.08340137	21.57991688
4.63333333	-14.50977566	34.05169226	31.74558605	-28.40767721	-79.79480567	6.87330267	19.05793426
4.64166667	-14.14847093	33.61255737	32.67178228	-29.04338468	-81.71433083	7.77611608	17.23263776
4.65000000	-13.92000799	33.26651012	33.75019976	-29.61192956	-83.28274289	8.31688906	15.13059191
4.65833333	-13.66364897	32.76917861	34.67830937	-30.01397412	-84.60683797	9.10950181	14.48458447
4.66666667	-13.35682713	32.13438204	35.38446079	-30.24560079	-85.47584128	9.60282641	13.84374651
4.67500000	-12.99108462	31.39371296	36.08785777	-30.39627699	-86.06980894	9.88729592	13.13254796
4.68333333	-12.90275098	30.76528268	36.97009603	-30.29387603	-86.39000653	10.07683218	13.30023347
4.69166667	-12.84099217	30.15151869	37.83663692	-30.14275539	-86.37685284	10.61914745	12.80860898
4.70000000	-12.82646653	29.50370702	38.78334922	-29.83761983	-86.23413288	10.77866397	12.89945084
4.70833333	-12.77448096	28.74361189	39.56730816	-29.41646178	-85.76954885	11.21480590	13.05131027
4.71666667	-12.75467469	28.00790399	40.35748627	-28.98427265	-85.09643178	11.40157563	13.02792149
4.72500000	-12.30007955	26.66716819	40.57662710	-28.33942561	-84.14532597	11.51037358	13.15295864
4.73333333	-12.35306427	25.92828873	41.31403746	-27.78567204	-83.01884097	11.65817584	13.09202473
4.74166667	-12.03764710	24.78843961	41.50743011	-27.24831540	-81.69875495	11.91942536	13.61157615
4.75000000	-12.00008981	23.96364934	41.99666676	-26.71186468	-80.19243390	11.98469827	13.68673679
4.75833333	-11.77575281	22.83495321	42.16766129	-26.03553491	-78.47058835	12.12472788	13.98588006
4.76666667	-11.56669736	21.68574581	42.41694046	-25.27892641	-76.70920726	12.27886766	14.39077633
4.77500000	-11.78898040	21.06060587	43.07380798	-24.61341538	-74.78733074	12.33334377	14.35584193
4.78333333	-11.30264186	19.79011230	42.71713959	-24.10338391	-72.55901848	12.47438822	14.52823625
4.79166667	-11.54811621	19.23746129	43.23515274	-23.51356478	-70.30948126	12.47089926	14.47162294
4.80000000	-11.71306119	18.66674934	43.61554689	-22.99268892	-67.91505224	12.37741692	14.27923797
4.80833333	-10.97012276	17.09863828	42.72813519	-22.49044700	-65.14069887	12.52818473	13.74224797
4.81666667	-11.12778540	16.52998050	42.94612278	-22.00054340	-62.48300425	12.33140810	13.29919528
4.82500000	-11.21696142	15.90934044	43.04491321	-21.55943916	-59.67220222	12.22613031	12.70604878
4.83333333	-10.60306545	14.62026550	42.09294070	-21.28227059	-56.47660521	12.39069911	11.70210072
4.84166667	-10.76223472	14.12444311	42.14511819	-20.90742313	-53.48299783	12.25243767	11.02124992
4.85000000	-10.61230876	13.32554366	41.70092971	-20.63426986	-50.27618747	12.20453061	10.17358379
4.85833333	-10.47715786	12.61070368	41.20403081	-20.44271907	-46.98674523	12.21242521	9.36365488
4.86666667	-9.97429383	11.39177302	40.24561427	-20.10398645	-43.58752867	12.26310616	8.43959859
4.87500000	-10.13975336	10.95314554	40.09666700	-19.89871425	-40.30951001	12.19693251	7.35115260
4.88333333	-9.67954192	9.82727483	39.12070345	-19.66337687	-36.94672072	12.19057826	6.39836274
4.89166667	-9.53683936	9.10076321	38.50599697	-19.53407930	-33.67773125	12.20648784	5.31086673
4.90000000	-9.52525061	8.52061875	38.08437251	-19.48090400	-30.50871110	12.30539464	4.02675791
4.90833333	-9.26582314	7.67082375	37.34570141	-19.38928917	-27.48706149	12.31627344	2.75403503
4.91666667	-9.18584761	6.97118739	36.90703907	-19.29373911	-24.75230320	12.32344071	1.56494771
4.92500000	-9.02005538	6.22031388	36.42383850	-19.24253141	-22.24907925	12.32892741	0.43341148
4.93333333	-9.06288981	5.78119319	36.24127389	-19.33468176	-19.95715985	12.31009921	-1.00124040
4.94166667	-8.74311775	4.85736909	35.71596279	-19.31435850	-18.05270202	12.34635671	-1.59916965
4.95000000	-8.81246056	4.43604864	35.70669695	-19.45338315	-16.40928499	12.36671957	-2.35198823
4.95833333	-8.85994181	4.04416579	35.71164128	-19.64055798	-15.08809732	12.27176969	-2.84370417
4.96666667	-8.80123948	3.54486380	35.61224060	-19.84997725	-14.03332490	12.15383430	-3.06515246
4.97500000	-8.81802591	3.12458731	35.62263672	-20.08099670	-13.20809614	11.98841216	-3.08909232
4.98333333	-8.93694455	2.90585473	35.69081955	-20.46662529	-12.49622865	11.81839017	-3.02613241
4.99166667	-8.96455132	2.61396924	35.76526190	-20.91668550	-12.19475490	11.72606219	-2.94742873
5.00000000	-8.99993986	2.32113393	35.70112339	-21.27948147	-11.99759969	11.14402171	-2.29831785
5.00833333	-9.02350067	2.10239586	35.63569343	-21.81239389	-11.98131937	10.71733827	-2.02117623
5.01666667	-9.08801085	1.95552701	35.58545014	-22.36770133	-12.09732371	10.01128618	-2.22054413
5.02500000	-9.01087440	1.73179905	35.47453708	-23.10463726	-12.61037587	9.70174249	-2.43960451
5.03333333	-8.94223504	1.67084103	35.37207402	-24.05469056	-13.31536477	8.96119598	-3.07122626
5.04166667	-9.53008464	2.33082577	35.77351389	-24.98168660	-13.55884094	7.49981461	-4.72023014
5.05000000	-9.36408473	2.34214563	35.59514219	-26.23760306	-14.44157405	6.87044307	-5.29507335
5.05833333	-9.97080135	3.48982089	36.15167054	-27.88461242	-14.99093847	5.13773072	-6.97974529
5.06666667	-10.18766953	4.34559118	36.36420587	-29.75513178	-15.74619741	3.77452180	-7.84015561
5.07500000	-10.05915181	4.94833524	36.22250298	-31.76192826	-16.61292491	2.15962990	-8.03112831
5.08333333	-10.44613285	6.35466197	36.66989831	-34.06840298	-17.43630351	0.02616740	-8.28554623
5.09166667	-10.23796895	7.17676772	36.40830849	-36.42282308	-18.25040034	-1.98309713	-7.96291397
5.10000000	-10.52197911	8.49778845	36.67203548	-38.66904699	-18.99426156	-4.61045500	-7.76054808
5.10833333	-10.62380369	9.75989228	36.61617956	-41.04693591	-19.58876060	-7.05251023	-7.29777114
5.11666667	-10.49230671	10.94394160	36.17358283	-43.56115340	-20.04053265	-9.20355689	-6.66781822
5.12500000	-10.78753575	12.68500623	36.20840149	-46.08697716	-20.49350654	-11.70345633	-6.10971714
5.13333333	-11.00192772	14.32997587	36.13166780	-48.53765063	-20.88258991	-13.90552846	-5.48696164
5.14166667	-11.10025949	15.84178588	35.86122878	-50.86517812	-21.18459701	-15.98956678	-4.80283333
5.15000000	-11.30187007	17.53253560	35.68846977	-53.19136351	-21.45122723	-17.83613167	-4.07436374
5.15833333	-11.22615442	18.78715176	35.10254394	-55.23163315	-21.55945147	-19.25585595	-3.30883343
5.16666667	-11.40970886	20.40830203	34.87083616	-57.21607753	-21.74080676	-20.89023558	-2.58587357
5.17500000	-11.74783497	22.25576770	34.83045845	-59.08273025	-21.97814021	-22.27986690	-1.77799827
5.18333333	-11.75866562	23.63212924	34.33905427	-60.63918572	-22.04890119	-23.21144418	-1.04238713
5.19166667	-11.91185998	25.13089921	33.98563333	-62.05023217	-22.05296561	-23.70333322	-0.38017436
5.20000000	-11.83103646	26.34368917	33.25574774	-63.27631730	-21.87650485	-23.09139678	0.19884222
5.20833333	-12.09202792	27.80940634	33.03161257	-64.19142545	-21.86411596	-23.75255142	0.80675116
5.21666667	-11.77511728	28.56050624	32.01730408	-64.79016493	-21.65695046	-23.56208093	1.42802077
5.22500000	-11.70382681	29.57654590	31.20697187	-65.31177675	-21.28150108	-22.53688569	1.81924489
5.23333333	-11.65003542	30.73133057	30.49052804	-65.75925633	-21.03642497	-22.25882370	2.34740090
5.24166667	-11.59023690	31.79851534	29.67611674	-65.99556536	-20.60247122	-21.31137141	2.66767207
5.25000000	-11.51019114	32.74619983	28.82945414	-66.03992355	-20.15779499	-20.46703824	3.01977722
5.25833333	-11.43301369	33.64655711	27.92548934	-65.88583302	-19.62840246	-19.68279387	3.32802854
5.26666667	-11.16609942	34.23040001	26.88434958	-65.50193470	-19.20248496	-18.95655759	3.76500636
5.27500000	-11.19957082	35.18921914	26.05652897	-65.05576111	-18.59793791	-18.51757706	4.00538999
5.28333333	-10.14772997	34.61078784	23.97782897	-64.16117097	-17.98453201	-17.09492175	4.75477848
5.29166667	-9.80939464	35.07547336	22.68523777	-63.41647429	-17.33040132	-15.67671854	5.17509530
5.30000000	-9.72405200	35.74887332	21.80638231	-62.49684032	-16.81253355	-14.67363814	5.58010467
5.30833333	-9.22469119	35.81426642	20.35022151	-61.40303739	-16.20597481	-12.38881458	6.11306713
5.31666667	-8.80433987	35.84665725	19.02257751	-60.05504718	-15.62321043	-10.67189857	6.58057519
5.32500000	-8.55319799	36.17177762	17.80479082	-58.72662996	-14.94948925	-9.23190601	6.95984933
5.33333333	-8.48350565	36.55887913	17.03613750	-57.17564688	-14.56337965	-8.19186451	7.33764312
5.34166667	-8.14859693	36.57375596	15.98417444	-55.49978068	-14.18976120	-7.01601266	7.78235965
5.35000000	-7.24699077	35.83702217	14.04585864	-53.63529251	-13.55683650	-5.27457561	8.10183992
5.35833333	-7.30151870	36.25852383	13.30502034	-51.78987393	-13.06691638	-4.95742996	8.38154820
5.36666667	-7.12365196	36.30111062	12.26448442	-49.77639607	-12.52995712	-4.82411786	8.67103899