0.00000000	-18.37757005	24.28639381	22.99087656	-10.33686272	-7.81762809	2.45071398	4.03900021
0.00833333	-18.37807270	24.28650349	22.99079153	-10.33650785	-7.81821118	2.45110905	4.03905147
0.01666667	-18.38828093	24.27876674	22.99106324	-10.33969536	-7.82261949	2.45593542	4.03925497
0.02500000	-18.38643054	24.28028120	22.99092718	-10.33865774	-7.82318766	2.45633709	4.03929778
0.03333333	-18.38885351	24.27840798	22.97995458	-10.33314765	-7.84479402	2.46987343	4.04217844
0.04166667	-18.38938310	24.27791562	22.97998125	-10.33328940	-7.84508220	2.47022277	4.04236371
0.05000000	-18.39954145	24.27030760	22.97492139	-10.33539988	-7.84994949	2.47363943	4.04418046
0.05833333	-18.39810789	24.27050406	22.97525080	-10.33505927	-7.85029712	2.47406553	4.04440229
0.06666667	-18.39731019	24.25877327	22.95839786	-10.33266355	-7.87547822	2.48835214	4.05235645
0.07500000	-18.39768175	24.25792166	22.95846121	-10.33296694	-7.87587729	2.48870761	4.05267586
0.08333333	-18.39418287	24.23945393	22.94013413	-10.33218521	-7.90212027	2.50646512	4.06731605
0.09166667	-18.39442846	24.23857178	22.94061030	-10.33269029	-7.90222705	2.50681007	4.06775890
0.10000000	-18.39970333	24.21574044	22.92200058	-10.33539111	-7.92837266	2.52619282	4.08964820
0.10833333	-18.39659499	24.21721880	22.92335508	-10.33482679	-7.92778357	2.52652156	4.09010326
0.11666667	-18.39546372	24.21752095	22.92380272	-10.33467807	-7.92787663	2.52672712	4.09038414
0.12500000	-18.39503645	24.21739658	22.92404405	-10.33490098	-7.92811611	2.52691744	4.09066796
0.13333333	-19.59396739	25.43389623	24.23411408	-9.82021455	-7.81297509	2.02839546	4.21837207
0.14166667	-19.59357292	25.43392998	24.23426503	-9.82041581	-7.81332818	2.02877048	4.21809102
0.15000000	-19.59368376	25.43344352	24.23405533	-9.82149070	-7.81432840	2.02959148	4.21743615
0.15833333	-19.48314375	25.36818554	24.19783405	-9.98038482	-8.00136886	2.31446638	4.04470362
0.16666667	-19.48348016	25.36787117	24.19774498	-9.98037134	-8.00152249	2.31446549	4.04469678
0.17500000	-19.49034737	25.36306958	24.19355586	-9.98168728	-8.00382053	2.31447168	4.04467015
0.18333333	-19.48952773	25.36343984	24.19370178	-9.98140041	-8.00386998	2.31449626	4.04468724
0.19166667	-19.49891634	25.35683333	24.18398956	-9.98268610	-8.00882956	2.31478670	4.04506047
0.20000000	-19.49748720	25.35728286	24.18421058	-9.98238615	-8.00882560	2.31481025	4.04510075
0.20833333	-19.49851017	25.35653562	24.18281270	-9.98277784	-8.00962364	2.31483368	4.04518649
0.21666667	-19.49899255	25.35615308	24.18216125	-9.98303228	-8.01004226	2.31483775	4.04521594
0.22500000	-19.49370514	25.33562560	24.13975060	-9.99256525	-8.02967215	2.31678403	4.05013068
0.23333333	-19.49401029	25.33489115	24.13941970	-9.99298797	-8.02943768	2.31680965	4.05035187
0.24166667	-19.50103253	25.32674748	24.13306737	-9.99732657	-8.02865450	2.31714951	4.05211187
0.25000000	-19.49953153	25.32716237	24.13337391	-9.99711798	-8.02837923	2.31719401	4.05223336
0.25833333	-19.50017206	25.32676755	24.13224194	-9.99737270	-8.02851353	2.31730747	4.05247103
0.26666667	-19.49451397	25.29763265	24.08087244	-9.99537011	-8.01767297	2.33112966	4.07163370
0.27500000	-19.49533972	25.29731233	24.08027915	-9.99527578	-8.01748721	2.33133357	4.07189174
0.28333333	-19.51015465	25.28890578	24.07263962	-9.99610900	-8.01671748	2.33300005	4.07371157
0.29166667	-19.51029231	25.28887712	24.07227278	-9.99548698	-8.01641582	2.33332360	4.07398363
0.30000000	-19.51266861	25.28791581	24.07050191	-9.99494389	-8.01658651	2.33383954	4.07435483
0.30833333	-19.52127054	25.25046363	24.02859138	-9.94037920	-7.99101354	2.36763842	4.09941716
0.31666667	-19.53036942	25.24168852	24.02475845	-9.93999314	-7.98747856	2.37022251	4.10206203
0.32500000	-19.52988517	25.24173056	24.02489369	-9.93951271	-7.98701538	2.37051260	4.10234944
0.33333333	-19.53166832	25.24013522	24.02444885	-9.93976934	-7.98684467	2.37082938	4.10270871
0.34166667	-19.54273255	25.23034231	24.02026961	-9.94162699	-7.98637411	2.37228451	4.10462037
0.35000000	-19.54223517	25.22994553	24.02068745	-9.94158123	-7.98604353	2.37241333	4.10482567
0.35833333	-19.48138502	25.04968858	23.86369055	-9.80570108	-7.93982302	2.59959949	4.34527400
0.36666667	-19.48064013	25.05006057	23.86387629	-9.80614969	-7.93965730	2.59946472	4.34523731
0.37500000	-19.48224738	25.04966569	23.86271586	-9.80726002	-7.94005066	2.59928044	4.34515286
0.38333333	-19.48957610	25.04613003	23.85492554	-9.81382495	-7.94225729	2.59845358	4.34471120
0.39166667	-19.48919896	25.04639477	23.85454487	-9.81408200	-7.94213954	2.59840491	4.34468544
0.40000000	-19.48454724	25.03395897	23.82875332	-9.83285564	-7.93833434	2.59716539	4.34460544
0.40833333	-19.48426162	25.03404320	23.82878986	-9.83300540	-7.93819595	2.59714696	4.34460234
0.41666667	-19.49207437	25.02743328	23.82496753	-9.83776447	-7.93844707	2.59675509	4.34465554
0.42500000	-19.49191081	25.02725103	23.82474821	-9.83812545	-7.93823809	2.59670323	4.34469726
0.43333333	-19.49209868	25.02691504	23.82458943	-9.83852901	-7.93820680	2.59665569	4.34472006
0.44166667	-19.50020789	25.01944543	23.81942459	-9.84465454	-7.93829961	2.59599634	4.34508019
0.45000000	-19.49942311	25.01969385	23.81954890	-9.84477644	-7.93807449	2.59596797	4.34513198
0.45833333	-19.49637674	25.00894141	23.80197163	-9.85769193	-7.92779159	2.59495187	4.34830042
0.46666667	-19.49582699	25.00929869	23.80186327	-9.85765470	-7.92766724	2.59494928	4.34831879
0.47500000	-19.49608220	25.00932781	23.80132402	-9.85780850	-7.92770559	2.59494008	4.34833002
0.48333333	-19.49663992	25.00939999	23.80062274	-9.85795663	-7.92779821	2.59492921	4.34833342
0.49166667	-19.49801721	25.00911691	23.79952551	-9.85821823	-7.92806602	2.59492204	4.34833323
0.50000000	-19.49864066	25.00742934	23.78755544	-9.86344732	-7.92085592	2.59551911	4.34948843
0.50833333	-19.49866101	25.00765884	23.78737876	-9.86353697	-7.92082681	2.59551245	4.34948461
0.51666667	-19.50013580	25.00730210	23.78657615	-9.86386437	-7.92099957	2.59550574	4.34948128
0.52500000	-19.51057685	25.00458752	23.78200427	-9.86543457	-7.92113442	2.59562284	4.34965662
0.53333333	-19.51034707	25.00477297	23.78206428	-9.86535486	-7.92080116	2.59564633	4.34969754
0.54166667	-19.51023455	25.00504867	23.78215927	-9.86520064	-7.92050447	2.59567694	4.34974243
0.55000000	-19.51085978	25.00521152	23.78186293	-9.86507272	-7.92033273	2.59571229	4.34978694
0.55833333	-19.51193287	25.00535090	23.78130638	-9.86492306	-7.92020604	2.59574995	4.34983040
0.56666667	-19.52839317	25.01779181	23.79075483	-9.85082910	-7.88899677	2.59863719	4.35403382
0.57500000	-19.52971346	25.01763750	23.79002234	-9.85104355	-7.88898622	2.59863078	4.35401773
0.58333333	-19.53055130	25.01786121	23.78954460	-9.85096189	-7.88888196	2.59863704	4.35400863
0.59166667	-19.53181348	25.01797039	23.78890705	-9.85086485	-7.88874924	2.59864373	4.35399816
0.60000000	-19.53288558	25.01813703	23.78844079	-9.85065425	-7.88855576	2.59865715	4.35398971
0.60833333	-19.53404149	25.01822307	23.78800618	-9.85041186	-7.88831954	2.59867755	4.35398149
0.61666667	-19.55432456	25.03408955	23.80192323	-9.83563368	-7.85849473	2.60036844	4.35402623
0.62500000	-19.55515703	25.03423326	23.80132371	-9.83569408	-7.85849789	2.60036103	4.35395516
0.63333333	-19.55571827	25.03461551	23.80087339	-9.83552276	-7.85845788	2.60036741	4.35388374
0.64166667	-19.55641411	25.03495891	23.80036362	-9.83530298	-7.85844945	2.60037866	4.35380568
0.65000000	-19.55696538	25.03532693	23.79995849	-9.83501942	-7.85841102	2.60039514	4.35373151
0.65833333	-19.55712986	25.03598303	23.79979579	-9.83459766	-7.85824214	2.60041195	4.35365646
0.66666667	-19.57080104	25.05073584	23.81178554	-9.82844320	-7.83917675	2.60022733	4.34957685
0.67500000	-19.57064248	25.05117838	23.81181694	-9.82841387	-7.83900321	2.60020998	4.34946498
0.68333333	-19.57083687	25.05152148	23.81167746	-9.82837513	-7.83889333	2.60019648	4.34935581
0.69166667	-19.57088991	25.05205989	23.81154931	-9.82826505	-7.83873990	2.60018256	4.34924769
0.70000000	-19.57084784	25.05269534	23.81142603	-9.82809826	-7.83853077	2.60016916	4.34914204
0.70833333	-19.57056412	25.05348521	23.81135331	-9.82785049	-7.83828817	2.60015886	4.34903376
0.71666667	-19.56974668	25.05458330	23.81148154	-9.82746333	-7.83794482	2.60015065	4.34892492
0.72500000	-19.56942784	25.05549850	23.81136496	-9.82718117	-7.83766561	2.60014018	4.34881082
0.73333333	-19.57274273	25.07375615	23.82682662	-9.82986620	-7.81281782	2.59810349	4.34078370
0.74166667	-19.57286884	25.07405399	23.82667912	-9.82989873	-7.81269195	2.59807786	4.34060883
0.75000000	-19.57291101	25.07449670	23.82655394	-9.82985901	-7.81252637	2.59806250	4.34044248
0.75833333	-19.57293330	25.07494813	23.82641580	-9.82981953	-7.81232954	2.59804569	4.34028266
0.76666667	-19.57267651	25.07561785	23.82647332	-9.82968928	-7.81201420	2.59802744	4.34012816
0.77500000	-19.57309651	25.07595576	23.82630746	-9.82970869	-7.81171876	2.59800440	4.33997487
0.78333333	-19.57347498	25.07630280	23.82619200	-9.82970497	-7.81135712	2.59798431	4.33982632
0.79166667	-19.57331391	25.07682483	23.82635872	-9.82963873	-7.81082757	2.59796402	4.33967717
0.80000000	-19.57284358	25.07752194	23.82671969	-9.82948411	-7.81020180	2.59794743	4.33952679
0.80833333	-19.57248051	25.07808505	23.82710414	-9.82939073	-7.80953466	2.59792614	4.33936877
0.81666667	-19.57198768	25.07874973	23.82756811	-9.82927265	-7.80881992	2.59790488	4.33921234
0.82500000	-19.57134190	25.07950220	23.82816099	-9.82915690	-7.80802111	2.59788464	4.33906156
0.83333333	-19.58830169	25.10950705	23.85483395	-9.83723645	-7.76928533	2.59558620	4.32286767
0.84166667	-19.58848242	25.10953704	23.85486511	-9.83740568	-7.76913745	2.59556955	4.32263903
0.85000000	-19.58828079	25.10981087	23.85504908	-9.83745787	-7.76891292	2.59555540	4.32241936
0.85833333	-19.58820902	25.10998975	23.85521102	-9.83757509	-7.76863029	2.59554812	4.32221419
0.86666667	-19.58751363	25.11055107	23.85563348	-9.83752731	-7.76821561	2.59555102	4.32201786
0.87500000	-19.58279609	25.11529436	23.85914130	-9.83732886	-7.76458704	2.59562508	4.32024041
0.88333333	-19.58333872	25.11537045	23.85899123	-9.83738953	-7.76453671	2.59563279	4.32001905
0.89166667	-19.58333821	25.11572828	23.85918797	-9.83739406	-7.76421976	2.59564456	4.31981523
0.90000000	-19.58341802	25.11602250	23.85925621	-9.83741768	-7.76389225	2.59565611	4.31960963
0.90833333	-19.57824594	25.12389455	23.86487753	-9.83713994	-7.75707728	2.59576692	4.31605703
0.91666667	-19.57927502	25.12364066	23.86469938	-9.83735156	-7.75706865	2.59575755	4.31581220
0.92500000	-19.57956392	25.12362052	23.86488696	-9.83752330	-7.75681051	2.59574069	4.31558449
0.93333333	-19.57935146	25.12381870	23.86534809	-9.83766509	-7.75637115	2.59571412	4.31536810
0.94166667	-19.57914079	25.12395520	23.86579437	-9.83786262	-7.75590116	2.59567698	4.31515358
0.95000000	-19.57946595	25.14298602	23.89263932	-9.85034284	-7.73293213	2.59155626	4.28948120
0.95833333	-19.57863516	25.14335975	23.89307613	-9.85025252	-7.73294153	2.59152781	4.28921904
0.96666667	-19.57816849	25.14353715	23.89343214	-9.85029922	-7.73288221	2.59149821	4.28896657
0.97500000	-19.57735992	25.14387411	23.89396482	-9.85025310	-7.73272156	2.59146903	4.28871282
0.98333333	-19.57314882	25.14576210	23.89726635	-9.85071015	-7.73182219	2.59118231	4.28628764
0.99166667	-19.57349586	25.14561515	23.89717909	-9.85074004	-7.73207721	2.59115882	4.28599992
1.00000000	-19.57358058	25.14553924	23.89723624	-9.85081781	-7.73213606	2.59113200	4.28572259
1.00833333	-19.57319998	25.14565201	23.89743471	-9.85081895	-7.73208074	2.59110422	4.28544233
1.01666667	-19.56481414	25.15017317	23.90160828	-9.85216246	-7.73739530	2.58866017	4.26321821
1.02500000	-19.56511417	25.14994389	23.90158396	-9.85222690	-7.73752465	2.58861861	4.26294850
1.03333333	-19.56487040	25.15000792	23.90170726	-9.85227436	-7.73744223	2.58857494	4.26268722
1.04166667	-19.56016621	25.15324022	23.90187552	-9.85145530	-7.73680938	2.58837909	4.26027188
1.05000000	-19.56027433	25.15326909	23.90163490	-9.85139964	-7.73700045	2.58836304	4.25998347
1.05833333	-19.55980387	25.15359911	23.90158149	-9.85127485	-7.73698509	2.58835655	4.25971036
1.06666667	-19.55919098	25.15395767	23.90163055	-9.85115199	-7.73688737	2.58834742	4.25944372
1.07500000	-19.54653214	25.15851239	23.90180833	-9.85195811	-7.73647828	2.58723724	4.24421051
1.08333333	-19.54695007	25.15817379	23.90179808	-9.85213154	-7.73658061	2.58719174	4.24394574
1.09166667	-19.54703162	25.15788200	23.90198948	-9.85239592	-7.73648156	2.58713361	4.24369122
1.10000000	-19.53212247	25.16092861	23.90968845	-9.85568723	-7.73461259	2.58567554	4.23865426
1.10833333	-19.53270650	25.16066473	23.90877110	-9.85623420	-7.73552864	2.58549134	4.23804254
1.11666667	-19.51229694	25.16785237	23.91556050	-9.87370078	-7.75142885	2.57968772	4.21920475
1.12500000	-19.51184468	25.16803206	23.91581586	-9.87387898	-7.75168281	2.57959630	4.21893400
1.13333333	-19.50237504	25.17275459	23.91986175	-9.87644727	-7.75304779	2.57851975	4.21605283
1.14166667	-19.50201298	25.17332068	23.91979750	-9.87657593	-7.75349088	2.57844366	4.21577018
1.15000000	-19.45547237	25.23628995	23.93351450	-10.01953370	-7.86097510	2.54741164	4.12240319
1.15833333	-19.45528792	25.23627498	23.93338369	-10.01961892	-7.86084940	2.54739901	4.12238036
1.16666667	-19.45463882	25.23643421	23.93338932	-10.01971029	-7.86055870	2.54738332	4.12236807
1.17500000	-19.44288302	25.23737238	23.93116432	-10.02520096	-7.85412586	2.54683781	4.12130525
1.18333333	-19.44348227	25.23678683	23.93090155	-10.02550626	-7.85423216	2.54681103	4.12124319
1.19166667	-19.44316148	25.23669221	23.93099158	-10.02570921	-7.85404875	2.54679644	4.12120565
1.20000000	-19.44247499	25.23610768	23.93143438	-10.02655468	-7.85337982	2.54672283	4.12111911
1.20833333	-19.42739557	25.23667886	23.93064489	-10.03264573	-7.85016196	2.54633838	4.11808383
1.21666667	-19.42740343	25.23677196	23.93038297	-10.03263784	-7.85027247	2.54635548	4.11799952
1.22500000	-19.42682915	25.23726329	23.93028298	-10.03247780	-7.85024438	2.54638732	4.11791904
1.23333333	-19.41642938	25.24308587	23.93055070	-10.03218179	-7.84950095	2.54671228	4.11655829
1.24166667	-19.41899031	25.24163309	23.92933795	-10.03315896	-7.85015411	2.54669150	4.11626369
1.25000000	-19.42640265	25.23715496	23.92573001	-10.03772328	-7.84995593	2.54658301	4.11502025
1.25833333	-19.42512129	25.23747143	23.92582504	-10.03785759	-7.84963221	2.54657026	4.11487603
1.26666667	-19.42419941	25.23792107	23.92585762	-10.03789964	-7.84938448	2.54657350	4.11480805
1.27500000	-19.40553670	25.24983656	23.91164716	-10.05729285	-7.84023434	2.54598297	4.10863384
1.28333333	-19.40625494	25.24998057	23.91130234	-10.05788561	-7.84002588	2.54597686	4.10853473
1.29166667	-19.40679290	25.24983458	23.91099815	-10.05832853	-7.83988757	2.54598790	4.10849349
1.30000000	-19.40498496	25.25322690	23.90977851	-10.06296068	-7.83596194	2.54633976	4.10783143
1.30833333	-19.40509430	25.25338129	23.90968554	-10.06315143	-7.83582896	2.54637311	4.10777305
1.31666667	-19.40599924	25.25297425	23.90927301	-10.06372924	-7.83565222	2.54638276	4.10772100
1.32500000	-19.40660243	25.25237294	23.90904822	-10.06529258	-7.83452066	2.54635226	4.10762567
1.33333333	-19.39667349	25.27724123	23.87961106	-10.11064772	-7.79964248	2.54703203	4.09904309
1.34166667	-19.39689109	25.27763343	23.87911672	-10.11069644	-7.79963201	2.54706443	4.09897146
1.35000000	-19.39717594	25.28483661	23.87278040	-10.11165407	-7.79768994	2.54797148	4.09802868
1.35833333	-19.39664303	25.28539420	23.87278887	-10.11153091	-7.79753771	2.54806199	4.09796911
1.36666667	-19.39661557	25.28587261	23.87237311	-10.11156660	-7.79743912	2.54814673	4.09791146
1.37500000	-19.39675477	25.28624900	23.87185868	-10.11171905	-7.79732482	2.54822585	4.09785761
1.38333333	-19.39328693	25.29084004	23.86875987	-10.11586896	-7.79260228	2.54917030	4.09699078
1.39166667	-19.39350093	25.29050932	23.86855679	-10.11629272	-7.79239586	2.54921433	4.09691759
1.40000000	-19.38589418	25.29320751	23.82926767	-10.15477787	-7.77367534	2.55135229	4.08983281
1.40833333	-19.38371792	25.29279224	23.83001556	-10.15528261	-7.77222617	2.55146432	4.08979038
1.41666667	-19.35406357	25.28077116	23.76049325	-10.19268117	-7.73866209	2.55815621	4.08087835
1.42500000	-19.35431646	25.28054231	23.76038596	-10.19261010	-7.73821774	2.55824108	4.08086968
1.43333333	-19.35475775	25.28022289	23.76010942	-10.19266853	-7.73774909	2.55832664	4.08087366
1.44166667	-19.35488794	25.27996938	23.76008401	-10.19277394	-7.73713482	2.55840495	4.08088265
1.45000000	-19.36776773	25.23242354	23.69878631	-10.14222552	-7.59692007	2.60783378	4.06081734
1.45833333	-19.36823039	25.23199617	23.69899187	-10.14219010	-7.59713304	2.60791217	4.06066446
1.46666667	-19.36811765	25.23191998	23.69941433	-10.14212574	-7.59715934	2.60798657	4.06052361
1.47500000	-19.37151143	25.23059714	23.70039095	-10.14173027	-7.59854624	2.60874846	4.05912876
1.48333333	-19.37146794	25.23080284	23.70055392	-10.14142385	-7.59877245	2.60884134	4.05897917
1.49166667	-19.37143512	25.23124644	23.70048913	-10.14110199	-7.59897540	2.60894899	4.05883391
1.50000000	-19.37681160	25.23981231	23.71740748	-10.12369569	-7.60863735	2.61794608	4.04739128
1.50833333	-19.37675954	25.24021130	23.71738616	-10.12353544	-7.60882436	2.61803661	4.04724735
1.51666667	-19.37729891	25.24032214	23.71709522	-10.12357761	-7.60905046	2.61812423	4.04710425
1.52500000	-19.37956036	25.24157332	23.71640656	-10.12373543	-7.61039088	2.61908235	4.04582070
1.53333333	-19.37982315	25.24141872	23.71648769	-10.12375690	-7.61061225	2.61918082	4.04567187
1.54166667	-19.38072873	25.24093101	23.71641327	-10.12403220	-7.61080758	2.61926732	4.04553277
1.55000000	-19.38524856	25.23786931	23.71750989	-10.12661945	-7.61136310	2.62002040	4.04425188
1.55833333	-19.38522088	25.23792975	23.71761898	-10.12656110	-7.61156351	2.62011879	4.04410452
1.56666667	-19.38540886	25.23792859	23.71769987	-10.12669941	-7.61162115	2.62020846	4.04396937
1.57500000	-19.38305856	25.23946826	23.72035794	-10.12827648	-7.61228232	2.62131956	4.04208280
1.58333333	-19.38317358	25.23945469	23.72040953	-10.12837874	-7.61259539	2.62140752	4.04190688
1.59166667	-19.38307039	25.24041077	23.72037462	-10.12851771	-7.61302689	2.62166548	4.04150788
1.60000000	-19.38347764	25.24071616	23.72001565	-10.12862661	-7.61333237	2.62178391	4.04134264
1.60833333	-19.38360955	25.24521084	23.71961304	-10.12972443	-7.61551159	2.62342080	4.03920475
1.61666667	-19.38334063	25.24550965	23.71999830	-10.12971954	-7.61563754	2.62356162	4.03903170
1.62500000	-19.38706713	25.24589132	23.71962916	-10.13197597	-7.61662089	2.62481278	4.03753244
1.63333333	-19.38730037	25.24596748	23.71962231	-10.13211821	-7.61678486	2.62495221	4.03736461
1.64166667	-19.39429844	25.24532295	23.71747596	-10.13536516	-7.61720849	2.62620997	4.03596667
1.65000000	-19.39471933	25.24582711	23.71706399	-10.13565810	-7.61721659	2.62651002	4.03568165
1.65833333	-19.40041677	25.24874949	23.71313941	-10.13776428	-7.61611155	2.62827793	4.03436273
1.66666667	-19.40106273	25.24972460	23.71226494	-10.13800776	-7.61571343	2.62870568	4.03407334
1.67500000	-19.40460802	25.25653464	23.70806564	-10.14098785	-7.61069132	2.63137403	4.03233341
1.68333333	-19.40599744	25.25720507	23.70727308	-10.14162582	-7.61008174	2.63176589	4.03205130
1.69166667	-19.43060537	25.38470152	23.68293659	-10.30765100	-7.52895727	2.74633752	3.91215271
1.70000000	-19.43481415	25.38515454	23.68001597	-10.31034544	-7.52825916	2.74639365	3.91167586
1.70833333	-19.43607741	25.38524901	23.67947775	-10.31092774	-7.52811804	2.74637078	3.91158948
1.71666667	-19.44500619	25.38748434	23.67358705	-10.31673469	-7.52502657	2.74627237	3.91107406
1.72500000	-19.44372995	25.38918468	23.67364489	-10.31706283	-7.52426698	2.74630323	3.91098631
1.73333333	-19.41819490	25.53099415	23.56956667	-10.55195610	-7.48925639	2.85252527	3.79943410
1.74166667	-19.41628653	25.53566987	23.56673179	-10.55473950	-7.48779571	2.85208942	3.79973855
1.75000000	-19.41342206	25.54162367	23.56211679	-10.56106213	-7.48579036	2.85152708	3.79990921
1.75833333	-19.40024463	25.57357344	23.50992866	-10.68498779	-7.45033152	2.84836862	3.80126941
1.76666667	-19.39987637	25.57796818	23.50531389	-10.69011249	-7.44875348	2.84896078	3.80134207
1.77500000	-19.39791121	25.79307530	23.39686307	-11.04062072	-7.30591380	2.91605912	3.81563375
1.78333333	-19.38769111	25.80763086	23.36848491	-11.06102734	-7.32288248	2.92066657	3.81260803
1.79166667	-19.35620558	25.90015706	23.24597421	-11.23749242	-7.31536876	3.08975338	3.81639567
1.80000000	-19.34669156	25.90582356	23.20802910	-11.28884371	-7.30008769	3.08650121	3.81797690
1.80833333	-19.33962152	25.91402587	23.19911661	-11.29696689	-7.29875674	3.08651186	3.81847522
1.81666667	-19.19623413	25.92503420	22.97217819	-11.55986851	-7.27373856	3.24617483	3.85208368
1.82500000	-19.19023440	25.93196250	22.94021718	-11.58160933	-7.28026684	3.24495410	3.85175376
1.83333333	-19.15713453	25.94184834	22.87793862	-11.66438172	-7.28449177	3.24802859	3.85633692
1.84166667	-18.69956001	25.42108235	22.27811640	-11.48640668	-7.29791557	3.10772487	3.99919624
1.85000000	-18.68403793	25.44199580	22.24549212	-11.52700965	-7.31968902	3.11468871	4.00024231
1.85833333	-18.70035337	25.64020901	22.16065030	-11.82475889	-7.29429828	3.34625045	4.13233435
1.86666667	-18.68875265	25.64196558	22.13079049	-11.86671047	-7.31354808	3.34437697	4.12925889
1.87500000	-18.63246508	25.65268006	21.98366441	-12.08629543	-7.31037677	3.35760011	4.14950961
1.88333333	-18.57903416	25.74205690	21.70608774	-12.32113082	-7.11317444	3.63467304	4.22707513
1.89166667	-18.51352178	25.73550133	21.62642896	-12.48188944	-7.14719176	3.63013109	4.21561155
1.90000000	-18.51383549	25.74831110	21.58904453	-12.52877769	-7.16101741	3.63458089	4.21592401
1.90833333	-18.12350490	25.40352496	20.93247384	-12.65488823	-6.91772489	3.81868465	4.22777967
1.91666667	-18.12105371	25.40529703	20.90145647	-12.70023417	-6.94514117	3.81530758	4.22759475
1.92500000	-18.03932871	25.39896544	20.79483250	-12.92247962	-7.01645164	3.82728034	4.24727778
1.93333333	-17.99713193	25.49804322	20.70502519	-13.18974159	-7.04751343	4.05038965	4.40345861
1.94166667	-17.60811453	25.05726502	20.12907870	-13.08149729	-6.95419285	3.98516421	4.32726232
1.95000000	-17.53143891	25.07401060	20.05848286	-13.26702087	-7.07111128	3.98433838	4.35096021
1.95833333	-17.44957227	25.11535587	19.97062093	-13.54657738	-7.17819036	4.03012427	4.42129684
1.96666667	-17.46217672	25.12222306	19.94610896	-13.57808300	-7.20899086	4.04346713	4.43037494
1.97500000	-17.12978640	24.79031432	19.41776746	-13.64325528	-7.16724025	4.21337234	4.57345809
1.98333333	-17.12583017	24.79469595	19.38504917	-13.69802276	-7.20897873	4.21783969	4.57584349
1.99166667	-16.98200099	24.78831527	19.27527347	-14.05012835	-7.40477320	4.26873025	4.62118082
2.00000000	-16.88871537	24.87530535	19.24265497	-14.41885397	-7.68689200	4.68989242	4.95653546
2.00833333	-16.70088048	24.55708312	19.32566598	-14.36446411	-8.03920871	4.93249687	5.18104876
2.01666667	-16.51582707	24.53345163	19.31774002	-14.66712798	-8.44200383	4.89278080	5.19440379
2.02500000	-15.93155205	23.88129169	18.60520953	-14.58749551	-8.37910296	4.81475121	5.16241054
2.03333333	-15.80854812	23.89259385	18.55880705	-14.87145745	-8.64943203	4.79346926	5.16195553
2.04166667	-15.69889571	23.99318115	18.53288359	-15.25980871	-9.03364139	5.06629601	5.56274265
2.05000000	-15.60080845	23.96193459	18.47725830	-15.47471881	-9.30202137	5.05513743	5.54103010
2.05833333	-15.62913421	23.97979513	18.57694333	-15.47028832	-9.59666734	5.00039236	5.64281622
2.06666667	-15.51594297	24.00266607	18.65551886	-15.80051371	-10.11997721	5.06007413	5.77722359
2.07500000	-15.43485426	24.00126537	18.79724497	-16.02446138	-10.72949461	5.26513851	6.11070789
2.08333333	-15.73266191	24.34840496	19.34141576	-16.08403905	-11.16156273	5.02213997	6.03839185
2.09166667	-15.56390498	24.30398233	19.53224677	-16.38252544	-11.96740968	5.17985805	6.23271415
2.10000000	-15.41107388	24.21037359	19.85862570	-16.61547687	-12.87303940	5.45507403	6.70536408
2.10833333	-15.28993844	24.13433482	20.19442957	-16.78551315	-13.77601224	5.53383020	6.93319699
2.11666667	-15.45140120	24.36768708	20.81136202	-16.89111777	-14.43811812	5.33374431	6.48429331
2.12500000	-15.23513948	24.30962020	21.04437136	-17.28148688	-15.48216776	5.59628706	6.77074454
2.13333333	-15.02012675	24.17524056	21.34672114	-17.52773415	-16.60936731	5.80399319	7.01955743
2.14166667	-14.81391854	23.98302002	21.73051274	-17.69906227	-17.79797508	5.98245496	7.19916525
2.15000000	-14.88299153	24.07345099	22.40801324	-17.73612211	-18.80433041	5.77933729	6.57347470
2.15833333	-14.71402115	24.07450463	22.73128163	-18.18501467	-20.01684153	6.02969932	6.70536604
2.16666667	-15.07585991	24.62476907	23.91747037	-18.47352372	-21.28172204	5.92372787	5.90681087
2.17500000	-14.77831799	24.38019295	24.33502241	-18.70986438	-22.75752773	6.26504347	5.94550655
2.18333333	-14.77373514	24.47760152	25.18374796	-18.90849144	-24.06864183	6.12473717	4.92635325
2.19166667	-14.41151070	24.19844402	25.90228760	-19.18527190	-25.89667333	6.57442854	4.79736389
2.20000000	-14.34879310	24.27321034	26.97750413	-19.40544434	-27.44010514	6.29869025	3.51424512
2.20833333	-13.93543746	23.94501247	27.61264015	-19.68269525	-29.26529977	6.77455981	3.13891933
2.21666667	-13.97112853	24.08606822	28.71685471	-19.88485262	-30.83361318	6.62435178	1.68684544
2.22500000	-13.60676461	23.77244305	29.35204345	-20.13645117	-32.58664624	7.01524728	1.21718306
2.23333333	-13.49128684	23.73299281	30.30265966	-20.31062208	-34.20809382	6.91140925	-0.21107758
2.24166667	-13.13809020	23.47571349	30.93055874	-20.59736081	-35.90886471	7.17371011	-0.66500357
2.25000000	-13.04914220	23.42563709	31.88766775	-20.73660510	-37.50228236	7.18095953	-1.96423562
2.25833333	-12.64939504	23.08457828	32.48483986	-20.94426211	-39.07537282	7.30518868	-2.33448995
2.26666667	-12.32888754	22.78787970	33.18988629	-21.11438488	-40.51545092	7.42493343	-3.47856693
2.27500000	-11.96104568	22.44552525	33.73600937	-21.27839656	-41.89435595	7.48481930	-3.72306912
2.28333333	-11.72034495	22.12217393	34.44094476	-21.39071289	-43.20488597	7.92776147	-4.20186579
2.29166667	-11.55787709	22.10664007	35.09246152	-21.67817242	-44.37329916	8.03101368	-4.72421909
2.30000000	-11.29479764	21.84559028	35.60292872	-21.78718499	-45.36233134	8.04504867	-4.83399181
2.30833333	-11.05699147	21.59423856	36.09224633	-21.90503673	-46.21019405	8.12121197	-4.86821384
2.31666667	-11.05152710	21.64380602	36.67683845	-22.13594465	-46.89107832	8.50832396	-4.69777109
2.32500000	-10.87094006	21.40986911	37.15783119	-22.16025208	-47.43026806	8.50348264	-4.72796919
2.33333333	-10.71698644	21.26569583	37.70679419	-22.28466574	-47.87392431	8.60424453	-4.66117338
2.34166667	-10.61625211	21.21818974	38.25091946	-22.49788990	-48.10408969	8.90349076	-4.27257521
2.35000000	-10.58402003	21.14537333	38.84844451	-22.55520728	-48.38791991	8.95460421	-3.17046975
2.35833333	-10.47913551	20.99218532	39.20643657	-22.62221309	-48.32034820	8.98284166	-3.16856025
2.36666667	-10.33281198	20.83686973	39.45813646	-22.76260163	-48.10087410	9.29939883	-3.12630456
2.37500000	-10.26204204	20.70230114	39.76977446	-22.81080257	-47.81395398	9.31505755	-3.09048390
2.38333333	-9.98754797	20.42194522	39.72902149	-22.95585143	-47.40203221	9.49792165	-1.95873036
2.39166667	-9.94913485	20.28978254	39.96626350	-22.97050629	-46.80265988	9.58578945	-2.12173577
2.40000000	-9.83071466	20.11677402	40.14305242	-23.07338482	-46.16435060	9.77861033	-2.57369941
2.40833333	-9.71951087	19.97053982	40.22943548	-23.20978150	-45.36409162	9.92452360	-2.88528527
2.41666667	-9.61878014	19.82951597	40.29663799	-23.34676073	-44.49098925	10.08815974	-3.30967561
2.42500000	-9.52504255	19.69373275	40.32984366	-23.49538188	-43.52469152	10.26391437	-3.87902687
2.43333333	-9.41129943	19.54141048	40.31313484	-23.63552320	-42.50192172	10.45485452	-4.68168905
2.44166667	-9.26940824	19.37072553	40.21167138	-23.80606821	-41.39208334	10.63975325	-5.59560281
2.45000000	-9.11982612	19.15795446	40.06919328	-23.95031442	-40.21058339	10.82956630	-6.64253456
2.45833333	-8.92236331	18.92664997	39.85175911	-24.14815141	-38.96391841	11.03130522	-7.85400775
2.46666667	-8.73580356	18.70535610	39.62667167	-24.37391153	-37.68130070	11.25607682	-9.18235242
2.47500000	-8.55695081	18.47805115	39.35907283	-24.59148725	-36.33917628	11.49901082	-10.58396161
2.48333333	-7.97853262	17.77849586	38.53752672	-24.75664656	-34.90861244	11.62864844	-11.82773581
2.49166667	-7.99098047	17.73888056	38.41079477	-24.99657643	-33.52433358	11.98956129	-13.23479837
2.50000000	-8.02234294	17.72085814	38.26388825	-25.27865815	-32.15207812	12.31652061	-14.64787414
2.50833333	-8.01456478	17.77407442	38.03211295	-25.71868387	-30.77185412	12.66133445	-16.02982306
2.51666667	-7.92456532	17.82508256	37.72095859	-26.24686144	-29.40453488	13.02366249	-17.27296016
2.52500000	-7.73963286	17.74759723	37.25562303	-26.78193580	-28.05703668	13.40480594	-18.48412296
2.53333333	-7.56184969	17.69063163	36.75634138	-27.33148393	-26.70505819	13.79805788	-19.54544708
2.54166667	-7.38246286	17.65728904	36.25010341	-27.92226769	-25.41215519	14.19410818	-20.48586620
2.55000000	-7.24173915	17.79058556	35.77141822	-28.70169031	-24.17600867	14.64567258	-21.34439387
2.55833333	-7.02748594	17.81084135	35.14912841	-29.40822083	-23.02775129	14.99692677	-22.03971793
2.56666667	-7.10170480	18.13772926	34.91774826	-30.21450957	-21.98683147	15.45782876	-22.66822308
2.57500000	-7.10793492	18.36641194	34.62832502	-30.95764440	-20.97111416	15.85726887	-23.17806035
2.58333333	-7.09405521	18.50403107	34.28626074	-31.64769360	-20.02467686	16.10303633	-23.31920543
2.59166667	-7.16377771	18.86896408	33.92808130	-32.51452917	-18.91957004	16.85670918	-24.17952134
2.60000000	-7.23158160	19.23078032	33.55205680	-33.40439920	-17.96128686	17.39099929	-24.63561302
2.60833333	-7.24997521	19.54976668	33.18988615	-34.29901053	-17.12557406	17.92213044	-24.98220769
2.61666667	-7.28184502	19.87767202	32.89500565	-35.19721581	-16.42942997	18.47868250	-25.31790224
2.62500000	-7.39292406	20.28549913	32.58804438	-36.12645196	-15.70181571	19.04441338	-25.56431672
2.63333333	-7.59265781	20.78476084	32.42348355	-37.07536862	-15.16910850	19.68718173	-25.86052413
2.64166667	-7.64189606	21.16795270	32.10418254	-38.06317641	-14.63987732	20.22713139	-26.07863713
2.65000000	-7.71969637	21.54574798	31.93528994	-39.01661784	-14.29718860	20.86634181	-26.34583944
2.65833333	-7.69472523	21.87105469	31.54987705	-40.04115849	-13.89124849	21.47433333	-26.57430410
2.66666667	-7.79930612	22.27317937	31.31237756	-41.03368558	-13.62721970	22.16520921	-26.77491280
2.67500000	-7.79104654	22.53114013	30.90293574	-41.97751008	-13.32658001	22.50690535	-26.78705202
2.68333333	-7.92220045	23.00837185	30.74538049	-43.07182113	-13.24612103	23.52026531	-27.01176426
2.69166667	-8.01921292	23.42852938	30.61706839	-44.10818363	-13.25470766	24.27024993	-27.07648369
2.70000000	-8.07717794	23.83594995	30.27127222	-45.22034623	-13.11266454	24.98720845	-27.07557752
2.70833333	-8.09929186	24.14375070	30.04400482	-46.24078966	-13.16112371	25.72051685	-27.13605844
2.71666667	-8.11550779	24.49156654	29.81352509	-47.32771159	-13.22623276	26.41817433	-27.15271466
2.72500000	-8.08464134	24.75077380	29.47768949	-48.36860014	-13.21386583	27.11825577	-27.20348293
2.73333333	-8.07052106	25.06178075	29.19217042	-49.46637958	-13.23771942	27.84514449	-27.25581150
2.74166667	-8.16852664	25.43045893	28.95641830	-50.50788399	-13.23213344	28.58740187	-27.30961872
2.75000000	-8.28468771	25.85818637	28.68406105	-51.63063239	-13.16534374	29.31053221	-27.37875322
2.75833333	-8.39904593	26.24139296	28.42603695	-52.68550398	-13.13361045	30.01585250	-27.49025963
2.76666667	-8.55416643	26.70792932	28.30389874	-53.79194364	-13.19020175	30.75701953	-27.60779439
2.77500000	-8.61576741	27.06773847	28.07709821	-54.87065767	-13.19327490	31.43414542	-27.74314803
2.78333333	-8.71675269	27.44318218	27.82477812	-55.94760862	-13.14506569	32.17690960	-27.93354087
2.79166667	-8.81517071	27.80551533	27.64701637	-56.99621956	-13.19813639	32.90807004	-28.13338534
2.80000000	-8.94588357	28.22643979	27.54189351	-58.06735063	-13.31049219	33.63375465	-28.22138048
2.80833333	-9.20692734	28.76545186	27.42355630	-59.17112382	-13.30700623	34.40783048	-27.95805592
2.81666667	-9.46438295	29.29451042	27.39722335	-60.25084195	-13.44760411	35.09967926	-27.18005654
2.82500000	-10.06076025	30.29736319	27.93814586	-61.46543652	-13.86517985	35.83047582	-25.94899402
2.83333333	-10.02882461	30.52981247	27.74487278	-62.50402055	-14.07038633	36.32691901	-24.20168523
2.84166667	-10.04631177	30.83334128	27.55593035	-63.63531349	-14.38785491	36.91517650	-22.12586699
2.85000000	-10.29478734	31.39815225	27.72921532	-64.78729276	-14.77238391	37.41039793	-19.52331338
2.85833333	-10.68031967	32.16500527	28.17722110	-66.04368305	-15.56877200	37.92249970	-16.85685231
2.86666667	-10.65381779	32.44270522	28.03365209	-67.24237648	-15.99812256	38.20745419	-14.58860872
2.87500000	-10.90302418	33.07882095	28.36994701	-68.51932754	-16.61790682	38.40891876	-12.20356400
2.88333333	-10.80628523	33.35332052	28.38317376	-69.79254835	-17.26384653	38.47068215	-10.23550406
2.89166667	-10.71298903	33.63614285	28.40578670	-71.09674072	-17.87087133	38.41221607	-8.31427789
2.90000000	-10.61459497	33.97472874	28.64816118	-72.43187606	-18.69121884	38.24065387	-6.43121271
2.90833333	-10.61431870	34.38407020	28.74383265	-73.79066972	-19.33052215	37.94304085	-4.71657158
2.91666667	-10.50126338	34.75025307	28.92871773	-75.19672572	-20.19166145	37.51549506	-3.06998574
2.92500000	-10.42928497	35.16255352	29.08076604	-76.62593138	-21.01524141	36.94093288	-1.46998233
2.93333333	-10.28170097	35.52911003	29.10229186	-78.07327679	-21.68679665	36.18507045	0.08866711
2.94166667	-10.03155369	35.80424688	29.10344327	-79.52322968	-22.46806573	35.24017122	1.50544491
2.95000000	-10.06885830	36.45413865	29.26424930	-81.09171026	-23.18728470	34.03479470	2.87220842
2.95833333	-9.78871344	36.78844890	29.04293329	-82.65651402	-23.73193084	32.69388090	4.00491592
2.96666667	-9.61484736	37.33418899	28.91319053	-84.31903652	-24.25739644	31.20914556	5.05043563
2.97500000	-9.50653783	38.04349422	28.87700425	-86.00514996	-24.85106692	29.37081022	5.95593603
2.98333333	-9.23845439	38.66636334	28.81455620	-87.74886956	-25.54729669	27.54103287	6.64948006
2.99166667	-9.26034206	39.69376774	29.07667881	-89.48085758	-26.37136528	25.10948592	7.28154339
3.00000000	-8.93226186	40.34095376	28.94956649	-91.20579657	-27.06258282	23.11791377	7.87863652
3.00833333	-8.51052229	40.92422435	28.74689402	-92.84425173	-27.77379387	20.78636550	8.37220685
3.01666667	-8.08087079	41.49742758	28.48536723	-94.41945118	-28.50471410	18.69045235	8.87841671
3.02500000	-7.74748839	42.19303447	28.27644603	-95.96606335	-29.21228601	16.20102066	9.40360965
3.03333333	-7.26582648	42.70750404	27.84505268	-97.39565497	-29.76839370	14.44213307	9.92892732
3.04166667	-6.49636709	42.85774432	26.97205615	-98.66026252	-30.10776884	12.53326925	10.46321987
3.05000000	-6.12466566	43.41534283	26.47701879	-99.86057563	-30.40629691	11.43001713	10.87830238
3.05833333	-5.50920210	43.68680048	25.55135853	-100.82570663	-30.48011572	10.39802101	11.35936030
3.06666667	-5.27897747	44.32920724	25.07963767	-101.64697861	-30.48921746	10.34018381	11.46930574
3.07500000	-5.01118573	44.93153603	24.59378746	-102.33729938	-30.56058372	10.41985889	11.98604183
3.08333333	-4.76671567	45.49110009	24.02109978	-102.75431246	-30.37501313	10.81899141	12.21998555
3.09166667	-4.17790850	45.57239156	23.01087125	-102.81203070	-30.07153127	10.49806033	12.45247421
3.10000000	-3.93244267	45.99851309	22.38823309	-102.70574598	-29.88765800	10.45589274	12.67519956
3.10833333	-3.82835526	46.60782985	21.80762866	-102.47066482	-29.57554549	10.22789250	12.81424409
3.11666667	-3.43263270	46.78818838	21.06894874	-101.97323883	-29.26198531	9.73954458	12.90330766
3.12500000	-3.26179209	47.17231813	20.54165657	-101.26282646	-29.04941824	8.82824602	12.99190804
3.13333333	-3.24710225	47.69598060	20.18064020	-100.44230902	-28.80812307	7.87650098	13.13343152
3.14166667	-3.26780841	48.22125726	19.78965135	-99.51745241	-28.47804564	8.07262425	13.21086586
3.15000000	-2.93446058	48.20310467	19.00239648	-98.17279372	-28.21760580	6.03626291	13.32416773
3.15833333	-3.07249957	48.68854770	18.66581843	-96.93400997	-27.83718387	6.07957916	13.43762932
3.16666667	-3.10897430	49.02275946	18.40895213	-95.43744025	-27.63702154	4.66127194	13.54345181
3.17500000	-3.11994132	49.24100523	18.11964885	-93.86625824	-27.36743974	4.43469368	13.52990616
3.18333333	-3.02882119	49.26653245	17.83057004	-92.15208746	-27.18429319	3.77827628	13.47937401
3.19166667	-3.15346210	49.43012479	17.55662862	-90.32481680	-26.92588419	3.42525911	13.60393008
3.20000000	-3.28430157	49.58303809	17.34495740	-88.34199634	-26.75802794	2.37744377	13.67465251
3.20833333	-3.43483671	49.67718635	17.18080305	-86.27306045	-26.65048784	1.36616622	13.81408781
3.21666667	-2.55915683	48.62017930	15.91244045	-83.87892225	-26.50684367	-0.26647164	13.85372912
3.22500000	-2.60074670	48.48267606	15.78330671	-81.58754282	-26.56006492	-1.77784628	14.10100538
3.23333333	-2.66352198	48.23476832	15.66580507	-79.17259424	-26.65057580	-3.43053314	14.36645764
3.24166667	-2.35691226	47.41819843	15.19756063	-76.49376723	-26.77596413	-6.49290039	14.63491644
3.25000000	-2.49295663	47.13372230	15.19883452	-73.90430154	-26.95634818	-8.35937943	14.89334186
3.25833333	-2.19499852	46.19546086	14.82131717	-70.98982786	-27.18473539	-12.37519743	15.04557089
3.26666667	-2.37748334	45.77190430	14.85388673	-68.22232244	-27.44650732	-14.20624765	15.54941525
3.27500000	-2.58410399	45.29043191	14.96831045	-65.41513965	-27.86056756	-16.22954243	16.09008063
3.28333333	-2.62438171	44.58219681	15.01170759	-62.52557548	-28.34303238	-18.41939157	16.59811469
3.29166667	-2.10616276	43.04533752	14.37837351	-59.22933936	-28.80633427	-22.96051004	17.07694125
3.30000000	-2.24324452	42.33591619	14.60255298	-56.36415187	-29.40761036	-24.67841039	17.70742608
3.30833333	-2.01563455	41.11073327	14.58478113	-53.36687176	-30.06612414	-26.46392647	18.33672842
3.31666667	-2.06510590	40.24872251	14.67738970	-50.46775742	-30.68011878	-28.03802859	18.86012297
3.32500000	-2.29554723	39.47464775	14.78596637	-47.53790442	-31.23802202	-29.42861666	19.63325061
3.33333333	-2.37604865	38.56933952	14.96473530	-44.66626605	-32.04131738	-30.59849067	20.39201138
3.34166667	-1.82196154	36.93070197	14.39878104	-41.95256456	-32.63787597	-29.92337023	21.00286379
3.35000000	-1.88264209	36.04231413	14.77477455	-39.32357701	-33.69131472	-30.90422649	21.84579421
3.35833333	-2.03934711	35.31805648	15.24219722	-37.01607519	-34.77848355	-29.70150594	22.56070023
3.36666667	-2.06255810	34.40184016	15.59946297	-34.53682525	-35.89869083	-30.44787916	23.38588218
3.37500000	-2.12314083	33.56129611	16.00128737	-32.48952455	-37.04811259	-29.19497310	23.98334868
3.38333333	-2.50376539	33.21198559	16.51855641	-30.44735396	-38.14026440	-29.01482883	24.82342596
3.39166667	-2.56525702	32.48232007	16.97501463	-28.55409512	-39.44356890	-28.93177018	25.66939100
3.40000000	-2.69337482	31.81808247	17.40000356	-26.65510066	-40.62426774	-29.30819590	26.47834516
3.40833333	-2.87675253	31.26330255	17.88501251	-24.96978630	-41.83107396	-29.54006229	27.33345824
3.41666667	-3.13736253	30.93291938	18.60182386	-23.77008764	-43.13309502	-28.82010163	27.83532117
3.42500000	-3.37642496	30.49060100	19.10006605	-22.33082918	-44.37561172	-29.21560914	28.70877106
3.43333333	-3.62102064	30.08730078	19.74549298	-21.07280763	-45.67294095	-29.52250586	29.50236626
3.44166667	-4.46252380	30.43315286	21.06124445	-20.12179510	-47.21332175	-29.45858843	30.26261863
3.45000000	-4.95693364	30.38358647	21.95331196	-19.21005606	-48.48897803	-29.60985147	31.08126208
3.45833333	-5.40856793	30.29644156	22.72696453	-18.36047990	-49.73274936	-29.62781292	31.66680056
3.46666667	-5.53168933	29.83606017	23.22870665	-17.58698536	-50.99961033	-29.63575635	32.16954067
3.47500000	-6.24652538	30.09444646	24.67246964	-17.16738435	-52.73284160	-29.52502272	32.71929722
3.48333333	-6.32362645	29.62228622	25.06655218	-16.67524186	-53.94722087	-29.47324211	33.33151812
3.49166667	-6.55934828	29.38323675	25.74572223	-16.42028084	-55.41947325	-29.42806698	34.03037470
3.50000000	-6.86800829	29.23596086	26.47101329	-16.31200787	-56.83444201	-29.44788985	34.58008336
3.50833333	-7.13169235	29.06142843	27.23754040	-16.35248628	-58.37995451	-29.53272947	35.10013639
3.51666667	-7.15168416	28.62426317	27.54332118	-16.39548173	-59.64866735	-29.54876205	35.24330244
3.52500000	-7.99639367	29.23070304	29.06211474	-16.75838226	-61.43889723	-29.20278170	35.91486598
3.53333333	-7.98370228	28.82104131	29.40815627	-16.96882484	-62.80980932	-28.38026124	36.37114298
3.54166667	-8.36328683	28.86001579	30.28723981	-17.27229439	-64.39469946	-26.60743955	36.67698130
3.55000000	-8.72519780	28.92647439	31.08353155	-17.72155044	-65.88497921	-24.19718135	37.05819185
3.55833333	-8.76719681	28.52145953	31.51615455	-17.83227612	-67.36034834	-21.78707043	37.29594102
3.56666667	-8.88900704	28.25760921	32.06082209	-17.97919090	-68.87926250	-19.00151747	37.43832761
3.57500000	-9.64935414	29.00036465	33.35862677	-18.60395490	-70.54592703	-15.93536576	37.59706615
3.58333333	-9.55932431	28.61712808	33.73098538	-18.81388359	-72.09352909	-13.58289782	37.47937643
3.59166667	-9.96852276	28.96038356	34.70074897	-19.22616517	-73.80334675	-11.22957364	37.25403169
3.60000000	-9.85103865	28.71321017	35.11992966	-19.61457954	-75.46545911	-9.21122257	36.84017123
3.60833333	-10.22262813	29.15403809	36.22574957	-20.17541020	-77.33704253	-7.14348506	36.22097350
3.61666667	-10.08513221	29.04414468	36.75027364	-20.69577751	-79.19752841	-5.23455113	35.38375004
3.62500000	-10.29482201	29.48020424	37.83447521	-21.41664649	-81.24580035	-3.61593301	34.29440085
3.63333333	-10.39863970	29.77779416	38.79742024	-22.09408723	-83.31866917	-2.08181874	32.99632915
3.64166667	-10.09803464	29.59248446	39.49131220	-22.76007366	-85.39074645	-0.58034459	31.38305640
3.65000000	-10.01170887	29.75937668	40.52008146	-23.50795656	-87.55631267	0.59207058	29.49340399
3.65833333	-9.56033756	29.53805378	41.17711658	-24.38185632	-89.59251479	1.75770370	27.65744478
3.66666667	-9.49092592	29.68840692	42.45357290	-25.09668244	-91.68822401	2.64321558	25.25911090
3.67500000	-8.98813948	29.47608638	43.13892875	-26.03955493	-93.56231638	3.63541900	23.35701381
3.68333333	-8.59458285	29.41420117	43.93980857	-27.04968156	-95.30545777	4.49802851	21.48942055
3.69166667	-8.30419315	29.54796475	44.87036021	-28.19489611	-96.87208452	5.14860825	19.74296613
3.70000000	-7.67846564	29.30445808	45.41140915	-29.31194963	-98.15412259	5.80260568	18.56717968
3.70833333	-7.11609632	29.04221125	45.86848694	-30.29897023	-99.18950555	6.42104252	17.90296785
3.71666667	-6.75870925	28.91683198	46.37504933	-31.17324657	-99.92887990	6.75345089	17.84615497
3.72500000	-5.91375111	27.99122248	46.29432834	-31.66412551	-100.18705417	7.45150440	17.55476255
3.73333333	-5.55730063	27.51741047	46.77360746	-31.91658668	-100.32662722	7.87111579	17.84088725
3.74166667	-5.29947605	27.06776814	47.19150423	-32.05046277	-100.16470935	8.20236994	18.06719052
3.75000000	-5.25610924	26.75159585	47.76335055	-31.99696183	-99.72026550	8.27909163	18.12208606
3.75833333	-5.08396681	26.13122897	48.18634531	-31.69479048	-99.13962849	8.76492831	18.23722492
3.76666667	-5.06364681	25.60431534	48.59581994	-31.28842126	-98.25629659	8.94624014	18.06729180
3.77500000	-4.87956632	25.12996798	48.89487989	-31.14697677	-97.24176606	9.17098253	17.73269171
3.78333333	-4.30633350	24.08909328	48.56460066	-30.82344232	-95.91751239	9.26515180	17.47586460
3.79166667	-4.40838487	23.81575768	48.96907853	-30.60930254	-94.56206242	9.45342379	16.99643975
3.80000000	-4.41416572	23.49772909	49.28951060	-30.46986116	-93.09383974	9.64858811	16.34516255
3.80833333	-4.38815605	23.15328671	49.46064504	-30.33282634	-91.44573415	9.83036475	15.49569497
3.81666667	-4.41972024	22.86146635	49.62580435	-30.19334841	-89.69347690	10.01214141	14.50501739
3.82500000	-4.39889553	22.52296784	49.66509079	-30.07982265	-87.71391122	10.16757987	13.35633964
3.83333333	-4.38316467	22.26454361	49.62275536	-30.05263179	-85.61373076	10.32566013	11.87619696
3.84166667	-4.37361436	21.98665336	49.48783166	-29.98385914	-83.33442459	10.47248794	10.19234080
3.85000000	-4.47992926	21.85832011	49.31987404	-29.96128908	-80.90283591	10.61310166	8.29381652
3.85833333	-4.61358416	21.80296451	49.12943985	-30.00540981	-78.32880848	10.79748302	6.19615564
3.86666667	-4.69842649	21.68054418	48.87805482	-30.04015724	-75.63982758	10.98563809	3.86592043
3.87500000	-4.76193843	21.52206014	48.52924043	-30.07676445	-72.80938846	11.18163429	1.38162830
3.88333333	-4.87450809	21.42116426	48.13366179	-30.16015612	-69.89257730	11.42675770	-1.14098850
3.89166667	-5.03629388	21.34051505	47.70367972	-30.20787509	-66.89050967	11.71238708	-3.58305527
3.90000000	-5.15037727	21.34510311	47.17401521	-30.45197917	-63.82649860	12.01599693	-6.10082048
3.90833333	-5.20566584	21.35311647	46.48201089	-30.77520478	-60.69494375	12.36597556	-8.56589477
3.91666667	-5.20249505	21.38342388	45.65902705	-31.28921462	-57.54673714	12.80030619	-10.90073829
3.92500000	-5.19267835	21.33836165	44.74492669	-31.71302576	-54.36091485	13.28129586	-12.97236191
3.93333333	-5.19293239	21.30977182	43.85921360	-32.13660586	-51.25948869	13.76158822	-14.84163068
3.94166667	-5.13598755	21.29122306	42.85606116	-32.70738339	-48.22602070	14.27175545	-16.42190893
3.95000000	-5.32685383	21.43865382	42.09913583	-33.18830792	-45.30242281	14.83668263	-17.61584452
3.95833333	-5.41230008	21.58068170	41.29908766	-33.90252057	-42.57723729	15.50197630	-18.80347572
3.96666667	-5.29222871	21.58012142	40.17487116	-34.64040283	-39.93475018	16.20095999	-19.78852620
3.97500000	-5.32076644	21.61738249	39.27989916	-35.29789843	-37.52302788	16.83125696	-20.38984877
3.98333333	-5.29430789	21.67689041	38.41970914	-36.05908994	-35.35326688	17.63404646	-21.18634140
3.99166667	-5.11936447	21.64269487	37.33509215	-36.96589678	-33.34912214	18.45210322	-21.90315613
4.00000000	-5.03637951	21.70356258	36.36121532	-37.76696568	-31.47590966	19.23697754	-22.51480287
4.00833333	-5.03034704	21.79076224	35.53700029	-38.66873538	-29.86589852	20.08422571	-23.20783323
4.01666667	-4.99836345	21.82975871	34.64539909	-39.58202694	-28.22623887	20.88388268	-24.07867237
4.02500000	-5.19004245	22.16949971	34.14181365	-40.56005160	-26.96598660	21.96029302	-24.70300663
4.03333333	-5.24828723	22.35164214	33.39211611	-41.47348353	-25.69420685	22.80752652	-25.48525631
4.04166667	-5.48145233	22.86284689	32.81269484	-42.60527507	-24.43191123	23.48675727	-26.25979526
4.05000000	-5.62256295	23.18513567	32.27407949	-43.62564381	-23.47102420	24.42947972	-26.60401526
4.05833333	-5.91318186	23.81994653	31.70731667	-44.84917203	-22.28693477	25.16614990	-27.27283554
4.06666667	-6.09020754	24.17785930	31.22018856	-45.86983512	-21.44636821	26.04528282	-27.37884675
4.07500000	-6.32852878	24.71988304	30.66789204	-47.04844120	-20.49513451	26.92423098	-27.56882618
4.08333333	-6.56271147	25.18702487	30.13869003	-48.11988259	-19.59252848	27.66754295	-27.67656379
4.09166667	-6.84473289	25.82592019	29.67963311	-49.39647146	-18.73871925	28.48881214	-27.89167365
4.10000000	-7.52185020	26.84339379	29.67751159	-50.62149832	-17.93684376	29.15632284	-28.10469564
4.10833333	-7.64698918	27.19864882	29.06399683	-51.71595156	-17.20599278	29.89304571	-28.04737319
4.11666667	-7.79754646	27.53857031	28.48866214	-52.81664534	-16.51331623	30.64674980	-28.07571369
4.12500000	-7.95996399	27.96011093	28.02128119	-53.99808849	-15.96209241	31.40352080	-28.11011415
4.13333333	-8.12952288	28.35174910	27.53339791	-55.16385551	-15.44342693	32.17712102	-28.16566020
4.14166667	-8.30502279	28.75980727	27.14077527	-56.35341871	-15.06669291	32.94438458	-28.22791269
4.15000000	-8.96767416	29.85692067	27.33024385	-57.82095393	-14.85512117	33.74154433	-28.21393039
4.15833333	-9.04487249	30.14452289	26.90171843	-58.97268724	-14.68069869	34.44315208	-28.09125342
4.16666667	-9.17422277	30.52818257	26.60687648	-60.21749356	-14.65238957	35.20067576	-27.44892044
4.17500000	-10.00452104	31.80599435	27.25911970	-61.67272060	-15.04747608	35.78455725	-25.89955917
4.18333333	-10.24512216	32.28009107	27.00764433	-62.94959490	-15.09994661	36.21566298	-23.90370039
4.19166667	-10.61132134	32.97001479	27.08309560	-64.27365440	-15.56775562	36.72245704	-21.27686967
4.20000000	-10.55202995	33.21940967	26.73720106	-65.64624434	-15.77813901	37.06398287	-18.56907878
4.20833333	-10.88445090	33.88353128	26.92913171	-67.03357695	-16.38182743	37.35515561	-15.49651037
4.21666667	-10.87123466	34.20843465	26.57129155	-68.45429482	-16.76757115	37.39735592	-12.54805702
4.22500000	-10.81321307	34.49967158	26.25800577	-69.92714387	-17.08676411	37.42737043	-10.04637921
4.23333333	-10.68660487	34.79897240	25.93387961	-71.51783335	-17.48488770	37.22678716	-7.80492916
4.24166667	-10.69729561	35.27926283	25.77111170	-73.19725091	-17.79002234	36.89299411	-5.84173390
4.25000000	-10.59834340	35.72095267	25.61726262	-74.95072552	-18.31920718	36.26358594	-4.04031231
4.25833333	-10.43605998	36.24799005	25.44911973	-76.90512473	-18.88325956	35.40237208	-2.33393887
4.26666667	-10.21615898	36.70819792	25.34218435	-78.85229215	-19.50016945	34.28011944	-1.14153683
4.27500000	-10.22155627	37.58511049	25.44204505	-80.95559822	-20.21239007	32.83576659	-0.18423405
4.28333333	-9.89266697	38.12093341	25.35887348	-83.08222593	-21.13863627	31.18720738	0.77350650
4.29166667	-10.07524469	39.44235476	25.86966303	-85.34507803	-21.87730317	28.99229373	1.16309809
4.30000000	-9.66580653	40.04975415	25.62785018	-87.48919787	-22.79425790	27.08983004	2.20583600
4.30833333	-9.30357904	40.79495616	25.34235002	-89.60797977	-23.51641019	24.88906060	3.08524293
4.31666667	-8.81880120	41.39280761	25.06091661	-91.53280913	-24.42264078	22.47431590	3.97071356
4.32500000	-8.31281781	41.99982805	24.74414708	-93.37081116	-25.36276371	20.00906000	4.72951394
4.33333333	-8.07869792	42.87176829	24.51336719	-95.02269275	-26.11696814	17.78202204	5.56363347
4.34166667	-7.56835924	43.38206855	24.22259779	-96.44263284	-27.06943943	15.95115838	6.24912599
4.35000000	-6.71877594	43.47098759	23.36189096	-97.54462423	-27.65574632	14.00418899	6.77367519
4.35833333	-6.08762562	43.65010378	22.68178988	-98.36034710	-28.18223843	12.76966958	7.29638787
4.36666667	-5.48672812	43.77252869	21.99011575	-98.89350149	-28.56480559	11.94631800	7.71506819
4.37500000	-5.04457656	43.98109094	21.29736094	-99.12662425	-28.72085779	11.39995928	8.15183977
4.38333333	-4.75057460	44.27024882	20.67687934	-99.06102223	-28.78431107	10.97850977	8.50474024
4.39166667	-4.65315804	44.68254514	20.13710784	-98.82704473	-28.53179689	11.74416179	8.73378124
4.40000000	-4.11922779	44.50786485	18.93931005	-98.15795160	-28.02922526	10.00911733	8.72765538
4.40833333	-3.99455669	44.78626238	18.34313552	-97.50426154	-27.67078696	10.34446629	8.95938899
4.41666667	-3.73834393	44.75672137	17.48772261	-96.45684894	-27.09123095	9.94072723	8.98479260
4.42500000	-3.33630224	44.64069916	16.32161345	-95.30254640	-26.31922988	7.64273587	8.79368562
4.43333333	-3.48164425	45.05992182	15.86277885	-94.11922590	-25.78044784	7.75319233	8.91425986
4.44166667	-2.92145319	44.56748140	14.50772942	-92.55543908	-24.96554744	6.22838530	8.79420232
4.45000000	-3.01592399	44.75207600	13.93106144	-90.97691864	-24.29835255	5.85463430	8.79605934
4.45833333	-2.32705251	43.88881137	12.31825798	-89.06692872	-23.30299819	4.60857121	8.56594853
4.46666667	-2.51100116	44.09558405	11.91010312	-87.25698852	-22.77656441	4.01532161	8.66108413
4.47500000	-1.99303736	43.33577808	10.53836780	-85.12716008	-21.87665091	2.35679052	8.40410327
4.48333333	-2.24361902	43.42182424	10.14298788	-82.99000034	-21.27925753	1.17211161	8.50500874
4.49166667	-1.92122737	42.74732535	9.15628996	-80.56628935	-20.75094893	-0.80348283	8.47340197
4.50000000	-2.17271547	42.66410552	8.85931156	-78.16680328	-20.31010400	-2.37916069	8.61031113
4.50833333	-2.37001883	42.44881577	8.56583033	-75.61505361	-19.98330843	-4.22045288	8.76557554
4.51666667	-2.26292620	41.72727063	7.99688356	-72.80837054	-19.75691508	-7.05046140	8.88609710
4.52500000	-2.54382572	41.44922221	7.87128171	-70.03883213	-19.59533530	-8.99335493	9.08638957
4.53333333	-2.72344810	40.98993179	7.79777910	-67.15560404	-19.69484578	-11.15930450	9.38046498
4.54166667	-2.47827710	39.85800280	7.23367418	-63.90509787	-19.73297013	-14.85839824	9.52201932
4.55000000	-2.69723697	39.32426407	7.28412020	-60.88849637	-20.04424229	-16.80282997	9.95164855
4.55833333	-2.83163418	38.60764583	7.34873176	-57.74487494	-20.53930892	-18.90500510	10.46026014
4.56666667	-2.93909389	37.82307692	7.46561642	-54.59890564	-21.17275308	-20.95304952	11.03487512
4.57500000	-3.08172609	36.95274572	7.61227792	-51.33918800	-21.86773042	-22.92319749	11.65920156
4.58333333	-3.23316786	35.93334721	7.92947206	-47.96419226	-22.85063546	-24.73899338	12.52640428
4.59166667	-3.28919409	35.10555658	8.11475526	-44.81848395	-23.80315513	-26.48831994	13.18219115
4.60000000	-3.38982934	34.19424293	8.33317301	-41.63521544	-24.79330128	-27.87495724	14.01423609
4.60833333	-3.40098882	33.04482044	8.50778058	-38.56434140	-25.94323981	-27.13466724	15.26976908
4.61666667	-3.55212934	32.22292683	8.86555324	-35.52925873	-27.13407616	-28.24853741	16.09430475
4.62500000	-3.84690818	31.59285633	9.50964813	-32.88610051	-28.59822126	-27.12744570	17.23976147
4.63333333	-4.03932538	30.86908048	9.78940707	-30.06766407	-29.64088021	-27.87965811	18.16987798
4.64166667	-4.21905526	30.27224878	10.33059291	-27.87448045	-31.22518703	-26.54697053	19.34469266
4.65000000	-4.43664958	29.65300144	10.67444091	-25.45362409	-32.36666539	-27.10268523	20.34194012
4.65833333	-4.65486908	29.15218475	11.19152232	-23.38016352	-33.84213275	-27.34179514	21.58197304
4.66666667	-5.19860686	29.23342824	12.24390779	-22.07682392	-35.66473358	-26.42863648	22.60848233
4.67500000	-5.45424379	28.91045106	12.75400448	-20.44351345	-37.07693170	-26.96302793	23.73141029
4.68333333	-6.03570585	29.06797286	13.87918710	-19.27372508	-38.90932232	-27.04870709	24.74235428
4.69166667	-6.14947347	28.65054143	14.32971153	-17.98489653	-40.50172824	-27.69882451	25.82757324
4.70000000	-7.10264549	29.28601826	15.98101625	-17.18834205	-42.54917257	-27.95820491	27.05185096
4.70833333	-7.28424641	28.94686892	16.48355477	-16.19781542	-44.10481873	-28.53220532	28.11659871
4.71666667	-8.28256912	29.65787053	18.13130337	-15.73028347	-46.07620746	-28.72055569	29.15449281
4.72500000	-8.41950610	29.33225817	18.55020170	-15.07742986	-47.60059019	-29.15494726	30.19147615
4.73333333	-9.13924377	29.69418077	19.85419383	-14.80852361	-49.51082617	-29.53584391	31.18066347
4.74166667	-9.28125569	29.38949577	20.24264413	-14.51164914	-51.02055627	-29.83917327	32.26018809
4.75000000	-10.02874109	29.86833895	21.51622896	-14.56482496	-52.89206941	-30.29809532	33.28383676
4.75833333	-10.02952244	29.68231436	21.80003240	-14.85854367	-54.47076325	-30.31846844	34.30090391
4.76666667	-10.71991336	30.03003164	23.07954391	-15.07874078	-56.47204554	-29.87956576	35.44170348
4.77500000	-10.67254665	29.68213605	23.31128441	-15.54380754	-58.11876376	-28.52999601	36.37979181
4.78333333	-10.79757969	29.51421234	23.86553551	-16.05592594	-60.04394685	-26.11615142	37.00040793
4.79166667	-11.19178237	29.61143872	24.82240130	-16.71967363	-62.23513115	-23.03274318	37.64091748
4.80000000	-11.23359478	29.37718093	25.39045315	-17.39697470	-64.36529543	-19.50469708	37.81439867
4.80833333	-11.77393989	29.81279272	26.73333821	-18.32127538	-66.90480755	-15.69050061	37.69472597
4.81666667	-11.88793323	29.70621140	27.53732925	-19.01600334	-69.30740051	-12.09600573	37.29890600
4.82500000	-12.52864641	30.39762603	29.13906090	-19.95989446	-72.01256895	-8.87770281	36.70460081
4.83333333	-12.54803644	30.31167430	30.01865048	-20.65346719	-74.54848808	-5.96125016	35.91588293
4.84166667	-13.29006989	31.23304270	31.92989530	-21.54022988	-77.37098200	-3.54401014	34.73825829
4.85000000	-13.40501048	31.48031783	33.08862173	-22.33371971	-80.02610569	-1.32179871	33.49566847
4.85833333	-13.35956592	31.42728940	34.01039866	-23.02883182	-82.47140655	0.90265913	31.96386094
4.86666667	-13.99291844	32.40920150	35.96286552	-24.05269927	-85.11904845	2.36506837	29.76435729
4.87500000	-13.88443835	32.48540234	37.10415227	-24.88981380	-87.59607609	3.69837615	27.75607158
4.88333333	-13.84263477	32.67255247	38.15141802	-25.87878225	-89.69859135	4.89284609	25.41378360
4.89166667	-13.73585888	32.91259602	39.22078692	-27.04746481	-91.68250963	5.87467155	23.15014470
4.90000000	-13.22788272	32.75544316	39.82876773	-28.30467916	-93.41855975	6.91229039	21.49301141
4.90833333	-12.78627335	32.53266431	40.31088293	-29.33557857	-94.75921711	7.30408436	19.86211317
4.91666667	-12.11959600	31.97965310	40.47998264	-30.29943579	-95.74136092	8.00375953	18.91055708
4.92500000	-11.33292622	31.20419056	40.49922098	-31.06832247	-96.46222640	8.55179385	18.43159924
4.93333333	-11.04765780	30.86156778	41.02918166	-31.71393805	-96.96247212	9.21368006	18.51870310
4.94166667	-10.77540691	30.32387215	41.39542123	-31.99730777	-97.02924609	9.83424952	18.67469956
4.95000000	-10.45388696	29.51940385	41.86564832	-31.88445501	-96.91850533	10.21776442	18.68527301
4.95833333	-10.06747085	28.40593053	42.08211979	-31.38898205	-96.41851083	9.94686966	18.20043151
4.96666667	-10.06277126	27.79513593	42.84000520	-31.00267621	-95.89428484	10.31338794	18.38672850
4.97500000	-10.09234132	27.08128619	43.36217992	-30.45395737	-95.01680175	10.65923073	18.44649732
4.98333333	-10.24667153	26.36655492	44.08104576	-29.67547489	-93.99648908	10.75547749	18.50420519
4.99166667	-10.08139638	25.29770406	44.44286700	-28.86819137	-92.78013522	10.82851304	18.26083171
5.00000000	-10.21234201	24.57579155	45.15762180	-28.08442674	-91.47642156	10.93966245	18.28289790
5.00833333	-10.02680296	23.44792964	45.34325560	-27.24698709	-89.91644386	11.07082124	18.31194385
5.01666667	-10.16228385	22.67116650	45.89937888	-26.39877448	-88.26011593	11.13970118	18.28141128
5.02500000	-9.48521062	20.89836409	45.40908263	-25.41376631	-86.35208018	11.45661792	18.44900119
5.03333333	-9.71371856	20.20076342	45.90198486	-24.55167689	-84.38873245	11.44152676	18.29074121
5.04166667	-9.83551860	19.42803114	46.26942865	-23.71989816	-82.30299337	11.47627336	18.12755380
5.05000000	-9.74270259	18.58283534	46.22578450	-23.13018160	-79.97686510	11.71196219	17.94853106
5.05833333	-9.71472879	17.71520824	46.24862694	-22.33820995	-77.60330925	11.81079635	17.74661782
5.06666667	-9.47405170	16.58623517	45.94562631	-21.56188696	-75.03941842	12.11130090	17.63478300
5.07500000	-9.78581680	16.20237113	46.18333745	-20.96563014	-72.41634801	12.05794716	17.34093434
5.08333333	-9.79850795	15.52305698	46.14565795	-20.37442679	-69.75047022	12.18721797	16.91342756
5.09166667	-9.91211545	14.90295617	46.09530651	-19.80135519	-66.94371829	12.25623287	16.42396891
5.10000000	-9.62785370	13.84422658	45.54567267	-19.21014093	-64.00783166	12.59313146	15.90497570
5.10833333	-9.83833550	13.36155782	45.61523316	-18.65942834	-61.17355542	12.60376177	15.11342217
5.11666667	-9.62942736	12.51489809	45.04156556	-18.28584917	-58.14734431	12.88614883	14.32465692
5.12500000	-9.81823175	12.05095721	45.01413353	-17.86047119	-55.21565479	12.98292022	13.33283409
5.13333333	-9.84959081	11.50391991	44.76362782	-17.55107229	-52.22650529	13.13531386	12.14925076
5.14166667	-9.25442116	10.26388745	43.66170955	-17.24908279	-49.05651569	13.54468381	11.15619135
5.15000000	-9.43081882	9.87508507	43.56114164	-16.99505980	-46.11480157	13.67190402	9.83114730
5.15833333	-9.54427408	9.39626585	43.35530707	-16.73733689	-43.16095539	13.86995037	8.50766197
5.16666667	-8.82937088	7.98858046	42.01704730	-16.42891608	-40.00594408	14.22123091	7.41161634
5.17500000	-9.05098331	7.67799993	41.95271967	-16.29532449	-37.23901911	14.39700604	5.94976266
5.18333333	-9.17000700	7.21165021	41.75011444	-16.12453560	-34.50663394	14.62651924	4.52970261
5.19166667	-8.51786503	5.80175146	40.58170141	-15.78408200	-31.89389900	14.87993877	3.93146206
5.20000000	-8.67873134	5.40358257	40.41198061	-15.68261390	-29.41552254	15.03573048	2.44432486
5.20833333	-8.19214813	4.23195515	39.47531866	-15.47310017	-27.14907743	15.17512318	1.66944382
5.21666667	-8.35810037	3.74723579	39.37722577	-15.29547835	-25.08061716	15.37089962	0.51373696
5.22500000	-8.43000171	3.26145126	39.14857614	-15.29237836	-23.14167992	15.51340735	-0.42475030
5.23333333	-7.82060711	1.96924594	38.14694560	-15.13097101	-21.54809932	15.65376678	-0.68871388
5.24166667	-7.98258366	1.60961211	38.09449239	-15.18625688	-20.08262821	15.75650055	-1.31127122
5.25000000	-8.07970689	1.26083081	37.93239806	-15.34072588	-18.77155565	15.80330042	-1.86804268
5.25833333	-8.23087842	0.98265528	37.83994064	-15.55309154	-17.72602658	15.82826498	-1.87860186
5.26666667	-8.23487256	0.59500021	37.52366324	-15.82627006	-16.73174854	15.78666652	-2.16483244
5.27500000	-7.78524713	-0.40661136	36.81306611	-15.92263361	-16.31647599	15.57906998	-1.52046779
5.28333333	-7.89916438	-0.52738982	36.67590136	-16.50005358	-15.84894979	15.44469083	-1.45564392
5.29166667	-8.03297595	-0.56236888	36.47724029	-17.15976467	-15.45821200	15.20539417	-1.30873737
5.30000000	-8.07816686	-0.76110318	36.32668709	-17.77542374	-15.50894517	15.08060395	-1.32228585
5.30833333	-8.25955706	-0.55702962	36.10185562	-18.71107530	-15.32694110	14.46605285	-1.72848150
5.31666667	-8.63621114	-0.27789533	36.24132258	-19.49607563	-15.51629833	13.69265770	-2.52168039
5.32500000	-8.71099309	-0.14120094	35.97605379	-20.58639958	-15.67904031	13.01786399	-3.48206100
5.33333333	-9.22224398	0.59019941	36.20949911	-21.85994292	-15.86086846	12.18461465	-4.88789876
5.34166667	-9.31406233	0.96432197	35.97381761	-23.27681131	-16.07932519	11.13837322	-6.06281445
5.35000000	-9.80903727	1.91700373	36.24903595	-24.88625688	-16.30111716	9.88050566	-7.48125334
5.35833333	-10.20848362	2.97309765	36.50708207	-26.78992724	-16.69145449	8.34385479	-8.36192540
5.36666667	-10.08785762	3.54236157	36.16646360	-28.79413255	-17.09087497	6.66530698	-8.57249604
5.37500000	-10.56260505	4.97454261	36.60585871	-31.07969846	-17.69545687	4.49272163	-8.86080404
5.38333333	-10.36588206	5.77908221	36.22722385	-33.47226800	-18.27751217	2.35076963	-8.44879207
5.39166667	-10.20246342	6.79204040	35.92272689	-36.04123572	-18.94123090	-0.02222767	-7.90774445
5.40000000	-10.66169483	8.54412111	36.41371953	-38.68173248	-19.76932700	-2.88470004	-7.45526192
5.40833333	-10.37832001	9.61823202	35.85618036	-41.35492355	-20.29352256	-5.29847551	-6.62321236
5.41666667	-10.55706301	11.12968775	35.84286255	-43.93156031	-20.81768295	-8.09805394	-5.95799003
5.42500000	-10.35185291	12.35265059	35.29380646	-46.52837463	-21.21903322	-10.30462548	-5.11833477
5.43333333	-10.79347079	14.27617998	35.48541298	-49.05664199	-21.58940510	-13.01358764	-4.45503427
5.44166667	-10.67050906	15.64898616	34.91782088	-51.51148428	-21.77217110	-14.94818434	-3.75881571
5.45000000	-10.77861196	17.28027021	34.65548215	-53.84504798	-22.04025937	-16.96694276	-2.97012204
5.45833333	-11.02011077	19.07488772	34.52726821	-56.06140039	-22.24544841	-18.82258313	-2.25785747
5.46666667	-10.88654358	20.41447113	33.89278780	-58.14226391	-22.27414002	-19.91277371	-1.60220922
5.47500000	-11.44716283	22.56724778	34.06356002	-60.05467729	-22.34614766	-21.57339842	-1.10414646
5.48333333	-11.56818275	24.19916062	33.69362997	-61.83882226	-22.34452435	-22.41013438	-0.54289621
5.49166667	-11.49322071	25.55228475	32.99273234	-63.40526357	-22.14257659	-22.04972563	0.06273956
5.50000000	-11.94727292	27.45289055	33.01656545	-64.69520613	-22.17417357	-23.27086904	0.54681629
5.50833333	-11.86051572	28.68138609	32.30379808	-65.81515154	-21.97498156	-22.63769604	1.06901469
5.51666667	-12.03671387	30.17231326	31.83620956	-66.69464900	-21.66869999	-22.99959288	1.48068214
5.52500000	-11.86351156	31.24469944	30.98126493	-67.40582690	-21.37226245	-21.97115658	1.92207810
5.53333333	-11.78408040	32.26146895	30.16148097	-67.77739206	-20.98881545	-22.18922347	2.38457021
5.54166667	-11.66526481	33.29798297	29.27745848	-68.11761055	-20.55542362	-21.07048908	2.71213412
5.55000000	-11.07200507	33.72054790	27.87463580	-68.09840578	-20.17111638	-21.16567029	3.24981641
5.55833333	-10.97104656	34.69659451	27.01409877	-68.10404244	-19.72425051	-20.16230424	3.54455595
5.56666667	-10.82699644	35.48894190	26.07808316	-67.85428852	-19.26098050	-19.29448190	3.86684938
5.57500000	-10.05737705	35.41951407	24.37224156	-67.19857819	-18.71845068	-19.10067169	4.41726902
5.58333333	-9.91349933	36.11232850	23.45627903	-66.59400282	-18.27095754	-18.33098647	4.78037568
5.59166667	-9.81450036	36.79552379	22.55496039	-65.77031447	-17.77168366	-17.43974872	5.13611767
5.60000000	-8.91753323	36.43033041	20.72044245	-64.65294462	-17.25939342	-16.40255843	5.83332505
5.60833333	-8.86040646	37.05720246	19.99975447	-63.52233694	-16.89558924	-15.51181139	6.24535628
5.61666667	-8.07514572	36.68204022	18.36256133	-62.09331099	-16.45465867	-13.86309098	6.88811316
5.62500000	-8.11430606	37.31754742	17.60256620	-60.68422659	-15.91223616	-13.04362538	7.23678932
5.63333333	-7.26271176	36.76612160	15.77217016	-59.03827605	-15.28927172	-11.13386188	7.71798989
5.64166667	-7.12059427	37.02487825	14.99339106	-57.36145238	-15.02112400	-10.17330824	8.19307308
5.65000000	-6.49124296	36.65200067	13.47047952	-55.52112751	-14.47218858	-8.81551496	8.53206371
5.65833333	-6.61090448	37.14138901	12.89241560	-53.67361508	-14.15198928	-8.58308797	8.79929898
5.66666667	-5.66193589	36.22629747	10.87042310	-51.52666703	-13.42369532	-7.72297425	9.22271641