0.00000000	-18.60213307	25.59076137	24.76540480	-10.71208892	-9.22198204	0.68241091	5.63048953
0.00833333	-18.61800459	25.58429536	24.75813134	-10.71523545	-9.22470234	0.68232302	5.63396192
0.01666667	-18.61771855	25.58372036	24.75895478	-10.71552332	-9.22457553	0.68234476	5.63449219
0.02500000	-18.63497451	25.57630385	24.74687187	-10.71933215	-9.23499334	0.68282792	5.63734339
0.03333333	-18.62441018	25.55370639	24.72363851	-10.70891304	-9.27883117	0.69048996	5.67260576
0.04166667	-18.64002680	25.55118558	24.71447886	-10.71053732	-9.28699230	0.69064226	5.67674206
0.05000000	-19.29019724	26.38747702	25.26686773	-10.96260776	-8.90249079	1.24733135	5.56096676
0.05833333	-19.30243818	26.38393728	25.26047812	-10.96204809	-8.90861945	1.24453620	5.56209834
0.06666667	-19.31620977	26.37683494	25.25486978	-10.95925529	-8.91835196	1.23951626	5.56513620
0.07500000	-19.31584529	26.37649743	25.25598653	-10.95887382	-8.91850761	1.23907013	5.56546050
0.08333333	-19.32746084	26.35464212	25.25882413	-10.94226236	-8.94137120	1.22279450	5.57681793
0.09166667	-19.33743374	26.34743889	25.25593244	-10.94137667	-8.94638875	1.22007402	5.57865384
0.10000000	-19.33757793	26.34717368	25.25616874	-10.94100046	-8.94693403	1.21974169	5.57891625
0.10833333	-19.35471273	26.33690858	25.25019474	-10.94101057	-8.95522616	1.21713282	5.58143185
0.11666667	-19.35362966	26.33701620	25.25076366	-10.94042973	-8.95563051	1.21687094	5.58178656
0.12500000	-19.37051886	26.32476591	25.24561517	-10.94044905	-8.96353732	1.21470653	5.58600362
0.13333333	-19.37625909	26.14481063	25.33545102	-10.66875996	-9.09358121	1.15177698	5.80806520
0.14166667	-19.38828847	26.13992825	25.33239157	-10.67396283	-9.09536003	1.15102245	5.80770939
0.15000000	-19.38983942	26.13941033	25.33228506	-10.67470499	-9.09555817	1.15091458	5.80765443
0.15833333	-19.40544858	26.13317408	25.32736243	-10.68009820	-9.09849579	1.15043404	5.80724495
0.16666667	-19.40618850	26.13324034	25.32714113	-10.68061657	-9.09891593	1.15034129	5.80715472
0.17500000	-19.42116864	26.12956821	25.32059992	-10.68538747	-9.10411100	1.14981388	5.80656224
0.18333333	-19.43132274	26.12769359	25.31632724	-10.68812754	-9.10814227	1.14953397	5.80628401
0.19166667	-19.44956578	26.12234666	25.30958577	-10.69134506	-9.11324863	1.14956115	5.80634648
0.20000000	-19.46021349	26.11878859	25.30613327	-10.69333036	-9.11647784	1.14978810	5.80671006
0.20833333	-19.47099058	26.11458184	25.30239965	-10.69494671	-9.11961366	1.15035511	5.80721632
0.21666667	-19.48322936	26.10883310	25.29779193	-10.69668533	-9.12331304	1.15128437	5.80799293
0.22500000	-19.48956421	26.10088696	25.28996277	-10.69050198	-9.13398110	1.16134918	5.81522924
0.23333333	-19.48979658	26.10098501	25.28996710	-10.69062050	-9.13432394	1.16155725	5.81541897
0.24166667	-19.50348185	26.09335373	25.28282428	-10.69377748	-9.14029349	1.16394745	5.81758054
0.25000000	-19.50591587	26.08334917	25.27264792	-10.68972708	-9.15432525	1.17686114	5.82946704
0.25833333	-19.50527840	26.08399862	25.27274212	-10.68963242	-9.15460873	1.17712075	5.82979934
0.26666667	-19.51828667	26.07853858	25.26531691	-10.69299334	-9.16128663	1.17947493	5.83288876
0.27500000	-19.52826002	26.07381933	25.26020466	-10.69505468	-9.16632559	1.18110928	5.83518115
0.28333333	-19.52772307	26.07391383	25.26034912	-10.69527332	-9.16685084	1.18141187	5.83566114
0.29166667	-19.54354365	26.06448858	25.25090886	-10.70183410	-9.17695068	1.18399365	5.84024649
0.30000000	-19.54236941	26.06470143	25.25117903	-10.70202486	-9.17755726	1.18431209	5.84079165
0.30833333	-19.55997510	26.05283815	25.24162164	-10.71097278	-9.18866237	1.18786978	5.84691955
0.31666667	-19.55821356	26.05338627	25.24196421	-10.71111309	-9.18922533	1.18823002	5.84749522
0.32500000	-19.57443251	26.04377553	25.23044383	-10.72188618	-9.20207725	1.19333825	5.85517796
0.33333333	-19.57241609	26.04457614	25.23077555	-10.72211594	-9.20256772	1.19377090	5.85576952
0.34166667	-19.57333215	26.03349806	25.20646239	-10.75665296	-9.23977135	1.22097039	5.89066026
0.35000000	-19.56782065	26.02497477	25.20315942	-10.77947402	-9.24048579	1.24116657	5.91673673
0.35833333	-19.56891806	26.02535731	25.20266550	-10.78000979	-9.24119787	1.24168986	5.91726330
0.36666667	-19.58966439	26.01960657	25.19350142	-10.78736836	-9.24906982	1.24596037	5.92137270
0.37500000	-19.58886010	26.02024260	25.19384249	-10.78769174	-9.24934323	1.24647789	5.92184506
0.38333333	-19.61090221	26.01199585	25.18498173	-10.79670293	-9.25621405	1.25173768	5.92689553
0.39166667	-19.61009786	26.01245448	25.18520700	-10.79710195	-9.25631769	1.25231560	5.92746177
0.40000000	-19.61820536	26.00045071	25.17368828	-10.82582623	-9.25965362	1.28679465	5.96043834
0.40833333	-19.63230269	25.99317438	25.16569236	-10.83055515	-9.26286037	1.29207365	5.96464040
0.41666667	-19.63167952	25.99334636	25.16568355	-10.83068342	-9.26276494	1.29273991	5.96518252
0.42500000	-19.64619507	25.98490698	25.15767072	-10.83545743	-9.26465516	1.29839515	5.96960872
0.43333333	-19.64018365	25.97164778	25.15051781	-10.83491896	-9.25252770	1.33172468	5.99488739
0.44166667	-19.65356163	25.96676383	25.14363447	-10.83597275	-9.25508519	1.33667198	5.99808519
0.45000000	-19.66497221	25.96072245	25.13801524	-10.83489590	-9.25494251	1.34287357	6.00227213
0.45833333	-19.66549607	25.96028275	25.13780741	-10.83443072	-9.25467725	1.34365598	6.00279967
0.46666667	-19.67735115	25.94689020	25.12879143	-10.80447327	-9.23754470	1.37371479	6.02309141
0.47500000	-19.69198224	25.94250906	25.12485601	-10.80114844	-9.23615904	1.37899970	6.02694795
0.48333333	-19.69250969	25.94279466	25.12478519	-10.80053245	-9.23574499	1.37959237	6.02738965
0.49166667	-19.70826494	25.93959000	25.11908334	-10.79796732	-9.23411914	1.38440719	6.03108731
0.50000000	-19.70715715	25.94033067	25.11957673	-10.79752075	-9.23351925	1.38476263	6.03137773
0.50833333	-19.70837524	25.94090530	25.11863310	-10.79725261	-9.23316966	1.38553212	6.03199661
0.51666667	-19.76582109	26.07439530	25.08282485	-10.90141301	-9.14691651	1.69764009	6.26361425
0.52500000	-19.76791355	26.07376744	25.08237768	-10.90167937	-9.14706698	1.69760261	6.26365048
0.53333333	-19.78129571	26.06862354	25.07848972	-10.90300973	-9.14710823	1.69764701	6.26416863
0.54166667	-19.78211613	26.06871828	25.07830650	-10.90283210	-9.14672175	1.69768271	6.26433238
0.55000000	-19.80709339	26.05964352	25.07122479	-10.90292151	-9.14450875	1.69827381	6.26644681
0.55833333	-19.80732164	26.06008915	25.07190262	-10.90223411	-9.14325268	1.69842170	6.26683404
0.56666667	-19.82245332	26.05652626	25.07074712	-10.89704535	-9.13422075	1.69972311	6.27067780
0.57500000	-19.82234746	26.05706996	25.07119694	-10.89617968	-9.13310944	1.69984699	6.27104879
0.58333333	-19.85299965	26.06369055	25.08324865	-10.86100209	-9.08551333	1.70519832	6.28872648
0.59166667	-19.85482652	26.06391187	25.08247016	-10.86034554	-9.08548410	1.70527779	6.28895673
0.60000000	-19.88841453	26.07090434	25.07905856	-10.83208763	-9.05977350	1.70819880	6.30058603
0.60833333	-19.88829459	26.07117889	25.07936576	-10.83164796	-9.05918497	1.70822259	6.30077425
0.61666667	-19.89687027	26.06863352	25.07888395	-10.82944224	-9.05559400	1.70839184	6.30259537
0.62500000	-19.89705858	26.06873305	25.07937285	-10.82908506	-9.05468940	1.70842017	6.30284784
0.63333333	-19.91037601	26.07037211	25.08587272	-10.81345586	-9.03247207	1.71040707	6.31054504
0.64166667	-19.91109224	26.07036794	25.08566480	-10.81337997	-9.03233465	1.71042913	6.31062478
0.65000000	-19.92496879	26.06614632	25.08151047	-10.81188809	-9.03190280	1.71075376	6.31148451
0.65833333	-19.92567709	26.06615810	25.08147162	-10.81130116	-9.03143935	1.71081828	6.31164087
0.66666667	-19.93910460	26.06689985	25.08407558	-10.78676462	-9.01301378	1.71342228	6.31866742
0.67500000	-19.93936541	26.06719540	25.08401975	-10.78652202	-9.01291658	1.71342525	6.31875075
0.68333333	-19.95130026	26.06444442	25.08033594	-10.78530332	-9.01360411	1.71347789	6.31955751
0.69166667	-19.95221563	26.06457262	25.08034953	-10.78463740	-9.01332899	1.71351320	6.31976151
0.70000000	-19.96195554	26.06211258	25.07809757	-10.78195288	-9.01310755	1.71365580	6.32070130
0.70833333	-19.96169617	26.06240686	25.07841614	-10.78153060	-9.01277071	1.71366734	6.32079892
0.71666667	-19.97590287	26.06521975	25.08106898	-10.75135270	-8.99567222	1.71468100	6.32695915
0.72500000	-19.97824403	26.06504429	25.08026309	-10.75118103	-8.99589695	1.71460557	6.32703447
0.73333333	-19.98912622	26.06234514	25.07615614	-10.75026098	-8.99683652	1.71436639	6.32748864
0.74166667	-19.98920618	26.06256040	25.07623199	-10.74996012	-8.99663292	1.71436722	6.32757088
0.75000000	-19.99872195	26.07003130	25.07577758	-10.72699192	-8.98257369	1.71373648	6.33564262
0.75833333	-19.99924675	26.07025089	25.07569015	-10.72695506	-8.98251069	1.71369293	6.33572047
0.76666667	-20.01043067	26.06914272	25.07153807	-10.72664710	-8.98356695	1.71336616	6.33684641
0.77500000	-20.01057348	26.06947242	25.07170112	-10.72651156	-8.98330870	1.71334477	6.33701108
0.78333333	-20.01162034	26.06940232	25.07140890	-10.72643507	-8.98335957	1.71332239	6.33716645
0.79166667	-20.02080097	26.06786877	25.06930122	-10.72559156	-8.98374914	1.71310121	6.33856890
0.80000000	-20.02134704	26.06802589	25.06966339	-10.72536937	-8.98331134	1.71306778	6.33888267
0.80833333	-20.02204038	26.06785067	25.06974123	-10.72528950	-8.98319191	1.71304858	6.33903849
0.81666667	-20.04542560	26.08624637	25.07644131	-10.70284614	-8.96061471	1.71146321	6.35555305
0.82500000	-20.04600905	26.08620541	25.07658058	-10.70297049	-8.96054996	1.71139888	6.35564089
0.83333333	-20.06221039	26.08198433	25.07332502	-10.70431348	-8.96107619	1.71084306	6.35680418
0.84166667	-20.06194207	26.08246406	25.07359067	-10.70413073	-8.96071113	1.71081175	6.35695085
0.85000000	-20.06184140	26.08293622	25.07371790	-10.70390863	-8.96051853	1.71077739	6.35707586
0.85833333	-20.06407318	26.08332828	25.07273944	-10.70342034	-8.96085911	1.71070476	6.35738776
0.86666667	-20.10148669	26.11103406	25.07544096	-10.67491520	-8.94433496	1.70680620	6.37904264
0.87500000	-20.10179206	26.11110469	25.07535571	-10.67512692	-8.94412710	1.70671965	6.37921849
0.88333333	-20.10597102	26.11043555	25.07514832	-10.67562684	-8.94349394	1.70601839	6.38078709
0.89166667	-20.10556216	26.11065471	25.07574066	-10.67566794	-8.94302562	1.70593741	6.38099150
0.90000000	-20.10597503	26.11037175	25.07616543	-10.67575602	-8.94285446	1.70585702	6.38116153
0.90833333	-20.11421104	26.10681186	25.07847508	-10.67679982	-8.94178984	1.70487488	6.38334951
0.91666667	-20.11341803	26.10738554	25.07907600	-10.67667883	-8.94145641	1.70479900	6.38353039
0.92500000	-20.13660724	26.10001947	25.07527114	-10.67773750	-8.94310734	1.70383270	6.38696674
0.93333333	-20.11961960	26.10891788	25.08419112	-10.67397333	-8.93897262	1.70321823	6.38966153
0.94166667	-20.12187068	26.10853056	25.08326596	-10.67445953	-8.93977542	1.70305036	6.39000131
0.95000000	-20.13723815	26.11983484	25.08941384	-10.67730599	-8.95444597	1.69485280	6.41105468
0.95833333	-20.13702619	26.12018052	25.08943587	-10.67743218	-8.95436842	1.69476283	6.41128543
0.96666667	-20.14285297	26.11952024	25.08665595	-10.67899090	-8.95645665	1.69407198	6.41328910
0.97500000	-20.14259639	26.11977318	25.08684962	-10.67916384	-8.95643938	1.69398859	6.41354169
0.98333333	-20.15073757	26.11845847	25.08579519	-10.68202074	-8.95954321	1.69291506	6.41757852
0.99166667	-20.15013649	26.11897304	25.08622185	-10.68205157	-8.95942491	1.69285601	6.41783955
1.00000000	-20.15110712	26.11864066	25.08614766	-10.68222142	-8.95973980	1.69280375	6.41804704
1.00833333	-20.17105489	26.12237451	25.08948558	-10.68205447	-8.97086276	1.69037889	6.42888683
1.01666667	-20.17111486	26.12238899	25.08895091	-10.68236278	-8.97112735	1.69024056	6.42917112
1.02500000	-20.17101317	26.12254612	25.08914825	-10.68239896	-8.97113571	1.69019346	6.42933543
1.03333333	-20.17313045	26.12203126	25.08859925	-10.68249218	-8.97176228	1.69010007	6.42991038
1.04166667	-20.17347238	26.12204243	25.08865116	-10.68242906	-8.97186356	1.69007083	6.43016550
1.05000000	-20.17422796	26.12188279	25.08856253	-10.68244129	-8.97195314	1.69004283	6.43046577
1.05833333	-20.18813927	26.12782735	25.10910609	-10.67814104	-8.96043464	1.68644257	6.47147657
1.06666667	-20.18867536	26.12782431	25.10882068	-10.67832998	-8.96061698	1.68638472	6.47170922
1.07500000	-20.19678030	26.12645338	25.10563753	-10.67988469	-8.96255116	1.68566434	6.47485920
1.08333333	-20.19642992	26.12686931	25.10568880	-10.67989622	-8.96244890	1.68560923	6.47509899
1.09166667	-20.20104990	26.12645121	25.10366268	-10.68049771	-8.96391667	1.68507881	6.47694400
1.10000000	-20.20125725	26.12652448	25.10364092	-10.68055907	-8.96381948	1.68503106	6.47714243
1.10833333	-20.20189278	26.12638289	25.10341074	-10.68059398	-8.96389496	1.68498824	6.47733222
1.11666667	-20.20871304	26.12427828	25.10104251	-10.68038405	-8.96453441	1.68463374	6.47902102
1.12500000	-20.20884146	26.12435583	25.10106324	-10.68030245	-8.96433480	1.68459516	6.47921702
1.13333333	-20.20952945	26.12410367	25.10082773	-10.68023924	-8.96430205	1.68454843	6.47939025
1.14166667	-20.20967968	26.12412390	25.10080983	-10.68003246	-8.96420799	1.68449998	6.47956038
1.15000000	-20.21826930	26.12140515	25.09724077	-10.67733365	-8.96381825	1.68380677	6.48250759
1.15833333	-20.21698932	26.12220531	25.09744707	-10.67681088	-8.96338900	1.68373716	6.48282360
1.16666667	-20.21656775	26.12271700	25.09737628	-10.67648160	-8.96330744	1.68371122	6.48301225
1.17500000	-20.21713263	26.12278073	25.09680581	-10.67620724	-8.96356524	1.68368976	6.48318916
1.18333333	-20.27650472	26.16859027	25.05679268	-10.62734417	-8.80915901	1.62829096	6.63310493
1.19166667	-20.27670957	26.16836152	25.05677395	-10.62748323	-8.80958684	1.62828538	6.63303354
1.20000000	-20.27717212	26.16798720	25.05675691	-10.62760267	-8.81007019	1.62828290	6.63298581
1.20833333	-20.27816897	26.16717365	25.05632514	-10.62785352	-8.81066563	1.62826790	6.63297260
1.21666667	-20.26854219	26.16077815	25.05437359	-10.62588826	-8.84268329	1.62829534	6.63607439
1.22500000	-20.26883493	26.16075856	25.05439942	-10.62594705	-8.84297974	1.62828630	6.63616944
1.23333333	-20.27905204	26.15620959	25.05023729	-10.62686713	-8.84800514	1.62823753	6.63727296
1.24166667	-20.27826222	26.15644263	25.05049285	-10.62671976	-8.84805674	1.62823421	6.63739289
1.25000000	-20.27820579	26.15632779	25.05042359	-10.62660361	-8.84843064	1.62822767	6.63747020
1.25833333	-20.27232548	26.14672998	25.04629579	-10.62263779	-8.85890111	1.62750567	6.63994819
1.26666667	-20.27286330	26.14615888	25.04624518	-10.62283329	-8.85903743	1.62747697	6.63998006
1.27500000	-20.27309817	26.14566477	25.04634763	-10.62287126	-8.85923905	1.62745360	6.63999515
1.28333333	-20.26212089	26.13048370	25.03704188	-10.61043126	-8.87746821	1.62545614	6.64128988
1.29166667	-20.26316339	26.13009951	25.03666801	-10.61063442	-8.87765676	1.62541429	6.64131462
1.30000000	-20.26611412	26.12876030	25.03552244	-10.61078806	-8.87862477	1.62533398	6.64137155
1.30833333	-20.27286619	26.12438910	25.03325710	-10.61047021	-8.88077901	1.62517887	6.64184520
1.31666667	-20.27254813	26.12443637	25.03345173	-10.61029891	-8.88070218	1.62516314	6.64192518
1.32500000	-20.27697850	26.12314192	25.03261081	-10.60238284	-8.88350478	1.62372542	6.64688210
1.33333333	-20.27638533	26.12332113	25.03294336	-10.60224999	-8.88324198	1.62369692	6.64700430
1.34166667	-20.27606856	26.12336902	25.03329752	-10.60204943	-8.88310812	1.62366368	6.64713520
1.35000000	-20.27804480	26.12112697	25.03400429	-10.59761598	-8.88147491	1.62159251	6.65216781
1.35833333	-20.28014941	26.12048702	25.03256133	-10.59794497	-8.88162736	1.62144365	6.65243301
1.36666667	-20.28013246	26.12058346	25.03219684	-10.59782787	-8.88175028	1.62138758	6.65252139
1.37500000	-20.27527810	26.10442640	25.01970004	-10.59282021	-8.88472053	1.61901704	6.65889822
1.38333333	-20.27421422	26.10504338	25.01984357	-10.59223457	-8.88496000	1.61898476	6.65899999
1.39166667	-20.27472279	26.10493479	25.01923290	-10.59213706	-8.88543029	1.61895969	6.65905005
1.40000000	-20.27532798	26.10469433	25.01858200	-10.59209705	-8.88596514	1.61893149	6.65909138
1.40833333	-20.27629830	26.10418795	25.01775467	-10.59216999	-8.88661028	1.61889630	6.65913516
1.41666667	-20.27718991	26.10357175	25.01699668	-10.59228545	-8.88724893	1.61886257	6.65917076
1.42500000	-20.26186968	26.08159376	24.99268219	-10.58704547	-8.91369675	1.61795368	6.66625636
1.43333333	-20.26208037	26.08125013	24.99281965	-10.58706457	-8.91371883	1.61793543	6.66637231
1.44166667	-20.26251664	26.08066329	24.99294039	-10.58725599	-8.91367221	1.61792085	6.66651254
1.45000000	-20.26311261	26.07989745	24.99297091	-10.58752792	-8.91367610	1.61791311	6.66664201
1.45833333	-20.27433823	26.07266278	24.98641527	-10.58993236	-8.91538433	1.61821981	6.66843328
1.46666667	-20.26847380	26.07327107	24.98439956	-10.58722131	-8.91704119	1.61881634	6.67039394
1.47500000	-20.26796609	26.07340513	24.98443954	-10.58725022	-8.91699983	1.61883444	6.67055188
1.48333333	-20.27580856	26.06821428	24.97577565	-10.58911834	-8.91991613	1.61917913	6.67222398
1.49166667	-20.25548177	26.06047769	24.95753450	-10.58159526	-8.92672734	1.62056708	6.69106562
1.50000000	-20.25477501	26.06086741	24.95802048	-10.58149196	-8.92664266	1.62055492	6.69136557
1.50833333	-20.25533317	26.06058036	24.95773941	-10.58165239	-8.92681801	1.62053356	6.69156245
1.51666667	-20.26263786	26.05465855	24.95325355	-10.58380144	-8.92833070	1.62037514	6.69461289
1.52500000	-20.26162999	26.05488692	24.95351392	-10.58355299	-8.92817668	1.62038261	6.69481553
1.53333333	-20.24893405	26.04755336	24.94712475	-10.58051509	-8.92874375	1.62051577	6.70399098
1.54166667	-20.24880175	26.04758999	24.94725056	-10.58047408	-8.92880312	1.62050583	6.70414589
1.55000000	-20.25758830	26.04234710	24.94193687	-10.58247209	-8.93034579	1.62056741	6.70574042
1.55833333	-20.24574095	26.04907873	24.93673264	-10.57388549	-8.93309765	1.62092902	6.71918180
1.56666667	-20.24605668	26.04895445	24.93670241	-10.57392593	-8.93310853	1.62090412	6.71937902
1.57500000	-20.25706532	26.04547078	24.93244084	-10.57510534	-8.93244048	1.62075621	6.72226409
1.58333333	-20.25173901	26.04883534	24.93405691	-10.57027540	-8.93026306	1.62090728	6.72594930
1.59166667	-20.24714886	26.05324546	24.93828038	-10.56865062	-8.92649506	1.62125656	6.72987355
1.60000000	-20.35275425	26.29103619	25.01081112	-10.68259834	-8.92185908	1.60801781	6.97550452
1.60833333	-20.35402392	26.29026483	25.01025724	-10.68260908	-8.92266583	1.60820982	6.97527836
1.61666667	-20.35433481	26.28962007	25.01017745	-10.68268969	-8.92294286	1.60827453	6.97512074
1.62500000	-20.35028561	26.28614005	25.01463505	-10.67750624	-8.93206156	1.61516696	6.96750493
1.63333333	-20.35007745	26.28631725	25.01496483	-10.67728921	-8.93224588	1.61528699	6.96734124
1.64166667	-20.35050991	26.28602626	25.01505646	-10.67726790	-8.93253926	1.61539541	6.96714640
1.65000000	-20.35077340	26.28576920	25.01536556	-10.67720667	-8.93267108	1.61550097	6.96697077
1.65833333	-20.35126749	26.28535905	25.01556183	-10.67724411	-8.93275536	1.61559511	6.96681177
1.66666667	-20.35153260	26.28508693	25.01584969	-10.67724340	-8.93273777	1.61568795	6.96666934
1.67500000	-20.35187695	26.28489403	25.01594066	-10.67725628	-8.93280402	1.61577821	6.96653546
1.68333333	-20.35166457	26.28496788	25.01623118	-10.67715808	-8.93277673	1.61587000	6.96641130
1.69166667	-20.35312864	26.28436373	25.01613425	-10.67735460	-8.93290405	1.61604934	6.96608739
1.70000000	-20.35372927	26.28396326	25.01590778	-10.67743775	-8.93303757	1.61611900	6.96591832
1.70833333	-20.35392529	26.28370825	25.01589027	-10.67751695	-8.93302693	1.61619689	6.96574597
1.71666667	-20.34419951	26.28105008	25.02451898	-10.67671747	-8.93423278	1.62151323	6.95494820
1.72500000	-20.34434901	26.28103629	25.02457259	-10.67676569	-8.93439938	1.62159085	6.95474023
1.73333333	-20.34449709	26.28100526	25.02447961	-10.67689149	-8.93451430	1.62166248	6.95453659
1.74166667	-20.34412973	26.28122647	25.02464207	-10.67692628	-8.93449376	1.62173692	6.95434678
1.75000000	-20.34391624	26.28133565	25.02473272	-10.67710354	-8.93440823	1.62179136	6.95418152
1.75833333	-20.33933106	26.28323676	25.02674042	-10.67821871	-8.93392598	1.62228133	6.95248499
1.76666667	-20.33945792	26.28329158	25.02674418	-10.67833469	-8.93409141	1.62233652	6.95230970
1.77500000	-20.34043290	26.28289723	25.02661853	-10.67904537	-8.93423056	1.62245264	6.95187220
1.78333333	-20.33989623	26.28314654	25.02699907	-10.67929661	-8.93408407	1.62257649	6.95155659
1.79166667	-20.33941872	26.28362169	25.02755141	-10.67949970	-8.93381974	1.62273011	6.95115494
1.80000000	-20.33518969	26.29717103	25.03534337	-10.69616097	-8.94442297	1.62703719	6.93581890
1.80833333	-20.33494964	26.29726269	25.03535021	-10.69627230	-8.94439558	1.62711443	6.93564600
1.81666667	-20.30872341	26.34480792	25.03683197	-10.78885077	-8.99429968	1.65974231	6.85480037
1.82500000	-20.30965082	26.34430630	25.03632784	-10.78877312	-8.99462640	1.65978064	6.85482345
1.83333333	-20.31137358	26.34292147	25.03562223	-10.78769779	-8.99372500	1.66016175	6.85481612
1.84166667	-20.31181944	26.34259954	25.03545337	-10.78760930	-8.99367099	1.66020689	6.85479621
1.85000000	-20.31328695	26.34097149	25.03433385	-10.78761701	-8.99087271	1.66069096	6.85453915
1.85833333	-20.31354596	26.34084735	25.03403727	-10.78746015	-8.99033888	1.66084713	6.85446028
1.86666667	-20.31517896	26.33983352	25.03228676	-10.78749550	-8.98506105	1.66201532	6.85364748
1.87500000	-20.31549784	26.33966483	25.03223132	-10.78739899	-8.98413976	1.66224253	6.85345596
1.88333333	-20.31732566	26.33953966	25.03219359	-10.78762923	-8.97594047	1.66390936	6.85193561
1.89166667	-20.31811777	26.33936993	25.03225043	-10.78771988	-8.97457175	1.66420496	6.85167698
1.90000000	-20.32250126	26.33945767	25.03293373	-10.78957105	-8.96343231	1.66642960	6.84980551
1.90833333	-20.36793892	26.32476720	25.08242925	-10.74416948	-8.95108352	1.81502752	6.59206717
1.91666667	-20.37213444	26.32387826	25.08116994	-10.74437266	-8.95008742	1.81510309	6.59267436
1.92500000	-20.37273657	26.32511028	25.08115224	-10.74688294	-8.94837839	1.81576548	6.59332341
1.93333333	-20.37422484	26.32874390	25.07817871	-10.75407336	-8.94992898	1.81770808	6.59387209
1.94166667	-20.36956377	26.34229675	25.07549977	-10.81375908	-8.97139365	1.83405478	6.59468458
1.95000000	-20.36892081	26.34605388	25.07220146	-10.82194826	-8.97363491	1.83690125	6.59476870
1.95833333	-20.34179846	26.36937235	25.06861598	-10.97501720	-9.03028257	1.87726412	6.58987582
1.96666667	-20.34455080	26.37514519	25.06256640	-10.98175133	-9.03384648	1.88160287	6.58974714
1.97500000	-20.66830104	26.87615042	25.71973968	-11.30975861	-9.61235027	2.24070569	6.48362610
1.98333333	-20.66358207	26.88413224	25.69839330	-11.36409888	-9.61465188	2.24261593	6.49518369
1.99166667	-20.63871842	26.89830660	25.65859719	-11.48802815	-9.61996297	2.25448757	6.50760000
2.00000000	-20.64232577	26.90445888	25.64831510	-11.49648360	-9.62163204	2.25625216	6.50831951
2.00833333	-20.59236734	26.95447773	25.57777165	-11.76072600	-9.63027168	2.32285082	6.52485408
2.01666667	-20.60198802	26.97337555	25.56014121	-11.79472236	-9.63762928	2.34324958	6.52807615
2.02500000	-20.55604732	27.17448668	25.49332863	-12.22998044	-9.68721549	2.69106090	6.59232021
2.03333333	-20.57274281	27.17144653	25.47631373	-12.26607634	-9.68486342	2.70384707	6.59633844
2.04166667	-20.56369379	27.17215833	25.45051183	-12.34197014	-9.69379366	2.72451316	6.60068140
2.05000000	-20.47044128	27.23221464	25.36985787	-12.67192487	-9.79778961	3.04496428	6.65487975
2.05833333	-20.48213578	27.23073868	25.35001735	-12.70846777	-9.80862211	3.05295262	6.65874024
2.06666667	-20.44275455	27.17789184	25.29920377	-12.83447175	-9.85021428	3.11301626	6.67221088
2.07500000	-20.39526859	27.13770565	25.28022068	-12.94059335	-10.00712315	3.51289317	6.76901947
2.08333333	-20.39665090	27.13403460	25.25055237	-12.98661690	-10.03487156	3.51123855	6.76966237
2.09166667	-20.31552235	27.09291626	25.17753170	-13.17378694	-10.12813399	3.54716361	6.79594730
2.10000000	-20.24304933	27.04987245	25.11195873	-13.33711636	-10.24742440	3.63806431	6.85080960
2.10833333	-20.24839786	27.04117378	25.09143101	-13.37448698	-10.28351284	3.66155979	6.86436115
2.11666667	-20.11731884	26.99217014	24.99968165	-13.64489211	-10.47512603	3.78397338	6.94394053
2.12500000	-20.13214429	26.98812595	24.98377101	-13.67330520	-10.51268379	3.81384092	6.96146122
2.13333333	-19.90963718	26.76268446	24.88477305	-13.81601263	-10.90395098	4.38026575	7.31145300
2.14166667	-19.91866655	26.74547150	24.84555253	-13.84626094	-10.93413478	4.38287578	7.31280338
2.15000000	-19.79769940	26.64078709	24.74860440	-13.99783094	-11.12045564	4.42880274	7.32028129
2.15833333	-19.80830691	26.62541492	24.72075886	-14.02260270	-11.19034838	4.44670361	7.31830205
2.16666667	-19.30768709	25.92099510	24.10347503	-13.72507963	-11.15867303	4.60412208	7.42911830
2.17500000	-19.25702171	25.87137865	24.04417511	-13.83128910	-11.36536700	4.61636841	7.41455982
2.18333333	-19.14403007	25.65745711	24.07646593	-13.81942600	-11.83020962	4.78153654	7.42457481
2.19166667	-19.04507491	25.44146093	24.03117312	-13.71231249	-12.14192882	4.93026478	7.47013199
2.20000000	-18.98397131	25.35059898	23.96029339	-13.80107443	-12.35825288	4.92916037	7.46672379
2.20833333	-18.70948350	24.86451509	23.75328759	-13.57732951	-12.59152112	4.98437570	7.83864248
2.21666667	-18.63645000	24.70258795	23.91835422	-13.57990290	-13.19849628	5.15349673	7.96598284
2.22500000	-18.84970869	24.92263002	24.34168443	-13.68763691	-13.53804133	5.18849352	8.01200696
2.23333333	-18.74176257	24.75582420	24.53846288	-13.70651859	-14.31085892	5.38925491	8.13493089
2.24166667	-18.60012920	24.53417392	24.73201767	-13.72704682	-15.13599200	5.59302993	8.45960528
2.25000000	-18.41257687	24.35565508	24.95398863	-13.85315051	-16.05390893	5.61432521	8.46240350
2.25833333	-18.34347523	24.20096577	25.25315148	-13.85686041	-16.65206581	5.68951137	8.60216028
2.26666667	-18.18059907	23.84542620	25.66988945	-13.72691959	-17.83518289	5.96963776	8.65169359
2.27500000	-18.11295196	23.57322201	26.21901748	-13.58778998	-18.85868123	5.98035342	8.62248117
2.28333333	-17.90646927	23.27799079	26.62158076	-13.63550012	-20.13546573	6.28200727	8.75910240
2.29166667	-17.72441647	22.95134457	27.11604529	-13.56804672	-21.43958572	6.42901916	8.77813494
2.30000000	-17.65233471	22.73182068	27.68709921	-13.49011320	-22.44408741	6.43058071	8.16013505
2.30833333	-17.55692040	22.65127036	28.34320658	-13.77900087	-23.73815220	6.64069453	7.65534774
2.31666667	-17.29481251	22.11276641	28.86738713	-13.52839870	-25.23421748	6.91424455	7.69049319
2.32500000	-17.02073400	21.57229727	29.43996512	-13.29361176	-26.75213923	7.01612357	7.54023063
2.33333333	-16.78209925	21.22275461	29.93490507	-13.35229720	-27.93705912	7.01803911	6.46675568
2.34166667	-16.55185471	20.73928643	30.58388022	-13.11655898	-29.56753623	7.29472463	6.36621574
2.35000000	-16.44144640	20.41490979	31.33532192	-12.94836679	-30.94215729	7.34494113	5.27060559
2.35833333	-16.15047159	19.99648993	31.90336467	-12.93295918	-32.53053132	7.56223846	5.07996707
2.36666667	-15.83579908	19.51692308	32.36763650	-12.86183711	-33.79642147	7.54470931	3.66070786
2.37500000	-15.55763352	19.05779713	32.96331329	-12.72789315	-35.33518941	7.73917566	3.59762430
2.38333333	-15.25143612	18.45468490	33.54362027	-12.45237125	-36.75773010	7.84486363	3.31505425
2.39166667	-15.03386899	17.99968233	34.08721146	-12.27495755	-38.00752482	7.82907641	3.15057463
2.40000000	-14.67622765	17.41042799	34.50173567	-12.18615456	-39.01385585	7.79346276	1.69266078
2.40833333	-14.49594803	17.00069405	35.03960822	-12.01549498	-40.09202007	7.84593258	1.67666224
2.41666667	-14.30867349	16.60966630	35.60802669	-11.86377585	-41.08623657	7.90982046	1.64896470
2.42500000	-14.14886060	16.26466425	36.12741483	-11.74571155	-41.88512518	7.94703211	1.57112473
2.43333333	-14.00056989	15.91982951	36.63827860	-11.62456326	-42.52203487	7.98503458	1.46639927
2.44166667	-13.85548568	15.61452158	37.14408691	-11.54178365	-43.00918138	8.01752998	1.40016492
2.45000000	-13.71265837	15.34587299	37.62428474	-11.51494294	-43.34105443	8.06785699	1.42867762
2.45833333	-13.45136409	14.97568845	37.73471385	-11.67127637	-43.40276588	8.31353166	2.54058148
2.46666667	-13.41743568	14.75715385	38.16720681	-11.61972415	-43.33210948	8.33965078	2.59488875
2.47500000	-13.40562242	14.62439903	38.59932539	-11.66142003	-43.12092740	8.51882400	2.92655204
2.48333333	-13.37101288	14.49382863	38.99917869	-11.68096315	-42.76613527	8.56875924	2.96106561
2.49166667	-13.29284496	14.49418542	39.11565799	-12.00217386	-42.16139977	8.88532062	3.05516259
2.50000000	-13.11130286	14.14654189	39.16792231	-11.92792347	-41.52819148	9.10886623	3.10632531
2.50833333	-13.07017050	13.93698022	39.45824011	-11.90218146	-40.80990701	9.21577984	3.12928344
2.51666667	-12.95824593	13.78577590	39.62069492	-12.09197161	-39.98764334	9.55248944	2.94813821
2.52500000	-12.93616013	13.43899427	39.81057504	-11.90366847	-39.05827084	9.71755583	2.89717995
2.53333333	-12.74438866	13.03053938	39.81415373	-11.81945213	-38.00836187	9.89377148	2.61991192
2.54166667	-12.15580540	12.09608949	39.26647102	-11.66945310	-36.92032839	10.00184344	2.55709667
2.55000000	-12.18913309	11.90021357	39.43881989	-11.62344858	-35.78383213	10.15494738	2.39139943
2.55833333	-12.01531349	11.59568911	39.40197343	-11.68608466	-34.64217009	10.46320382	1.95336639
2.56666667	-11.87416138	11.22158656	39.34227021	-11.65929011	-33.45565420	10.67229497	1.72421125
2.57500000	-11.56972859	10.62422579	39.10078300	-11.64030835	-32.26417694	10.86158656	1.74165626
2.58333333	-11.58644044	10.41566091	39.20181178	-11.62266601	-30.96854372	11.02738470	1.43610722
2.59166667	-11.49949901	10.06659787	39.13053941	-11.53576212	-29.62786650	11.31726936	0.83622446
2.60000000	-11.18517894	9.42923990	38.82064004	-11.48962960	-28.32860803	11.51678239	0.56311046
2.60833333	-11.01199163	8.93658085	38.56427320	-11.34639859	-26.95144727	11.66030077	0.15491587
2.61666667	-10.96869830	8.66172969	38.51456590	-11.33913040	-25.58387738	11.90899419	-0.49160458
2.62500000	-10.91994107	8.25641000	38.45987536	-11.20661604	-24.28611800	12.19327925	-1.13263797
2.63333333	-10.69814544	7.80911641	38.20425031	-11.27653319	-23.08397359	12.50683555	-1.61592057
2.64166667	-10.69810680	7.46693257	38.19614493	-11.16541175	-21.82746301	12.75953828	-2.16185842
2.65000000	-10.44948970	6.92989355	37.92762940	-11.16761177	-20.70360395	13.06708481	-2.66008635
2.65833333	-10.47904247	6.81721185	37.83460501	-11.37534403	-19.43999642	13.40963117	-2.95933429
2.66666667	-10.36318674	6.38814119	37.65626325	-11.33689621	-18.34839396	13.70620677	-3.37090640
2.67500000	-10.20946884	5.70435547	37.59548439	-11.03742338	-17.43485717	13.77477646	-3.38465492
2.68333333	-10.21112551	5.48268327	37.53414288	-11.12715790	-16.41235829	14.17794773	-3.57751048
2.69166667	-10.29761590	5.34914882	37.53549070	-11.26851416	-15.34452191	14.32362958	-3.71982680
2.70000000	-10.10269269	4.78147083	37.29383238	-11.08163181	-14.62850152	14.53871161	-3.60451544
2.70833333	-10.19626483	4.65647254	37.33752452	-11.27287616	-13.70859395	14.82970672	-3.76059240
2.71666667	-10.33374365	4.71989570	37.31690106	-11.52698788	-12.89872119	15.25048095	-4.15681612
2.72500000	-10.46805781	4.57894751	37.41737124	-11.61296456	-12.13442717	15.63602655	-4.20274329
2.73333333	-10.47783519	4.21732970	37.44755784	-11.47403294	-11.75054397	15.89901027	-4.33496940
2.74166667	-10.58815603	4.12151618	37.44547219	-11.65768209	-11.12207503	15.96798932	-4.25567697
2.75000000	-10.65708044	3.94049057	37.44976256	-11.59070208	-10.89878619	16.11930430	-4.20468846
2.75833333	-10.73271182	3.74767579	37.58032989	-11.69168711	-10.82185690	16.12015703	-4.19866520
2.76666667	-10.71135281	3.67924218	37.31620279	-12.22990180	-10.35318453	16.71751379	-3.90827635
2.77500000	-10.61466820	3.31011831	37.03382312	-12.30084951	-10.30309870	16.92541003	-3.64675947
2.78333333	-10.80962293	3.22507288	37.19726991	-12.28410870	-10.57532149	16.64724267	-3.39829555
2.79166667	-10.77005863	2.98954979	37.19692381	-12.59625903	-10.94987321	16.90829163	-3.14424834
2.80000000	-10.75658033	3.05756787	36.91488558	-13.06740514	-11.11889757	16.95214906	-2.94050644
2.80833333	-10.69811363	2.92153597	36.75719763	-13.56450288	-11.60940174	17.23858011	-2.53968430
2.81666667	-10.67021990	2.68511216	36.71459092	-13.91600275	-12.27139848	17.25100221	-2.49855668
2.82500000	-10.71554232	2.55242056	36.40144884	-14.13841263	-12.53619773	17.06880695	-2.09152116
2.83333333	-10.83593238	2.57797012	36.34386619	-14.65741118	-13.03956574	17.14072447	-2.08175713
2.84166667	-10.79038848	2.27534328	36.23329382	-14.93425623	-13.43736992	16.88209098	-2.45786058
2.85000000	-10.77778589	2.07673721	36.14702725	-15.38082361	-13.88753431	16.78280598	-2.71078757
2.85833333	-11.10858793	2.50067536	36.28590037	-16.04984494	-13.94654630	16.41742314	-3.87299762
2.86666667	-11.41760117	2.65686324	36.58997904	-16.47622368	-14.05740086	15.73496744	-5.28125442
2.87500000	-11.84598519	3.24490862	36.89987940	-17.32417057	-14.12545627	15.34994521	-6.21192436
2.88333333	-11.91031305	3.21444878	36.86946699	-17.95366633	-14.41586274	14.94982216	-6.70348250
2.89166667	-11.85984676	3.34828015	36.81684836	-18.94593249	-14.83947038	14.48636791	-7.09927191
2.90000000	-12.37543986	3.98204290	37.36748356	-19.78242177	-15.27623778	13.11429111	-7.99317132
2.90833333	-12.21032536	4.02433085	37.24932041	-20.89783566	-16.01842064	12.58698094	-8.00052275
2.91666667	-11.95397131	3.93098980	36.88451324	-21.95983306	-16.49072055	11.01333399	-7.69104900
2.92500000	-12.13461683	4.68727737	37.15321844	-23.57080425	-17.36878611	9.75430403	-7.14079233
2.93333333	-11.87395983	4.97121927	36.88321787	-25.24924685	-18.10635889	8.63335910	-6.57778296
2.94166667	-11.81364376	5.43211116	36.73708118	-26.87166455	-18.70330587	6.81138136	-5.85535479
2.95000000	-11.55264169	5.89389234	36.36207876	-28.80451932	-19.29427479	5.28841594	-5.22396117
2.95833333	-11.52222798	6.64541539	36.38807127	-30.81831842	-19.99142989	3.17153339	-4.39481959
2.96666667	-11.27807390	7.57779513	35.61165985	-33.15098193	-19.99007620	1.45646758	-3.89060574
2.97500000	-11.39174655	8.80941214	35.57390239	-35.42262274	-20.29731540	-1.32185511	-3.37128925
2.98333333	-11.13335206	9.86502714	34.88230510	-37.92010625	-20.26852729	-3.09445414	-2.91738560
2.99166667	-11.57344139	11.78520886	35.07516666	-40.50298469	-20.38041909	-6.06114323	-2.35349616
3.00000000	-11.73015867	13.37638494	34.83045107	-43.01420943	-20.28837018	-8.34916046	-1.67476217
3.00833333	-11.64364926	14.94402895	34.29107931	-45.75125636	-20.12704978	-10.13710232	-1.25263050
3.01666667	-11.96334700	16.95908668	34.23732279	-48.42688770	-19.98941735	-12.39791912	-0.83739392
3.02500000	-11.87033029	18.51398542	33.68582286	-51.07076781	-19.83732460	-13.70414565	-0.31659512
3.03333333	-11.71595066	20.06261856	33.04387746	-53.68704089	-19.56411561	-14.63205890	0.06914662
3.04166667	-11.76453717	21.86548058	32.72707397	-56.30200460	-19.50805145	-15.41196450	0.55552276
3.05000000	-11.67607841	23.48071279	32.17819610	-58.81045920	-19.31290614	-15.36872923	0.97920340
3.05833333	-11.88269901	25.60751109	32.16933056	-61.48283201	-19.45744462	-14.85978510	1.61848047
3.06666667	-11.58050840	27.02774978	31.32802175	-63.81965993	-19.17388753	-14.21523551	1.78931521
3.07500000	-11.82568796	29.22771923	31.38653055	-66.41922150	-19.32996014	-12.33784665	2.52327461
3.08333333	-11.45814630	30.61140023	30.55896003	-68.66336964	-19.12700526	-11.41643112	2.67055274
3.09166667	-11.34693530	32.36963235	30.11962570	-71.00913446	-19.07858083	-9.52167355	3.29852050
3.10000000	-10.94109341	33.77732000	29.26113403	-73.17672583	-18.85695443	-8.50324368	3.40124800
3.10833333	-10.61584940	35.25061730	28.39614770	-75.27740905	-18.50592787	-7.30514780	3.63933511
3.11666667	-10.33598724	36.87020845	27.75255036	-77.39081663	-18.41420505	-5.71635493	4.21437893
3.12500000	-9.97223122	38.30348417	26.90582197	-79.28781546	-18.14411930	-4.48721749	4.32177405
3.13333333	-9.59564981	39.70232199	25.96303974	-81.08228051	-17.72175579	-3.20123121	4.50500978
3.14166667	-9.22224617	41.13751574	24.97688210	-82.80268831	-17.27298840	-1.92179588	4.68705228
3.15000000	-8.50620683	42.07085901	23.80729703	-84.27832978	-17.17962160	-0.93237751	5.25278954
3.15833333	-8.20876143	43.55824217	22.91644484	-85.74759353	-16.70259476	0.31780420	5.30951828
3.16666667	-7.87573007	44.91790642	22.06584993	-87.04747631	-16.30435348	1.55962124	5.39832483
3.17500000	-7.30002944	46.00163738	21.00720646	-88.21810909	-16.17152427	2.67476037	5.78063900
3.18333333	-7.03662698	47.38526253	20.15067756	-89.22750978	-15.66031752	3.64984955	5.81467966
3.19166667	-6.74538201	48.68182284	19.33934686	-90.12249656	-15.31320521	4.70425096	5.89678068
3.20000000	-6.43522686	49.97753585	18.49768004	-90.86192246	-14.85743508	5.46544375	5.98907247
3.20833333	-5.96259854	50.90677929	17.71968264	-91.40601239	-14.74309309	6.53799195	6.18469487
3.21666667	-5.34115867	51.70219129	16.48075523	-91.90733446	-14.39986850	8.58808893	6.34786868
3.22500000	-5.17405965	52.98047688	15.81170818	-92.26729821	-13.95278699	9.15527080	6.40904911
3.23333333	-4.96049139	54.11011363	15.29217835	-92.46324808	-13.76737678	9.96914266	6.50932777
3.24166667	-4.51975727	54.99291170	14.43536317	-92.65542963	-13.56305772	11.88771551	6.68572783
3.25000000	-4.33237344	56.03472633	13.88502761	-92.59135021	-13.27568811	12.33600284	6.72476508
3.25833333	-4.21314250	57.13978996	13.26183332	-92.44951645	-12.84912654	12.66267992	6.83427887
3.26666667	-3.68718780	57.70934671	12.38141135	-92.25890229	-12.85412441	14.24482262	6.87698006
3.27500000	-3.61318404	58.65307706	11.94485680	-91.83777947	-12.59584820	14.53632522	6.90941708
3.28333333	-3.49492943	59.60863199	11.38860333	-91.38970300	-12.30201825	14.72724812	7.04460949
3.29166667	-3.28013827	60.25764866	10.92771252	-90.76973825	-12.22712234	15.22628273	7.11726932
3.30000000	-3.21385574	61.08202143	10.41418805	-90.11018968	-11.93360694	15.41604709	7.25638756
3.30833333	-3.00707033	61.61574242	9.93878189	-89.29784116	-11.92757385	15.96486810	7.44434810
3.31666667	-3.01225247	62.35928166	9.49803817	-88.49345833	-11.65560032	16.07126504	7.57753099
3.32500000	-2.66397919	62.60265202	8.85701653	-87.52330785	-11.77750286	16.81657236	7.54299742
3.33333333	-2.65318822	63.13955199	8.63669221	-86.52745790	-11.77699101	16.69036007	7.90923099
3.34166667	-2.70661059	63.70727671	8.30287148	-85.51559362	-11.59893876	16.60309070	8.08037708
3.35000000	-2.71841278	64.16369266	8.00885556	-84.38399424	-11.54873159	16.30662453	8.34788205
3.35833333	-2.73429602	64.50887141	7.78637586	-83.22886410	-11.54637407	16.00995378	8.60867853
3.36666667	-2.74699044	64.80558463	7.53138295	-82.05197108	-11.57712752	15.65085738	8.85401662
3.37500000	-2.72718811	65.03874935	7.28709451	-80.88296043	-11.68116752	15.20628735	9.17103371
3.38333333	-2.74330824	65.20202876	7.10309211	-79.71077520	-11.79132160	14.70338778	9.51726172
3.39166667	-2.82408512	65.40056188	6.94755511	-78.54266415	-11.93150581	14.22186318	9.90224601
3.40000000	-2.80700345	65.47141274	6.76999560	-77.43742816	-12.15654274	13.60367132	10.27976361
3.40833333	-2.77572160	65.44109223	6.63408333	-76.37401033	-12.37655218	13.00928044	10.71041962
3.41666667	-2.75545325	65.38147510	6.50936003	-75.33638096	-12.60792027	12.48588075	11.12025100
3.42500000	-2.73876782	65.29495020	6.23166249	-74.35053082	-12.71742617	11.99595341	11.44481873
3.43333333	-2.63898817	65.07315130	5.75808071	-73.46635973	-12.49502704	11.52109471	11.57212074
3.44166667	-2.68732590	65.03092912	5.51198093	-72.75436064	-12.60620796	10.80572364	12.05482262
3.45000000	-2.70699314	64.92131722	5.21261131	-72.06603538	-12.72583974	10.07847590	12.41984337
3.45833333	-2.55923434	64.58325362	4.76567367	-71.45166716	-12.88879671	9.21684838	12.92504290
3.46666667	-2.67234867	64.48210566	4.52889122	-70.96455327	-12.86044088	8.40285778	13.09710389
3.47500000	-2.77681452	64.32971977	4.36415201	-70.54213489	-12.92658399	7.48796451	13.31348415
3.48333333	-2.66276296	63.96811671	3.84979058	-70.10209192	-13.00481478	6.18397602	13.67182319
3.49166667	-2.81514514	63.82571287	3.61610769	-69.77288750	-12.94106896	5.08966445	13.82616929
3.50000000	-2.93484136	63.60552871	3.38821338	-69.55465976	-12.98299082	4.01807868	13.95516446
3.50833333	-3.15816306	63.46666578	3.28659738	-69.27818458	-13.01172109	2.76366933	14.13057795
3.51666667	-3.33079842	63.19071184	3.10166404	-68.93316443	-13.02617822	1.75963815	14.25145826
3.52500000	-3.54537978	62.95647975	2.89173000	-68.72206166	-13.00634068	1.31326977	14.27527016
3.53333333	-3.81332613	62.69180957	2.80359640	-68.47622316	-12.99446817	1.31479628	14.16333574
3.54166667	-4.07890209	62.38766543	2.76236810	-68.26713147	-13.00991621	1.78618563	13.96069937
3.55000000	-4.43595388	62.14278418	2.79933092	-68.16959020	-12.94501976	3.12979040	13.58991111
3.55833333	-4.78362561	61.88139149	2.75774013	-68.06234905	-12.87068369	4.02145449	13.20635793
3.56666667	-5.21377821	61.69512615	2.88499195	-67.93848615	-12.88433017	5.20176869	12.35700025
3.57500000	-5.56590543	61.46284327	2.89410575	-67.87550046	-12.80844308	6.31207363	11.55849842
3.58333333	-5.84763485	61.17682451	2.86486600	-67.75947450	-12.72504780	7.02576062	10.65478957
3.59166667	-6.14883869	60.94735800	2.84746393	-67.60723251	-12.68417389	7.37292698	9.83137065
3.60000000	-6.51596888	60.73932843	2.90251764	-67.33773061	-12.61665770	7.67827978	8.41140584
3.60833333	-6.89658693	60.52569455	3.04439703	-67.03421904	-12.61097624	7.92263749	6.96595056
3.61666667	-7.18028022	60.16135943	3.08829298	-66.71306348	-12.49637278	8.17431969	5.33944006
3.62500000	-7.49719515	59.75191581	3.27074408	-66.16634669	-12.68223694	8.38617672	3.76532195
3.63333333	-7.89461068	59.37202247	3.50568590	-65.57933727	-12.89356976	8.65228929	1.97126418
3.64166667	-8.23262476	58.86514135	3.69912848	-64.92833142	-13.17412320	8.89456267	-0.16100603
3.65000000	-8.54154065	58.26499092	4.14987623	-64.20555924	-13.65360302	9.20844906	-2.28038240
3.65833333	-8.72066849	57.47289549	4.60149792	-63.36057170	-14.25890585	9.48590570	-4.50714184
3.66666667	-8.97949538	56.85178807	4.85280885	-62.75107400	-14.44795670	9.96596584	-6.90730107
3.67500000	-9.27537054	56.23611621	5.57811061	-61.93484609	-15.44510448	10.12128794	-8.94430501
3.68333333	-9.48658104	55.48228642	6.42458629	-61.06909211	-16.53104110	10.28031732	-11.27320668
3.69166667	-9.65024166	54.72657531	7.10161942	-60.30514163	-17.41123081	10.42683025	-13.42551168
3.70000000	-9.71691614	53.86473367	8.02333442	-59.42837316	-18.87286561	10.53060560	-15.21254250
3.70833333	-9.91913070	53.15104155	9.25351405	-58.59771976	-20.58937423	10.65995036	-16.63660021
3.71666667	-9.97926328	52.31213919	10.43535856	-57.72773513	-22.61909107	10.72822684	-17.58352161
3.72500000	-9.88488317	51.30041611	11.52742077	-56.80353568	-25.00745666	10.75142555	-17.76381888
3.73333333	-10.07907452	50.60772587	13.08621625	-55.94577379	-27.48472818	10.76457428	-18.35657600
3.74166667	-9.89771853	49.47236027	14.41283036	-54.93227737	-30.47048568	10.75676444	-17.72521038
3.75000000	-9.97176919	48.65748976	15.96481129	-54.00030651	-33.44392812	10.75787607	-17.09194572
3.75833333	-9.76725903	47.55447720	17.64623864	-53.01974466	-36.91341725	10.68429490	-15.91959150
3.76666667	-9.58130794	46.48137030	19.32598338	-52.10612240	-40.38142540	10.67285267	-14.46932655
3.77500000	-9.35670809	45.37873594	20.98756414	-51.17573548	-43.94531845	10.65205260	-12.71420244
3.78333333	-9.05941014	44.18899494	22.62360666	-50.21860104	-47.57712735	10.61488680	-10.72240834
3.79166667	-9.95436044	44.38588554	25.04117288	-49.45095272	-51.24196059	10.59802037	-7.61899253
3.80000000	-9.86368077	43.39996493	26.64959178	-48.41590112	-54.70343834	10.47448389	-5.05376749
3.80833333	-9.94172766	42.83897110	28.61457051	-47.70972964	-58.34846052	10.39543580	-1.74460478
3.81666667	-9.81850956	41.89149475	30.31831621	-46.74871965	-61.83885445	10.27231593	1.58666318
3.82500000	-9.87790871	41.15308607	32.20608717	-45.90978695	-65.15445276	10.23186379	5.03509547
3.83333333	-9.90776427	40.43656601	34.12264877	-45.05349123	-68.49961364	10.17709198	8.64326559
3.84166667	-9.86790382	39.61626865	35.93720990	-44.17779866	-71.63709578	10.06589911	12.06892227
3.85000000	-9.92724828	38.96246912	37.79590985	-43.35627881	-74.61002913	9.99202678	15.42304213
3.85833333	-10.13997554	38.41984082	39.81721516	-42.56930517	-77.43256313	9.97095695	18.52722250
3.86666667	-9.90911736	37.41275911	41.33243467	-41.64294693	-80.08357339	9.79411399	21.28576759
3.87500000	-9.77024943	36.47351718	43.00626741	-40.78220666	-82.50004546	9.70245322	23.73805247
3.88333333	-9.66496270	35.67252648	44.66087344	-40.05525945	-84.77311779	9.66958430	26.00637733
3.89166667	-9.39148958	34.53803625	46.08265262	-39.10850112	-86.80591078	9.59595127	28.05695993
3.90000000	-9.13702938	33.52590415	47.49532531	-38.30672488	-88.63723856	9.51532479	29.43333427
3.90833333	-8.96864374	32.62384447	48.87209375	-37.52637137	-90.19953501	9.48580286	31.75665255
3.91666667	-8.79654482	31.69513886	50.22290036	-36.74042479	-91.56533294	9.45261524	33.37358521
3.92500000	-8.46140023	30.51848413	51.44879199	-35.79467210	-92.76413178	9.32974724	34.84285805
3.93333333	-8.29458855	29.55303431	52.69193626	-34.95624412	-93.68228184	9.27607095	36.15941422
3.94166667	-8.10683668	28.67798853	53.85184530	-34.20240188	-94.38487266	9.19924757	37.38429086
3.95000000	-7.97281000	27.81080356	55.07001875	-33.43370221	-94.90488382	9.17975658	38.32808306
3.95833333	-7.83041260	26.96858388	56.19103144	-32.67302770	-95.21336977	9.10305110	39.20207579
3.96666667	-7.72830531	26.12831910	57.30234565	-31.83914555	-95.33888753	9.05854664	39.60465305
3.97500000	-7.57025384	25.20533057	58.28040709	-31.01578226	-95.26106799	8.93753772	40.40830920
3.98333333	-7.48949885	24.47512313	59.28637466	-30.28318553	-95.03326521	8.89512285	40.66466453
3.99166667	-7.45726607	23.74758269	60.26311621	-29.52770554	-94.62185790	8.86167285	40.88576824
4.00000000	-7.42130838	23.02800019	61.13754596	-28.79965952	-94.01850516	8.75219200	41.16495363
4.00833333	-7.34021384	22.35151658	61.84405619	-28.21310529	-93.25660772	8.69232596	41.41441671
4.01666667	-7.37834331	21.65557469	62.64447574	-27.41375306	-92.36711104	8.71908143	41.44697675
4.02500000	-7.37097859	21.12654975	63.28845630	-26.87526238	-91.38105502	8.60953584	41.44098123
4.03333333	-7.35540422	20.50037105	63.78791010	-26.29281083	-90.24469934	8.69682556	41.35904024
4.04166667	-7.41048426	19.99402607	64.32143271	-25.72172836	-89.03336566	8.71832298	41.15784146
4.05000000	-7.49359640	19.61686051	64.81244021	-25.24203968	-87.74949504	8.74159188	40.84963044
4.05833333	-7.42676972	18.67008079	65.11629925	-24.37388863	-86.44257671	8.84896062	40.47717186
4.06666667	-7.49324176	18.16833776	65.40623339	-23.81925040	-84.99494637	8.80091166	39.93214113
4.07500000	-7.55091792	17.71448220	65.59979992	-23.31640494	-83.55567228	8.81860976	39.28628290
4.08333333	-7.60728352	17.17422682	65.76616085	-22.73977495	-82.16330705	8.89968059	38.51591012
4.09166667	-7.63075237	16.76509612	65.77414888	-22.31928613	-80.73256011	8.89905477	37.67664040
4.10000000	-7.67985658	16.14710632	65.75805170	-21.70787777	-79.35456068	8.85586226	36.60640808
4.10833333	-7.75846500	15.66939039	65.73045921	-21.21619399	-78.05377571	8.83292441	35.44897678
4.11666667	-7.83416033	15.28921092	65.63751606	-20.82968299	-76.84572153	8.88838838	34.16532556
4.12500000	-8.00514991	14.89276371	65.63543989	-20.38234761	-75.76984761	8.92727702	32.56311339
4.13333333	-8.09718671	14.46487468	65.50186242	-19.95334690	-74.80868159	8.94779861	30.87020862
4.14166667	-8.18099694	13.93482467	65.34000863	-19.42442550	-73.99117951	8.93929753	29.08686183
4.15000000	-8.32041178	13.57559472	65.15847636	-19.02416291	-73.22940003	8.93873235	27.38394479
4.15833333	-8.43977332	13.15328528	64.90900094	-18.58102913	-72.59308157	8.92056952	25.70618649
4.16666667	-8.64279244	12.71183056	64.67197401	-18.01276150	-72.00872540	8.81207354	24.69746348
4.17500000	-8.84904231	12.38454842	64.40980165	-17.56697500	-71.61125145	8.60691416	23.99665872
4.18333333	-8.99985714	11.88532988	64.07164099	-17.00595120	-71.37957463	8.32215487	23.82129923
4.19166667	-9.18872199	11.52410545	63.70378316	-16.56615047	-71.16311326	7.98009063	24.14176789
4.20000000	-9.42905455	11.12704217	63.36133945	-16.06855003	-71.03975953	7.58437255	24.81518874
4.20833333	-9.61979700	10.86623574	62.91499089	-15.78584142	-70.87518190	7.11713115	25.82879740
4.21666667	-9.91390628	10.60560824	62.57754339	-15.38318247	-70.70461399	6.56017609	26.71118645
4.22500000	-10.19163102	10.44994478	62.23914223	-15.10583410	-70.40862220	5.87642022	27.44746950
4.23333333	-10.48465713	10.30986886	61.92331531	-14.80701084	-70.03445552	5.08050011	28.01150002
4.24166667	-10.69188073	9.99444807	61.51209296	-14.45979819	-69.58490767	4.17923796	28.59747832
4.25000000	-10.96644205	9.79126554	61.17409905	-14.14629380	-69.05330913	3.07346150	28.90801226
4.25833333	-11.19245415	9.53429212	60.84392820	-13.79812572	-68.62661158	1.95747901	29.08058131
4.26666667	-11.32315446	9.29833760	60.34051008	-13.67494023	-68.08469815	0.72254854	29.20417695
4.27500000	-11.53662601	9.13713943	59.90229198	-13.46610147	-67.59557388	-0.52945749	29.28952978
4.28333333	-11.65693265	9.12229350	59.30803658	-13.57988140	-67.02591457	-2.00827624	29.33374472
4.29166667	-11.57068461	8.84286085	58.49810415	-13.60178863	-66.42729632	-3.58945663	29.33252509
4.30000000	-11.87166201	8.92996814	58.00777740	-13.78373361	-65.69590659	-5.18543925	29.40437673
4.30833333	-12.02136164	9.21622749	57.39749538	-14.34245851	-64.96940078	-6.79571855	29.38377922
4.31666667	-12.10232837	9.51347705	56.63729800	-15.01317858	-64.15160315	-8.44451854	29.33155512
4.32500000	-12.24437705	9.91506600	56.02385491	-15.67778865	-63.41333195	-10.17244906	29.19900828
4.33333333	-12.26170750	10.53590723	55.18891905	-16.95015212	-62.54733881	-11.62819770	29.13389069
4.34166667	-12.26560278	11.31831470	54.37673077	-18.53257538	-61.70250009	-11.48956007	28.96583537
4.35000000	-12.16713466	12.33926001	53.40444808	-20.58022604	-60.76312638	-12.59308389	28.58514846
4.35833333	-12.03685648	13.25666690	52.52005749	-22.46191635	-59.98992780	-14.07331933	28.25282162
4.36666667	-12.06695513	14.47533705	51.81313106	-24.76188036	-59.18584002	-15.42706954	27.98246700
4.37500000	-12.12553524	15.97894274	51.12700165	-27.52319482	-58.36728233	-16.55662831	27.72273344
4.38333333	-12.02419592	17.38612512	50.22320502	-30.46795472	-57.44372639	-17.62673038	27.40509066
4.39166667	-11.85789706	18.81886244	49.17206767	-33.80403827	-56.39351361	-18.61393199	27.20758371
4.40000000	-11.62055693	20.48368107	48.13107198	-37.32974485	-55.43465792	-20.13594337	26.78246947
4.40833333	-11.54967803	22.31827122	47.23431094	-41.09723900	-54.39369449	-21.42891434	26.50378830
4.41666667	-11.22538162	23.97772567	46.01212825	-44.80336122	-53.32487544	-23.03649585	26.13795190
4.42500000	-11.29818522	26.10684028	45.27511877	-48.65307652	-52.29791357	-24.66360809	25.80548973
4.43333333	-10.95437388	27.63131240	44.16585636	-52.31054614	-51.29765698	-26.09342431	25.38852482
4.44166667	-10.75001203	29.31167298	43.17458153	-55.97877507	-50.28560179	-27.42128370	24.98847696
4.45000000	-10.41439688	30.78777625	42.01411221	-59.57996417	-49.23028277	-28.23179329	24.64376893
4.45833333	-10.28335001	32.63816267	41.14317329	-63.12739196	-48.32435325	-29.37049906	24.16325191
4.46666667	-9.99392359	33.85621827	40.06379810	-66.09379358	-47.35861324	-31.77895235	23.91645284
4.47500000	-9.68269066	35.30722084	39.05213524	-69.46830665	-46.48107458	-30.49056814	23.54936620
4.48333333	-9.42787305	36.81658300	38.01363561	-72.69845492	-45.48699912	-28.90574290	23.16338304
4.49166667	-9.41809652	38.67300062	37.27710480	-75.92027221	-44.58305063	-27.35202899	22.69820760
4.50000000	-9.23526543	40.17301019	36.38299205	-78.79525825	-43.69847292	-25.08676063	22.34734944
4.50833333	-9.35015937	41.87652079	35.90280015	-81.51316584	-42.89039559	-22.41288267	22.03301523
4.51666667	-9.60086021	44.04439959	35.52617866	-84.34963142	-42.06192299	-18.60292898	21.58551075
4.52500000	-9.01770661	45.04882671	34.01332689	-86.58118869	-40.97180434	-15.85973713	21.29782789
4.53333333	-9.23241841	47.08183825	33.55390965	-88.97441795	-40.06450430	-11.94284647	20.96415040
4.54166667	-8.69227266	47.98022318	32.11936478	-90.72413437	-38.97206492	-9.11953454	20.66308793
4.55000000	-8.73487340	49.59336184	31.41179856	-92.51929703	-37.95133097	-5.39371059	20.39636140
4.55833333	-8.65297822	50.95409119	30.67834223	-94.02605691	-36.94034442	-1.82025453	19.73346818
4.56666667	-8.16549098	51.77476992	29.16211205	-95.11093611	-35.72815263	1.26409969	19.55400202
4.57500000	-8.14705506	53.26262731	28.30521429	-96.20907629	-34.65210485	3.77127006	19.03653621
4.58333333	-7.89612637	54.25379102	27.32228666	-96.97526692	-33.63650624	6.90486951	18.68883809
4.59166667	-7.74126358	55.36838349	26.37552371	-97.54390702	-32.60033955	9.06967499	18.28411932
4.60000000	-7.72745106	56.43428693	25.68817454	-97.76787607	-31.68242971	10.63424161	17.92528896
4.60833333	-7.50986329	57.28061190	24.74230707	-97.87462021	-30.69013849	12.42457932	17.55743906
4.61666667	-7.48615329	58.34973732	24.05824158	-97.78034212	-29.82542811	13.23611092	17.20726560
4.62500000	-7.44715287	59.30278608	23.36038013	-97.48429616	-28.99153568	14.05062958	16.81492861
4.63333333	-7.32316892	60.01692271	22.64040677	-96.96757945	-28.20441382	14.82040562	16.45979899
4.64166667	-7.00140913	60.50469711	21.60849402	-96.39553841	-27.37622517	15.78971720	16.26006359
4.65000000	-7.06793319	61.32285060	21.07417998	-95.65566793	-26.59346028	16.26940761	15.88439444
4.65833333	-7.05351637	61.99119962	20.50167899	-94.73591486	-25.90085062	16.70545450	15.53362969
4.66666667	-7.06681783	62.59071180	19.99636885	-93.72703188	-25.24345963	17.21444415	15.23884341
4.67500000	-7.08283195	63.16060615	19.43238489	-92.62133185	-24.57817436	17.71333850	14.91152582
4.68333333	-7.11661243	63.56949878	18.92050042	-91.33168357	-23.91608251	18.08488954	14.65376951
4.69166667	-7.15598969	63.96877250	18.42577230	-89.99530266	-23.31476131	18.34643302	14.38145784
4.70000000	-7.29289607	64.39607148	18.06667704	-88.66884975	-22.71819234	18.39163084	14.41295995
4.70833333	-7.40139384	64.65891474	17.81421439	-87.13027751	-22.27218120	18.45938960	13.91964657
4.71666667	-7.60228412	64.99293837	17.47897083	-85.72029337	-21.66385582	18.42672632	13.96045301
4.72500000	-7.56420649	64.88436784	17.02378943	-84.05012779	-21.27424423	18.20506798	13.64572956
4.73333333	-7.78370422	65.10702634	16.74587877	-82.58821317	-20.72379104	18.08622725	13.64103253
4.74166667	-7.98946627	65.14775700	16.52877460	-80.98420971	-20.21064289	17.66383231	13.22008544
4.75000000	-8.16048665	65.12820117	16.28564561	-79.47055442	-19.74400784	17.14545787	13.02555077
4.75833333	-8.35104684	65.12996617	16.01405752	-78.12694096	-19.27689791	16.89514449	13.06592345
4.76666667	-8.44665342	64.87549650	15.76618501	-76.63438979	-18.89386880	15.69029569	12.77084609
4.77500000	-8.65120772	64.78380359	15.47132930	-75.42981186	-18.35746954	14.99764473	12.68342426
4.78333333	-8.72343362	64.54353187	15.17234400	-74.31390629	-18.04914021	13.88300008	12.46453677
4.79166667	-8.66927082	64.09003489	14.63679220	-73.30303739	-17.61853142	12.58060356	12.21883462
4.80000000	-8.86997013	63.97567265	14.34463324	-72.67976369	-17.16508428	11.91327721	12.15558391
4.80833333	-8.84380892	63.57787931	13.89030382	-72.19111116	-16.85327281	10.81646496	11.85822640
4.81666667	-9.02107465	63.45751421	13.60777430	-72.06269110	-16.51271234	10.64558581	11.82867484
4.82500000	-9.10132233	63.22766274	13.23663114	-72.12005834	-16.14469669	10.41424996	11.45014787
4.83333333	-9.25392216	63.06531196	12.99369790	-72.36057097	-15.89008025	10.53210991	11.39112338
4.84166667	-9.42392785	62.91543593	12.71074076	-72.64749521	-15.58259702	10.93214877	10.92647412
4.85000000	-9.53870178	62.68799508	12.35867297	-72.90884036	-15.32625939	11.50461965	10.39041197
4.85833333	-9.77882634	62.54729198	12.22994297	-72.99058300	-15.07471552	11.72332915	10.19921849
4.86666667	-10.05457003	62.31717396	12.12291523	-72.95329560	-14.81670514	13.51772796	9.70256583
4.87500000	-10.28349081	62.04412650	12.10992318	-72.63768345	-14.81282994	13.56451800	9.59245813
4.88333333	-10.67062174	61.79158129	12.03738559	-72.00300186	-14.40723146	14.16348549	7.96777496
4.89166667	-11.03619140	61.45434268	12.04223368	-71.25749508	-14.15401563	14.52959557	7.03286299
4.90000000	-11.30563378	61.03232040	11.94149370	-70.48910366	-13.92669204	14.81829440	5.91836874
4.90833333	-11.62287393	60.68212788	11.93685378	-69.75728766	-13.68892934	15.05405962	4.93817585
4.91666667	-11.81289821	60.11980609	11.85137346	-68.96319077	-13.54220226	15.10251809	3.32199071
4.92500000	-11.98619612	59.59573924	11.73978085	-68.24282497	-13.37774569	15.09017553	1.79925438
4.93333333	-12.14766851	59.13694513	11.70615567	-67.61473384	-13.34089261	14.97020529	0.15093428
4.94166667	-12.27926047	58.55379254	11.71607507	-66.87416692	-13.38762944	14.87765273	-1.65049222
4.95000000	-12.42003955	58.02173760	11.78818675	-66.18422692	-13.51417798	14.78655336	-3.55363917
4.95833333	-12.49279266	57.40232323	11.90119197	-65.46557496	-13.74884820	14.74171900	-5.73433992
4.96666667	-12.52680191	56.63001275	12.09923297	-64.58264621	-14.15514733	14.68650923	-7.94864067
4.97500000	-12.56755715	55.95751697	12.36096598	-63.80701939	-14.68415229	14.60476739	-10.28084724
4.98333333	-12.53754756	55.04154996	12.75916087	-62.81760412	-15.40216709	14.55181115	-12.72296684
4.99166667	-12.53293456	54.22716860	13.28870503	-61.92659613	-16.37037928	14.47182995	-15.13144200
5.00000000	-12.39544988	53.21210504	13.71638645	-60.95119028	-17.25420880	14.39490837	-17.77057969
5.00833333	-12.41870632	52.32386585	14.57182045	-59.89183593	-18.78069429	14.35297358	-19.70403806
5.01666667	-12.41865882	51.49892903	15.38462588	-58.97864938	-20.17585785	14.27698413	-21.89425946
5.02500000	-12.33357993	50.46254663	16.41240403	-57.89201799	-22.39276912	14.23754684	-22.81245201
5.03333333	-12.55230967	49.91294316	17.85041913	-57.05797756	-24.73216940	14.26703353	-23.75644448
5.04166667	-12.32818333	48.72253185	19.06698125	-55.91915131	-27.67423680	14.20665221	-23.65065941
5.05000000	-12.15600300	47.86558785	20.34148793	-55.10515963	-30.94788601	14.11846599	-22.98414292
5.05833333	-11.74250526	46.70629895	21.55584210	-54.19302684	-34.56009795	13.93747891	-22.26131634
5.06666667	-11.52905249	45.76541723	23.09193412	-53.27572892	-38.38325296	13.84243428	-21.03236001
5.07500000	-11.29291733	44.81147720	24.67884114	-52.36774036	-42.37027980	13.72019273	-19.95904212
5.08333333	-11.16032969	43.81045134	26.41374261	-51.31317077	-46.33931275	13.63650379	-19.01700382
5.09166667	-10.94302912	42.99445284	27.97745911	-50.49813859	-50.36885113	13.49547298	-18.23622851
5.10000000	-10.99282156	42.41639428	29.87427798	-49.68629020	-54.34187345	13.34990725	-17.64620881
5.10833333	-10.72317042	41.39316687	31.28797896	-48.70695743	-58.17826881	13.19081406	-16.77795478
5.11666667	-10.60749681	40.59874006	32.93470213	-47.85080196	-61.96468233	13.05089109	-15.75527131
5.12500000	-10.50611078	39.72128009	34.62821324	-46.86760106	-65.65995347	12.90405807	-14.43219326
5.13333333	-10.65767176	39.33794098	36.55530140	-46.18527154	-69.31283944	12.85259481	-12.31290598
5.14166667	-10.58842564	38.59608232	38.18887525	-45.30395240	-72.74892289	12.65351195	-10.09893211
5.15000000	-10.69368446	38.08589138	40.08570109	-44.53977970	-76.16175613	12.59539073	-6.63064820
5.15833333	-10.59475787	37.35639191	41.63773267	-43.70046350	-79.30958751	12.39293828	-3.16307672
5.16666667	-10.59264632	36.70349095	43.28265582	-42.86271903	-82.23039874	12.18094138	0.11096941
5.17500000	-10.55357038	35.96774830	44.94465031	-41.99790417	-85.00426474	12.05847788	3.62532488
5.18333333	-10.38944837	35.18292645	46.39958890	-41.22726833	-87.52122482	11.96427345	6.93442450
5.19166667	-10.14902727	34.41586579	47.87177320	-40.54074308	-89.91098569	11.85152108	9.94308712
5.20000000	-9.83999549	33.28108528	48.95168290	-39.53511986	-91.85858867	11.72199079	12.83327776
5.20833333	-9.69135348	32.45130040	50.29057145	-38.69073127	-93.70444243	11.62459240	15.55968094
5.21666667	-9.35684842	31.45905205	51.42106588	-37.85859353	-95.31287229	11.47763793	18.12876068
5.22500000	-8.96951310	30.40576668	52.42272152	-37.00309215	-96.66285969	11.33571616	20.58721395
5.23333333	-8.78037788	29.51606869	53.61005844	-36.11632096	-97.83895278	11.19979801	22.95687756
5.24166667	-8.50749893	28.63273227	54.64617028	-35.33404563	-98.72585822	11.07776359	25.22700612
5.25000000	-8.26653501	27.85762733	55.73570746	-34.64881868	-99.49488895	10.91559444	27.29785798
5.25833333	-8.06445454	27.13560336	56.76517284	-33.94842275	-100.03213819	10.79252657	29.30472361
5.26666667	-7.82618962	26.24567736	57.67039279	-33.11804625	-100.27870767	10.69664721	31.15900709
5.27500000	-7.63871658	25.44224558	58.71754664	-32.37854818	-100.48092503	10.52662666	32.61127255
5.28333333	-7.46549104	24.64791067	59.67526910	-31.63550082	-100.47395762	10.43691620	34.06580870
5.29166667	-7.20726461	23.82359634	60.43139984	-30.90033824	-100.27181576	10.33394380	35.14187752
5.30000000	-6.94498031	22.92719434	61.17271879	-30.13558352	-99.93562718	10.21877502	36.11400724
5.30833333	-6.79051284	22.25184554	62.00462303	-29.46310192	-99.46862513	10.13660355	36.57136351
5.31666667	-6.51910535	21.46912859	62.57299611	-28.84670646	-98.84962385	10.03580652	37.35228000
5.32500000	-6.33478105	20.75594795	63.16780561	-28.19751850	-98.10128885	10.00878905	37.82153628
5.33333333	-6.27594914	20.21395495	63.87101281	-27.56774445	-97.23501848	9.97144042	37.97007968
5.34166667	-6.03953642	19.46151054	64.29257710	-26.99705889	-96.26385763	9.87415508	38.36737172
5.35000000	-5.86183294	18.88391720	64.65856301	-26.49183129	-95.13322732	9.86755877	38.53138753
5.35833333	-5.90501858	18.44114869	65.24600393	-25.89020626	-93.96212790	9.87359189	38.55710818
5.36666667	-5.81713558	17.97766392	65.54005902	-25.47085302	-92.64653049	9.74209080	38.66251764
5.37500000	-5.85236291	17.70336131	65.90893699	-25.07639734	-91.26344301	9.71617061	38.61497893
5.38333333	-5.92183460	17.33153440	66.30210430	-24.54988109	-89.86116217	9.73789607	38.54036725
5.39166667	-5.70864642	16.84600764	66.22407831	-24.28679643	-88.32556606	9.99420898	38.20825972
5.40000000	-5.83409375	16.54104044	66.50862406	-23.78695140	-86.86089370	9.89581160	38.02258623
5.40833333	-5.93994897	16.25622094	66.67910152	-23.35922808	-85.36074459	9.75570932	37.68481227
5.41666667	-5.98884606	16.07836239	66.72779269	-23.10817951	-83.88519955	9.69448092	37.09555826
5.42500000	-6.01725201	15.76493893	66.70779139	-22.77420146	-82.45149324	9.75291408	36.39816300
5.43333333	-6.05509706	15.51293198	66.65427805	-22.47146375	-81.06499712	9.79860868	35.86131625
5.44166667	-6.00952700	15.08064426	66.47066090	-22.11848912	-79.76851822	9.85899540	35.07915668
5.45000000	-6.01840679	14.79259563	66.31823208	-21.85023349	-78.55145357	9.93077040	34.41882912
5.45833333	-6.08481232	14.39507066	66.19121998	-21.42913915	-77.42680812	9.99968803	33.77255235
5.46666667	-5.94461672	14.03307438	65.85504156	-21.30530307	-76.44986507	10.10015108	32.54606801
5.47500000	-5.89302056	13.62959829	65.56216759	-21.05204844	-75.51607122	10.21212508	31.39872377
5.48333333	-5.82668122	13.20330497	65.22752215	-20.79105708	-74.67178224	10.29006544	30.13128486
5.49166667	-5.74755674	12.80899500	64.85537510	-20.55958520	-73.90181461	10.37159295	28.71349813
5.50000000	-5.85543323	12.47788138	64.62296628	-20.21974948	-73.16163344	10.43233405	27.60355362
5.50833333	-5.76275053	12.22207598	64.20681355	-20.17451469	-72.57737918	10.50887724	25.65348484
5.51666667	-5.82109871	11.94977586	63.91374100	-20.00289002	-71.99439223	10.56976976	24.09593266
5.52500000	-5.94888288	11.78772108	63.62151601	-19.81213738	-71.41971980	10.62853870	23.29100895
5.53333333	-5.99078312	11.64253674	63.25159450	-19.76490907	-71.00371502	10.70359530	22.48980476
5.54166667	-6.19354365	11.50673540	62.98897519	-19.56379028	-70.59949652	10.74708457	22.41475841
5.55000000	-6.32815566	11.43235131	62.65534183	-19.48435597	-70.30378890	10.73813105	22.73882400
5.55833333	-6.47688345	11.35130946	62.27733325	-19.37384924	-70.03825362	10.73752214	23.59151000
5.56666667	-6.69193010	11.20823116	62.06195071	-19.13076234	-70.01073928	10.67926382	24.43754741
5.57500000	-6.88394735	11.15955665	61.82914915	-18.98932624	-70.00803371	10.57916267	25.34605194
5.58333333	-7.10046331	11.07833888	61.69060202	-18.79617254	-70.06860079	10.47239704	26.07860126
5.59166667	-7.31239492	10.91153022	61.64318133	-18.50143670	-70.23670727	10.41882965	26.34440328
5.60000000	-7.54360996	10.82735292	61.63139195	-18.31571033	-70.30566934	10.08336385	26.93080514
5.60833333	-7.72476215	10.70100934	61.61409470	-18.08909780	-70.38164389	9.98501080	27.05684319
5.61666667	-7.95113905	10.53699213	61.63165257	-17.77192404	-70.36552362	9.69941229	27.22279673
5.62500000	-8.20416061	10.47724610	61.62837612	-17.60059674	-70.21238880	9.14044201	27.36076267
5.63333333	-8.36698959	10.41113386	61.51426859	-17.53983231	-70.08072954	9.06400697	27.37790838
5.64166667	-8.62093447	10.35717003	61.42803305	-17.26858311	-69.76124770	8.15842272	27.60404272
5.65000000	-8.87105106	10.23533941	61.28702500	-16.99408101	-69.45568892	7.71731074	27.76400439
5.65833333	-9.10397874	10.21387932	61.09842148	-16.88966998	-69.12516029	6.92480947	27.98604988
5.66666667	-9.33665733	10.13049654	60.86905322	-16.67632744	-68.78794311	6.32387673	28.16707205
5.67500000	-9.48869823	10.13548531	60.53014253	-16.67298805	-68.45077850	5.36178151	28.33472612
5.68333333	-9.66310168	10.05438257	60.19299263	-16.54728204	-68.10239806	4.43035620	28.48399436
5.69166667	-9.83405582	10.01993355	59.82307201	-16.48571240	-67.69902594	3.38147953	28.60813426
5.70000000	-10.02168225	10.04234199	59.49668116	-16.52349344	-67.29733413	2.25279079	28.67342191
5.70833333	-10.09094628	9.90567531	58.94949325	-16.47770643	-66.85570153	1.01955059	28.67283900
5.71666667	-10.13864514	9.82657463	58.39642893	-16.53759507	-66.36508687	-0.25712813	28.69686297
5.72500000	-10.19651574	9.84340056	57.84001697	-16.71477015	-65.84966393	-1.59577301	28.67448523
5.73333333	-10.20512034	9.86445422	57.21217407	-16.92949951	-65.30230659	-3.07300860	28.59581782
5.74166667	-10.31295748	9.95487040	56.69331832	-17.15560878	-64.75941807	-4.60665842	28.50919315
5.75000000	-10.42134249	10.18200086	56.11302196	-17.52135664	-64.13986921	-6.15619638	28.38474963
5.75833333	-10.51734725	10.37053465	55.61102353	-17.92719493	-63.53568311	-7.78097936	28.17821947
5.76666667	-10.57759958	10.67133558	54.93492664	-18.44298197	-62.77282591	-9.34437205	27.98069657
5.77500000	-10.69478991	11.10357352	54.39734681	-19.13383093	-62.08083413	-10.78141082	27.78769029
5.78333333	-10.79690353	11.55083620	53.80721395	-19.86352509	-61.36531350	-12.18308035	27.58987873
5.79166667	-10.88047921	12.06634691	53.15711587	-20.72991131	-60.54032529	-13.45494332	27.38490615
5.80000000	-11.07567138	12.85126929	52.67533665	-21.84685747	-59.89752241	-14.12649939	27.34860120
5.80833333	-10.98535193	13.46632954	51.85324375	-23.07686779	-59.06906416	-15.14335341	27.01370700
5.81666667	-10.95884666	14.23510935	51.10416819	-24.52305856	-58.25924045	-16.02103417	26.84411469
5.82500000	-11.22225100	14.97265996	50.76990040	-25.87405421	-57.77164632	-16.25992485	26.92307691
5.83333333	-11.15506731	15.42676549	50.04402715	-27.40007935	-57.03116942	-16.77283406	26.64735687
5.84166667	-10.90956938	16.20545505	49.03916846	-29.21278668	-56.15360958	-17.66803733	26.15882878
5.85000000	-10.80484955	17.45900938	48.20084793	-31.45170625	-55.31953046	-18.25149183	26.03471895
5.85833333	-10.97297023	18.39393627	47.82793570	-33.45067288	-54.70570511	-18.56289317	25.67828110
5.86666667	-10.63172115	19.13510823	46.85833090	-35.69039640	-53.98872852	-18.77600466	25.41033173
5.87500000	-10.53556760	20.27197964	46.12369108	-38.13790452	-53.20678982	-18.67764287	25.07983373
5.88333333	-10.41972596	21.43418395	45.38191470	-40.62668732	-52.46459555	-18.37688727	24.78917333
5.89166667	-10.24781009	22.49490275	44.57738137	-43.11339485	-51.64709722	-17.76012057	24.36666668
5.90000000	-10.12117829	23.57345953	43.87738178	-45.55228082	-51.00502825	-17.01250556	24.21252217
5.90833333	-9.90134955	24.63549519	43.06743286	-48.11198781	-50.16672799	-15.46018106	23.75498916
5.91666667	-9.96680174	25.92693305	42.53971569	-50.56312258	-49.47868234	-13.54252824	23.79179802
5.92500000	-9.71597668	26.75905329	41.76745508	-52.82126931	-48.77443138	-11.79524835	22.91843074
5.93333333	-9.56442630	27.63898927	40.89987593	-54.86446581	-47.91011022	-10.16812614	22.63270580
5.94166667	-9.43724359	28.68780340	40.21114688	-56.95717906	-47.17925179	-8.76903481	22.31551826
5.95000000	-9.38225965	29.72113774	39.58262546	-58.82739621	-46.43396749	-7.54062271	21.96072690
5.95833333	-9.36695707	30.69577086	39.01705074	-60.48009594	-45.69868036	-6.43939386	21.59064755
5.96666667	-9.55541535	32.01822903	38.73241139	-62.09440810	-45.06559825	-5.30594955	21.13554935
5.97500000	-9.54893145	32.98646558	38.21595914	-63.44283784	-44.37130534	-4.20849009	20.81164998
5.98333333	-9.93120909	34.53579731	38.19718333	-64.90566299	-43.79200881	-1.49496330	20.45974912
5.99166667	-9.83450891	35.22592704	37.54344303	-65.80557500	-43.06813100	-0.07193405	20.06658878
6.00000000	-10.14219950	36.40847243	37.43073112	-66.72001929	-42.46114964	1.80111668	19.87904296
6.00833333	-9.84642531	36.84758751	36.52364044	-67.23932422	-41.68007331	3.17578762	19.31852701
6.01666667	-10.05663056	37.84604377	36.26394916	-67.71654348	-40.98522618	4.41424581	19.24839360
6.02500000	-9.92466284	38.30754253	35.56515280	-67.52900099	-40.14268077	2.44401638	18.56959165
6.03333333	-10.00845473	38.83649094	35.16970871	-67.39538236	-39.56029129	3.38639356	18.51619590
6.04166667	-9.98934892	39.30637476	34.57381132	-67.16829022	-38.75348421	4.58146038	18.12189622
6.05000000	-10.12494123	39.82701017	34.20652658	-66.68801571	-38.03188711	4.73825142	18.00924060
6.05833333	-10.06531838	40.05626064	33.64435108	-66.06660150	-37.38389833	6.22639968	17.52110932
6.06666667	-10.04894418	40.29824330	33.09543153	-65.14898218	-36.53953040	6.30662329	17.05637770
6.07500000	-10.23708953	40.63148778	32.77382761	-64.12934961	-35.82177747	6.47061067	16.96552536
6.08333333	-10.04324590	40.39870399	32.02900131	-62.91858783	-35.12830871	7.87479392	16.62306028
6.09166667	-10.26325976	40.59063398	31.75642106	-61.55638774	-34.41853177	7.98414696	16.51589425
6.10000000	-10.08680605	40.31029825	31.05091996	-60.12444921	-33.67774699	9.10983270	15.91555364
6.10833333	-10.32649513	40.41846481	30.86788397	-58.54907777	-33.04675546	9.12666996	15.83149863
6.11666667	-10.06333212	39.82642843	29.99767453	-56.76552422	-32.25952138	9.65027156	15.29015637
6.12500000	-10.31586462	39.70608378	29.85089037	-54.92884258	-31.65536005	9.47651857	15.00737566
6.13333333	-10.19980724	39.15061684	29.18113459	-53.01341011	-30.89477889	9.56831920	14.65491724
6.14166667	-10.43193613	38.98311215	28.98976557	-51.14682722	-30.25949292	9.23094693	14.49856318
6.15000000	-10.69503603	38.84471996	28.87146123	-49.26292464	-29.66985071	8.80110613	14.26915835
6.15833333	-10.50509279	38.05302337	28.18951300	-47.24483439	-29.04297216	8.36712750	13.91316430
6.16666667	-10.66963976	37.54579952	27.96300175	-45.20592536	-28.50836999	7.76234429	13.65487898
6.17500000	-10.93624818	37.26494364	27.79232625	-43.38043771	-27.86632079	7.39926919	13.58525494
6.18333333	-10.76370725	36.37108414	27.18898942	-41.44610893	-27.31598015	6.88924727	13.30677189
6.19166667	-11.03190401	36.13364305	27.09993370	-39.80979162	-26.79175834	6.36260236	13.21763323
6.20000000	-11.22373422	35.79237354	26.98151103	-38.22983233	-26.35128917	5.73864227	13.05638184
6.20833333	-11.15760707	34.97375088	26.60007631	-36.59543097	-25.97600112	5.38126854	12.90761340
6.21666667	-11.39217053	34.59005819	26.53940508	-35.14464778	-25.58048124	4.59344977	12.81025789
6.22500000	-11.59512880	34.14055187	26.47547299	-33.78449513	-25.23596241	3.70495455	12.74340782
6.23333333	-11.71797941	33.71926276	26.39090519	-32.63474027	-24.96528835	2.82792856	12.73476794
6.24166667	-11.66092711	33.11783875	25.99036742	-31.69651893	-24.52910788	2.77247202	12.59502106
6.25000000	-11.89525414	32.83599181	26.02072304	-30.73244327	-24.25684652	1.90457409	12.56322891
6.25833333	-12.08088206	32.45125977	26.01346233	-29.77909786	-24.03103023	1.22288894	12.54186538
6.26666667	-12.28179848	32.09555930	26.04161469	-28.92464053	-23.87340234	1.11503319	12.58127605
6.27500000	-12.45570725	31.63694406	25.97238728	-28.03881790	-23.55943669	0.82284524	12.50818300
6.28333333	-12.68483776	31.37106426	26.10589486	-27.85653285	-23.45489878	3.93438757	12.30711520
6.29166667	-12.93846470	30.97958214	26.16638331	-27.00774713	-23.25569078	3.95531908	12.35088518
6.30000000	-13.18340783	30.59105666	26.33187388	-26.16377017	-23.22150306	4.16099296	12.40517879
6.30833333	-13.43640456	30.25877759	26.50415104	-25.36707378	-23.16430269	4.20532336	12.39608478
6.31666667	-13.63976847	30.00234104	26.63005889	-24.69291953	-23.12783604	4.24914692	12.41095296
6.32500000	-13.88609910	29.76823009	26.78213961	-24.00932492	-23.06242871	4.20315079	12.33099451
6.33333333	-14.17091459	29.68883880	27.02574145	-23.45428644	-23.02586525	4.06428236	12.27322628
6.34166667	-14.36805335	29.62896688	27.10457250	-23.05555201	-22.89994310	3.96927974	12.24970951
6.35000000	-14.55659124	29.63579787	27.14320153	-22.76393439	-22.73839905	3.79081779	12.16187424
6.35833333	-14.60821631	29.62764223	27.13656134	-22.70859467	-22.70565643	3.79030236	12.16021056
6.36666667	-14.80342938	29.61821987	27.04107271	-22.42418369	-22.31748861	3.60108381	12.06496903
6.37500000	-14.84461523	29.61041965	27.01851568	-22.40465153	-22.30381910	3.59714090	12.06046507
6.38333333	-14.93393934	29.58396250	26.75553017	-22.25201102	-21.85103845	3.42570318	11.81203454
6.39166667	-14.97739662	29.57916648	26.72019084	-22.24538281	-21.80147203	3.43295454	11.81803401
6.40000000	-14.99964928	29.50555249	26.25900334	-22.14631141	-21.11193388	3.46874007	11.63683625
6.40833333	-15.04853579	29.48893269	26.22946311	-22.11973385	-21.05804927	3.47840921	11.64455561
6.41666667	-14.79596779	28.97214471	25.42016399	-21.85407060	-20.27721393	4.03607363	11.40929617
6.42500000	-14.95528723	28.94691838	25.32581018	-21.63315456	-19.92360313	3.94854485	11.40110409
6.43333333	-15.10975417	28.91016876	25.32057641	-21.34906225	-19.72968770	3.95151312	11.39946352
6.44166667	-15.30419923	28.83782561	25.26996533	-20.99403151	-19.36473314	3.79629265	11.23229548
6.45000000	-15.44359589	28.80928057	25.26092663	-20.73717291	-19.18004893	3.83971631	11.26159983
6.45833333	-15.66789931	28.81464640	25.28604172	-20.43417238	-18.88225824	3.80857379	11.09671051
6.46666667	-15.78392472	28.81341883	25.29613957	-20.22852537	-18.74555092	3.85482153	11.13366770
6.47500000	-15.99973028	28.88762563	25.37731617	-20.01590440	-18.55903655	3.88361312	11.00125464
6.48333333	-16.03991259	28.84936550	25.37804839	-19.95955848	-18.52542982	3.89796666	11.01013282
6.49166667	-16.28781312	28.71203198	25.52374528	-19.40611059	-18.38378939	3.93808675	10.95258212
6.50000000	-16.35409008	28.66171157	25.52745095	-19.25266922	-18.33747964	3.96507646	10.97772309
6.50833333	-16.50031362	28.62051074	25.63466241	-19.02270130	-18.30524055	3.95708276	10.94516670
6.51666667	-16.52452281	28.59617865	25.62976358	-19.00259663	-18.28754713	3.96422202	10.95063225
6.52500000	-16.68019601	28.52974447	25.71267657	-18.71958791	-18.21920842	4.03350752	10.94078548
6.53333333	-16.68253594	28.35325722	25.61167836	-18.55904875	-18.12347146	4.09595696	10.99301638
6.54166667	-16.73870993	28.34252246	25.61732884	-18.52597297	-18.09913129	4.10195704	10.99389290
6.55000000	-16.84804793	28.22105002	25.65507604	-18.26396846	-18.05333961	4.12489724	10.94664722
6.55833333	-16.89311431	28.17249762	25.60884185	-18.16318905	-17.93759152	4.15969653	10.99657321
6.56666667	-16.90293349	28.14462134	25.59607369	-18.15967113	-17.92720208	4.16228744	10.99877801
6.57500000	-16.91578542	27.95050045	25.49203103	-17.92714682	-17.80439379	4.18851385	10.99217956
6.58333333	-16.93734370	27.93015397	25.48273470	-17.91996967	-17.78782525	4.19178029	10.99869890
6.59166667	-16.94992812	27.90846308	25.47417545	-17.88884231	-17.75856439	4.20011796	11.00663470
6.60000000	-17.03732793	27.79842876	25.36732273	-17.61841820	-17.47598510	4.24812249	11.05142940
6.60833333	-17.04607650	27.77548397	25.36207097	-17.59769461	-17.47686523	4.25277750	11.04761152
6.61666667	-17.00307601	27.53547365	25.22503580	-17.32778829	-17.40673861	4.31531369	11.11880795
6.62500000	-17.01998929	27.52162339	25.21761002	-17.31915525	-17.38373348	4.31605558	11.12166169
6.63333333	-17.04871120	27.50622864	25.20958009	-17.26822244	-17.32393896	4.32186788	11.12450094
6.64166667	-17.13702011	27.43114775	25.07958757	-17.05383225	-16.99840304	4.27261396	11.05397068
6.65000000	-17.15207121	27.42119617	25.08325790	-17.03523329	-16.98425074	4.27323447	11.05254156
6.65833333	-17.17281162	27.41361574	25.08374876	-17.00433997	-16.95317327	4.27577232	11.05001157
6.66666667	-17.20108326	27.40329878	25.07411395	-16.99939549	-16.94530399	4.27632745	11.04902713
6.67500000	-17.21083030	27.39918028	25.07878446	-16.95537840	-16.88616922	4.28108038	11.04654194
6.68333333	-17.35097310	27.41256575	24.92932626	-16.77905294	-16.41897301	4.21082643	10.88957883
6.69166667	-17.33170999	27.38783554	24.92247165	-16.77712762	-16.43183859	4.21433085	10.88838946
6.70000000	-17.36238476	27.37996773	24.91568182	-16.77541393	-16.43279276	4.21558553	10.88833181
6.70833333	-17.37904021	27.38238790	24.94487751	-16.73438685	-16.39299369	4.22520737	10.88917808
6.71666667	-17.99648524	28.07000457	25.82304178	-16.83374977	-16.69652637	4.47261876	10.90253964
6.72500000	-18.10661255	28.12325512	25.80541624	-16.74535508	-16.52626999	4.50671650	10.92107307
6.73333333	-18.12634751	28.11584859	25.79043212	-16.75176840	-16.52556726	4.50652739	10.92084712
6.74166667	-18.12445088	28.11013874	25.77448998	-16.75393387	-16.49585569	4.50929810	10.92187838
6.75000000	-18.13035978	28.10540858	25.75423072	-16.75114980	-16.45708383	4.51503385	10.92267401
6.75833333	-18.14887373	28.09937056	25.74122441	-16.75387348	-16.45355905	4.51621833	10.92253925
6.76666667	-18.14803579	28.09416320	25.72772099	-16.74921340	-16.41431654	4.52469127	10.92402267
6.77500000	-18.16053268	28.09001145	25.71855943	-16.75141167	-16.41124875	4.52651041	10.92386515
6.78333333	-18.07187495	27.99099051	25.46572076	-16.76722434	-16.19191399	4.66327632	10.85125324
6.79166667	-18.08188657	27.98615314	25.46074551	-16.76979414	-16.19285600	4.66305987	10.85170807
6.80000000	-18.08848006	27.98127830	25.45643876	-16.77276520	-16.19427708	4.66321765	10.85210447
6.80833333	-18.07570822	27.96790981	25.45125116	-16.78244994	-16.19942199	4.66629740	10.85371974
6.81666667	-18.08081855	27.96226512	25.44591668	-16.78701133	-16.20456712	4.66721682	10.85385669
6.82500000	-18.05190333	27.93347072	25.43170620	-16.81102581	-16.23119638	4.67826874	10.85568050
6.83333333	-18.05716723	27.92720449	25.42631790	-16.81584614	-16.23758200	4.68016259	10.85592906
6.84166667	-17.98188601	27.85520426	25.38412802	-16.87424233	-16.31651206	4.72710150	10.86418731
6.85000000	-18.00046363	27.84127481	25.38168120	-16.85433686	-16.31417895	4.75270385	10.87262046
6.85833333	-17.88296617	27.57587411	25.28219723	-16.69094185	-16.35416163	4.81961049	10.97043750
6.86666667	-17.89032966	27.57158122	25.27798641	-16.69197683	-16.35545055	4.81955049	10.97075454
6.87500000	-17.90746906	27.57316641	25.27796892	-16.68945650	-16.35247939	4.81996304	10.97136074
6.88333333	-17.90251017	27.57465191	25.27913405	-16.68855816	-16.35146126	4.82003949	10.97142165
6.89166667	-17.91473532	27.57484545	25.27793833	-16.68807051	-16.34702327	4.82073662	10.97185633
6.90000000	-17.91499398	27.57519078	25.27826908	-16.68754657	-16.34599817	4.82086911	10.97188759
6.90833333	-17.95656832	27.57247582	25.29636813	-16.64823485	-16.26549024	4.83331418	10.97284444
6.91666667	-17.95703461	27.57147380	25.29581657	-16.64764195	-16.26537001	4.83352600	10.97261832
6.92500000	-17.95319838	27.56991099	25.29614219	-16.64055414	-16.26127490	4.83511433	10.97116874
6.93333333	-17.95518356	27.56861142	25.29542430	-16.63985167	-16.26099024	4.83533997	10.97096192
6.94166667	-17.98428969	27.38520764	25.33279326	-16.31977647	-16.21342799	4.79000908	10.79062634
6.95000000	-17.98582746	27.38458498	25.33234357	-16.31959970	-16.21323379	4.78992585	10.79098114
6.95833333	-17.99036232	27.38337948	25.33364524	-16.31468670	-16.20917309	4.78970367	10.79335081
6.96666667	-17.99210309	27.38256275	25.33365622	-16.31378607	-16.20867852	4.78970946	10.79366956
6.97500000	-18.02628859	27.38328314	25.34028486	-16.25266599	-16.18469900	4.79018889	10.80514551
6.98333333	-18.02700455	27.38213904	25.34107392	-16.25148644	-16.18347201	4.79008376	10.80547700
6.99166667	-18.08582246	27.37237727	25.36270610	-16.10695624	-16.12159792	4.78394367	10.82552064
7.00000000	-18.08931660	27.36610292	25.36431063	-16.10033317	-16.11534434	4.78114443	10.82668302
7.00833333	-18.09070501	27.36524415	25.36407614	-16.09929022	-16.11484410	4.78089222	10.82677987
7.01666667	-18.17629485	27.23912374	25.38226118	-15.75643892	-16.02319484	4.61986135	10.80454231
7.02500000	-18.17726456	27.23914049	25.38249316	-15.75622428	-16.02291129	4.61984665	10.80457661
7.03333333	-18.18195272	27.24265347	25.38689760	-15.75079954	-16.01805641	4.62003136	10.80493570
7.04166667	-18.18551824	27.24203103	25.38632689	-15.75024720	-16.01784845	4.62009360	10.80497416
7.05000000	-18.22656093	27.25497361	25.39702717	-15.70885617	-15.98509716	4.62347291	10.80693902
7.05833333	-18.23018351	27.25375292	25.39605432	-15.70813037	-15.98416630	4.62352010	10.80699767
7.06666667	-18.35670492	27.24064717	25.36632311	-15.46130193	-15.70703768	4.59720396	10.76879650
7.07500000	-18.35775174	27.24098879	25.36579389	-15.46113858	-15.70720219	4.59720818	10.76875132
7.08333333	-18.37245571	27.25970730	25.38921056	-15.45123673	-15.69015922	4.59588766	10.76867856
7.09166667	-18.37451291	27.25898764	25.38882503	-15.45096158	-15.69002745	4.59590884	10.76853720