0.00000000	-17.10065351	23.50520238	23.29588331	-11.73275491	-9.30287725	2.95545215	3.11605756
0.00833333	-17.03597255	23.37312453	23.16080813	-11.69085782	-9.36594140	2.98020768	3.08858728
0.01666667	-17.22992236	23.65307841	23.40247418	-11.80122433	-9.45791413	3.03216310	2.98699932
0.02500000	-17.14985847	23.53176213	23.24229315	-11.76578837	-9.32329930	3.05080140	3.02827027
0.03333333	-17.32759796	23.72752961	23.49347618	-11.78670126	-9.42614503	3.06743212	3.05563100
0.04166667	-17.25247900	23.62498404	23.34714658	-11.75337014	-9.32962425	3.10071936	3.06311097
0.05000000	-17.25112406	23.61574648	23.32679030	-11.74245507	-9.34558412	3.10732071	3.05056949
0.05833333	-17.18963082	23.53829225	23.22305750	-11.72393636	-9.29680312	3.10697847	3.03918563
0.06666667	-17.19219145	23.52901942	23.20996926	-11.71329642	-9.28917935	3.10987107	3.04181574
0.07500000	-17.42047028	23.81833870	23.56620573	-11.79691614	-9.49135901	3.16114261	3.13126157
0.08333333	-17.32958350	23.69651546	23.39558598	-11.75286017	-9.38713622	3.16941746	3.13323021
0.09166667	-17.36021650	23.72702229	23.45049452	-11.76119282	-9.44886539	3.11663506	3.13673235
0.10000000	-17.27600892	23.58292745	23.29656068	-11.69046194	-9.34989845	3.11966826	3.13242034
0.10833333	-17.34321015	23.66259984	23.39772699	-11.72460986	-9.43455951	3.13674850	3.17145331
0.11666667	-17.26709762	23.55076572	23.25738167	-11.67694948	-9.35492501	3.16434987	3.17788232
0.12500000	-17.36038220	23.66904289	23.39492701	-11.72408676	-9.46530321	3.19375818	3.19954000
0.13333333	-17.31897493	23.59349371	23.30173969	-11.68234513	-9.40632091	3.20632343	3.20253710
0.14166667	-17.29116916	23.53620892	23.24678743	-11.64881283	-9.41242331	3.20289881	3.22557693
0.15000000	-17.28214242	23.51423627	23.21132134	-11.63021690	-9.41753576	3.22069615	3.28850206
0.15833333	-17.30585169	23.54075282	23.24577128	-11.64422424	-9.50892690	3.19533047	3.37484614
0.16666667	-17.24516591	23.46378618	23.31480239	-11.66760246	-9.87457240	3.29861119	3.61838043
0.17500000	-17.20761184	23.40537033	23.20337534	-11.63593848	-9.79368725	3.24305469	3.67465135
0.18333333	-17.20679674	23.39575233	23.16805283	-11.61511733	-9.81515381	3.23365121	3.75623497
0.19166667	-17.24025061	23.42989728	23.26220908	-11.62611230	-9.95445364	3.23807073	3.86897660
0.20000000	-17.17920689	23.34003316	23.15179045	-11.58382947	-9.88612109	3.24865547	3.84910674
0.20833333	-17.10273621	23.20961306	23.03358885	-11.52378291	-9.84553334	3.19704085	3.83547161
0.21666667	-17.17353937	23.29155909	23.13008224	-11.54665088	-9.90602637	3.18364941	3.86443980
0.22500000	-17.12835100	23.21407041	23.02512375	-11.51646381	-9.83905218	3.19441550	3.84369956
0.23333333	-17.24193413	23.34411415	23.19850218	-11.57212265	-9.95311957	3.26203626	3.89675692
0.24166667	-17.13931439	23.20004615	23.00601886	-11.52569549	-9.84099765	3.26429051	3.87468400
0.25000000	-17.19027964	23.25995661	23.08428826	-11.56644270	-9.89512007	3.25377204	3.89310209
0.25833333	-17.11915026	23.15141696	22.93835411	-11.51704764	-9.79276624	3.28223148	3.87943741
0.26666667	-17.10730436	23.12220779	22.91231320	-11.51454990	-9.79028071	3.24610942	3.84619825
0.27500000	-17.12205649	23.16970790	22.99708804	-11.61111381	-9.95778651	3.32852292	3.94366846
0.28333333	-17.08107860	23.08204342	22.90210116	-11.54274603	-9.89591953	3.32750073	3.90553810
0.29166667	-17.07029951	23.07128352	22.89551344	-11.55803889	-9.89688727	3.29457488	3.88757927
0.30000000	-17.00785137	22.97082600	22.76279159	-11.50728365	-9.79059401	3.32464331	3.88913107
0.30833333	-17.10438321	23.07345010	22.88950676	-11.52789294	-9.85105176	3.28467094	3.88759289
0.31666667	-17.03637460	22.95105800	22.74956652	-11.45153083	-9.73698120	3.30724519	3.87166421
0.32500000	-17.02164703	22.93363466	22.74204411	-11.46538089	-9.76307315	3.28055840	3.86801726
0.33333333	-17.14654804	23.09567705	22.97337856	-11.55988807	-9.95241646	3.33910191	3.96073486
0.34166667	-17.05949102	22.97810775	22.83708521	-11.52143732	-9.88623380	3.29671042	3.94071043
0.35000000	-17.07508968	22.99236239	22.84048384	-11.53018257	-9.87389743	3.25258187	3.95359173
0.35833333	-17.09131123	22.99591516	22.85606980	-11.51689683	-9.86562630	3.25760903	3.95680115
0.36666667	-17.07042889	22.93523919	22.82148138	-11.46754655	-9.83902026	3.26376176	3.94821418
0.37500000	-17.32587012	23.26859294	23.21129070	-11.60439175	-10.03925603	3.35798908	4.02962832
0.38333333	-17.25230243	23.15842466	23.06881597	-11.55924281	-9.94714893	3.32716626	4.00702910
0.39166667	-17.22186565	23.15885235	23.00892596	-11.57226028	-9.94956057	3.31653051	4.02496948
0.40000000	-17.15470950	23.05863365	22.86745776	-11.54151060	-9.83988681	3.33384949	4.03077881
0.40833333	-17.15142328	22.95437999	22.83973897	-11.43987006	-9.78714333	3.32279832	4.00421788
0.41666667	-17.37247841	23.27060911	23.16440020	-11.62171090	-9.94619387	3.35829250	4.10132018
0.42500000	-17.32071578	23.17110941	23.07708949	-11.55821977	-9.88841519	3.37952203	4.06239242
0.43333333	-17.30769830	23.15111437	23.03812143	-11.55166677	-9.86214320	3.37043539	4.06618099
0.44166667	-17.41749875	23.28399970	23.19345104	-11.60173450	-9.93447300	3.44339196	4.10015614
0.45000000	-17.45994632	23.34408696	23.26300918	-11.64297235	-9.98946025	3.48116312	4.13019924
0.45833333	-17.41727094	23.28054162	23.17423305	-11.62411096	-9.93214968	3.46854789	4.11748862
0.46666667	-17.41529160	23.26554762	23.15847733	-11.62206194	-9.91528769	3.45422397	4.10957523
0.47500000	-17.46985385	23.33527751	23.25301003	-11.65560486	-9.99391244	3.49682061	4.14292513
0.48333333	-17.38988978	23.21000402	23.11402744	-11.59718178	-9.90897545	3.48139872	4.11904586
0.49166667	-17.35632427	23.16810152	23.05304317	-11.58416010	-9.88052083	3.43666232	4.08811165
0.50000000	-17.49704130	23.33432082	23.25305120	-11.64080385	-9.95894979	3.47441353	4.12537431
0.50833333	-17.40794762	23.21022093	23.10559162	-11.59253490	-9.87843783	3.45613182	4.11315161
0.51666667	-17.58152778	23.44552539	23.38233712	-11.68755139	-10.04882392	3.48480025	4.19251578
0.52500000	-17.47181402	23.28751994	23.19407121	-11.61597843	-9.94833411	3.47174735	4.15671474
0.53333333	-17.42485322	23.21284803	23.09849663	-11.58706833	-9.88127479	3.46821139	4.15229573
0.54166667	-17.40841086	23.18378037	23.06212110	-11.57845403	-9.86750134	3.46215838	4.14343776
0.55000000	-17.39109091	23.15190067	23.01310265	-11.56398029	-9.83033776	3.49525880	4.14878032
0.55833333	-17.48184848	23.27791004	23.13214758	-11.62625171	-9.90306241	3.51074681	4.17615688
0.56666667	-17.53503217	23.33429849	23.24495545	-11.63970950	-10.02025881	3.56098049	4.22274030
0.57500000	-17.47198321	23.23643120	23.14622201	-11.60381281	-9.97099276	3.53602712	4.22503714
0.58333333	-17.54854435	23.33331307	23.23901071	-11.62971158	-9.99235145	3.56352731	4.22848621
0.59166667	-17.46591047	23.21738104	23.08219826	-11.59101225	-9.87883502	3.54715782	4.23058049
0.60000000	-17.50757758	23.24387545	23.19269884	-11.55803265	-10.02054119	3.51458927	4.26481967
0.60833333	-17.50158479	23.26387600	23.14580622	-11.60969086	-9.96186962	3.47682976	4.27749825
0.61666667	-17.41593425	23.14663557	23.01259148	-11.56864243	-9.89407695	3.47744218	4.25133396
0.62500000	-17.40304857	23.13447154	22.99367853	-11.57150211	-9.88853638	3.46537307	4.24158261
0.63333333	-17.50541061	23.26386766	23.17144622	-11.62759916	-10.02112999	3.50645695	4.29622072
0.64166667	-17.52815974	23.29509151	23.14440513	-11.63950250	-9.96451395	3.52326578	4.27167386
0.65000000	-17.45780164	23.18325195	23.01150803	-11.58430072	-9.87434051	3.52697986	4.25178785
0.65833333	-17.46298184	23.20011755	23.04717644	-11.61294157	-9.91245950	3.50081199	4.24531052
0.66666667	-17.60337167	23.36372163	23.22275454	-11.63305486	-9.97444538	3.51799580	4.27744656
0.67500000	-17.70955986	23.50669641	23.40247194	-11.67568372	-10.08676431	3.52513552	4.32154889
0.68333333	-17.60153012	23.36485494	23.21845475	-11.63004347	-9.99003059	3.51038603	4.29265425
0.69166667	-17.52765945	23.25656426	23.08823220	-11.58429087	-9.90615644	3.52224432	4.28086343
0.70000000	-17.69094344	23.47085387	23.37597772	-11.67456890	-10.09127162	3.58049022	4.32080885
0.70833333	-17.60490889	23.34269404	23.21100444	-11.60830812	-9.96984957	3.56903558	4.33220893
0.71666667	-17.57898809	23.31756503	23.15254044	-11.61476302	-9.93782981	3.54444967	4.35055648
0.72500000	-17.50059298	23.20442242	23.03044171	-11.56616928	-9.87435443	3.55739416	4.34722809
0.73333333	-17.70139161	23.45700461	23.35235290	-11.63502078	-10.07253446	3.61940846	4.42483074
0.74166667	-17.63274399	23.34411068	23.23298561	-11.57473017	-10.00193409	3.60543407	4.40226640
0.75000000	-17.57232942	23.26597375	23.10965152	-11.54238436	-9.92598671	3.61703326	4.38052973
0.75833333	-17.70538453	23.44314711	23.34661042	-11.63277775	-10.11011891	3.60125391	4.38502617
0.76666667	-17.62041044	23.32323872	23.17748460	-11.58178890	-10.00346281	3.59573237	4.35824750
0.77500000	-17.57294026	23.26889444	23.09598691	-11.56556577	-9.97787970	3.55610737	4.35165547
0.78333333	-17.58970887	23.29570422	23.16557243	-11.58578758	-10.08348364	3.54068805	4.40086411
0.79166667	-17.64014753	23.36931619	23.19851830	-11.61565971	-10.05632623	3.52047977	4.42174354
0.80000000	-17.57398843	23.27444200	23.09697159	-11.57395690	-9.99625798	3.51814329	4.42104375
0.80833333	-17.51207663	23.19416259	22.98698611	-11.54381409	-9.92405739	3.52598297	4.41192631
0.81666667	-17.58903659	23.30876339	23.13299249	-11.61229006	-10.03297736	3.50911593	4.42906993
0.82500000	-17.56406671	23.25764133	23.05573747	-11.57657414	-9.95702920	3.53846266	4.43065954
0.83333333	-17.56445379	23.27889212	23.06855314	-11.60814803	-9.98681058	3.50208505	4.42619275
0.84166667	-17.54073048	23.22317174	23.01610348	-11.56454498	-9.93746464	3.50990834	4.41207995
0.85000000	-17.72323094	23.45838721	23.35164603	-11.63029875	-10.21065202	3.55369312	4.50961051
0.85833333	-17.68388103	23.38877377	23.24182844	-11.56510768	-10.07107541	3.52780052	4.49220535
0.86666667	-17.65862759	23.39130236	23.25040143	-11.62933158	-10.14969854	3.51940236	4.51829091
0.87500000	-17.59054508	23.28228706	23.13714910	-11.56788137	-10.08109612	3.50757305	4.49586149
0.88333333	-17.56546932	23.24884456	23.08387114	-11.55655405	-10.04440227	3.48782034	4.49801825
0.89166667	-17.56892413	23.25487916	23.08321537	-11.56390622	-10.03966056	3.49238489	4.48572234
0.90000000	-17.50934918	23.16500515	22.97020719	-11.52235840	-9.95255794	3.50314022	4.47084366
0.90833333	-17.63616654	23.35408481	23.21686511	-11.63792061	-10.16904272	3.55413410	4.53388459
0.91666667	-17.64304002	23.35961505	23.20109003	-11.63481730	-10.11759733	3.54739547	4.50887278
0.92500000	-17.69358107	23.42526749	23.27596210	-11.64781043	-10.16694638	3.55021016	4.50910237
0.93333333	-17.59941406	23.28526871	23.10830510	-11.56199673	-10.03395220	3.52361803	4.46377293
0.94166667	-17.76688855	23.52583577	23.37334409	-11.69491077	-10.19532839	3.55824645	4.52775662
0.95000000	-17.68119910	23.38810261	23.22465854	-11.60631771	-10.09073685	3.54637414	4.50924625
0.95833333	-17.71732430	23.45040732	23.28116753	-11.65279912	-10.13309976	3.48113645	4.49159322
0.96666667	-17.88048733	23.63447827	23.49846081	-11.66883397	-10.18955876	3.56567140	4.58172881
0.97500000	-17.72357400	23.43281312	23.34750584	-11.60008447	-10.24158254	3.50426967	4.57568760
0.98333333	-17.63400024	23.30501824	23.17443010	-11.54883825	-10.11532367	3.50701544	4.55698743
0.99166667	-17.57463194	23.22851541	23.08570635	-11.52871429	-10.05860419	3.51708661	4.54288666
1.00000000	-17.73723211	23.46157340	23.36116546	-11.64765649	-10.25082451	3.61305306	4.54203373
1.00833333	-17.75081502	23.50432687	23.41142117	-11.68095016	-10.30712392	3.63556071	4.57289153
1.01666667	-17.74067685	23.45369529	23.31487530	-11.62383490	-10.15529782	3.56214427	4.55268063
1.02500000	-17.64496378	23.33110584	23.18553316	-11.58645244	-10.12185033	3.57770652	4.53748353
1.03333333	-17.71579250	23.41976630	23.31906435	-11.60923734	-10.21733911	3.59915145	4.57727398
1.04166667	-17.74941033	23.44887875	23.33276044	-11.59883761	-10.17243780	3.61678371	4.57328857
1.05000000	-17.66610828	23.36687118	23.23680075	-11.58952697	-10.14150691	3.60919622	4.54511318
1.05833333	-17.63469008	23.29493366	23.13479023	-11.52974354	-10.04566682	3.57059534	4.53989173
1.06666667	-17.57210270	23.19503972	22.98134111	-11.46022346	-9.89507903	3.52086228	4.47960110
1.07500000	-17.73912055	23.45397823	23.34840605	-11.60010954	-10.24126356	3.55044803	4.57127988
1.08333333	-17.65012040	23.32660498	23.19210335	-11.53839528	-10.14230194	3.53645294	4.54432638
1.09166667	-17.66476390	23.35876695	23.23254434	-11.57423408	-10.15063430	3.54585751	4.51688117
1.10000000	-17.82026268	23.56080347	23.46489667	-11.63114577	-10.27695329	3.55047447	4.55214317
1.10833333	-17.70171558	23.40687307	23.27070452	-11.56987395	-10.16993424	3.49085606	4.52128949
1.11666667	-17.68279171	23.38530133	23.24466597	-11.57124159	-10.15679609	3.49807071	4.50666934
1.12500000	-17.78772384	23.51467330	23.41667231	-11.58682244	-10.26243276	3.49351833	4.56536934
1.13333333	-17.73127624	23.42072521	23.32671836	-11.53682925	-10.19674536	3.46538775	4.55602302
1.14166667	-17.65807331	23.33184014	23.18837200	-11.49917087	-10.11263347	3.42125991	4.54868699
1.15000000	-17.78765722	23.49980545	23.39389631	-11.54729130	-10.21519994	3.44812027	4.59778505
1.15833333	-17.70332570	23.37176068	23.24393743	-11.48086978	-10.09834000	3.44728935	4.58445207
1.16666667	-17.67270475	23.33903067	23.18765953	-11.47840447	-10.06370714	3.40422755	4.57072951
1.17500000	-17.61490767	23.25295942	23.08870063	-11.43764126	-9.98877434	3.42054274	4.54848808
1.18333333	-17.71841599	23.40592083	23.29461544	-11.53473388	-10.17082319	3.46009936	4.60621265
1.19166667	-17.74008420	23.43257132	23.32314940	-11.54630883	-10.17811363	3.45617841	4.60878436
1.20000000	-17.65891696	23.32082857	23.18744029	-11.51174903	-10.08835046	3.45271503	4.59051187
1.20833333	-17.71255959	23.40821100	23.25917028	-11.56402146	-10.13025103	3.43268764	4.59458329
1.21666667	-17.86566594	23.59862840	23.43827889	-11.59741146	-10.16327317	3.44900711	4.60830083
1.22500000	-17.66823894	23.35268197	23.20530596	-11.55974027	-10.16032151	3.50517972	4.65279828
1.23333333	-17.77815842	23.48048699	23.30018767	-11.57555512	-10.12930284	3.48615233	4.66125431
1.24166667	-17.98424880	23.72100714	23.55406599	-11.59819315	-10.17970016	3.56450147	4.72289336
1.25000000	-17.53666540	23.16323854	22.96590368	-11.48843237	-10.05043434	3.52096002	4.66431935
1.25833333	-17.50650706	23.10942432	22.89870831	-11.46984719	-9.97601554	3.53221277	4.65378896
1.26666667	-17.46055220	23.04293136	22.80309888	-11.44127973	-9.90569180	3.50834254	4.62790260
1.27500000	-17.56427341	23.17895806	22.93582701	-11.48883979	-9.91602167	3.52253471	4.65082589
1.28333333	-17.51792439	23.13463767	22.90980130	-11.49768556	-9.97820550	3.55626963	4.60304183
1.29166667	-17.64236290	23.30162793	23.07224325	-11.56721574	-10.00223947	3.54655873	4.62493758
1.30000000	-17.54965637	23.17227049	22.90186248	-11.51273181	-9.90798566	3.53913402	4.61343118
1.30833333	-17.46360894	22.97928504	22.76126903	-11.39018190	-9.80605953	3.57056912	4.59272366
1.31666667	-17.42964753	22.98120411	22.70555145	-11.42109502	-9.76918439	3.51670510	4.60465182
1.32500000	-17.56655788	23.16711544	22.99229744	-11.47961444	-10.04498563	3.56410644	4.69794839
1.33333333	-17.49971658	23.07473204	22.87819881	-11.44983910	-9.97099474	3.54263219	4.68107139
1.34166667	-17.43464595	22.97317859	22.76297860	-11.39907196	-9.88576135	3.54039356	4.66032041
1.35000000	-17.53158913	23.11061038	22.93103231	-11.46513199	-10.02452721	3.57642695	4.70736632
1.35833333	-17.49271915	23.04395678	22.86996781	-11.42715354	-9.99130996	3.55641234	4.70491206
1.36666667	-17.47100580	23.00756397	22.84014514	-11.41842861	-9.96736376	3.58962838	4.71252138
1.37500000	-17.43542606	22.94099312	22.77019236	-11.35938869	-9.93124002	3.55146118	4.66293362
1.38333333	-17.39556556	22.85210828	22.71259375	-11.31114498	-9.88923780	3.54100035	4.63361292
1.39166667	-17.60906309	23.17456139	23.04545896	-11.44917992	-10.08167798	3.57641986	4.70424324
1.40000000	-17.47052134	22.99936981	22.81398829	-11.39309096	-9.94345683	3.55395170	4.66889224
1.40833333	-17.49412466	23.02695971	22.84803644	-11.40531806	-9.94713882	3.52355966	4.68830911
1.41666667	-17.43093142	22.93863666	22.73753859	-11.36873471	-9.87744028	3.50870470	4.67694227
1.42500000	-17.36943662	22.86131920	22.63331459	-11.35590457	-9.80207212	3.50916609	4.68258404
1.43333333	-17.37008694	22.86672498	22.63913707	-11.36009819	-9.81782200	3.51242380	4.67309968
1.44166667	-17.36091370	22.86587005	22.61781666	-11.38611629	-9.80856091	3.51623050	4.67715880
1.45000000	-17.50442283	23.10276702	22.86876029	-11.53325718	-9.96537444	3.51578507	4.69732661
1.45833333	-17.45512820	23.05088170	22.78367021	-11.53682154	-9.91945593	3.53564404	4.69367444
1.46666667	-17.71768736	23.46295579	23.17781414	-11.77377046	-10.12797915	3.56225227	4.78349234
1.47500000	-17.64431246	23.40112731	23.08448226	-11.80693138	-10.10050233	3.55949872	4.81363164
1.48333333	-17.71677495	23.57857015	23.23867934	-11.98320794	-10.25933991	3.52954258	4.93417668
1.49166667	-17.89473800	23.89468669	23.53937538	-12.22208610	-10.46848194	3.63993158	5.01979313
1.50000000	-17.76293399	23.77275245	23.42706701	-12.28726548	-10.51944956	3.61854969	5.07776665
1.50833333	-17.64447213	23.65362246	23.28909507	-12.30252462	-10.54867382	3.64220533	5.06517124
1.51666667	-17.62597835	23.67323082	23.35130927	-12.45139026	-10.73601646	3.68303549	5.31899218
1.52500000	-17.73607421	23.84204806	23.61747030	-12.61257316	-11.00232186	3.78509866	5.48755681
1.53333333	-17.62652058	23.73327146	23.54647704	-12.66508026	-11.13870934	3.82892876	5.49061788
1.54166667	-18.13877948	24.45428592	24.38255555	-13.08458364	-11.57974279	4.09963846	5.80297758
1.55000000	-17.77142794	23.97958810	24.07868727	-13.04855592	-11.72239969	4.16406842	5.99602119
1.55833333	-17.60233001	23.77493845	24.06788679	-13.05259331	-12.07281472	4.25479116	6.22203440
1.56666667	-17.91519974	24.19759782	24.73249736	-13.26740409	-12.56087160	4.38179874	6.47086170
1.57500000	-17.64851203	23.89135151	24.69495296	-13.26903297	-13.02188458	4.48729181	6.80804933
1.58333333	-17.42610918	23.64084242	24.74208918	-13.28997143	-13.52923809	4.59382982	7.16461551
1.59166667	-17.18916634	23.33887220	24.78880169	-13.26690265	-14.02508932	4.69004066	7.48643250
1.60000000	-16.98778804	23.09420318	24.84649691	-13.25655165	-14.49510655	4.76364494	7.82184527
1.60833333	-16.77450038	22.80990664	24.82622656	-13.22952378	-14.86779320	4.86583099	8.05525585
1.61666667	-17.25310769	23.33216074	25.59548038	-13.38961116	-15.13004258	4.92232571	7.99915328
1.62500000	-17.00277846	23.01312010	25.47153403	-13.36409306	-15.44002034	5.01697571	8.19474922
1.63333333	-16.85169188	22.78624349	25.44741081	-13.33830047	-15.75121368	5.08095950	8.45092788
1.64166667	-16.72450161	22.60519212	25.44461470	-13.33547386	-16.03736225	5.13393796	8.67708855
1.65000000	-16.90228574	22.85627561	25.78246263	-13.41686120	-16.30816448	5.08590309	8.80176696
1.65833333	-16.74146424	22.68141916	25.64684872	-13.48036451	-16.48353761	5.13930628	8.96348960
1.66666667	-16.60841124	22.58452072	25.51766878	-13.59818923	-16.65260362	5.19541076	9.26396673
1.67500000	-16.63263276	22.61363048	25.56115624	-13.65870063	-16.81651485	5.22231720	9.46832004
1.68333333	-16.57251133	22.46366902	25.49028821	-13.69225380	-16.90710189	5.27361788	9.54725336
1.69166667	-16.50984172	22.34335890	25.39871340	-13.75174030	-16.97790326	5.32093461	9.47952858
1.70000000	-16.44191723	22.27676198	25.29852892	-13.86209467	-17.04684239	5.36727794	9.36846709
1.70833333	-16.49380614	22.34973551	25.34140769	-13.93395373	-17.15104577	5.31868052	9.19529305
1.71666667	-16.41629169	22.24730192	25.16124823	-14.00524545	-17.12689639	5.35643422	9.04494921
1.72500000	-16.42221546	22.16522967	25.13101340	-13.91358966	-17.20950950	5.20253240	8.94166081
1.73333333	-16.34827151	22.07546872	25.01201711	-14.00894254	-17.25214023	5.19073166	8.83212259
1.74166667	-16.24084897	21.96520089	24.67472617	-14.19964329	-16.99720516	5.28151600	8.82630611
1.75000000	-16.06055726	21.81434011	24.31414043	-14.33387391	-16.90845129	5.25799005	8.82994549
1.75833333	-16.05730620	21.82425302	24.15809133	-14.53701038	-16.79544277	5.35327102	8.85681553
1.76666667	-16.05560882	21.81973999	24.09103208	-14.69775517	-16.78420384	5.35066250	8.85306628
1.77500000	-15.94063741	21.68679209	23.84256288	-14.69571549	-16.72424497	5.01394461	8.91190297
1.78333333	-15.86138298	21.78883039	23.55923371	-15.14153434	-16.55130009	5.16069792	8.94584026
1.79166667	-15.70783668	21.68251064	23.23395110	-15.31905175	-16.40376160	4.82020925	8.89823022
1.80000000	-15.68327444	21.81014060	23.07056837	-15.86719963	-16.27655372	4.97428061	8.93562434
1.80833333	-15.62263420	21.95642338	22.85651154	-16.26751072	-16.19284669	4.57661719	8.95987597
1.81666667	-15.48765796	22.19030305	22.48913113	-17.01118879	-16.02981824	4.61244150	8.94609423
1.82500000	-15.39462425	22.40304631	22.28536372	-17.58512126	-16.04167184	4.19005406	9.13621658
1.83333333	-15.30629985	22.72382876	22.03472628	-18.53050467	-15.92764967	4.37796844	9.21031556
1.84166667	-15.35937316	23.17063526	21.94511014	-19.32067466	-15.84696024	3.94140424	9.26286366
1.85000000	-15.24152504	23.60098112	21.58946932	-20.42354960	-15.68244565	4.06629035	9.36868558
1.85833333	-15.04672183	23.92859319	21.20078344	-21.34244949	-15.57575524	3.38576516	9.41471628
1.86666667	-14.89003968	24.40505440	20.83358371	-22.58615680	-15.44359743	3.43227866	9.53757726
1.87500000	-14.60990778	24.63248302	20.31856487	-23.53457495	-15.29129729	2.55833483	9.59855223
1.88333333	-14.42080645	25.04575084	19.91429519	-24.78169213	-15.12683646	2.38335775	9.71782327
1.89166667	-14.42588661	25.63368905	19.81372344	-25.91254248	-15.08555748	1.42684973	9.81817226
1.90000000	-14.20087265	26.13756905	19.39381339	-27.27372924	-14.93142355	1.06021667	9.89248371
1.90833333	-13.74907662	26.30984262	18.79217597	-28.33904992	-14.88401923	-0.40839445	9.98899114
1.91666667	-13.36343647	26.60402572	18.22465505	-29.56068544	-14.74493365	-1.41980613	10.07859646
1.92500000	-13.09833941	27.03982070	17.83923078	-30.90895921	-14.66595904	-1.71498659	10.07564098
1.93333333	-12.75778424	27.48889604	17.28104471	-32.31832929	-14.46568871	-3.01986449	10.12147697
1.94166667	-12.48707963	27.95780064	16.88417099	-33.68669759	-14.36353419	-3.41048646	10.11640847
1.95000000	-12.08346157	28.23438804	16.33306843	-34.81024192	-14.25918619	-5.88506930	10.15158580
1.95833333	-11.76769897	28.77696990	15.99030712	-36.23489074	-14.27617575	-6.19847936	10.15967269
1.96666667	-11.21636241	28.95604202	15.26894920	-37.30595194	-14.22858335	-8.39516857	10.32301646
1.97500000	-10.95345863	29.51444888	14.85143102	-38.61758814	-14.13659861	-8.66731879	10.33555253
1.98333333	-10.70949241	30.09450215	14.44379179	-39.90957089	-14.03235459	-9.04427481	10.36979304
1.99166667	-10.36268006	30.38968849	13.96489393	-40.84954391	-14.02264870	-11.34373309	10.49949087
2.00000000	-10.10429117	30.95348225	13.59184014	-42.01164691	-13.98881961	-11.51946930	10.50641153
2.00833333	-9.87182930	31.54710573	13.24181071	-43.12776951	-13.95154456	-11.78473910	10.56060368
2.01666667	-9.27817798	31.53659584	12.47581569	-43.81809058	-13.92141159	-14.04942341	10.73330044
2.02500000	-9.10370599	32.02803216	12.15688590	-44.64058718	-13.85724713	-14.11392192	10.77824705
2.03333333	-8.95963826	32.51701283	11.95048616	-45.38408741	-13.90157029	-14.48679592	11.00251647
2.04166667	-8.81992698	32.99537233	11.66108911	-45.94705573	-13.82773664	-14.59870984	11.07010635
2.05000000	-8.66076997	33.39956455	11.36984000	-46.38329368	-13.80483481	-14.63604633	11.11140901
2.05833333	-8.48835195	33.65744782	11.11817217	-46.60327382	-13.84399344	-14.90925390	11.45883806
2.06666667	-8.41169676	34.04586783	10.87035664	-46.74483428	-13.76766692	-14.94762505	11.50245447
2.07500000	-8.33638082	34.43930195	10.61056130	-46.77366975	-13.67137703	-14.96064685	11.66879900
2.08333333	-7.75179163	34.07189376	9.84328109	-46.41609626	-13.74119678	-15.64691181	12.16020831
2.09166667	-7.73440475	34.34560964	9.65154470	-46.13194105	-13.66616724	-15.47942529	12.47860141
2.10000000	-7.71715486	34.65001978	9.45403302	-45.77510856	-13.59809907	-15.39749452	12.62097336
2.10833333	-7.70254028	34.93952564	9.26015970	-45.33169369	-13.57018662	-15.32958993	12.73184054
2.11666667	-7.19494344	34.47955145	8.49156961	-44.62710004	-13.45200010	-14.40397100	13.39925512
2.12500000	-7.04209096	34.38759258	8.09704415	-43.84682225	-13.36264222	-13.67883810	13.55403550
2.13333333	-7.07968868	34.65354657	7.94008064	-43.14470436	-13.35797029	-13.62479094	13.60401739
2.14166667	-6.51205089	34.06897870	6.95452888	-42.23083159	-13.10375347	-12.31666373	13.79447907
2.15000000	-6.61763768	34.23339097	6.80635125	-41.26426372	-13.00304739	-12.26150000	13.89903836
2.15833333	-6.70896735	34.45727985	6.68944255	-40.32812936	-12.96710480	-12.22042688	13.98807419
2.16666667	-6.24614989	33.95233071	5.83438847	-39.23234564	-12.76706940	-11.00947587	14.24039257
2.17500000	-6.35586212	34.04177101	5.72086307	-38.07296856	-12.72043140	-11.06144729	14.37843100
2.18333333	-6.27381910	33.93893432	5.38943807	-36.96376400	-12.59647268	-10.24495065	14.57994418
2.19166667	-6.36416080	34.05651997	5.26012801	-35.74818313	-12.58822246	-10.38036449	14.74037587
2.20000000	-6.10668402	33.66710799	4.71334154	-34.42371113	-12.48834103	-10.09176771	14.96094687
2.20833333	-6.23493303	33.69011908	4.61550738	-33.10766483	-12.47373276	-10.21523418	15.06511741
2.21666667	-5.83484468	33.13793479	3.87133168	-31.76577304	-12.35640675	-9.58662969	15.25705541
2.22500000	-5.95818998	33.13976268	3.82144356	-30.43446563	-12.42669089	-9.73393560	15.39579308
2.23333333	-5.79252738	32.76966433	3.40493515	-29.12744504	-12.38521343	-8.96577084	15.60720900
2.24166667	-5.91090358	32.78634622	3.32655995	-27.82841851	-12.44414692	-9.10498546	15.73920716
2.25000000	-5.79736303	32.55244681	2.93922264	-26.67335666	-12.40385074	-8.39542739	15.94158341
2.25833333	-5.93749498	32.58367387	2.87168261	-25.42826331	-12.45789412	-8.62832285	16.13160308
2.26666667	-5.81744407	32.41251329	2.49715041	-24.39225525	-12.46842695	-7.99959821	16.28333962
2.27500000	-5.94360620	32.37737715	2.44936484	-23.27271247	-12.54172291	-7.85214756	16.45480292
2.28333333	-6.03903562	32.35396917	2.32067938	-22.09535202	-12.59379960	-8.25424050	16.62357083
2.29166667	-5.91632237	32.09553043	1.95871351	-21.11771188	-12.60128161	-8.00860731	16.84167590
2.30000000	-6.05798763	32.11617002	1.90943995	-20.14831285	-12.68701749	-8.04406246	17.02751366
2.30833333	-6.14754834	32.12370629	1.75394182	-19.15355388	-12.71927430	-8.52401536	17.20502325
2.31666667	-6.11025421	31.94316965	1.53708363	-18.38212889	-12.79682373	-8.12031154	17.40792880
2.32500000	-6.24563414	32.05888539	1.39346714	-17.66995598	-12.80924872	-8.19743481	17.57532682
2.33333333	-6.38754942	32.10560380	1.35610534	-16.97000065	-12.91054447	-8.26789914	17.75870103
2.34166667	-6.49492079	32.15639397	1.26973682	-16.26301415	-13.03273036	-8.64145630	17.90141579
2.35000000	-6.67312437	32.16099149	1.33751118	-15.63090054	-13.23491821	-8.62213562	18.13108697
2.35833333	-6.78803533	32.14983613	1.25431128	-14.95823808	-13.33956024	-8.73476611	18.17835790
2.36666667	-6.89639709	32.24955724	1.19029219	-14.72275970	-13.50069629	-8.07933464	18.30086395
2.37500000	-7.03364547	32.23522339	1.10707220	-14.16869826	-13.56883196	-8.07258681	18.30996494
2.38333333	-7.24695776	32.29953477	1.16319051	-13.86383091	-13.69000882	-7.39392554	18.36871645
2.39166667	-7.35807595	32.19959835	1.11872172	-13.36740185	-13.84180263	-7.31110893	18.36395452
2.40000000	-7.49913857	32.10439628	1.04688956	-12.94407062	-13.90111600	-7.15124690	18.38402674
2.40833333	-7.64278251	32.04051659	1.02787193	-12.61233100	-14.06728505	-6.98236921	18.40995650
2.41666667	-7.74686377	31.98909414	0.95946329	-12.51525079	-14.21646219	-6.94207658	18.42342848
2.42500000	-7.92695577	31.94495548	0.97440197	-12.30455740	-14.44665770	-6.96096913	18.46189270
2.43333333	-8.28666017	32.20708968	1.20863821	-12.49848774	-14.69898076	-6.93971902	18.51386433
2.44166667	-8.34711029	32.12175442	1.07986278	-12.63947188	-14.90077716	-7.16202976	18.46491814
2.45000000	-8.44432669	31.96829608	1.06123239	-12.64396014	-15.15016626	-8.13190548	18.33580137
2.45833333	-8.53337412	31.95187714	0.94600785	-12.92751856	-15.34573254	-8.50155260	18.22921131
2.46666667	-8.95600962	32.11192725	1.30757687	-12.81430572	-15.57483562	-9.79270064	17.93338744
2.47500000	-9.01548383	32.05209437	1.17457560	-13.07037363	-15.79028212	-9.91973148	17.85386792
2.48333333	-9.09641600	31.94764591	1.23516441	-13.13594507	-16.15978722	-10.85108965	17.41888167
2.49166667	-9.14946132	31.89777260	1.17865474	-13.35271643	-16.51369466	-10.97391837	17.25060240
2.50000000	-9.67079980	32.23526452	1.80590673	-13.25708468	-16.98669154	-11.73773755	16.69398506
2.50833333	-9.71001560	32.17683278	1.80490067	-13.47994394	-17.47921633	-11.76485700	16.38045894
2.51666667	-9.88400181	32.12796826	2.04245875	-13.44904588	-18.02824991	-11.85063464	15.72783446
2.52500000	-9.94646813	32.06654275	2.12012109	-13.65902256	-18.67016749	-11.64274710	15.13814195
2.53333333	-10.01728446	31.99155754	2.30519762	-13.88368121	-19.39964784	-11.38903592	14.46037164
2.54166667	-10.26801158	32.16260396	2.66697927	-14.22704013	-20.10595072	-11.23664467	13.63288456
2.55000000	-10.22946635	32.00304131	2.87136657	-14.56455835	-21.13693151	-10.83501650	12.95894690
2.55833333	-10.28491884	31.95144138	3.21200472	-14.94446909	-22.18094223	-10.33240612	12.04677962
2.56666667	-10.55499067	32.18444824	3.85451967	-15.39541022	-23.27622626	-10.07563836	10.92864019
2.57500000	-10.37597857	31.86370174	4.13401203	-15.77847324	-24.63284731	-9.80560776	10.28959727
2.58333333	-10.25251067	31.51439043	4.58627727	-15.98825436	-26.14364574	-9.21494858	9.20156961
2.59166667	-10.57013670	31.71206238	5.50503863	-16.30093739	-27.57237061	-8.85939941	7.51030537
2.60000000	-10.58782221	31.55000291	6.26327515	-16.58193956	-29.29965177	-8.39185594	6.19482447
2.60833333	-10.40283996	31.25857917	6.85268559	-16.85882124	-31.14253488	-7.97182610	4.79994133
2.61666667	-11.14270637	31.87821741	8.76643926	-17.21587814	-33.22329513	-7.59967876	3.06681873
2.62500000	-10.99381600	31.41334553	9.63315358	-17.26255792	-35.26005743	-7.09190460	1.51675674
2.63333333	-11.52899308	31.85288139	11.45644283	-17.54011684	-37.51982966	-6.76316370	-0.40117334
2.64166667	-11.38762377	31.39512076	12.47939855	-17.55741405	-39.69591052	-6.31241608	-2.06880172
2.65000000	-12.06844644	31.95385504	14.63490538	-17.81344784	-42.10470291	-5.97090167	-4.02493252
2.65833333	-12.32872154	32.04686699	16.34732182	-17.99159290	-44.51305530	-5.61498872	-5.85010212
2.66666667	-12.26884776	31.69967493	17.69159596	-18.03743658	-46.88027122	-5.23599190	-7.38970852
2.67500000	-12.24654365	31.37868416	19.14422437	-18.04377813	-49.28118555	-4.72729892	-8.97377777
2.68333333	-12.83528415	31.92251542	21.39234386	-18.36579962	-51.80533741	-4.32337561	-10.61093674
2.69166667	-13.04026059	31.96631845	23.19806148	-18.56490426	-54.24437045	-3.80854959	-11.91975587
2.70000000	-12.77236434	31.43333979	24.37622085	-18.64329876	-56.54057858	-3.38484856	-12.55616091
2.70833333	-13.32552802	31.91247152	26.68216062	-18.92099351	-59.00288899	-2.83815945	-13.65998343
2.71666667	-13.11884397	31.45631025	27.98642244	-18.98348350	-61.26260335	-2.38082820	-13.79188132
2.72500000	-12.87542738	30.98892893	29.29898711	-19.07991280	-63.47761475	-2.03190613	-13.57487561
2.73333333	-13.14622469	31.16960675	31.33920379	-19.36257044	-65.80558370	-1.66626698	-13.23124972
2.74166667	-12.77930280	30.55884345	32.47536391	-19.43575223	-67.81932355	-1.48540993	-12.76948120
2.75000000	-12.66680670	30.31365858	33.90062854	-19.65861455	-69.89111710	-0.92356447	-11.37834840
2.75833333	-12.69970650	30.18335515	35.63593962	-19.85597033	-71.95302552	-0.56552397	-10.09824955
2.76666667	-12.33254179	29.62027168	36.80591327	-19.99073152	-73.80447966	-0.29551272	-9.02182326
2.77500000	-12.10906353	29.18437536	38.15524194	-20.07221352	-75.68282667	0.04240152	-7.32217140
2.78333333	-11.76941765	28.61289690	39.36904603	-20.16166448	-77.40113416	0.32120370	-6.13494663
2.79166667	-11.59832843	28.30743736	40.84351054	-20.36140327	-79.19247538	0.75045924	-4.20294486
2.80000000	-11.21628351	27.54244916	42.00414271	-20.23976702	-80.74375597	1.00409610	-2.80004635
2.80833333	-10.78969691	26.74017524	43.13736334	-20.12411048	-82.26255116	1.26583207	-0.91920833
2.81666667	-10.20928748	25.81068838	44.06416491	-20.04739960	-83.76394344	1.59420038	1.70775997
2.82500000	-9.70677601	24.90224580	45.09732722	-19.88202254	-85.14160123	1.85169476	3.99969450
2.83333333	-9.12343169	23.87568768	46.05681067	-19.70124576	-86.44271909	2.19018551	6.48629959
2.84166667	-8.68128403	23.05042745	47.06800657	-19.51468889	-87.56746102	2.40063052	8.50744056
2.85000000	-8.38973683	22.31604442	48.33671604	-19.25253217	-88.65516850	2.56040693	10.27143062
2.85833333	-7.89432335	21.42872797	49.26943752	-19.05777086	-89.65101771	2.84281905	12.49778414
2.86666667	-7.61018914	20.65629781	50.46901972	-18.74324171	-90.50214067	2.95636358	13.95767897
2.87500000	-7.26896315	19.92554743	51.53226709	-18.52666179	-91.27126891	3.09527398	15.48527993
2.88333333	-6.92751199	19.20815414	52.57636498	-18.32328261	-91.93199586	3.22029154	16.80756625
2.89166667	-6.23333245	17.89823517	53.14101909	-17.87378433	-92.49657006	3.43020907	18.46328429
2.90000000	-5.99327853	17.28754132	54.23211797	-17.64385402	-92.96223935	3.55659415	19.46738455
2.90833333	-5.74907878	16.57432808	55.27867753	-17.28831373	-93.31767557	3.67230607	20.32266392
2.91666667	-5.38714254	15.78261457	56.09016149	-17.00022176	-93.56956540	3.88803797	21.51150165
2.92500000	-4.85847623	14.81157445	56.73046436	-16.74661126	-93.73850253	4.19625694	22.51611383
2.93333333	-4.74323652	14.26025957	57.77421001	-16.41161404	-93.79084277	4.33841026	23.21680673
2.94166667	-4.59963313	13.72177152	58.75551852	-16.11766503	-93.75796565	4.46756087	23.92019671
2.95000000	-4.42932987	13.10547183	59.65000063	-15.79915885	-93.62091847	4.64109779	24.65895817
2.95833333	-4.36716282	12.62367788	60.62844325	-15.47128812	-93.41674127	4.70203928	24.88045337
2.96666667	-4.35696296	12.23686977	61.51950945	-15.18081700	-93.06152052	4.76870217	25.64936833
2.97500000	-4.21050611	11.75637005	62.26146293	-15.13600541	-92.67392051	5.12781715	26.39647053
2.98333333	-4.13484178	11.38787623	63.01975081	-14.89149817	-92.17946499	5.14066875	26.59737789
2.99166667	-4.06674948	10.95865401	63.80670117	-14.65797573	-91.64675389	5.19342737	26.68139331
3.00000000	-3.83812506	10.38786851	64.24343022	-14.45755368	-91.00155021	5.35647118	27.23113532
3.00833333	-3.83583866	10.11264155	64.90084797	-14.31293708	-90.28183773	5.43833133	27.36801352
3.01666667	-3.81922995	9.68995062	65.53596269	-14.03981382	-89.49414148	5.53597119	27.40962163
3.02500000	-3.77633021	9.36277859	66.09189656	-13.93003998	-88.65118038	5.60516780	27.42262326
3.03333333	-3.57163631	8.79996785	66.26053826	-13.73150373	-87.68686886	5.99025381	27.60576798
3.04166667	-3.52446614	8.52403305	66.61026450	-13.65000552	-86.68275765	6.23355166	27.38959035
3.05000000	-3.53215391	8.09690901	66.99586156	-13.35963742	-85.64887815	6.41088221	27.16445433
3.05833333	-3.54344413	7.83753608	67.32964560	-13.28295953	-84.60254544	6.49245871	27.08610140
3.06666667	-3.54248448	7.45123149	67.51571272	-13.01526344	-83.44903930	6.71522781	26.33510705
3.07500000	-3.43124911	7.14801646	67.51677976	-13.02089196	-82.28479329	6.91479269	25.74381241
3.08333333	-3.35300903	6.78927718	67.51010015	-12.91927473	-81.10217391	7.07492581	25.10790342
3.09166667	-3.09605586	6.31927871	67.17909075	-12.98062535	-79.86714034	7.38914505	24.36056176
3.10000000	-3.20040380	6.06644384	67.27271838	-12.82116129	-78.72016643	7.52920090	23.26919313
3.10833333	-3.28505407	5.90746812	67.26184075	-12.78158718	-77.57859413	7.72387667	21.93881919
3.11666667	-3.32851893	5.69447673	67.20036918	-12.76228162	-76.48037075	7.97002605	20.41652296
3.12500000	-3.38179852	5.44145380	67.06348115	-12.68247542	-75.39852829	8.17150756	18.84420227
3.13333333	-3.42375655	5.23473250	66.87860261	-12.68130952	-74.38578661	8.37653021	17.13790008
3.14166667	-3.49920889	4.85729517	66.74231076	-12.51528651	-73.47964786	8.58452381	15.50404553
3.15000000	-3.56122982	4.68551720	66.49500134	-12.54275648	-72.63279640	8.70436465	13.91591950
3.15833333	-3.65799452	4.47677514	66.28728767	-12.51511695	-71.90395931	8.88084425	12.40853861
3.16666667	-3.68864357	4.32665603	65.92468726	-12.63375356	-71.13922492	9.08807287	10.93786861
3.17500000	-3.85102660	4.13228173	65.70397241	-12.57319032	-70.56913769	9.23264286	9.82490300
3.18333333	-3.98708253	3.97338930	65.45683903	-12.59627037	-70.09482938	9.37628253	8.69412822
3.19166667	-4.18342157	3.85138647	65.22441186	-12.59225733	-69.67733213	9.49775129	7.77663014
3.20000000	-4.35866923	3.77561391	64.94161923	-12.66499474	-69.31519520	9.59822495	7.13280999
3.20833333	-4.54003796	3.75243232	64.62336067	-12.76271294	-69.00592566	9.73226652	6.69282147
3.21666667	-4.76147678	3.69282551	64.34206801	-12.80731254	-68.80101244	9.75544163	6.70479122
3.22500000	-4.99282677	3.65560129	64.04787809	-12.84333670	-68.60917938	9.77877413	6.81185349
3.23333333	-5.45361347	3.82452339	63.95643515	-12.90262544	-68.48646334	9.83275633	8.39879770
3.24166667	-5.66331438	3.86550924	63.56915137	-13.02181993	-68.36185540	9.72112047	9.53346093
3.25000000	-5.98190835	3.82406053	63.34753122	-12.96521270	-68.32513228	9.58986312	10.73084392
3.25833333	-6.27745442	3.91215512	63.14437607	-13.02717641	-68.33855244	9.32438862	11.81300258
3.26666667	-6.61100066	3.86415905	63.04731908	-12.92346096	-68.38602609	8.98717455	12.65190868
3.27500000	-6.88001627	3.91682272	62.93631461	-12.97701700	-68.43796848	8.49845707	13.28472021
3.28333333	-7.17910147	3.91818494	62.92493530	-12.94137861	-68.50705651	7.95376180	13.64922622
3.29166667	-7.48469471	3.92070031	62.97201915	-12.89941327	-68.57895382	7.19987161	13.78930984
3.30000000	-7.79577116	3.94964598	63.01314318	-12.89331687	-68.59037291	6.46383958	13.80451029
3.30833333	-8.09063218	3.98219555	62.99496445	-12.92865480	-68.53887904	5.70203984	13.87157307
3.31666667	-8.43826903	4.12331336	62.90565138	-12.98844637	-68.31377002	4.49575250	13.93107408
3.32500000	-8.78658265	4.26129556	62.74677729	-13.07961226	-68.02462236	3.41751079	14.02270998
3.33333333	-9.12356960	4.37831619	62.47026716	-13.17392992	-67.62106543	2.18228084	14.27565550
3.34166667	-9.64332829	4.77876997	62.36132774	-13.34415532	-67.15317289	0.85955681	14.35093122
3.35000000	-9.88983667	4.95015106	61.83898233	-13.62167050	-66.60651989	-0.60018591	14.76536774
3.35833333	-10.16901334	5.33254561	61.34886985	-14.07977642	-66.02809414	-2.17956883	15.08692554
3.36666667	-10.51719383	5.67473354	60.93096027	-14.29100718	-65.44057914	-4.02710704	15.25618677
3.37500000	-10.73078578	6.16075630	60.38616475	-15.06191086	-64.86702091	-5.43591457	15.54984837
3.38333333	-10.98500555	6.63347227	59.84321480	-15.66631794	-64.25526776	-7.57987946	15.80962754
3.39166667	-11.33226745	7.31151174	59.48923037	-16.24587244	-63.75069933	-9.60455054	15.89922274
3.40000000	-11.44565318	7.88932520	58.81298264	-17.23265640	-63.13292328	-11.27826125	16.12559886
3.40833333	-11.50101895	8.55799271	58.08954408	-18.30733121	-62.52578095	-13.04410728	16.26611472
3.41666667	-11.87743475	9.46728942	57.72513355	-19.23226839	-61.93693782	-14.85874595	16.33276469
3.42500000	-11.92747154	10.33215531	56.93865491	-20.62695807	-61.18963412	-16.34902570	16.44956334
3.43333333	-11.90598779	11.12680600	56.09364854	-22.11250591	-60.45010129	-17.35292325	16.51324556
3.44166667	-12.25262509	12.48324319	55.63673102	-23.63403011	-59.61857924	-19.57112342	16.42522358
3.45000000	-12.32190389	13.59539625	54.85933821	-25.36160926	-58.77037189	-21.12433930	16.45070672
3.45833333	-12.21580291	14.57832282	53.97247489	-27.30683779	-57.93940157	-22.56233205	16.40984077
3.46666667	-12.18132614	15.87589104	53.10541436	-29.49795883	-57.05843415	-23.92441934	16.37298694
3.47500000	-12.05761928	17.14159933	52.14566006	-31.82562994	-56.24712939	-24.98193633	16.39619238
3.48333333	-12.04584843	18.55337305	51.25292214	-34.23444112	-55.30780143	-26.23904695	16.37295055
3.49166667	-12.01304844	19.95171021	50.50013103	-36.67276157	-54.60094447	-27.59710407	16.31397119
3.50000000	-11.78215916	21.36871234	49.47789169	-39.50917412	-53.75054637	-28.14135745	16.25783427
3.50833333	-11.53895721	22.65174503	48.44427399	-42.30744448	-52.96185832	-28.17291946	16.24232566
3.51666667	-11.21712925	23.99782328	47.30705764	-45.30144335	-52.12504809	-27.83039050	16.20884057
3.52500000	-11.25417111	25.81201398	46.57513571	-48.38825490	-51.29551045	-27.77202870	16.15697132
3.53333333	-10.99792011	27.28945574	45.59952625	-51.47849755	-50.54874273	-26.95450979	16.11349085
3.54166667	-10.66937936	28.70645092	44.44331213	-54.64403872	-49.65506705	-25.20835019	16.03530184
3.55000000	-10.44471052	30.27572195	43.48201952	-57.85630631	-48.84310384	-23.41841595	15.94147526
3.55833333	-10.12736711	31.81505667	42.41849700	-61.04731619	-48.02555094	-21.44741157	15.81914418
3.56666667	-10.31356565	33.85042284	41.97939880	-64.16685728	-47.32270558	-20.49344128	15.73645893
3.57500000	-9.97960981	35.37925859	40.87844594	-67.21820714	-46.49671077	-18.18672807	15.61368211
3.58333333	-9.90416944	37.29429841	40.08079909	-70.35083380	-45.66755339	-16.34761810	15.49177350
3.59166667	-9.64190336	38.78068960	39.13944928	-73.16520254	-44.94198606	-14.11692696	15.37207242
3.60000000	-9.46366078	40.39142787	38.24428027	-75.91504126	-44.17432939	-11.98857798	15.27816880
3.60833333	-9.24587922	42.04709158	37.33523569	-78.59553337	-43.40520390	-9.97717017	15.16976233
3.61666667	-9.03486774	43.62631887	36.39659016	-81.05238896	-42.60447804	-8.02677322	15.07617193
3.62500000	-8.98514583	45.30687076	35.63022849	-83.40561455	-41.84281017	-5.96697184	14.98384132
3.63333333	-8.83388911	46.85673425	34.76264073	-85.50934291	-41.03704756	-4.08662457	14.91155563
3.64166667	-8.62227520	48.34891792	33.85407545	-87.43342503	-40.25592860	-2.30597399	14.81751272
3.65000000	-8.33823023	49.73687880	32.86873126	-89.32083567	-39.50491310	1.03822716	14.76051349
3.65833333	-8.18888057	51.03002740	32.00063259	-90.79968202	-38.69769841	2.45039034	14.64665022
3.66666667	-8.00216969	52.39472329	31.00893178	-92.31826534	-37.78144118	5.39986713	14.53432908
3.67500000	-7.84721570	53.70490211	30.16064816	-93.53168005	-37.00295810	6.37240378	14.43249144
3.68333333	-7.60239988	54.76620451	29.20221060	-94.48764140	-36.20331465	7.64855182	14.24944093
3.69166667	-6.96832295	55.37051400	27.70115315	-95.37318059	-35.24705328	10.69914405	14.20358601
3.70000000	-6.99267357	56.79793914	26.96573960	-96.22632807	-34.33901594	12.53589637	14.03888722
3.70833333	-6.95286612	57.86214620	26.17443987	-96.61543076	-33.45198428	12.94160216	13.94239110
3.71666667	-6.59491557	58.58692943	25.12108046	-96.99430964	-32.67999905	15.42024499	13.82980607
3.72500000	-6.50531053	59.55296336	24.29166919	-97.09664375	-31.81185294	15.99449778	13.49110270
3.73333333	-6.38187391	60.33177728	23.36415931	-97.09097666	-30.87278544	17.48378381	13.48064847
3.74166667	-6.43047140	61.33165142	22.68790169	-96.93703531	-29.99300467	17.66950969	13.36798691
3.75000000	-6.40433141	62.10326714	21.94662822	-96.56517453	-29.13460085	18.33110611	12.87868792
3.75833333	-6.42110094	62.97313014	21.29404584	-96.13258512	-28.28960123	18.44436927	12.89349118
3.76666667	-6.18408467	63.28766663	20.23610361	-95.47467781	-27.30821446	19.35435708	12.52060857
3.77500000	-6.36010539	64.20835711	19.55781661	-94.86910608	-26.30912954	19.66082452	12.33418385
3.78333333	-6.50963936	64.86987321	18.94350850	-93.97031302	-25.36260550	19.71765018	12.26147143
3.79166667	-6.66405557	65.47553457	18.35134814	-92.96656806	-24.43610755	19.79173235	12.05060768
3.80000000	-6.39692352	65.48309662	17.33150131	-91.80930252	-23.66165736	20.45428693	11.76349098
3.80833333	-6.63453233	65.99898375	16.86398109	-90.62988588	-22.78044570	20.46005788	11.68255389
3.81666667	-6.85881186	66.42438701	16.42449335	-89.32150582	-21.97086263	20.43933593	11.39470026
3.82500000	-7.08091006	66.78133882	15.98646113	-87.99602469	-21.16541400	20.38364173	11.22083361
3.83333333	-6.96014139	66.61003196	15.29645346	-86.50538024	-20.63115106	20.67503719	10.93376104
3.84166667	-7.19365528	66.87010106	14.94055273	-85.13391236	-19.93629158	20.46298203	10.86547506
3.85000000	-7.35007605	66.86082641	14.60012600	-83.58177216	-19.35680361	19.97372617	10.41678320
3.85833333	-7.57420235	66.98044211	14.26942433	-82.20713686	-18.73880506	19.66434289	10.40064671
3.86666667	-7.82284425	66.97244242	14.09617359	-80.72475097	-18.25580116	18.96864954	10.02794355
3.87500000	-8.04083250	66.98656459	13.82521531	-79.38771653	-17.73647968	18.42937521	9.97147307
3.88333333	-8.23265139	66.94729440	13.60006436	-78.09103903	-17.35518632	17.67355933	9.81902677
3.89166667	-8.09570068	66.53386904	13.06493937	-76.84303854	-17.21416577	16.92592531	9.80053750
3.90000000	-8.26947084	66.43661734	12.81354212	-75.78661593	-16.83818844	16.32548750	9.77051984
3.90833333	-8.40422080	66.31100623	12.60992788	-74.81467163	-16.56613759	15.32021750	9.57672166
3.91666667	-8.51040252	66.11815052	12.36912848	-73.96235463	-16.37050513	14.70214640	9.51491037
3.92500000	-8.59616871	65.87765931	12.14309976	-73.20332602	-16.21590028	13.92830965	9.38216181
3.93333333	-8.38130395	65.26583982	11.63725431	-72.50027445	-16.21508279	13.17211799	9.23925577
3.94166667	-8.49565484	64.98070076	11.50522103	-71.93469197	-16.12677011	12.43514503	9.07344470
3.95000000	-8.59256872	64.71047615	11.35060776	-71.55058199	-16.08629230	11.85687307	8.94646348
3.95833333	-8.73141787	64.47338400	11.26504750	-71.27626050	-16.13320794	11.75816557	8.91482314
3.96666667	-8.75760872	64.05922088	11.03209733	-71.09328114	-16.05079120	11.26041407	8.46096406
3.97500000	-8.89172101	63.79607096	10.94748353	-71.04444845	-16.10803348	11.30091427	8.39965708
3.98333333	-8.98610655	63.39995271	10.82663549	-70.98903334	-16.05106365	11.70829420	7.85270489
3.99166667	-9.15624158	63.13180952	10.74127964	-70.98698065	-16.00699534	12.15852001	7.43138833
4.00000000	-9.36388262	62.92652682	10.67121491	-70.98053697	-15.92986621	12.67249623	6.82795739
4.00833333	-9.60192853	62.66075472	10.62366269	-70.81873919	-15.79301396	13.11319510	6.23205132
4.01666667	-9.88589208	62.46648688	10.63212862	-70.60396158	-15.67625381	13.49556723	5.37130646
4.02500000	-10.09912041	62.20683208	10.58574697	-70.31631016	-15.56396818	13.73147774	4.50782611
4.03333333	-10.30443802	61.90719828	10.47646654	-69.97411346	-15.35354499	13.83601779	3.37400416
4.04166667	-10.53058554	61.62177831	10.36832353	-69.60451408	-15.15568908	13.88801421	2.15392529
4.05000000	-10.72662851	61.21700848	10.28740980	-69.11199611	-14.99243551	13.92200188	0.86716682
4.05833333	-10.59009998	60.41659356	9.73251149	-68.58374839	-14.63924650	13.83123641	-0.64919356
4.06666667	-10.78999577	59.95459209	9.82874177	-68.03145798	-14.70526448	13.89534454	-2.04780615
4.07500000	-10.99510086	59.45829102	9.82077837	-67.41417926	-14.60989437	13.95031935	-3.92840359
4.08333333	-11.04811478	58.72805829	9.77603557	-66.70885304	-14.65293672	14.03328751	-5.80575369
4.09166667	-10.92693803	57.77134883	9.51082551	-66.01949083	-14.58849207	14.30325014	-7.76021185
4.10000000	-11.13900864	57.17823807	9.81599221	-65.25437092	-14.91639880	14.35025126	-9.81550246
4.10833333	-11.21018732	56.41569610	10.12548685	-64.44234398	-15.39405423	14.37475544	-11.89198383
4.11666667	-11.26319461	55.63441395	10.51032115	-63.62109240	-15.97143821	14.41507454	-13.97797958
4.12500000	-11.25894000	54.81211108	10.96163573	-62.80752745	-16.76556944	14.41096249	-15.83325847
4.13333333	-11.37991457	54.12394206	11.57612656	-62.03265970	-17.48900545	14.48769468	-17.47370551
4.14166667	-11.33173683	53.20462257	12.24006307	-61.11700300	-18.72860620	14.44771621	-18.84781444
4.15000000	-11.31920238	52.35556754	13.04795520	-60.19675517	-20.21241468	14.39118114	-19.86836943
4.15833333	-11.23119247	51.44676149	13.91204154	-59.33435329	-22.00269177	14.32080304	-20.47395595
4.16666667	-11.23120374	50.66710748	14.91923220	-58.49706139	-23.89719415	14.27634405	-21.08776358
4.17500000	-11.01138495	49.67157654	15.91543126	-57.57112823	-26.41199697	14.16003952	-21.03516532
4.18333333	-10.98910780	48.82724973	17.39344172	-56.66988278	-29.26268738	14.13024796	-20.92394582
4.19166667	-10.97211467	48.11871184	18.63106359	-55.88182565	-32.05380513	14.01360939	-21.31594957
4.20000000	-10.78038504	47.07566491	20.00323838	-54.89915112	-35.31779275	13.94843683	-20.91659806
4.20833333	-10.82480539	46.47001748	21.63400809	-54.13272641	-38.65737162	13.83236624	-21.06716219
4.21666667	-10.56361338	45.46477163	23.00269040	-53.23039330	-42.20389429	13.71191167	-20.48329245
4.22500000	-10.72752224	45.02394305	24.92645991	-52.48885269	-45.77765715	13.58661762	-20.92224251
4.23333333	-10.39902957	43.93367111	26.28334541	-51.57308318	-49.37258393	13.45277825	-20.39975952
4.24166667	-10.64264385	43.57125917	28.36019357	-50.81986609	-52.99735187	13.37938607	-21.07478352
4.25000000	-10.39367484	42.68066092	29.77944398	-50.07284199	-56.55863584	13.25440178	-20.62379612
4.25833333	-10.58669729	42.35516306	31.82363974	-49.40693064	-60.16171235	13.19031244	-21.05369938
4.26666667	-10.35207559	41.43525625	33.35056989	-48.59671085	-63.67039495	13.08833560	-20.43033826
4.27500000	-10.66945968	41.27326015	35.53002465	-48.02773626	-67.21158737	13.09781229	-19.82591823
4.28333333	-10.47243391	40.48542501	36.94522311	-47.35585006	-70.45337614	12.99065082	-18.66980518
4.29166667	-10.27306253	39.71164551	38.44980985	-46.69246852	-73.68564198	12.89229886	-17.39580510
4.30000000	-10.75612414	39.68889784	40.88889067	-46.08897182	-77.09627812	13.05989224	-14.59601910
4.30833333	-10.57362027	38.97612867	42.35097694	-45.48900269	-80.03655401	12.94954780	-12.55575198
4.31666667	-10.85261917	38.76480776	44.51382426	-44.93223235	-83.17455348	13.07306190	-9.24896397
4.32500000	-10.54264579	37.82485657	45.70728933	-44.19735963	-85.73663620	12.89623832	-6.86627203
4.33333333	-10.33900447	36.96506599	47.15028571	-43.46282903	-88.38097757	12.96496321	-3.01856951
4.34166667	-10.10670648	36.14575719	48.40951365	-42.81423537	-90.63346859	12.83947804	-0.57757979
4.35000000	-10.00874156	35.52745006	49.75024725	-42.23517143	-92.85633536	12.96904678	3.28510098
4.35833333	-9.69635193	34.54567956	50.88842624	-41.45057320	-94.82220786	12.85804275	6.27024652
4.36666667	-9.24178084	33.32722127	51.77718509	-40.56546124	-96.48999799	12.78394452	8.95303714
4.37500000	-9.09046698	32.59820127	52.96987780	-39.87917768	-97.95745671	12.63791329	11.01271959
4.38333333	-8.85910092	31.76149087	54.05044178	-39.16714762	-99.33808289	12.65063083	13.56715722
4.39166667	-8.57905288	30.82635333	54.97067337	-38.38445689	-100.39014589	12.56815895	15.62245966
4.40000000	-8.40484862	29.95596191	56.01234419	-37.52499759	-101.27234760	12.36824513	17.14237787
4.40833333	-8.07083743	28.94546049	56.83592086	-36.71624384	-102.05167350	12.31850089	19.14313724
4.41666667	-7.95110402	28.24302820	57.74364518	-35.97026029	-102.51835703	12.09344113	20.42623713
4.42500000	-7.97083788	27.58150849	58.72465752	-35.11393782	-102.77924445	12.01482131	21.09837628
4.43333333	-7.79395573	26.75109283	59.57520107	-34.39061074	-103.10180380	12.02480926	23.12245894
4.44166667	-7.43593303	25.79491373	60.16788773	-33.69048383	-103.10004867	11.94195763	24.11951867
4.45000000	-7.07027965	24.76638961	60.71150304	-32.85629941	-102.97012826	11.74905330	24.89147560
4.45833333	-7.04159534	24.13684421	61.53079517	-32.09410465	-102.63964284	11.56683801	25.29121239
4.46666667	-6.80485576	23.26371387	62.05931710	-31.37977865	-102.21201124	11.56060011	26.14159401
4.47500000	-6.73844502	22.60529991	62.70513141	-30.66387193	-101.61436366	11.34072262	26.60919374
4.48333333	-6.78789484	22.07533538	63.50152208	-29.93288732	-100.97631964	11.29713963	26.77566540
4.49166667	-6.84942958	21.56725397	64.17781901	-29.19856970	-100.15478498	11.11252756	27.06604446
4.50000000	-6.89294816	21.00226402	64.77395759	-28.54703323	-99.27735622	10.89731871	27.73359413
4.50833333	-6.94148209	20.49879618	65.29278738	-27.83526231	-98.23955887	10.81999710	27.87226729
4.51666667	-7.01965566	20.16547436	65.86499427	-27.35971535	-97.19978361	10.82587447	27.94767947
4.52500000	-7.02509390	19.67078849	66.08354786	-26.74511820	-95.92831209	10.60139632	28.22504116
4.53333333	-7.17905428	19.25043191	66.54797840	-26.06317281	-94.69488749	10.56441520	28.23302536
4.54166667	-7.34472802	18.87221822	66.94655443	-25.46448372	-93.37963362	10.36886524	28.17050646
4.55000000	-7.49249538	18.57607726	67.22811598	-24.94146141	-92.01220054	10.29293844	28.07689501
4.55833333	-7.66232122	18.33000348	67.46162927	-24.46990906	-90.59389528	10.21695098	27.92848936
4.56666667	-7.82778336	18.06178670	67.69670862	-23.99450506	-89.23252789	10.21298101	27.79867213
4.57500000	-7.98136427	17.81415666	67.82965803	-23.75448708	-87.77873931	10.47051715	27.41047328
4.58333333	-8.12784474	17.64021987	67.97530033	-23.45655374	-86.45292998	10.48093817	27.31205253
4.59166667	-8.19206460	17.39713004	67.83399465	-23.03222629	-85.00853808	10.24258966	26.50930753
4.60000000	-8.33636156	17.10361969	67.84077571	-22.58124107	-83.71028796	10.26878153	26.15794807
4.60833333	-8.44904926	16.83551332	67.75593557	-22.21213915	-82.44668243	10.26303966	25.55669899
4.61666667	-8.54804783	16.57945334	67.62631592	-21.89500741	-81.24442626	10.26500658	24.84089108
4.62500000	-8.53941793	16.24227721	67.35183930	-21.66558623	-80.08258866	10.26034853	23.59244259
4.63333333	-8.67993018	15.91777039	67.19814710	-21.25828643	-79.04402754	10.30753955	22.78992629
4.64166667	-8.78867553	15.61006375	66.98622652	-20.93302208	-78.05493677	10.31584208	21.53958694
4.65000000	-8.92705592	15.35766954	66.76685126	-20.65807890	-77.11487297	10.33212137	20.24700809
4.65833333	-8.99361415	15.17774693	66.44426455	-20.59407125	-76.16908985	10.34657765	18.45678843
4.66666667	-9.14942918	14.90467593	66.16634609	-20.27135009	-75.40679426	10.33371585	17.59857701
4.67500000	-9.32200992	14.67367798	65.88422159	-20.00991287	-74.75761284	10.32199706	17.11164083
4.68333333	-9.51835529	14.45528920	65.60258807	-19.74773475	-74.25202209	10.27335992	16.87058433
4.69166667	-9.72101820	14.29754238	65.30116993	-19.53265112	-73.88210159	10.21384677	17.02793542
4.70000000	-9.91468600	14.16099012	64.96248842	-19.33646701	-73.64536738	10.10447175	17.60999659
4.70833333	-10.14109066	14.02463172	64.65057260	-19.11219409	-73.53293007	9.96506418	18.43337924
4.71666667	-10.38390355	13.85956917	64.35550246	-18.85862147	-73.47237493	9.74214029	19.35620950
4.72500000	-10.64051620	13.77075244	64.08356162	-18.68375174	-73.40019080	9.40588005	20.32020522
4.73333333	-10.90695839	13.69786973	63.85829685	-18.47163978	-73.29840718	9.08272465	20.98353039
4.74166667	-11.16788448	13.63371785	63.64633403	-18.31238602	-73.11003670	8.61430453	21.53662041
4.75000000	-11.40479307	13.54653723	63.43697682	-18.11037482	-72.86904915	8.07842561	21.89173857
4.75833333	-11.64018513	13.43971427	63.24608725	-17.90703695	-72.58533569	7.40546500	22.09748130
4.76666667	-11.88874438	13.30364075	63.10730122	-17.68488853	-72.28535494	6.51680573	22.04725932
4.77500000	-12.05362906	13.13605862	62.81136742	-17.48109101	-71.89853808	5.60978326	22.06536541
4.78333333	-12.19562619	13.04299069	62.46531416	-17.38497826	-71.50036513	4.66360014	22.07420962
4.79166667	-12.15053211	12.61833052	61.84033923	-17.16490603	-70.98693294	3.46791639	21.90872982
4.80000000	-12.36184610	12.60023251	61.47800166	-17.10077816	-70.50524716	2.20957401	21.97725288
4.80833333	-12.64947733	12.51277944	61.11399210	-16.91116070	-69.90801091	0.82399251	22.09066868
4.81666667	-12.95565278	12.40291780	60.74258544	-16.80081147	-69.28422223	-0.68109616	22.08606042
4.82500000	-13.10206568	12.61621250	60.15286366	-17.04007564	-68.58219525	-2.16243941	22.15283257
4.83333333	-13.22664469	12.96242169	59.51788057	-17.46075939	-67.81496117	-3.77269288	22.18109238
4.84166667	-13.34868314	12.85802448	58.83561786	-17.40032821	-67.03701048	-5.67248546	22.09508131
4.85000000	-13.56333769	13.05304559	58.26939984	-17.66288268	-66.26614566	-7.58585099	22.16050725
4.85833333	-13.61866905	13.39859885	57.53349610	-18.21511163	-65.46090352	-9.41287888	22.10179328
4.86666667	-13.64777217	14.00056195	56.75006792	-19.06513799	-64.56700442	-11.23432621	21.99136642
4.87500000	-13.66864681	14.28159842	55.95458157	-19.61430622	-63.73495614	-13.14095853	21.86546135
4.88333333	-13.78785440	14.68860108	55.26145106	-20.34153655	-62.85975753	-14.87621840	21.74813230
4.89166667	-13.86116274	15.31290864	54.49859521	-21.16091805	-61.96309367	-16.71237401	21.52030357
4.90000000	-14.03231430	16.25367692	53.86761074	-22.39796386	-61.09219887	-18.28118678	21.43021420
4.90833333	-13.89916875	17.02534204	52.94132737	-24.00950360	-60.12298785	-19.54228857	21.23128856
4.91666667	-13.83081899	17.87934916	52.05711356	-25.70058865	-59.17468346	-20.76922908	21.05486473
4.92500000	-13.81351012	18.96131225	51.14674622	-27.67865636	-58.08291177	-22.15829350	20.81351202
4.93333333	-13.94702433	20.18707757	50.52212272	-29.69639790	-57.20628524	-23.62830377	20.66933939
4.94166667	-13.93715083	21.58852480	49.65369289	-32.26903971	-56.13934883	-24.82771264	20.37902945
4.95000000	-13.66521010	22.82869699	48.53008791	-35.14119257	-55.05677269	-25.72325070	20.16179573
4.95833333	-13.61068418	24.25889927	47.73264666	-38.03347057	-54.12502077	-27.13543619	19.86425619
4.96666667	-13.42316067	25.65671248	46.76959713	-41.16330983	-53.11934647	-28.14738941	19.61495772
4.97500000	-13.09357143	26.97893833	45.61151064	-44.51661919	-52.05903910	-28.38460713	19.36082129
4.98333333	-12.92305907	28.43667575	44.63738008	-47.74820303	-51.04964974	-29.63922552	19.07403002
4.99166667	-12.61043831	29.91629928	43.52445488	-51.29328874	-49.99750156	-29.50988183	18.81619547
5.00000000	-12.33638532	31.37045776	42.45987809	-54.69220305	-48.96639239	-30.13850778	18.50789032
5.00833333	-12.04908698	32.88628929	41.38609737	-58.19386424	-47.96318483	-29.65865717	18.24006921
5.01666667	-11.98142907	34.62689830	40.64322623	-61.56741493	-47.07768892	-30.59284878	18.02947554
5.02500000	-11.63709606	35.99013540	39.57356763	-64.95095594	-46.10130253	-29.59876532	17.72399711
5.03333333	-11.36733627	37.45008189	38.61717853	-68.26949568	-45.20036065	-28.45386309	17.46855550
5.04166667	-11.43572395	39.35982113	38.06264249	-71.55632786	-44.31773431	-28.29926788	17.13698037
5.05000000	-11.12663051	40.80854505	37.00024014	-74.75241313	-43.30810095	-26.50781531	16.89900196
5.05833333	-10.88271191	42.34478336	36.03194370	-77.81700223	-42.35977632	-24.53560568	16.68388028
5.06666667	-10.70380547	43.90725982	35.18657867	-80.78256293	-41.48286501	-22.32505024	16.46011122
5.07500000	-10.73913935	45.84899599	34.60387031	-83.75105799	-40.64710257	-19.52755529	16.30372746
5.08333333	-10.50081049	47.33693640	33.60442675	-86.37903715	-39.67212371	-17.35526047	16.06888762
5.09166667	-10.28052218	48.80374737	32.63396637	-88.79418555	-38.66430258	-15.31672336	15.84602168
5.10000000	-9.90531946	50.12942376	31.53248599	-91.20345520	-37.77670044	-11.29405494	15.70858524
5.10833333	-9.71664748	51.52797600	30.64644124	-93.19740630	-36.83404002	-9.26450678	15.47548105
5.11666667	-9.23892186	52.64562727	29.43124046	-95.12912455	-35.93076215	-5.58435508	15.36255232
5.12500000	-9.02575837	53.94904009	28.53633207	-96.79427712	-35.03302759	-2.44097760	15.10861887
5.13333333	-8.86266770	55.26729859	27.71203965	-98.16910917	-34.13356298	-0.67426004	14.82587511
5.14166667	-8.43568148	56.23355036	26.51629366	-99.42585417	-33.19365816	2.99629892	14.75303019
5.15000000	-8.30546553	57.61127477	25.75219582	-100.48280817	-32.32635759	4.45603312	14.40340411
5.15833333	-8.01748443	58.53085631	24.75865339	-101.15432520	-31.42187131	6.31116096	14.00168683
5.16666667	-7.88312458	59.62821923	23.91537629	-101.66098153	-30.44527633	7.35581445	13.87678316
5.17500000	-7.39081100	60.30532465	22.66011730	-102.19138738	-29.46833599	10.87752930	13.78781710
5.18333333	-7.36946349	61.42766215	22.03098234	-102.41370154	-28.63260280	12.48784207	13.52871615
5.19166667	-6.78876767	61.93035337	20.66187412	-102.28837151	-27.69639241	13.30253677	13.14607039
5.20000000	-6.65002711	62.71412924	19.89502965	-102.11398485	-26.85779129	14.88793764	13.12591746
5.20833333	-6.56011993	63.50047988	19.27560164	-101.72513165	-26.11698951	15.97631957	12.88455704
5.21666667	-6.35499542	64.06432966	18.42098765	-101.10997594	-25.28025747	16.76887649	12.64323610
5.22500000	-6.18348368	64.62605054	17.67655752	-100.37773495	-24.52046269	17.53351841	12.44252002
5.23333333	-6.25781739	65.44023554	17.19268907	-99.52845537	-23.75890831	17.59520013	12.35097410
5.24166667	-6.33207838	66.04452583	16.76739955	-98.43147257	-23.02871419	17.72796221	12.03594913
5.25000000	-6.30738747	66.48997273	16.34126837	-97.30302509	-22.54442944	18.84424904	11.84699685
5.25833333	-6.41108762	67.04990419	15.93868958	-96.04678763	-21.85214444	18.83437703	11.74943918
5.26666667	-6.35789660	67.26582089	15.46955096	-94.59797511	-21.31688944	19.22683353	11.43021709
5.27500000	-6.50649570	67.71106841	15.11022055	-93.15358360	-20.66015507	19.19081698	11.37338697
5.28333333	-6.62494397	68.01953735	14.82343448	-91.59651585	-20.10823125	19.14171909	11.16224787
5.29166667	-6.73011150	68.16095002	14.60718433	-89.93247170	-19.75593775	19.29328054	10.90029700
5.30000000	-6.88166833	68.38974114	14.34919356	-88.33100745	-19.26149737	19.18169812	10.90782973
5.30833333	-7.00134389	68.42140247	14.14905533	-86.59440029	-18.87971074	18.81467842	10.63527750
5.31666667	-7.17240910	68.48152813	13.92188559	-84.93568352	-18.42637621	18.56953660	10.64548783
5.32500000	-7.22942836	68.35706085	13.74943723	-83.21382127	-18.23165755	17.85523895	10.47386562
5.33333333	-7.37019112	68.34176652	13.53436189	-81.64775585	-17.87523253	17.46928243	10.52678362
5.34166667	-7.24501556	67.93678058	13.10509225	-80.00680652	-17.71483012	16.44137434	10.48951148
5.35000000	-7.35888654	67.83271908	12.91548530	-78.60385537	-17.45085478	15.95819506	10.52293135
5.35833333	-7.17556953	67.36793165	12.45419393	-77.25255784	-17.31126447	15.14596515	10.50901154
5.36666667	-7.23050401	67.16252119	12.21705622	-76.06179272	-17.08749363	14.46539407	10.50102890
5.37500000	-7.28569374	66.92263152	12.02224618	-75.03227919	-16.91873176	13.85202871	10.48893002
5.38333333	-7.32893397	66.69881132	11.81592727	-74.12846405	-16.79841370	13.23204406	10.52315916
5.39166667	-6.99774305	66.09880905	11.22008728	-73.31247865	-16.77797423	12.35077111	10.56561096
5.40000000	-7.04376877	65.82258755	11.08276912	-72.59565412	-16.74194615	11.60607152	10.61799951
5.40833333	-7.08134685	65.49998871	10.93557144	-71.97431954	-16.71267003	10.88448458	10.66466389
5.41666667	-7.14206708	65.21936856	10.82503170	-71.43522769	-16.72880378	10.19061293	10.71138445
5.42500000	-7.18576087	64.90391701	10.72640634	-70.96266323	-16.79889064	9.79114918	10.73947100
5.43333333	-7.22404744	64.53315838	10.61236962	-70.49338973	-16.82151761	9.23221306	10.77596908
5.44166667	-7.30593071	64.14896810	10.57900528	-70.11827707	-16.86374715	9.21146661	10.74530448
5.45000000	-7.42797120	63.89966343	10.56017358	-69.90765733	-16.95467043	9.25540225	10.73989480
5.45833333	-7.54841743	63.68078190	10.52860585	-69.81020373	-17.03809537	9.79970553	10.67788018
5.46666667	-7.70767859	63.47267754	10.54076756	-69.77172553	-17.08661071	10.35281573	10.52380675
5.47500000	-7.89559530	63.28141767	10.63385522	-69.74995343	-17.18565555	10.91432921	10.27791853
5.48333333	-8.02956282	63.15148112	10.61348454	-69.83287668	-17.22747872	11.33243393	10.02548853
5.49166667	-8.14563909	63.01956910	10.56609123	-69.89660537	-17.25096942	11.67664364	9.65198934
5.50000000	-8.24720354	62.90121245	10.52390429	-69.94823663	-17.31687267	11.76305832	9.49055955
5.50833333	-8.61383981	63.06726292	10.78132299	-69.95173282	-17.31680145	12.08964837	8.76928338
5.51666667	-8.73739210	62.91114842	10.73047103	-69.81950712	-17.27135543	12.16062207	8.19679911
5.52500000	-8.86643812	62.78195677	10.66256255	-69.65096005	-17.22654157	12.14492381	7.51145408
5.53333333	-8.96337930	62.55304140	10.52301438	-69.40283675	-17.10948373	12.12837486	6.79407037
5.54166667	-9.06222617	62.26841650	10.39941395	-69.09175066	-16.98171583	12.17324175	5.98794106
5.55000000	-9.20847089	61.95770757	10.29073433	-68.75528488	-16.76903800	12.26942753	5.08969398
5.55833333	-9.39357938	61.61217478	10.21975068	-68.31088714	-16.49794673	12.37484105	4.01623305
5.56666667	-9.34054951	61.00242501	9.70581416	-67.86181601	-16.05896104	12.50354936	2.82485760
5.57500000	-9.61295730	60.63704796	9.68831158	-67.27783815	-15.71255875	12.65275926	1.42415304
5.58333333	-9.75292455	60.08983902	9.52471673	-66.70312156	-15.31229106	12.92955535	-0.08588859
5.59166667	-10.03594623	59.73285975	9.52330238	-66.09104568	-14.96534864	12.97125564	-1.73823781
5.60000000	-10.22821029	59.24032960	9.41920508	-65.39071415	-14.57144326	12.99040940	-3.49445379
5.60833333	-10.16810772	58.45978344	8.94199798	-64.78741932	-14.04360605	13.19826461	-5.38451392
5.61666667	-10.43049054	57.99317224	9.04804673	-64.07724710	-13.75491579	13.17794860	-7.20940812
5.62500000	-10.45483998	57.32601551	8.73620033	-63.38931945	-13.34232738	13.18727134	-9.24671857
5.63333333	-10.68898651	56.86228328	8.87862120	-62.68375492	-13.13310187	13.12952126	-11.26049793
5.64166667	-10.84333277	56.20914444	8.94322354	-61.81742366	-12.91145590	13.08465646	-13.33056639
5.65000000	-11.02116189	55.63391573	9.01918208	-61.02017009	-12.70554700	13.05914014	-15.38020252
5.65833333	-11.13610959	55.02937524	9.09541260	-60.19938729	-12.63383046	12.91144872	-17.41405306
5.66666667	-11.27210919	54.39499517	9.27593429	-59.32304168	-12.63572710	12.81064323	-19.24654176
5.67500000	-11.40559058	53.70083566	9.53962148	-58.33592480	-12.78862782	12.66442182	-20.87140462
5.68333333	-11.52470987	53.09049256	9.80295664	-57.45862270	-13.07157790	12.46493776	-22.23984394
5.69166667	-11.57232762	52.40249972	10.00543723	-56.55312004	-13.48918744	12.26800175	-23.22663730
5.70000000	-11.62025929	51.70916028	10.29196353	-55.64313681	-14.07498572	12.05855268	-23.85864281
5.70833333	-11.73182614	51.08200160	10.82169045	-54.75497588	-14.83437079	11.83997594	-24.00855155
5.71666667	-11.79455607	50.43631873	11.43679457	-53.87311544	-16.08545271	11.70931583	-23.77053354
5.72500000	-11.65792621	49.60384894	11.79091006	-53.01327137	-17.38006424	11.40746328	-23.63261801
5.73333333	-11.76560590	49.15019739	12.65101481	-52.31822330	-19.09414961	11.24682804	-23.13212681
5.74166667	-11.57946327	48.29161159	13.21837934	-51.49427244	-21.16110031	11.12813459	-22.15747215
5.75000000	-11.50243474	47.61048838	14.00814789	-50.74510052	-23.13912173	10.85973220	-21.96373116
5.75833333	-11.43843258	46.93523906	14.86056530	-50.00181909	-25.43673536	10.70023331	-21.41407329
5.76666667	-11.11614608	45.99656947	15.54004970	-49.25834276	-28.01570842	10.58790650	-20.40679390
5.77500000	-11.11736857	45.39422856	16.51194516	-48.50195887	-30.35433790	10.31070049	-20.51844075
5.78333333	-10.82652955	44.54033194	17.25076957	-47.81392009	-32.98691585	10.19616531	-19.69529616
5.79166667	-10.60631360	43.76544291	18.08463635	-47.09612868	-35.59240901	10.00953775	-19.24608498
5.80000000	-10.56843579	43.24698470	19.08101148	-46.49269313	-37.96468608	9.77952069	-19.84516895
5.80833333	-10.29797487	42.47100660	19.84727410	-45.91543429	-40.52175005	9.68519822	-19.29089758
5.81666667	-10.13825063	41.79756306	20.74233879	-45.27640075	-43.04027273	9.55018128	-18.57139041
5.82500000	-9.93091430	41.08176443	21.58593187	-44.65334132	-45.47326337	9.39777313	-17.93965550
5.83333333	-10.30041833	41.05043352	23.23616976	-44.10131428	-48.04874918	9.23273638	-17.18134640
5.84166667	-10.17758205	40.50827360	24.12171613	-43.61899074	-50.33014845	9.13131635	-15.99525354
5.85000000	-10.43846811	40.39758602	25.59476732	-43.13964904	-52.73726299	9.04332274	-14.38499891
5.85833333	-10.25718295	39.78424978	26.33183987	-42.61588519	-54.75771443	8.92111268	-12.93912922
5.86666667	-10.26019496	39.42109701	27.35372667	-42.13162783	-56.76480574	8.78136342	-11.23609287
5.87500000	-10.65185051	39.57149418	28.88465265	-41.79476257	-58.86816087	8.68834171	-8.77972922
5.88333333	-10.55883869	39.08401790	29.70620005	-41.32873675	-60.51697830	8.58549279	-7.24819086
5.89166667	-10.61911356	38.79770464	30.79342489	-40.91006685	-62.14409493	8.51059035	-5.48747527
5.90000000	-11.17955703	39.11130447	32.27173025	-40.58631586	-63.67470719	8.49627152	-3.19299717
5.90833333	-11.21904207	38.80645024	33.07009056	-40.17941303	-64.84036567	8.41617803	-1.53749298
5.91666667	-11.18674163	38.42335092	33.71779128	-39.74551607	-65.76343898	8.29759918	-0.28631070
5.92500000	-11.15112059	38.08275460	34.32783630	-39.36887634	-66.54113568	8.19442174	1.00490346
5.93333333	-11.11349072	37.73248513	34.88385844	-38.98457670	-67.11884048	8.09909871	2.10822685
5.94166667	-11.08022735	37.33736050	35.40646174	-38.53863816	-67.53008989	8.02408068	3.17378669
5.95000000	-11.17920307	37.08184260	36.14233342	-38.10372533	-67.95981230	7.98305214	4.83500724
5.95833333	-11.19270859	36.71098274	36.59107101	-37.60966246	-68.00427135	7.91936396	5.55302957
5.96666667	-11.08566051	36.21866299	36.88363917	-37.11318474	-67.99462023	7.76355667	7.20137028
5.97500000	-11.12376483	35.89081243	37.22039699	-36.62524177	-67.67701759	7.67530835	7.73581314
5.98333333	-11.14823853	35.58643258	37.50543724	-36.16714030	-67.23980469	7.53823848	8.43307123
5.99166667	-11.18794888	35.32131733	37.73607009	-35.78560178	-66.63827388	7.36219362	9.26447637
6.00000000	-11.12253055	34.89724415	37.79973393	-35.30640703	-65.96244993	7.24336484	10.51200030
6.00833333	-11.20356028	34.58981824	38.00963299	-34.77266124	-65.06869794	7.10272094	10.92120742
6.01666667	-11.31007327	34.30689781	38.18120181	-34.22768526	-64.03709698	6.97282529	11.30794915
6.02500000	-11.20260146	33.79880240	38.06345362	-33.71006175	-62.89940987	6.70123676	12.20972745
6.03333333	-11.21697048	33.43579546	38.00717312	-33.18772111	-61.65164422	6.67689166	12.84944321
6.04166667	-11.40083779	33.30355803	38.13790359	-32.73141309	-60.27939878	6.58887616	13.02248393
6.05000000	-11.56913299	33.15052867	38.18710972	-32.26354679	-58.77116174	6.43487201	13.22445139
6.05833333	-11.31483012	32.51246975	37.60175502	-31.78782282	-57.07952649	6.36374511	13.93941008
6.06666667	-11.55003587	32.39110769	37.67947033	-31.25431133	-55.42865145	6.25852339	13.99516289
6.07500000	-11.64790796	32.08079720	37.58069347	-30.66956774	-53.69745519	5.96006703	14.19923722
6.08333333	-11.82645593	31.88414847	37.51045120	-30.11921845	-51.87527838	5.84611934	14.24733062
6.09166667	-11.99414271	31.71974801	37.35409146	-29.63363622	-49.95758952	5.70783994	14.25040281
6.10000000	-12.23835085	31.69610055	37.27692330	-29.21989103	-48.07426014	5.67830007	14.23622293
6.10833333	-11.96550302	30.99378569	36.47729620	-28.66241616	-46.02825375	5.63160278	14.46597814
6.11666667	-12.20397235	30.93245143	36.33152109	-28.18390565	-44.08849646	5.46634652	14.21550916
6.12500000	-12.38588389	30.77657066	36.07918662	-27.67759634	-42.12724407	5.31548710	14.00020754
6.13333333	-12.22935303	30.18868613	35.39908135	-27.11707655	-40.21331539	5.27644684	14.22861159
6.14166667	-12.48260474	30.11225208	35.18507182	-26.64409860	-38.31745053	5.16309482	13.93318956
6.15000000	-12.49102553	29.81062839	34.70995232	-26.23435455	-36.53623347	5.14630575	13.92618019
6.15833333	-12.71363838	29.77029986	34.48794188	-25.84168169	-34.81667340	5.04176111	13.57649034
6.16666667	-12.67245035	29.42845972	33.94452541	-25.43134277	-33.19374827	4.99557304	13.39816160
6.17500000	-12.86475702	29.38813220	33.65796233	-25.07725872	-31.64760701	4.87781130	12.90301359
6.18333333	-13.05290205	29.34912155	33.37933479	-24.72831643	-30.22950605	4.80321964	12.47958875
6.19166667	-13.09749443	29.14029148	32.91645115	-24.37514868	-28.88617436	4.71825870	11.76866539
6.20000000	-13.20548560	28.95681607	32.56684066	-23.97520389	-27.66178377	4.65364507	11.11137159
6.20833333	-13.30450952	28.75394236	32.27945522	-23.55905676	-26.59992522	4.59274711	10.27082002
6.21666667	-13.46273603	28.69365893	32.05862673	-23.28307004	-25.62762793	4.57650192	9.63688403
6.22500000	-13.10628558	27.94611906	31.11950979	-22.80230039	-24.56045607	4.50907278	8.27421373
6.23333333	-13.34856894	28.00267337	30.89579818	-22.54937186	-23.67565744	4.43189459	7.12938565
6.24166667	-13.53186569	28.04689177	30.54056848	-22.37284366	-22.80662045	4.42257251	6.05713314
6.25000000	-13.74261484	28.07917224	30.30759942	-22.13328017	-22.09341256	4.39827582	5.33369733
6.25833333	-13.93107455	28.11070525	30.07985557	-21.93545274	-21.48355168	4.37819025	4.65642428
6.26666667	-14.20975533	28.14148582	29.87762172	-21.64093951	-20.84272167	4.39608934	4.52570361
6.27500000	-14.46837133	28.15713884	29.66423578	-21.32811801	-20.20169132	4.33953006	4.24333155
6.28333333	-14.67438885	28.21243807	29.49705739	-21.13671600	-19.68185095	4.30124084	3.98970601
6.29166667	-14.96941458	28.37737555	29.48083722	-20.94151850	-19.19520630	4.28418476	3.97135525
6.30000000	-15.19409417	28.44375680	29.40844668	-20.70598281	-18.68951655	4.15934256	3.63893527
6.30833333	-15.41272820	28.49370300	29.31350209	-20.47876876	-18.19211560	4.14272660	3.57879170
6.31666667	-15.60808322	28.49796214	29.12409682	-20.22340242	-17.55725238	3.99321180	3.09849306
6.32500000	-15.80548331	28.52536855	29.00308699	-20.00605860	-17.07310250	3.99005626	3.05289298
6.33333333	-15.96872969	28.52772289	28.87914156	-19.79366241	-16.61416019	3.93811835	2.86895985
6.34166667	-16.07644876	28.52645523	28.74819713	-19.64975577	-16.20433039	3.85453382	2.57993894
6.35000000	-16.18995934	28.52340455	28.67999222	-19.49071966	-15.92145904	3.84467848	2.45726637
6.35833333	-16.10596829	28.23529361	28.38005619	-19.28098962	-15.60565067	3.78384707	2.11236576
6.36666667	-16.24398307	28.16586283	28.34374930	-19.03176987	-15.39369747	3.81144321	2.14420470
6.37500000	-16.35655412	28.07468726	28.30506501	-18.78685083	-15.20327696	3.79234197	2.10012838
6.38333333	-16.43465390	27.97511451	28.24712192	-18.56251478	-15.05654535	3.71379605	1.96508969
6.39166667	-16.29476869	27.64157122	27.93590054	-18.34677539	-15.00348063	3.71548129	2.07144078
6.40000000	-16.41577226	27.62073591	27.97087672	-18.17316657	-14.93998906	3.73690321	2.12570056
6.40833333	-16.46899070	27.42510446	27.97474677	-17.89608148	-14.87261282	3.69019219	2.12595460
6.41666667	-16.56997978	27.34105703	28.04884123	-17.66459854	-14.85461369	3.62150857	2.15361744
6.42500000	-16.65219862	27.32977714	28.08562277	-17.55062311	-14.82752553	3.63903795	2.22693841
6.43333333	-16.71738681	27.28554439	27.98547375	-17.43255741	-14.69196135	3.56369568	2.25064058
6.44166667	-16.83396188	27.31140154	27.99311745	-17.34439647	-14.62590424	3.59315407	2.33330013
6.45000000	-16.89737228	27.24948781	27.95807042	-17.20332654	-14.54028458	3.55205623	2.36635597
6.45833333	-16.94017055	27.14978475	27.98511834	-17.05481890	-14.54061952	3.54468676	2.42712676
6.46666667	-17.02560673	27.14220800	28.03692583	-16.96427422	-14.54717846	3.58446415	2.50421923
6.47500000	-17.09512815	27.11572766	28.06289518	-16.86582582	-14.53686424	3.59431732	2.57355003
6.48333333	-17.09296634	27.04386424	27.92812968	-16.81672823	-14.44233490	3.54926251	2.62228505
6.49166667	-17.13946100	27.04234327	27.81415103	-16.79901280	-14.32568721	3.58591864	2.66776680
6.50000000	-17.16845095	26.97019416	27.71924912	-16.73063380	-14.24336246	3.62452949	2.69817845
6.50833333	-17.13276271	26.93271310	27.53277239	-16.76919427	-14.13597624	3.65181577	2.71008089
6.51666667	-17.14799344	26.89392466	27.50704779	-16.74588894	-14.13390337	3.70529199	2.75599184
6.52500000	-17.19893705	26.91774193	27.57056907	-16.75047548	-14.22780838	3.74427583	2.80534348
6.53333333	-17.14591050	26.74420303	27.44957541	-16.63570776	-14.18669885	3.73231619	2.86081554
6.54166667	-17.20699672	26.77737021	27.51038443	-16.64225751	-14.25783738	3.77634979	2.91876700
6.55000000	-17.11950418	26.60016878	27.27268052	-16.56454639	-14.13409010	3.78877642	2.94965101
6.55833333	-17.20139569	26.66106949	27.31850114	-16.56237132	-14.16542457	3.82423893	3.00527421
6.56666667	-17.22162758	26.62077929	27.17737281	-16.49432669	-14.00466100	3.80834490	3.03263701
6.57500000	-17.29606848	26.66605927	27.20370122	-16.47411502	-13.98646286	3.84656547	3.07207599
6.58333333	-17.36661260	26.67174441	27.21444928	-16.40731490	-13.93606226	3.83920434	3.08191826
6.59166667	-17.44741820	26.72259487	27.25815692	-16.38834151	-13.91626452	3.83436263	3.10577271
6.60000000	-17.45993065	26.68934460	27.37738999	-16.32916035	-14.02634332	3.80215529	3.07980016
6.60833333	-17.55561752	26.74711778	27.38965366	-16.30699266	-13.95446366	3.82093719	3.15020217
6.61666667	-17.63268810	26.75848896	27.38647673	-16.24204511	-13.87393188	3.81390489	3.17291465
6.62500000	-17.69152017	26.75667425	27.34352612	-16.19028592	-13.77584364	3.79416134	3.18069764
6.63333333	-17.74459992	26.78374481	27.31257503	-16.17003446	-13.69824586	3.78804468	3.18803445
6.64166667	-17.81546224	26.84529195	27.30692783	-16.17500919	-13.63930527	3.80341660	3.20934263
6.65000000	-17.91899076	26.93640136	27.34099418	-16.17363954	-13.61547047	3.82920112	3.24692756
6.65833333	-17.95505883	26.98845110	27.19060712	-16.20333907	-13.41451291	3.85694109	3.14529546
6.66666667	-18.01736047	27.01396554	27.19240015	-16.17935479	-13.38152401	3.87871189	3.16674065
6.67500000	-18.10797305	27.07499946	27.22999258	-16.15918005	-13.34758224	3.89913145	3.22662911
6.68333333	-18.15960216	27.09699011	27.21907783	-16.11908361	-13.29605970	3.88043115	3.21856657
6.69166667	-18.23070903	27.14730697	27.23888726	-16.12686113	-13.27658299	3.91213809	3.28952805
6.70000000	-18.27863299	27.14679531	27.22905689	-16.08420292	-13.23722533	3.91274514	3.32952634
6.70833333	-18.30896430	27.13814344	27.21799620	-16.05779492	-13.22442282	3.90092949	3.36240022
6.71666667	-18.36634107	27.19298174	27.29507337	-16.08066341	-13.30401005	3.92594110	3.40930084
6.72500000	-18.35390680	27.09295617	27.17912541	-15.98316704	-13.20333165	3.86188722	3.43919598
6.73333333	-18.31243451	26.99591790	27.07840506	-15.93181951	-13.17440648	3.83387283	3.45634336
6.74166667	-18.34769651	27.04795976	27.09460778	-15.97423056	-13.19581429	3.86795187	3.52794258
6.75000000	-18.34978765	26.97130795	27.06060528	-15.89746497	-13.19604852	3.87769854	3.56539925
6.75833333	-18.35451702	26.96303941	27.03366202	-15.90553800	-13.20782746	3.87673873	3.62674134
6.76666667	-18.37274046	26.98392132	27.07876082	-15.91872143	-13.29288437	3.90276987	3.68485986
6.77500000	-18.13870995	26.68868055	26.75812010	-15.85709977	-13.28756380	3.91821207	3.77546592
6.78333333	-18.19383280	26.76531885	26.83291037	-15.89096575	-13.34775617	3.93696403	3.83749885