0.00000000	-18.35021104	25.33309544	25.63183317	-11.74118153	-12.41509907	2.98705791	5.73970809
0.00833333	-18.37918408	25.29539619	25.61394811	-11.65816600	-12.37618671	2.98601460	5.83821054
0.01666667	-17.90669164	25.10269592	24.97627064	-11.99983295	-12.18878156	2.98727695	5.64934698
0.02500000	-17.89128300	25.13453351	24.95530694	-12.04521676	-12.20453905	2.92992092	5.71102814
0.03333333	-17.88184864	25.13880156	24.93449115	-12.07070441	-12.19094832	2.93184598	5.72019999
0.04166667	-17.69718514	24.87921052	24.71559689	-11.93951759	-12.19802678	2.83032553	5.72839298
0.05000000	-17.73538926	24.93939702	24.76358739	-11.98424055	-12.21574202	2.87874593	5.76492394
0.05833333	-17.76783036	24.96789384	24.77066638	-11.99037309	-12.18746835	2.88412220	5.77160676
0.06666667	-17.79847227	25.00103321	24.80409630	-12.00557243	-12.19109597	2.90587318	5.78441434
0.07500000	-17.82083329	25.01141410	24.83074396	-11.99719899	-12.19175197	2.91005178	5.78038308
0.08333333	-17.83140102	25.02502204	24.84445483	-12.01024062	-12.20425695	2.90694658	5.77510065
0.09166667	-17.82369099	25.02347864	24.84184894	-12.02058844	-12.22156603	2.90414780	5.76573618
0.10000000	-17.81298379	25.00315431	24.84452930	-12.02441639	-12.24382723	2.90138617	5.75792782
0.10833333	-17.83631558	25.03635849	24.88673473	-12.05431064	-12.26959822	2.94968482	5.79820566
0.11666667	-17.85557385	25.03157409	24.89563824	-12.02361148	-12.27012606	2.94734217	5.79960593
0.12500000	-17.86167442	25.04416363	24.90888521	-12.04399845	-12.27867974	2.95870273	5.81911403
0.13333333	-17.88546518	25.08032915	24.96267017	-12.07042050	-12.32328502	2.99185369	5.84306055
0.14166667	-17.87580381	25.04045484	24.93930559	-12.03499793	-12.31402974	2.96483664	5.83444801
0.15000000	-17.81363145	24.96486420	24.88445818	-12.03676602	-12.33228619	2.91368136	5.81705426
0.15833333	-17.80106996	24.94243573	24.86872493	-12.02791828	-12.33847875	2.92980952	5.83353427
0.16666667	-17.81784980	24.95511262	24.89066215	-12.03636751	-12.34800901	2.96459903	5.85604727
0.17500000	-17.82872000	24.95599799	24.90063712	-12.03914876	-12.35220970	2.98415216	5.87051398
0.18333333	-17.83943734	24.95795770	24.92320336	-12.04340811	-12.37123679	3.00591889	5.88128980
0.19166667	-17.65237697	24.72018377	24.67420685	-11.98679431	-12.31936637	2.94204356	5.86653099
0.20000000	-17.69457341	24.75245347	24.73835247	-11.98036583	-12.35578576	2.98031537	5.87638946
0.20833333	-17.73588316	24.77986657	24.78431247	-11.97352910	-12.36710875	3.00411744	5.90113398
0.21666667	-17.74532401	24.79269633	24.80612961	-11.97918829	-12.38936426	2.98139340	5.89509588
0.22500000	-17.77218928	24.82542581	24.84326023	-11.99725747	-12.39041718	3.02333196	5.93455556
0.23333333	-17.79251242	24.83866978	24.85582270	-11.98660024	-12.40324752	3.01305108	5.93268244
0.24166667	-17.78886852	24.83203253	24.85577290	-11.99319393	-12.41536624	3.00296541	5.92996831
0.25000000	-17.78993098	24.82499407	24.85593638	-11.99742199	-12.41633726	2.99749883	5.92629861
0.25833333	-17.82566981	24.86924745	24.90709558	-12.01974390	-12.44412292	3.05281316	5.96155236
0.26666667	-17.85046609	24.90811920	24.93934110	-12.04338649	-12.45756486	3.07963200	5.98824358
0.27500000	-17.72523179	24.73605691	24.75323723	-11.98801997	-12.38423292	2.99525605	5.93951794
0.28333333	-17.75957909	24.77928301	24.81366387	-12.00926405	-12.41215613	3.05420310	5.97309594
0.29166667	-17.76835368	24.77069178	24.82432138	-11.98575390	-12.41522491	3.04655079	5.97459125
0.30000000	-17.79511057	24.82290356	24.88032796	-12.02364014	-12.45642350	3.07862950	6.00094372
0.30833333	-17.81937961	24.84538930	24.93071569	-12.03193755	-12.48621615	3.10837522	6.02228087
0.31666667	-17.77227101	24.76833384	24.85696006	-11.99490852	-12.46043632	3.03915881	5.98871789
0.32500000	-17.79934763	24.79701815	24.89740565	-12.00816433	-12.48357834	3.09075166	6.01760389
0.33333333	-17.81742408	24.83771622	24.95287375	-12.04558509	-12.53372328	3.12524924	6.03539013
0.34166667	-17.78280446	24.76202948	24.88647287	-11.98629689	-12.48891208	3.06309721	5.99884827
0.35000000	-17.81602879	24.82212121	24.93843110	-12.02622413	-12.52802485	3.12365801	6.04059932
0.35833333	-17.72592393	24.70572493	24.79875767	-11.99561281	-12.46712120	3.07148848	5.98910540
0.36666667	-17.76329290	24.76036862	24.86466536	-12.02444193	-12.50536543	3.12945609	6.02571206
0.37500000	-17.76263923	24.71531154	24.85028807	-11.96867966	-12.47298663	3.08760084	6.00442144
0.38333333	-17.68709691	24.62143088	24.71257528	-11.95278107	-12.40500921	3.04125819	6.01176869
0.39166667	-17.73103719	24.68168012	24.78598131	-11.98181534	-12.44992759	3.10469192	6.04754292
0.40000000	-17.75802131	24.69420791	24.79873202	-11.94994529	-12.43200842	3.07616445	6.03042309
0.40833333	-17.79589190	24.75925127	24.86875893	-11.99738640	-12.48120414	3.12369619	6.06303556
0.41666667	-17.79232490	24.75344823	24.83865137	-11.99423363	-12.45012887	3.04826369	6.02522583
0.42500000	-17.83075326	24.79346609	24.88117510	-12.00806210	-12.45654718	3.10137980	6.05951983
0.43333333	-17.86991099	24.82192586	24.91531058	-11.99490360	-12.44952918	3.12988966	6.07928686
0.44166667	-17.88217740	24.82537313	24.91489397	-11.98740715	-12.42212723	3.11549420	6.07543842
0.45000000	-17.90477602	24.86731701	24.94191087	-12.01573269	-12.43444237	3.13160255	6.08604653
0.45833333	-17.81407967	24.72692218	24.80772072	-11.94285996	-12.39897423	3.06169703	6.04726955
0.46666667	-17.85335967	24.78489257	24.86929960	-11.96451091	-12.43084612	3.10515616	6.07853860
0.47500000	-17.89815561	24.84109235	24.92368447	-11.97883178	-12.44394274	3.13884844	6.10255876
0.48333333	-17.89877512	24.81922442	24.88556402	-11.95465516	-12.37002895	3.06031149	6.06541240
0.49166667	-17.94493539	24.85813525	24.92919652	-11.96502206	-12.35946190	3.09545060	6.09572134
0.50000000	-17.98314060	24.90215659	24.97840261	-11.97374947	-12.38460650	3.11772985	6.10207657
0.50833333	-17.98903223	24.88931235	24.94341604	-11.93348288	-12.33502017	3.05207530	6.06771190
0.51666667	-17.98827315	24.90415446	24.94666453	-11.95740227	-12.35219228	3.04321492	6.06144726
0.52500000	-17.92537416	24.81017939	24.87288894	-11.91960922	-12.33432410	3.01942785	6.03020838
0.53333333	-17.95777798	24.87485476	24.94094990	-11.96675667	-12.38103704	3.06982559	6.07623232
0.54166667	-17.96456433	24.85346191	24.91740814	-11.92509233	-12.34349886	3.01611237	6.07027635
0.55000000	-18.00045576	24.91691659	24.97628887	-11.97328647	-12.38777486	3.06961777	6.10539699
0.55833333	-18.01341912	24.90402277	24.96681953	-11.94695255	-12.34601674	3.06670595	6.11347639
0.56666667	-18.03906598	24.95733888	25.01921951	-11.98445950	-12.37946885	3.09895670	6.13586975
0.57500000	-18.00783892	24.92166432	24.96950634	-11.95111075	-12.35065040	3.03652680	6.09510249
0.58333333	-18.03411452	24.96829869	25.00944845	-12.00991965	-12.38756028	3.09162644	6.13208413
0.59166667	-18.07469830	24.91348497	25.05844548	-11.93490472	-12.35557180	3.06156663	6.08111861
0.60000000	-18.03373014	24.93950573	24.98507715	-11.98424315	-12.34221242	3.04732581	6.07970141
0.60833333	-18.08540579	24.95969215	25.04779049	-11.97046116	-12.34995445	3.11619402	6.11493609
0.61666667	-18.07129359	24.98721082	25.02923925	-11.99882919	-12.34657614	3.06152844	6.09922476
0.62500000	-17.69007138	24.56176425	24.52887727	-11.88572308	-12.25708791	2.93005931	6.08167390
0.63333333	-17.73106132	24.65646601	24.60904860	-11.95184794	-12.32315951	2.98302709	6.11551435
0.64166667	-17.75510226	24.66887822	24.60329329	-11.94104276	-12.27333251	2.92495341	6.09845509
0.65000000	-17.76835292	24.69326714	24.62121884	-11.95925368	-12.27999822	2.93508847	6.08669901
0.65833333	-17.80350132	24.74222798	24.66661599	-11.99179742	-12.29685728	2.98169114	6.12218182
0.66666667	-17.82907266	24.76304672	24.68592767	-11.98636434	-12.28378300	3.00109488	6.13948316
0.67500000	-17.85373597	24.82708220	24.75101482	-12.03794286	-12.35373269	3.04049540	6.15614033
0.68333333	-17.86816515	24.81201960	24.73517071	-12.00237045	-12.30703267	3.04641409	6.16704201
0.69166667	-17.72084102	24.63078997	24.54133483	-11.97298213	-12.25319380	2.97596115	6.09113147
0.70000000	-17.73701625	24.64423394	24.56280574	-11.96907769	-12.26314753	2.97938289	6.10287701
0.70833333	-17.77011937	24.67707457	24.60537619	-11.98182432	-12.27696293	3.01438622	6.13290599
0.71666667	-17.78485173	24.68790784	24.62600447	-11.97541935	-12.28161668	3.01599466	6.13820781
0.72500000	-17.78653313	24.69149970	24.63372095	-11.96454350	-12.28912587	2.98832012	6.13475478
0.73333333	-17.80200698	24.71963247	24.66733501	-12.00035796	-12.31670493	3.00911164	6.15863161
0.74166667	-17.81172313	24.69874393	24.65848309	-11.94256984	-12.29624497	2.98153320	6.15045304
0.75000000	-17.78240850	24.66645811	24.63113030	-11.94126381	-12.29846898	2.93453957	6.12842474
0.75833333	-17.77682379	24.65270213	24.62525815	-11.93513597	-12.29261412	2.93833509	6.13529274
0.76666667	-17.73036497	24.61021236	24.55345183	-11.94577966	-12.27999040	2.91958903	6.12449692
0.77500000	-17.76562504	24.65035075	24.59696270	-11.95716976	-12.28773723	2.97283034	6.15599902
0.78333333	-17.76303492	24.63279035	24.58783622	-11.93883092	-12.27369282	2.95598406	6.13769788
0.79166667	-17.75548355	24.62057760	24.56927589	-11.94008753	-12.25890537	2.94550411	6.13089343
0.80000000	-17.78300870	24.65043807	24.60766224	-11.96396619	-12.28480679	2.99670333	6.16214350
0.80833333	-17.81261406	24.70811337	24.66154853	-11.98590893	-12.32627431	3.03778229	6.18042824
0.81666667	-17.80944307	24.66439040	24.61152348	-11.94501137	-12.24907321	2.99748852	6.16511395
0.82500000	-17.78053241	24.66176253	24.56883242	-11.97513135	-12.25336831	2.95475072	6.13119673
0.83333333	-17.80033743	24.67995212	24.58891961	-11.98890004	-12.25557523	2.99306542	6.16277940
0.84166667	-17.62653005	24.45569553	24.39297417	-11.91796539	-12.27996946	2.94116457	6.19206360
0.85000000	-17.69555050	24.49515213	24.46802221	-11.90035310	-12.28811498	2.99159940	6.23162145
0.85833333	-17.75013229	24.53210523	24.53392246	-11.88239055	-12.29484924	2.97328697	6.23078572
0.86666667	-17.79901368	24.62879614	24.63115984	-11.93843734	-12.38305733	3.02693036	6.26271244
0.87500000	-17.83715131	24.65678589	24.65688096	-11.92549771	-12.35256286	2.94281694	6.23821820
0.88333333	-17.87667007	24.73403767	24.73985481	-11.96580600	-12.42863334	2.99906975	6.26861710
0.89166667	-17.86316224	24.69796559	24.70943639	-11.92887782	-12.38947443	2.92274554	6.24430304
0.90000000	-17.89397179	24.76563065	24.76225530	-11.97815950	-12.43816622	2.97981940	6.28491104
0.90833333	-17.79262015	24.60263657	24.65682962	-11.88374776	-12.47075863	2.92264998	6.28339254
0.91666667	-17.83348497	24.68081247	24.73314139	-11.93024309	-12.52545278	2.97428439	6.32101503
0.92500000	-17.85069980	24.68155775	24.73320448	-11.91620271	-12.50642356	2.93143572	6.33488785
0.93333333	-17.85217986	24.68618817	24.76619850	-11.93221710	-12.54418860	2.93942347	6.34560268
0.94166667	-17.88700517	24.71521399	24.82030554	-11.92977037	-12.57820793	2.94022002	6.36525251
0.95000000	-17.91587799	24.78003297	24.89177084	-11.97296339	-12.64375973	2.99011766	6.39840234
0.95833333	-17.84853498	24.89569004	24.75642530	-12.13719169	-12.58670870	2.87047232	6.41827154
0.96666667	-17.66104497	24.73357114	24.51775640	-12.12604980	-12.59929145	2.86588802	6.36221476
0.97500000	-17.75427688	24.62086382	24.60836994	-11.92192306	-12.59224937	2.96663476	6.40111967
0.98333333	-17.85468543	24.58746440	24.82157669	-11.80559398	-12.65733927	2.88358371	6.40084386
0.99166667	-17.89694713	24.65212037	24.91150931	-11.84013017	-12.69861486	2.92365249	6.45330560
1.00000000	-17.96606528	24.74881724	24.97120766	-11.86441341	-12.71083207	2.89084380	6.43883781
1.00833333	-18.00051076	24.79059892	25.01698489	-11.89283552	-12.72206519	2.93548633	6.45328385
1.01666667	-18.02139114	24.80297454	25.03622736	-11.88436279	-12.69412943	2.94451287	6.44907552
1.02500000	-18.04039437	24.83689841	25.03543735	-11.89639760	-12.67059066	2.94478928	6.44813926
1.03333333	-18.04732473	24.86238922	25.04875368	-11.94231224	-12.66771598	2.95260354	6.44745257
1.04166667	-18.05806989	24.86990952	25.04880465	-11.92978883	-12.65479637	2.95776681	6.43385094
1.05000000	-17.96598106	24.77236020	24.93931194	-11.93576111	-12.63837708	2.94284143	6.37907812
1.05833333	-18.00806773	24.81192097	24.96668095	-11.94417224	-12.60907011	2.97214790	6.39885950
1.06666667	-18.00491271	24.81014956	24.96673593	-11.92908924	-12.60230098	2.93277160	6.36769944
1.07500000	-18.04462920	24.85613791	24.99401936	-11.94806175	-12.58287683	2.95026271	6.37514913
1.08333333	-18.05583377	24.85524775	25.00514028	-11.94337728	-12.57176188	2.95803285	6.36581778
1.09166667	-18.06400041	24.87898975	24.99215301	-11.97019007	-12.54607429	2.95327411	6.35652976
1.10000000	-18.03321058	24.84917088	24.93945901	-11.96231106	-12.51792126	2.94028823	6.33850460
1.10833333	-18.05899596	24.87355962	24.96529466	-11.95677060	-12.50871932	2.97012098	6.35556291
1.11666667	-18.07676685	24.90101892	24.97854529	-11.96400557	-12.50515879	2.97592174	6.36642946
1.12500000	-18.11604398	24.92339219	25.00348493	-11.95220950	-12.47436034	2.98780686	6.38114085
1.13333333	-17.97571505	24.73539576	24.82978561	-11.86783782	-12.44235617	2.88615077	6.31913750
1.14166667	-18.01760133	24.79076758	24.88716857	-11.88684955	-12.44852233	2.92329202	6.34565646
1.15000000	-18.04455296	24.82657303	24.91755748	-11.90006848	-12.44988811	2.94406856	6.35447037
1.15833333	-18.06554574	24.86512917	24.93524632	-11.92972132	-12.43386244	2.95399845	6.35993186
1.16666667	-18.03173812	24.83224237	24.88859080	-11.93653225	-12.41937864	2.91738535	6.29259504
1.17500000	-18.10532129	24.93671796	24.98933849	-11.98619317	-12.46726383	3.00811765	6.35163348
1.18333333	-17.93160997	24.69781516	24.75169534	-11.90588757	-12.37224485	2.92976598	6.29334656
1.19166667	-17.99125608	24.77036322	24.82163637	-11.92315166	-12.38250153	2.98395616	6.33550094
1.20000000	-18.01746805	24.80968755	24.86221227	-11.92576407	-12.39949153	2.99584313	6.34915374
1.20833333	-18.03878558	24.82392330	24.87400878	-11.90806342	-12.38351142	2.92501010	6.33011215
1.21666667	-18.03885097	24.82273902	24.86474939	-11.90020779	-12.38364315	2.89719235	6.31449642
1.22500000	-18.10361433	24.93238200	24.97042102	-11.96488953	-12.44993965	2.99080286	6.37323205
1.23333333	-18.02001171	24.79996725	24.84288846	-11.89814587	-12.36944178	2.90948327	6.30116165
1.24166667	-18.04389906	24.83210079	24.87262520	-11.90986599	-12.37650784	2.90448891	6.30194085
1.25000000	-18.06826604	24.85545848	24.91023862	-11.90409357	-12.38335030	2.91390802	6.29577598
1.25833333	-18.09371635	24.90175140	24.96716694	-11.94626228	-12.42543279	2.96363727	6.31956656
1.26666667	-18.10603002	24.89012960	24.94294079	-11.89661248	-12.37276360	2.92524591	6.29891941
1.27500000	-18.12921684	24.96375697	25.02283374	-11.95158937	-12.45234230	2.97662579	6.32328390
1.28333333	-18.13075672	24.92647713	24.99739544	-11.90818904	-12.39931983	2.95480733	6.32003576
1.29166667	-18.14405107	24.94742782	25.02278983	-11.91322923	-12.42237919	2.96117279	6.32438235
1.30000000	-18.06465880	24.85835104	24.91992418	-11.88925214	-12.40317907	2.87553748	6.28254362
1.30833333	-18.10513269	24.90681335	24.95811743	-11.90445719	-12.41431162	2.93154152	6.32362819
1.31666667	-18.13057317	24.93324975	24.99676155	-11.89936348	-12.41180162	2.95732546	6.34643394
1.32500000	-18.02478163	24.79458525	24.86514980	-11.85714228	-12.39806324	2.90516715	6.29792591
1.33333333	-18.07454095	24.88068076	24.94833037	-11.91823730	-12.44074351	2.97664374	6.34742862
1.34166667	-18.09101827	24.87448867	24.95210380	-11.88893513	-12.42302372	2.96713806	6.33933424
1.35000000	-18.11707444	24.92488950	25.00196777	-11.92482477	-12.44669966	3.00412537	6.35899308
1.35833333	-18.12969347	24.92199547	24.99016969	-11.91589798	-12.41500250	2.98723118	6.35590241
1.36666667	-18.09929476	24.89774896	24.95752213	-11.90916373	-12.42017751	2.92211471	6.30652594
1.37500000	-18.13058514	24.94267931	25.00000666	-11.93854335	-12.43342175	2.98035902	6.34584412
1.38333333	-18.10329182	24.90090609	24.95178105	-11.90353689	-12.40999773	2.91681325	6.30692711
1.39166667	-17.99107995	24.74394727	24.81577058	-11.85040114	-12.39549910	2.93907154	6.30325298
1.40000000	-18.03911971	24.83218271	24.91218600	-11.89516366	-12.47148715	2.99391313	6.34346686
1.40833333	-18.18319583	24.88614393	25.05571077	-11.83361499	-12.42868237	2.94887069	6.32409320
1.41666667	-18.17887533	24.94537716	25.06840691	-11.88192011	-12.45057971	2.93936627	6.32653346
1.42500000	-18.26266264	25.00135314	25.15301184	-11.88794331	-12.44532154	2.98792599	6.31514277
1.43333333	-18.28087504	25.03717412	25.19577448	-11.89106480	-12.47152710	3.01701098	6.32988985
1.44166667	-18.28262326	25.07482470	25.20265295	-11.92951239	-12.47365479	3.02906380	6.34799482
1.45000000	-18.24014346	25.01908422	25.13682859	-11.90084738	-12.46321581	2.97743104	6.30591382
1.45833333	-18.27348794	25.04928710	25.18563733	-11.90674339	-12.48623664	3.04233542	6.33918168
1.46666667	-18.24610393	25.01846919	25.15406849	-11.89801835	-12.47700370	2.98118915	6.29436139
1.47500000	-18.26335593	25.02730661	25.16573940	-11.89589243	-12.47561624	3.02793604	6.33003878
1.48333333	-18.25981235	25.01727977	25.17369476	-11.88479409	-12.48623910	3.00852003	6.32332490
1.49166667	-18.28731031	25.09590165	25.24746300	-11.94183858	-12.56162304	3.05652231	6.34942977
1.50000000	-18.21349234	24.99527896	25.13673464	-11.92080631	-12.50877656	2.95698580	6.31650093
1.50833333	-18.05427615	24.75668770	24.94485659	-11.80698206	-12.49592776	2.94160166	6.32677338
1.51666667	-18.08784745	24.79471374	24.97542453	-11.81399877	-12.49026466	2.92859963	6.33769419
1.52500000	-18.14754013	24.86472434	25.05725610	-11.81827214	-12.49448112	2.98318858	6.37567233
1.53333333	-18.15510776	24.90423819	25.05832977	-11.86156445	-12.51617052	2.96244722	6.33959972
1.54166667	-18.19708305	24.94372605	25.12127475	-11.87456438	-12.53650006	3.03780897	6.36425146
1.55000000	-18.14577278	24.88376510	25.05848314	-11.87930817	-12.52657815	3.05299552	6.31405420
1.55833333	-18.18919117	24.91607632	25.11287536	-11.88199259	-12.52203350	3.10913439	6.34290613
1.56666667	-18.21481335	24.93156228	25.13630693	-11.88371220	-12.51859555	3.12318252	6.34386170
1.57500000	-18.24232949	24.98919021	25.17927246	-11.91446320	-12.53774665	3.14820144	6.36010003
1.58333333	-18.22772970	24.98765732	25.14415201	-11.92176431	-12.51009083	3.05560429	6.31889833
1.59166667	-18.11051179	24.85002067	24.97791298	-11.89274616	-12.45097055	3.02610550	6.28609435
1.60000000	-18.14549854	24.88275518	25.00920574	-11.88456104	-12.44745454	3.03567190	6.30296584
1.60833333	-18.17850278	24.91480783	25.04533763	-11.88900008	-12.44287374	3.04561217	6.31732546
1.61666667	-18.21100914	24.95431049	25.08765058	-11.88872374	-12.45401911	3.05724430	6.32937549
1.62500000	-18.21782431	24.96234799	25.09191964	-11.88807976	-12.45520105	2.97210482	6.28818711
1.63333333	-18.25348577	24.99391722	25.12681870	-11.88224646	-12.45271754	2.99792743	6.29442152
1.64166667	-18.25627984	25.01176255	25.12007943	-11.89872544	-12.44153460	2.99503884	6.28683954
1.65000000	-18.28900113	25.05928869	25.16253181	-11.92682982	-12.45853517	3.05614749	6.32139983
1.65833333	-18.29168180	25.04224056	25.16303690	-11.91676744	-12.44762340	3.07829229	6.32304583
1.66666667	-18.27439721	25.00790380	25.13908904	-11.91259115	-12.44699235	3.04800275	6.29958600
1.67500000	-18.20343083	24.92625591	25.03738958	-11.94895725	-12.41837732	3.14568424	6.32371742
1.68333333	-18.24281343	24.99369534	25.12489456	-11.98287340	-12.48846702	3.19962589	6.35316792
1.69166667	-18.25273434	24.95687786	25.10749749	-11.91580222	-12.44174224	3.14158379	6.36617542
1.70000000	-18.28896962	24.99231534	25.17648374	-11.92495075	-12.48124625	3.18305674	6.40596896
1.70833333	-18.31489992	24.99458008	25.20937007	-11.89441908	-12.49449090	3.18809220	6.44467909
1.71666667	-18.33372166	25.01845797	25.28037335	-11.88780612	-12.56155433	3.21414069	6.48446715
1.72500000	-18.35361751	25.01902025	25.34319407	-11.88863171	-12.62260892	3.16102400	6.56824464
1.73333333	-18.39446461	25.05528129	25.43262398	-11.89826438	-12.70415922	3.22864714	6.63296621
1.74166667	-18.41797735	25.05996926	25.52785808	-11.88536794	-12.81308680	3.24920755	6.69490352
1.75000000	-18.45852369	25.11451292	25.65121230	-11.93519526	-12.94359461	3.23768071	6.79308334
1.75833333	-18.58355109	25.31213434	25.84252414	-12.11181003	-12.99421346	3.39264568	6.73962826
1.76666667	-18.56598841	25.30550540	25.89056649	-12.15083541	-13.11173433	3.40866557	6.83896950
1.77500000	-18.53732887	25.30027372	25.91509614	-12.21582979	-13.21387447	3.43481812	6.92965853
1.78333333	-18.53617085	25.35245855	25.98594193	-12.32314809	-13.35479804	3.49840140	6.97550778
1.79166667	-18.47879106	25.29374330	25.94513392	-12.37415192	-13.41135267	3.51170504	7.10969556
1.80000000	-18.31209081	25.13783927	25.81482477	-12.44493241	-13.48169208	3.54008455	7.15298048
1.80833333	-18.31746905	25.15099166	25.89659092	-12.52689534	-13.63548645	3.62739000	7.19208317
1.81666667	-18.28179413	25.08953417	25.93450072	-12.58030646	-13.76293468	3.70826254	7.28640725
1.82500000	-18.24596237	25.13847169	26.00810026	-12.75032646	-13.96184984	3.78187129	7.34950803
1.83333333	-18.13120903	25.05117563	25.97566576	-12.85508301	-14.09398358	3.82978070	7.49650488
1.84166667	-18.09320374	25.10602116	26.03521363	-13.04696661	-14.25869138	3.90856290	7.50982928
1.85000000	-17.95647654	24.96808569	25.94202048	-13.07007351	-14.29575126	3.86852812	7.45696322
1.85833333	-17.91908387	25.03250532	25.98086729	-13.30326983	-14.42542403	3.97636578	7.49784082
1.86666667	-17.85550699	25.00243206	25.95736516	-13.40019639	-14.47314018	3.98757062	7.48981735
1.87500000	-17.81365222	25.08780387	25.97930457	-13.68902857	-14.58661934	4.11108086	7.53348643
1.88333333	-17.80675961	25.15169031	26.03748004	-13.81435938	-14.66220461	4.03350528	7.49887292
1.89166667	-17.73845202	25.23474144	26.02916142	-14.12387717	-14.78409569	4.14611774	7.59435151
1.90000000	-17.59391708	25.22123604	25.90017858	-14.42774210	-14.84250427	4.21909914	7.64277737
1.90833333	-17.43071841	25.33915752	25.71931115	-14.93326219	-14.86832711	4.43495614	7.74007679
1.91666667	-17.30869417	25.50028426	25.58557162	-15.45396489	-14.88399898	4.54155979	7.78707123
1.92500000	-16.76705333	25.04380324	24.90335668	-15.57108932	-14.80685180	4.25574770	7.79807045
1.93333333	-16.65005433	25.18748119	24.79364313	-16.03506212	-14.88031187	4.19636081	7.89245181
1.94166667	-16.48430390	25.36106418	24.63281772	-16.73510633	-14.91408516	4.46804616	7.99140888
1.95000000	-16.13235373	25.25835235	24.18071919	-17.24300543	-14.82352222	4.33845999	7.93148022
1.95833333	-15.92897112	25.41071988	23.95252958	-17.92398960	-14.85649978	4.31850538	8.00867406
1.96666667	-15.74079746	25.62267818	23.75399568	-18.69435833	-14.91729852	4.29664546	8.09926705
1.97500000	-15.47133486	25.75750186	23.45039564	-19.49977912	-14.93772902	4.30897706	8.15860709
1.98333333	-15.20843349	25.99104569	23.12554710	-20.42425916	-14.97085745	4.22528876	8.25745462
1.99166667	-15.01106305	26.35983987	22.87529611	-21.43294598	-15.03376990	4.10998658	8.39739779
2.00000000	-14.78179522	26.80316002	22.56875735	-22.64561918	-15.05064015	4.22398477	8.54492245
2.00833333	-14.49585096	27.11631631	22.18378175	-23.69476347	-15.04314446	3.82074526	8.56207798
2.01666667	-14.24145631	27.57678990	21.90251322	-24.96177546	-15.14168801	3.73377246	8.75638153
2.02500000	-13.72865108	27.66644330	21.32319853	-25.99878707	-15.20360126	3.02043303	8.81427876
2.03333333	-13.42812993	28.15456713	21.03159480	-27.35153153	-15.34147308	2.72970592	8.98642141
2.04166667	-13.13225373	28.61120128	20.82372476	-28.60329674	-15.56178062	1.91621517	9.08596389
2.05000000	-12.83352438	29.12324146	20.62903603	-30.00185892	-15.80183386	1.67413805	9.11928280
2.05833333	-12.45229302	29.65341070	20.13801515	-31.43487153	-15.76642885	0.79954223	9.32793807
2.06666667	-12.12929605	30.16706542	19.78483147	-32.82474345	-15.82190014	0.35423389	9.33158507
2.07500000	-11.85850513	30.77444189	19.26117596	-34.19081540	-15.67971863	-0.88144395	9.41154852
2.08333333	-11.36751632	31.08948841	18.74581990	-35.43821699	-15.78291906	-2.26915715	9.53409928
2.09166667	-11.01274136	31.66246954	18.40279539	-36.89534355	-15.88868732	-2.74874538	9.56368431
2.10000000	-10.60816304	32.19876413	17.97609903	-38.33655425	-15.99058585	-3.84830190	9.72974354
2.10833333	-10.04643411	32.47344305	17.31477044	-39.62250022	-15.99683351	-5.04084100	9.80803288
2.11666667	-9.75644337	33.00546158	16.97207655	-40.94047814	-16.03468335	-5.49122768	9.83803218
2.12500000	-9.47439609	33.67621230	16.68241604	-42.30003611	-16.13260454	-6.54095063	10.02637486
2.13333333	-9.16995515	34.25519250	16.28746240	-43.51182545	-16.12807257	-7.25188165	10.10607463
2.14166667	-8.92365381	34.78689943	15.94973944	-44.55327852	-16.09851375	-7.53965040	10.13293722
2.15000000	-8.52371950	35.04217848	15.32017309	-45.32646640	-15.99011188	-8.61998658	10.25722552
2.15833333	-8.33280154	35.51877487	15.04183600	-46.06295943	-15.96427243	-8.66305873	10.29826868
2.16666667	-8.10280838	35.89978567	14.75602819	-46.63857302	-15.99175353	-8.67535913	10.36636310
2.17500000	-7.73619510	35.98134859	14.32387752	-46.86182351	-16.01845790	-9.28605297	10.46127411
2.18333333	-7.57315692	36.28781569	14.14389549	-47.05695790	-16.05812618	-9.22439575	10.51011680
2.19166667	-7.42444924	36.51597916	14.00028691	-47.06579765	-16.16371673	-9.11802123	10.54882619
2.20000000	-7.41295702	36.75504802	13.99410688	-46.77162304	-16.24961020	-9.75910374	10.64810536
2.20833333	-7.38514572	36.94951222	13.91656331	-46.44143069	-16.27362770	-9.43573314	10.63556782
2.21666667	-7.40153342	37.02498304	13.89744082	-45.88038667	-16.29393801	-9.34366836	10.65614070
2.22500000	-7.46156161	37.21200243	13.87423305	-45.19885786	-16.27675240	-10.14882212	10.72490803
2.23333333	-7.49902369	37.43239341	13.80268599	-44.58761087	-16.26194795	-10.08332061	10.75765168
2.24166667	-7.50005712	37.46456570	13.69810082	-43.74455501	-16.22061184	-10.02906728	10.83988890
2.25000000	-7.51740264	37.61172444	13.66851020	-42.96079982	-16.26924469	-10.04542400	10.87894445
2.25833333	-7.11243420	36.93392737	13.16998468	-41.66831815	-16.27308634	-10.96075053	11.03049514
2.26666667	-7.16659249	36.97603496	13.15900734	-40.66123439	-16.32962636	-11.16108192	11.10386158
2.27500000	-7.18410484	36.89502874	13.07554618	-39.50328904	-16.39813274	-11.94791699	11.30198069
2.28333333	-7.19904378	36.79785589	13.00381829	-38.30324628	-16.48236330	-12.56221138	11.49776679
2.29166667	-6.93399956	36.32403084	12.56315813	-36.98288954	-16.44835723	-13.27252046	11.65325898
2.30000000	-6.87863743	36.12808206	12.50750251	-35.74574950	-16.62025880	-14.11460199	11.87413080
2.30833333	-6.68370575	35.71442411	12.16271507	-34.45859934	-16.59497285	-14.63287639	12.00591190
2.31666667	-6.73329799	35.59149016	12.17325237	-33.15638109	-16.77300109	-15.60126961	12.29516801
2.32500000	-6.68372008	35.30145724	12.07522716	-31.81442749	-16.95958333	-16.49141607	12.56870381
2.33333333	-6.48232756	34.81729054	11.73202620	-30.50613059	-16.97753042	-16.84583294	12.69114336
2.34166667	-6.49933286	34.61289918	11.73262384	-29.19318753	-17.23061498	-17.93713831	12.99041806
2.35000000	-6.54314455	34.36618201	11.79160873	-27.86519893	-17.52700759	-18.91546080	13.31413103
2.35833333	-6.52847903	34.08041738	11.80894196	-26.57638434	-17.85743233	-19.83647386	13.64709634
2.36666667	-6.42904103	33.70990685	11.59278043	-25.45756461	-17.93119907	-19.91820275	13.76803956
2.37500000	-6.42655730	33.41494286	11.66325216	-24.21778471	-18.36097705	-20.84609285	14.14793320
2.38333333	-6.38326348	33.06179757	11.65491567	-23.12648709	-18.67843363	-21.18461451	14.39344039
2.39166667	-6.39350416	32.78618118	11.83179447	-22.01325698	-19.26765284	-21.77033215	14.70337462
2.40000000	-6.53268494	32.64728397	12.13355013	-21.04042523	-19.84262223	-22.38503717	15.27740714
2.40833333	-6.66071942	32.52326497	12.27399839	-20.11710981	-20.26620382	-22.70671425	15.69722246
2.41666667	-6.65057257	32.20256641	12.45584156	-19.13066399	-20.91667645	-23.02976183	15.93765876
2.42500000	-6.62420981	31.86139807	12.74314397	-18.23890391	-21.75727954	-23.91444249	16.72144896
2.43333333	-7.10272281	32.17805833	13.53135637	-17.66088467	-22.60731088	-23.81172896	17.17316281
2.44166667	-7.04106556	31.82240837	13.74051003	-16.86840479	-23.42454097	-24.10221832	17.49682064
2.45000000	-7.07530115	31.55695833	13.93085317	-16.12224843	-24.10041406	-24.40533170	17.91179214
2.45833333	-7.54415514	31.94380134	14.81030618	-15.85752828	-25.09841265	-24.33530825	18.68940699
2.46666667	-7.78397817	31.95635951	15.53458216	-15.40363897	-26.19871478	-24.47137439	19.22832635
2.47500000	-7.69039094	31.58977047	15.78583524	-14.87578794	-27.14478698	-24.58324168	19.49376461
2.48333333	-7.63699245	31.25436237	16.07191541	-14.41377428	-28.13756827	-24.77369958	20.01720015
2.49166667	-8.26645446	31.80645886	17.27242538	-14.37317459	-29.44284793	-24.73827630	21.16617630
2.50000000	-8.25151760	31.51768913	17.61412872	-14.04679102	-30.46965894	-24.85768075	21.81637568
2.50833333	-8.40046858	31.45068941	18.11964430	-13.85335240	-31.51224669	-24.89311006	22.48702781
2.51666667	-8.35896641	31.16470251	18.36472801	-13.65891059	-32.47807518	-24.94562836	22.85569678
2.52500000	-8.69690070	31.32249987	19.26305293	-13.58997322	-33.86153342	-25.05740976	23.94552926
2.53333333	-8.59693555	30.98750370	19.53177227	-13.51026394	-34.93716773	-25.12564948	24.28350571
2.54166667	-9.11409202	31.38836644	20.59657168	-13.60396269	-36.29886262	-25.33262245	25.38917991
2.55000000	-9.00108272	31.04264720	20.81791013	-13.60896876	-37.39228232	-25.42255934	25.80712867
2.55833333	-9.50193030	31.39465093	21.70639737	-13.67499283	-38.60659528	-25.72005825	26.97892476
2.56666667	-9.61096855	31.28927022	22.29219909	-13.74785041	-39.90053026	-26.01796656	27.72530157
2.57500000	-9.52251509	30.92529756	22.62327226	-13.84670414	-41.08435871	-26.19662128	28.53768582
2.58333333	-9.51766630	30.68130443	22.77411624	-13.93262054	-41.99172372	-26.35225393	28.93482893
2.59166667	-10.12731024	31.11891702	24.03468423	-14.13974936	-43.47897494	-26.83932360	29.90854172
2.60000000	-10.06649638	30.78281711	24.28301836	-14.27264603	-44.53957091	-27.13879667	30.62107638
2.60833333	-10.30103990	30.82849224	24.67733502	-14.42259723	-45.49401938	-27.50970649	31.32498789
2.61666667	-10.29558943	30.59186024	24.96230679	-14.64355818	-46.57240428	-27.76257959	31.90103175
2.62500000	-10.34999106	30.32211305	25.41955752	-14.82086331	-47.74857060	-27.97491324	32.70847397
2.63333333	-10.38354177	30.09169074	25.63023623	-14.98120325	-48.72354086	-27.86013503	32.99209765
2.64166667	-10.77671453	30.28664140	26.35533367	-15.22414007	-49.89481289	-26.74137532	33.94105773
2.65000000	-11.35659816	30.80651103	27.40143112	-15.71832870	-51.19276983	-25.16567481	34.49270670
2.65833333	-11.34840178	30.54342053	27.72413785	-16.00146719	-52.33724203	-23.51255280	35.06380977
2.66666667	-11.79350622	30.90440590	28.50922677	-16.55841026	-53.50372819	-20.97767777	35.57108886
2.67500000	-11.83679475	30.76755236	28.73154169	-16.85550764	-54.52732879	-18.80460842	36.07111707
2.68333333	-11.84275217	30.62071990	29.05770990	-17.21923762	-55.67637642	-16.74329548	36.47503824
2.69166667	-11.85552631	30.54009068	29.29745013	-17.63640858	-56.72902216	-14.84362336	36.80166573
2.70000000	-12.40301484	31.21210225	30.22805628	-18.25457650	-58.00739896	-12.91711243	37.10253048
2.70833333	-12.32599219	31.12501982	30.42275389	-18.71146384	-59.14382184	-11.26148272	37.25663951
2.71666667	-12.19286030	31.02122797	30.57753026	-19.17958879	-60.31950716	-9.69886030	37.23202220
2.72500000	-12.13395206	31.07100989	30.77234017	-19.74585167	-61.53268896	-8.21652500	37.12131070
2.73333333	-12.59573624	31.73817559	31.84255193	-20.28611121	-63.13365645	-7.23387123	36.70868796
2.74166667	-12.36757338	31.61156104	31.99292214	-20.90123311	-64.51911244	-5.92735594	36.27191803
2.75000000	-12.10166658	31.43553567	32.29084150	-21.45642052	-66.11106325	-4.65529068	35.55790318
2.75833333	-12.09699625	31.57968419	32.99523935	-21.98554117	-67.84609552	-3.80371610	34.30392565
2.76666667	-11.88591923	31.46610512	33.48932794	-22.58439354	-69.66179426	-2.76774103	33.28464253
2.77500000	-11.73656136	31.40755578	34.12868766	-23.17499115	-71.57148604	-1.84874208	32.07512963
2.78333333	-11.61663608	31.32046200	34.92726861	-23.66338803	-73.54412881	-0.83026987	30.28605267
2.79166667	-12.13195230	32.09135266	36.66111477	-24.37081245	-75.70869364	-0.36936770	28.01444617
2.80000000	-11.80720623	31.86302590	37.40733595	-24.97462526	-77.76675793	0.33389167	26.22691212
2.80833333	-11.49844382	31.69033018	38.22654197	-25.64507706	-79.77773952	0.94377428	24.27580510
2.81666667	-11.43407437	31.76673760	39.40184477	-26.30825930	-81.74937140	1.35233645	21.98920138
2.82500000	-11.09401316	31.55416908	40.16089102	-27.04284069	-83.50947813	1.89400243	20.07638763
2.83333333	-10.65320507	31.40994911	40.80529546	-27.78586587	-85.18512580	2.33930082	18.06843613
2.84166667	-10.11932762	31.00262795	41.28002251	-28.34903227	-86.63774097	2.65589235	16.11249962
2.85000000	-9.75251689	30.65126131	41.91395389	-28.84369583	-87.91743681	3.09806765	14.86569844
2.85833333	-9.44475501	30.26578153	42.54740219	-29.15335507	-89.00883454	3.54962801	14.01465943
2.86666667	-9.14111521	29.86129046	43.17338781	-29.39280148	-89.86997974	3.73841845	13.83310361
2.87500000	-8.44746386	28.93080994	43.23244426	-29.45506566	-90.35304096	4.20860549	13.21039836
2.88333333	-8.30753783	28.53931410	43.81800663	-29.46460557	-90.69375366	4.58041487	13.57546598
2.89166667	-8.29483522	28.29028933	44.54057099	-29.45221056	-90.91387291	4.92843897	14.01645796
2.90000000	-8.21688713	27.95977456	45.17814562	-29.37782958	-90.92167453	5.03503796	14.16581628
2.90833333	-8.20016112	27.80264521	45.77789088	-29.42267948	-90.72848467	5.43853766	14.44537338
2.91666667	-8.12245900	27.46864067	46.34867275	-29.34889040	-90.37220671	5.57382238	14.49542513
2.92500000	-8.02568517	27.16499074	46.78123113	-29.34825632	-89.82502906	5.84018950	14.37243606
2.93333333	-7.98850206	26.84664918	47.26409840	-29.29935446	-89.13669087	5.89509994	14.36693284
2.94166667	-7.94641328	26.54163887	47.72437928	-29.22030518	-88.32297862	5.98920365	14.29524887
2.95000000	-7.63912152	25.93097578	47.82530326	-29.06330075	-87.30025476	6.19493288	13.68915717
2.95833333	-7.57451041	25.59323483	48.10188840	-28.96026812	-86.12562953	6.32357405	13.14697678
2.96666667	-7.28437126	24.94489624	48.10871165	-28.76163104	-84.83881814	6.34255376	12.77151457
2.97500000	-7.31001034	24.68988500	48.44247022	-28.69914132	-83.40277091	6.51464237	12.00653655
2.98333333	-7.30299821	24.39888305	48.66980294	-28.60330445	-81.81605051	6.67620361	11.15057423
2.99166667	-7.36058653	24.07340164	48.85033090	-28.39658539	-80.05393125	6.83670912	10.16855680
3.00000000	-7.11368260	23.51527407	48.66517615	-28.24699559	-78.18751609	6.85675780	9.16624222
3.00833333	-7.11335467	23.28960636	48.70820229	-28.23124964	-76.15189730	7.03119449	7.66333758
3.01666667	-7.18500037	23.14108755	48.70140905	-28.23313195	-73.98874488	7.21795472	5.98045894
3.02500000	-7.23190986	22.92989958	48.60387764	-28.19021992	-71.66233626	7.42032330	4.12334458
3.03333333	-6.90530407	22.33340542	48.04100731	-28.21414917	-69.14454784	7.56174278	1.71586440
3.04166667	-6.85103803	22.10634829	47.75497742	-28.36880734	-66.59975738	7.85457598	-0.68285969
3.05000000	-6.89173161	21.98760169	47.42272217	-28.49658137	-63.91456096	8.15252086	-2.96420975
3.05833333	-6.82768942	21.81639490	46.94102499	-28.74118009	-61.14771155	8.47417795	-5.49683862
3.06666667	-6.68010111	21.57759912	46.31177218	-29.02679263	-58.27393111	8.80591302	-8.07096625
3.07500000	-6.61129097	21.38804112	45.64435065	-29.34811365	-55.30392829	9.18545131	-10.52557403
3.08333333	-6.51256373	21.29240942	44.87886855	-29.81805606	-52.32095793	9.58547349	-12.97832111
3.09166667	-6.40667076	21.14176633	44.09576168	-30.22611413	-49.32096103	10.03089997	-15.17563884
3.10000000	-6.31751085	21.03685072	43.27053266	-30.69484076	-46.33402281	10.49573375	-17.18004647
3.10833333	-5.69221240	20.24447573	41.68780846	-31.03909069	-43.29519290	10.89021432	-18.61589473
3.11666667	-5.72973735	20.31231352	40.92372451	-31.61855816	-40.42082813	11.43270234	-20.14038736
3.12500000	-5.45699092	20.00608917	39.75912681	-32.18540303	-37.66748679	12.01362361	-21.10794598
3.13333333	-5.58592149	20.17204080	39.07542608	-32.82288313	-35.13643061	12.59471754	-22.11035674
3.14166667	-5.63856741	20.27134776	38.34351512	-33.51123716	-32.71873465	13.20980179	-22.91715437
3.15000000	-5.59577472	20.27328897	37.44127995	-34.22494767	-30.62929475	13.80231672	-23.55488440
3.15833333	-5.57948947	20.35848860	36.66288444	-35.01586826	-28.65157582	14.47373897	-24.43986161
3.16666667	-5.62413832	20.51829258	36.03242459	-35.87015614	-27.05697903	15.10127314	-25.17566075
3.17500000	-5.59873568	20.62782076	35.26991178	-36.76192247	-25.57336586	15.70099708	-26.00110554
3.18333333	-5.60106338	20.79280288	34.58897981	-37.72318967	-24.27575847	16.24856350	-26.82920718
3.19166667	-5.67298741	21.03983849	33.97513913	-38.70825437	-23.17016169	17.00105590	-27.55077417
3.20000000	-5.74745500	21.32935291	33.39713213	-39.75088544	-22.19171790	17.63333222	-28.19839204
3.20833333	-6.01292164	21.77866276	32.90771141	-40.80756627	-21.24896484	18.31203149	-28.69295472
3.21666667	-6.41414150	22.50120560	32.66419406	-41.99968412	-20.27763873	19.05465757	-29.24622383
3.22500000	-6.59024524	22.85536954	32.07382214	-43.02721548	-19.49206675	19.76639930	-29.45234086
3.23333333	-6.83542828	23.31846910	31.57803671	-44.10277657	-18.77089712	20.46473684	-29.56347594
3.24166667	-7.12308937	23.79522244	31.14229393	-45.15673421	-18.09767785	21.21660778	-29.67241842
3.25000000	-7.30236509	24.07481917	30.57291959	-46.08543925	-17.45531609	21.65496978	-29.58577453
3.25833333	-7.79863794	24.86169805	30.45688485	-47.31268480	-17.02154778	23.03001876	-29.86686347
3.26666667	-7.97699745	25.19630220	29.99688539	-48.34729790	-16.62035773	23.74204144	-29.79364072
3.27500000	-8.37185350	25.77119264	29.80077506	-49.41520998	-16.42086229	24.62771490	-29.20113421
3.28333333	-8.37431051	25.92474827	29.32276337	-50.41995610	-16.22100912	25.31675101	-28.20241625
3.29166667	-8.66993830	26.38641333	29.13836957	-51.47410076	-16.25981721	26.06265795	-26.34360292
3.30000000	-8.79975158	26.63398975	28.66588661	-52.48240324	-16.10079397	26.76799951	-24.24727521
3.30833333	-9.06339931	27.02739915	28.41333399	-53.50306907	-16.12651422	27.40702498	-21.49169760
3.31666667	-9.77555490	27.99380963	29.03478700	-54.66322589	-16.79859072	28.29366870	-18.45076356
3.32500000	-9.89106685	28.21789851	28.78008356	-55.66116743	-16.95701328	28.81286214	-15.70097101
3.33333333	-10.22355450	28.73293659	28.97784521	-56.74133453	-17.38129841	29.43073413	-13.18358180
3.34166667	-10.28456864	28.89056764	28.80140774	-57.72519760	-17.69776845	29.94693954	-10.99804382
3.35000000	-10.38127657	29.12202581	28.79123224	-58.80863130	-18.12911580	30.33223917	-8.80569926
3.35833333	-10.40750760	29.34506638	28.84597107	-59.95363499	-18.66666595	30.61296997	-6.82130590
3.36666667	-11.15641562	30.49129540	29.87414676	-61.33986868	-19.39353646	31.07528507	-5.02199370
3.37500000	-10.95714583	30.51336427	29.82030946	-62.56264225	-20.14448759	31.07178480	-3.40799000
3.38333333	-10.83744946	30.65966186	29.81726347	-63.85148656	-20.84323180	30.92945249	-1.65971105
3.39166667	-10.72693140	30.94128122	29.90527706	-65.31033893	-21.64325047	30.58912151	-0.05282291
3.40000000	-10.56997676	31.24040400	29.95075970	-66.87274597	-22.44757698	29.97752851	1.38857303
3.40833333	-10.90473741	32.29952152	30.65848820	-68.65465303	-23.38100930	28.74507084	2.45910544
3.41666667	-10.58601892	32.63099243	30.51393226	-70.41651017	-24.21787589	27.76370874	3.69074839
3.42500000	-10.20283535	32.99998820	30.35155864	-72.29040998	-25.02819904	26.41030856	4.84177033
3.43333333	-10.41746821	34.18184143	30.70091584	-74.23025852	-25.88933931	23.99617037	5.80816635
3.44166667	-10.09072084	34.79928165	30.55401605	-76.24933266	-26.67004101	22.41775228	6.65616652
3.45000000	-9.75954613	35.51385720	30.44040601	-78.21669291	-27.43422103	19.79442645	7.26022483
3.45833333	-9.33670539	36.16577334	30.25121373	-80.20103254	-28.23213704	17.94158740	7.86267053
3.46666667	-9.25040946	37.25726687	30.14992452	-82.07374722	-28.82767950	15.06289150	8.40646683
3.47500000	-8.76809386	37.89609269	29.71344883	-83.86753229	-29.35364929	13.08042425	8.84384268
3.48333333	-8.23809348	38.46192255	29.11964008	-85.47580898	-29.69579905	11.08113298	9.25917166
3.49166667	-7.67041378	38.92218691	28.16529247	-86.78794118	-29.78977689	8.73420171	9.66228764
3.50000000	-7.41143765	39.70880441	27.62548095	-88.06348665	-29.84070941	7.72098558	10.07195629
3.50833333	-7.00803045	40.31810248	26.93653411	-89.15087682	-29.74909912	7.16060614	10.38637226
3.51666667	-6.85460762	41.10295795	26.31158061	-89.91700281	-29.54464156	7.07202933	10.71776437
3.52500000	-6.57774035	41.68357338	25.76186474	-90.44930732	-29.40830746	7.35596179	10.94589406
3.53333333	-6.49151736	42.40779384	25.25217199	-90.72055039	-29.12725021	7.78466484	11.17393327
3.54166667	-6.21619861	42.84260256	24.41319768	-90.73546566	-28.67885144	8.32557141	11.34251396
3.55000000	-5.88443774	43.12806237	23.54129595	-90.45620474	-28.26406125	8.54179656	11.51794597
3.55833333	-5.50914921	43.26541824	22.75775371	-89.95113805	-27.92134228	8.28849215	11.62299171
3.56666667	-5.29612065	43.57029429	22.01271063	-89.32816897	-27.44720822	7.87459528	11.72497236
3.57500000	-4.96506776	43.67931624	21.28712184	-88.48050259	-27.12076325	6.85653393	11.75762653
3.58333333	-5.02535172	44.23059246	20.92275650	-87.65490683	-26.78634954	7.04495436	11.86908055
3.59166667	-4.52299733	43.93791208	19.94837191	-86.32951690	-26.35758098	4.99292590	11.88050270
3.60000000	-4.61394811	44.37147589	19.57300765	-85.13879119	-25.94277756	5.13205081	11.95630069
3.60833333	-4.34735666	44.24382581	18.85793985	-83.55916671	-25.55548886	2.87476020	11.97937262
3.61666667	-4.45593736	44.59090242	18.62893705	-82.11790630	-25.31107394	2.84595717	12.04323849
3.62500000	-4.28895660	44.41568629	17.89226297	-80.25834669	-24.73347957	0.44903583	11.97975609
3.63333333	-4.45769289	44.61556163	17.64697567	-78.50241506	-24.34486157	0.11649169	12.06368531
3.64166667	-4.60796688	44.73650561	17.36428005	-76.60432069	-23.92774958	-0.71899092	12.10722361
3.65000000	-4.67354446	44.64414309	17.07791203	-74.52869854	-23.66689012	-2.12031395	12.12126626
3.65833333	-4.58852969	44.26703552	16.53785308	-72.20712417	-23.20519603	-5.20437214	12.00654518
3.66666667	-4.77903446	44.20589908	16.32791156	-69.95957844	-22.90594799	-6.60239170	12.11541817
3.67500000	-4.86545149	43.96763004	16.09563846	-67.59251610	-22.69595033	-8.20794082	12.24143698
3.68333333	-4.49970341	43.00133543	15.24432151	-64.90881952	-22.24775919	-11.57547728	12.07919315
3.69166667	-4.68700672	42.70136792	15.14011266	-62.35474891	-22.17835308	-13.27148316	12.33243849
3.70000000	-4.75764087	42.20248354	15.02688195	-59.69632254	-22.24603047	-15.11190364	12.63372087
3.70833333	-4.41183182	41.02966646	14.34645651	-56.76404522	-22.16862070	-18.29826262	12.84772904
3.71666667	-4.56473627	40.52146647	14.30075047	-54.04337301	-22.28543764	-20.05659588	13.24050250
3.72500000	-4.57017115	39.75567124	14.18355333	-51.22520647	-22.56118188	-21.84883258	13.70742625
3.73333333	-4.60101639	38.93499141	14.05564742	-48.33233608	-22.83235600	-23.51239892	14.20366173
3.74166667	-4.51287169	37.95376232	13.87425659	-45.43700033	-23.24596513	-25.02982200	14.75463494
3.75000000	-3.84120558	36.19051686	12.93649459	-42.52913119	-23.43376943	-25.21424353	15.15172709
3.75833333	-4.02610868	35.47195818	13.16570725	-39.72504591	-24.08105877	-26.53533025	15.79467350
3.76666667	-3.97703913	34.50642141	13.13790079	-37.16964308	-24.71819358	-25.77634298	16.46537236
3.77500000	-4.06789653	33.67745369	13.41232211	-34.61784403	-25.58291984	-25.93904153	17.16282384
3.78333333	-4.22707123	32.92981063	13.77791934	-32.11992826	-26.56825545	-26.03307451	18.00234345
3.79166667	-4.59203529	32.42354111	14.36971251	-29.89073149	-27.55120738	-25.77532744	18.76416288
3.80000000	-4.83474929	31.86469025	15.01944086	-27.76220121	-28.83142693	-25.68396980	19.69007930
3.80833333	-5.21605209	31.57917648	15.81153435	-25.96969580	-30.10007695	-25.41950151	20.55995341
3.81666667	-5.48603508	31.15613243	16.43051809	-24.27650556	-31.32257834	-25.25302977	21.43123805
3.82500000	-5.80933566	30.87880115	17.09995537	-22.86871900	-32.55746648	-25.12640456	22.32124578
3.83333333	-6.04516739	30.50322886	17.76628980	-21.48878529	-33.97111984	-25.52917612	23.33294183
3.84166667	-6.41573005	30.36243539	18.51150281	-20.47007805	-35.30256667	-25.65573464	24.35555099
3.85000000	-6.94816420	30.46856120	19.62540640	-19.73988352	-36.93354384	-25.56218398	25.31388240
3.85833333	-7.03691429	30.03689660	20.08983509	-18.93524493	-38.31560188	-25.98898817	26.30152702
3.86666667	-7.08689216	29.56959406	20.45035092	-18.27723310	-39.60127422	-26.15628477	26.80470221
3.87500000	-7.96410323	30.09810373	22.03439318	-17.96163023	-41.50705988	-26.55391194	28.49295430
3.88333333	-8.37492069	30.09220225	22.91193311	-17.64049016	-43.02791545	-26.92102866	29.49700052
3.89166667	-8.41406441	29.64696408	23.22286832	-17.36701297	-44.30640869	-27.29460562	30.44357647
3.90000000	-8.89142073	29.69030609	24.22871095	-17.25802844	-45.93431492	-27.41358198	31.51048620
3.90833333	-8.99192525	29.34380957	24.62896545	-17.17958373	-47.27419213	-27.06300718	32.48058453
3.91666667	-9.47975916	29.43431728	25.58419074	-17.26002333	-48.81707710	-25.97300462	33.48088887
3.92500000	-9.58318488	29.05374114	26.02670560	-17.30092386	-50.21019009	-24.39438791	34.46273217
3.93333333	-10.11596344	29.26503903	27.05106296	-17.62268079	-51.77340119	-21.90601899	35.43294866
3.94166667	-10.19801118	28.86797689	27.41237112	-17.74797691	-53.07152810	-19.32802921	36.26342696
3.95000000	-10.73106191	29.14068046	28.43679642	-18.19254096	-54.63963647	-16.22112496	37.13792260
3.95833333	-10.83965257	28.86719365	28.66063869	-18.39793660	-55.77672907	-13.64496341	37.88120982
3.96666667	-11.12005408	28.96201389	29.20381323	-18.81257084	-57.06911703	-11.10723516	38.48674711
3.97500000	-11.13573849	28.80290761	29.49367227	-19.25574479	-58.35172929	-9.01738330	39.06786054
3.98333333	-11.66044830	29.35861613	30.37318755	-19.84431565	-59.72148614	-6.93312346	39.35819614
3.99166667	-11.63207180	29.44157001	30.75151040	-20.50500735	-61.18639061	-5.09679617	39.64408676
4.00000000	-12.23158679	30.31987295	31.81829139	-21.25649207	-62.72249954	-3.66052671	39.50853343
4.00833333	-12.07423461	30.33797079	31.98423543	-22.00151449	-64.20984520	-2.08474866	39.42670742
4.01666667	-12.56287583	31.03274014	33.07556068	-22.71115712	-65.96595393	-1.04454881	38.86399765
4.02500000	-12.39021208	30.99473779	33.50997048	-23.45870913	-67.77317813	0.34284198	38.29687672
4.03333333	-12.58250351	31.47477242	34.61387860	-24.22022259	-69.86775650	1.15328130	37.09465980
4.04166667	-12.62818453	31.73377490	35.48535457	-25.00367689	-71.84009975	2.09355115	35.74654130
4.05000000	-12.42215856	31.67840987	36.08873122	-25.65607974	-73.89059073	2.90299394	34.45895616
4.05833333	-12.27358571	31.60670344	36.85762055	-26.27419223	-75.95373964	3.61471307	32.87439389
4.06666667	-12.47060436	31.95381023	38.20925908	-26.90353656	-78.10922514	3.89449276	30.83879082
4.07500000	-12.11827490	31.66230135	39.00476939	-27.46356905	-80.27310551	4.53246803	29.09376160
4.08333333	-11.74480913	31.35945797	39.64719531	-28.05082457	-82.21893457	5.01909407	27.32095364
4.09166667	-11.41941860	30.87928425	40.40263655	-28.32423401	-84.01384620	5.34124081	25.21267419
4.10000000	-11.02727257	30.36393946	40.96791447	-28.64082388	-85.64191775	5.82308349	23.53369147
4.10833333	-10.62872297	29.82893399	41.51197805	-28.91133741	-87.09256633	6.22841379	21.91913670
4.11666667	-10.26126680	29.22815218	42.03746433	-29.00066129	-88.30797358	6.58256339	20.48333136
4.12500000	-10.16191126	28.72488788	42.62120857	-28.89750417	-89.18258930	6.80336820	19.83399917
4.13333333	-9.96173642	28.14069658	43.16447220	-28.71941314	-89.87254776	7.07152653	18.48985366
4.14166667	-9.89408707	27.67056008	43.70043648	-28.51916611	-90.26783672	7.35838588	18.08252343
4.15000000	-9.62840515	26.96821562	44.13166496	-28.21579400	-90.49329554	7.54095535	17.90493363
4.15833333	-9.67622922	26.44991801	44.59029995	-27.80686533	-90.28766064	7.68063737	17.97605614
4.16666667	-9.66473296	25.96200859	45.01455742	-27.51067694	-89.88108474	7.90089332	17.94201154
4.17500000	-9.63918233	25.38140731	45.41904804	-27.01161799	-89.34246178	7.99820382	17.85911749
4.18333333	-9.69320274	24.95803112	45.83356090	-26.66230181	-88.61940986	8.08658099	17.79642063
4.19166667	-9.81142386	24.44792497	46.15993122	-26.15473460	-87.60823035	8.22386341	17.53887468
4.20000000	-9.78721278	23.89617571	46.29664340	-25.76884296	-86.42838461	8.37384216	16.85240320
4.20833333	-9.93521391	23.49098022	46.67165923	-25.30625660	-85.20957931	8.46607095	16.61120990
4.21666667	-9.96391708	23.03140482	46.85168565	-24.97093257	-83.79863668	8.67163528	15.63481456
4.22500000	-9.78369898	22.20903993	46.66457242	-24.45077836	-82.13428823	8.94092009	14.73554953
4.23333333	-10.01413905	21.89765222	46.94296365	-23.99094828	-80.49428927	9.01733524	14.26817606
4.24166667	-10.09484521	21.56230534	47.06005156	-23.71304288	-78.69227524	9.13882078	12.89736610
4.25000000	-10.14679290	21.13146785	47.04493644	-23.33724443	-76.75981486	9.27647245	11.60456916
4.25833333	-10.30770273	20.67341341	47.12644426	-22.79466632	-74.72323385	9.44080929	10.30852198
4.26666667	-10.44489482	20.39156584	47.04107268	-22.54942809	-72.52390055	9.56318383	8.62896885
4.27500000	-10.28511233	19.79367233	46.53620597	-22.35492868	-70.10472250	9.93780757	6.62415408
4.28333333	-10.47095619	19.56060643	46.43202096	-22.12682425	-67.70374273	10.11889519	4.75659501
4.29166667	-10.52874590	19.30389911	46.20744954	-22.02788317	-65.21885347	10.33902440	2.71527657
4.30000000	-10.27942540	18.58203938	45.38953890	-21.83126423	-62.46192565	10.62947633	0.52493188
4.30833333	-10.33132350	18.24813491	45.00769854	-21.71688612	-59.73434661	10.89603228	-1.72721262
4.31666667	-10.00699585	17.45647464	44.01089202	-21.57726561	-56.77045402	11.28192594	-4.07438125
4.32500000	-10.15681489	17.25281662	43.64434406	-21.56914490	-53.90241744	11.64949551	-6.33813168
4.33333333	-10.24309755	17.01404724	43.04980579	-21.66204546	-50.88227398	12.07408112	-8.66023790
4.34166667	-10.19557081	16.66741973	42.33992044	-21.81171756	-47.86834399	12.54849371	-10.89454499
4.35000000	-10.16625913	16.36614273	41.51415662	-22.05186972	-44.81222828	13.06753247	-12.92715076
4.35833333	-9.62499007	15.49360053	40.04593032	-22.28247096	-41.69256741	13.66577525	-14.56925185
4.36666667	-9.35109467	14.96084126	38.87179542	-22.60771831	-38.67718909	14.31534662	-16.05507006
4.37500000	-9.39073709	14.84614216	38.10110476	-23.08495406	-35.85091375	14.92010418	-17.43414215
4.38333333	-9.49782252	14.89510010	37.48921726	-23.69926004	-33.13426956	15.55407102	-18.88549515
4.39166667	-9.39419583	14.63618748	36.50148892	-24.22127136	-30.53938715	16.12961712	-19.71828389
4.40000000	-9.50767920	14.74414211	35.86923336	-24.94566483	-28.03592537	16.82563314	-20.83730570
4.40833333	-9.35454848	14.48947861	34.99981998	-25.58678860	-25.86224991	17.44344624	-21.58086100
4.41666667	-9.57291001	14.73494336	34.43465853	-26.45536134	-23.67387691	18.20467325	-22.46705759
4.42500000	-9.72393091	14.93581353	33.94723918	-27.37044824	-21.80876815	19.00333833	-23.32264665
4.43333333	-9.81498177	15.08436102	33.42836925	-28.30397209	-20.08919820	19.82502263	-24.10926215
4.44166667	-10.04641696	15.24662110	33.04313383	-29.12554002	-18.57940293	20.66553881	-24.87362391
4.45000000	-10.32461617	15.67776798	32.82455359	-30.26557160	-17.34540569	21.48763975	-25.53631410
4.45833333	-10.38536676	15.88921222	32.39116574	-31.38158156	-16.22812745	21.93966898	-25.61849211
4.46666667	-10.59123782	16.31190223	32.05281299	-32.68874381	-15.22400417	23.17751198	-26.51692349
4.47500000	-10.89682448	16.82946394	31.87502345	-33.98284018	-14.42080018	23.96782793	-26.88981590
4.48333333	-11.38679820	17.59106313	31.97430755	-35.37700312	-13.83566799	24.80787549	-27.18064454
4.49166667	-11.42164100	17.73781877	31.55210911	-36.54528910	-13.36137792	25.23637684	-27.13474740
4.50000000	-12.02723086	18.72974082	31.82694340	-38.14651879	-13.11542301	26.55485512	-27.50024746
4.50833333	-12.04632174	18.90216793	31.38099087	-39.42549814	-12.93088398	27.30516252	-27.60747451
4.51666667	-12.30730077	19.22862751	31.27661465	-40.63878168	-12.95442731	28.16514031	-27.49531628
4.52500000	-12.57747257	19.70753681	31.24787652	-42.07828970	-13.24568107	29.20466156	-26.74877123
4.53333333	-12.52141796	19.75832610	30.77674518	-43.41500387	-13.58974863	30.06401452	-25.43984512
4.54166667	-12.51270996	19.82978764	30.39819987	-44.73710123	-14.13604988	30.88051844	-23.19494268
4.55000000	-12.51915555	19.90212765	30.07354657	-46.07160132	-14.83818350	31.67068805	-20.43987723
4.55833333	-12.68431829	20.04288873	30.00964812	-47.32700850	-15.66007904	32.47079326	-17.16482263
4.56666667	-12.71805796	20.19669840	29.80904121	-48.80598746	-16.57112644	33.12105577	-13.91368974
4.57500000	-12.73540432	20.39134183	29.64477080	-50.36356726	-17.48236685	33.52240786	-10.76498205
4.58333333	-13.70304257	21.79732697	30.76161996	-52.22417522	-18.64837802	34.00998728	-7.71989525
4.59166667	-13.76414464	22.03891325	30.70333843	-53.85078421	-19.46325996	33.94999127	-5.02097523
4.60000000	-14.19557256	23.02847241	31.20301673	-55.95550111	-20.42119681	33.60485895	-2.65404240
4.60833333	-14.91363382	24.53736938	32.02594933	-58.33846215	-21.33345491	32.78574264	-0.58918634
4.61666667	-14.69734427	24.92541080	31.75777302	-60.54621074	-22.14598567	31.69973773	1.38044948
4.62500000	-15.03363906	26.24134116	32.21695992	-63.09409187	-22.97919118	29.86437261	3.16160558
4.63333333	-14.83311665	26.99801199	31.97107319	-65.68881916	-23.72987792	28.07318594	4.98506617
4.64166667	-14.69404938	27.95294968	31.67143632	-68.42826167	-24.34783505	25.82021550	6.58854562
4.65000000	-14.83042513	29.44498458	31.71787428	-71.23542110	-24.97767856	22.67725483	7.76688641
4.65833333	-14.48573979	30.36177508	31.24922634	-73.94796530	-25.66450399	20.32210802	8.99603315
4.66666667	-14.39343447	31.73841916	30.86002581	-76.72677010	-25.96159262	17.25668170	10.10217180
4.67500000	-14.43275611	33.27567871	30.79799491	-79.28617093	-26.56612184	14.14927290	10.95477253
4.68333333	-14.36863268	34.62974847	30.58657209	-81.64161090	-27.12371730	11.88946906	11.78862600
4.69166667	-13.91205873	35.56938199	29.81384155	-83.73057469	-27.44291316	10.11072253	12.45890512
4.70000000	-13.54956504	36.54176945	29.09397080	-85.58254215	-27.71049416	9.11485991	13.19024400
4.70833333	-12.93414170	37.18879450	28.12184196	-86.97000040	-27.94589970	7.75862756	13.65647111
4.71666667	-12.57373898	37.95281165	27.34263073	-88.07683115	-28.08049171	7.71718622	14.26116275
4.72500000	-11.89989638	38.24400713	25.98535400	-88.59629986	-27.90360229	6.49129458	14.58965573
4.73333333	-11.40111684	38.64929949	24.83439529	-88.90077681	-27.65350161	6.04836411	14.92252867
4.74166667	-10.92125237	39.05310036	23.66287902	-88.93262489	-27.26657003	5.54145318	15.15095199
4.75000000	-10.86919056	39.77446495	22.88556572	-88.71886368	-26.79667826	6.08828106	15.37312626
4.75833333	-10.05993912	39.59884961	21.19275430	-87.98646856	-26.16376085	4.19928369	15.54467522
4.76666667	-10.00949079	40.34592047	20.41746063	-87.38916670	-25.61330432	4.53665911	15.65033543
4.77500000	-9.10991803	39.90729296	18.57784372	-86.22140737	-24.83411819	3.00401781	15.59068465
4.78333333	-9.16537563	40.70469488	17.95150341	-85.25719678	-24.33422087	3.14568538	15.64532514
4.79166667	-8.82115917	40.82383961	16.78185974	-83.81322147	-23.72094210	2.84102309	15.49765205
4.80000000	-8.15786259	40.51540831	15.31006782	-82.14552469	-23.12176724	2.28672678	15.51270852
4.80833333	-8.15820704	41.02371251	14.71693387	-80.52254740	-22.72165107	2.31194597	15.34181872
4.81666667	-7.93996611	41.12535296	13.84017570	-78.60044024	-22.30140438	2.40491376	15.27099943
4.82500000	-8.08342969	41.60998731	13.28811668	-76.64591474	-21.80336776	2.39915218	15.22135445
4.83333333	-7.27770396	40.89865913	11.82222690	-74.38156124	-21.28740451	3.20259793	14.84518412
4.84166667	-7.43295503	41.27806243	11.35043290	-72.08884584	-20.87563649	3.04198507	14.72938862
4.85000000	-6.90945050	40.67464281	10.11325139	-69.39151025	-20.35825493	2.78691634	14.29436947
4.85833333	-7.08054117	40.93148314	9.68477586	-66.81663239	-19.99703841	2.53207429	14.09170306
4.86666667	-6.92860512	40.64864318	8.97229002	-63.99975694	-19.61801803	2.06816995	13.48845618
4.87500000	-6.00840879	39.39770308	7.12889379	-60.88459052	-18.89624657	1.49632922	13.22897681
4.88333333	-6.18727422	39.41748684	6.71397554	-57.91365202	-18.55150377	0.97596335	12.98062204
4.89166667	-5.37474393	38.17843668	5.21287837	-54.64652788	-18.20674378	0.08869444	12.85117738
4.90000000	-5.50977743	38.06366360	4.89418077	-51.59549954	-18.05807993	-0.63707250	12.70000992
4.90833333	-4.99119970	37.11886395	3.57681338	-48.39846437	-17.59577939	-1.31816279	12.61207110
4.91666667	-5.11504479	36.95698139	3.11333000	-45.34794051	-17.33664014	-2.16313405	12.60995581
4.92500000	-5.26580593	36.78862778	2.81348718	-42.32410484	-17.32444495	-2.61805542	12.69218235
4.93333333	-4.11987811	34.96778146	0.73925687	-39.03045590	-16.57818300	-3.43225944	12.50375591
4.94166667	-4.30217056	34.79082292	0.36804353	-36.04672981	-16.40552742	-4.49238145	12.54711179
4.95000000	-3.96153521	34.00817743	-0.72297570	-33.19184309	-15.98600435	-4.54363648	12.53291901
4.95833333	-3.88265378	33.51710697	-1.37567294	-30.35918954	-15.79559776	-5.40035696	12.54305223
4.96666667	-4.06904089	33.40145003	-1.77593834	-27.66630135	-15.63505681	-6.71464675	12.54382102
4.97500000	-3.63951278	32.52703385	-2.91506320	-25.18382207	-15.36427467	-6.28291188	12.51960177
4.98333333	-3.60550687	32.17590605	-3.58790342	-22.85884639	-15.17414544	-6.64915483	12.47690992
4.99166667	-3.53280478	31.80042074	-4.24388873	-20.71213955	-15.07325962	-6.87884216	12.48936938
5.00000000	-3.44701498	31.46468171	-4.87585705	-18.81525187	-15.00871359	-7.00012039	12.47337783
5.00833333	-3.71806780	31.54098768	-5.07651055	-16.94730699	-15.05166744	-7.94426663	12.45736565
5.01666667	-3.69511968	31.47259319	-5.60196621	-15.87848420	-15.08137004	-7.09242179	12.44261422
5.02500000	-3.85936684	31.52528968	-5.79131791	-14.71546193	-15.30315227	-7.04176625	12.40562204
5.03333333	-4.04187697	31.61648214	-5.98207365	-13.74663856	-15.47094660	-7.03102199	12.37871048
5.04166667	-4.27234962	31.68860908	-6.12573012	-12.75865242	-15.68268611	-7.25181524	12.26687646
5.05000000	-4.43938890	31.80988803	-6.22237294	-12.39459990	-16.08727917	-6.75671628	12.13990042
5.05833333	-4.59182086	31.79787237	-6.32717148	-11.87623840	-16.48806098	-6.80821110	11.91086585
5.06666667	-4.80199215	31.85708328	-6.41267396	-11.72417797	-16.85810799	-6.69134102	11.60057027
5.07500000	-4.90619634	31.77389583	-6.47461418	-11.66161236	-17.45450901	-6.92247330	11.32327463
5.08333333	-5.03319209	31.68881927	-6.46707046	-11.69139582	-18.11058746	-7.57190502	10.85980232
5.09166667	-5.23235127	31.68334222	-6.38410432	-11.88172297	-18.80721811	-8.46250732	10.29666120
5.10000000	-5.48262243	31.73694096	-6.13700870	-12.15622427	-19.63477866	-9.47757262	9.59068732
5.10833333	-5.83735173	31.91180553	-5.67131065	-12.41528268	-20.65186849	-10.49212363	8.87055913
5.11666667	-5.93945329	31.81416227	-5.38039215	-12.76625099	-21.80446963	-11.22676911	7.80401091
5.12500000	-6.51149072	32.27876659	-4.29158460	-13.10488131	-23.35718336	-11.97646127	6.75079416
5.13333333	-6.60582963	32.23968211	-3.59909723	-13.51876641	-25.05068727	-12.14956642	5.30373264
5.14166667	-6.86113858	32.41146984	-2.64075997	-14.01757215	-26.89237484	-12.07830462	3.59885257
5.15000000	-7.54475883	33.03178450	-0.84301440	-14.47552673	-29.21235384	-12.11364918	1.75845030
5.15833333	-7.48543082	32.84901671	0.07786382	-15.04842738	-31.35280900	-11.60584449	-0.43947144
5.16666667	-7.99028320	33.30097770	1.77936861	-15.63733676	-33.68617362	-11.41080121	-2.88083874
5.17500000	-8.18047945	33.34583435	3.19980823	-16.17210019	-35.98544582	-10.93549184	-5.42313581
5.18333333	-8.04708816	33.00245408	4.28006017	-16.67135881	-38.22865114	-10.16213905	-7.79595331
5.19166667	-8.49206038	33.27749046	6.01753468	-17.15500243	-40.42901876	-9.82822738	-10.24818821
5.20000000	-8.45174806	32.90297722	7.30491786	-17.42610057	-42.65677300	-9.11116402	-11.95775762
5.20833333	-8.49916851	32.60791138	8.75787074	-17.64834799	-44.87376044	-8.46569425	-13.32807694
5.21666667	-9.45664363	33.38901959	11.35766864	-18.00842820	-47.23550399	-8.19356105	-14.39751056
5.22500000	-10.08084598	33.72004037	13.57370245	-18.22265033	-49.47878618	-7.67041712	-14.79191430
5.23333333	-10.56423112	33.85014830	15.57456749	-18.32663615	-51.56520833	-7.15541403	-14.77763107
5.24166667	-10.69512376	33.50351071	17.15549452	-18.28022768	-53.42741025	-6.62068105	-14.37702217
5.25000000	-11.48288312	34.01635458	19.62025101	-18.46603071	-55.32142639	-6.16711937	-14.44532790
5.25833333	-12.00883351	34.16915812	21.72020826	-18.51275250	-56.99271160	-5.64074420	-14.17788410
5.26666667	-12.45047499	34.18604945	23.63680324	-18.53650393	-58.42829390	-5.09942422	-13.97183028
5.27500000	-12.75540159	34.04864168	25.39164637	-18.53122390	-59.68247010	-4.53494959	-13.86137303
5.28333333	-12.66400577	33.37628975	26.67911326	-18.32579721	-60.77982116	-4.05545299	-13.05092986
5.29166667	-13.08075267	33.37031263	28.45777898	-18.36063484	-61.59638262	-3.47258482	-13.74863888
5.30000000	-13.07989993	32.77364144	29.53214121	-18.22533159	-62.13677144	-2.91508804	-13.30175608
5.30833333	-13.07268344	32.14858875	30.60342268	-18.03308457	-62.49947684	-2.46012304	-12.70234841
5.31666667	-13.08807939	31.64539972	31.44896223	-18.09051357	-62.45068548	-1.75894832	-12.99049485
5.32500000	-13.00590700	30.93288785	32.46261251	-17.84056185	-62.56729910	-1.39644503	-12.20739992
5.33333333	-13.00112929	30.33223181	33.36653681	-17.66963346	-62.39315155	-0.98465188	-11.31270087
5.34166667	-12.87644925	29.67784762	34.01930742	-17.69539059	-61.98771463	-0.23956372	-10.34964332
5.35000000	-12.90373620	29.09409991	34.81396083	-17.49481853	-61.43749170	0.10848813	-9.27090271
5.35833333	-12.90419672	28.40428763	35.58454319	-17.19647203	-60.77212708	0.56904988	-8.03339069
5.36666667	-12.83232253	28.00824503	36.13277897	-17.46011131	-60.00640047	1.27168498	-5.84733421
5.37500000	-12.51862480	26.85133606	36.27488322	-17.00285173	-58.84044232	1.69787946	-4.46021512
5.38333333	-12.03870054	25.45213685	36.32488383	-16.41879997	-57.70931277	2.10373758	-2.56038719
5.39166667	-12.11511823	24.90461620	37.00499935	-16.17305517	-56.43310634	2.50208039	-1.76960068
5.40000000	-11.98550268	24.23658808	37.32167673	-16.09450776	-54.99385645	3.04773690	-0.93783874
5.40833333	-12.07342263	23.69410803	37.93215000	-15.83407249	-53.48335273	3.31231032	-0.56899188
5.41666667	-11.86282902	22.91096946	37.96390670	-15.75754834	-51.74341341	3.96934802	0.13437761
5.42500000	-11.43771860	21.70679483	37.72353920	-15.43017454	-49.87296653	4.44878336	0.63846762
5.43333333	-10.75152788	20.14833210	37.14638821	-15.01392952	-47.80137361	4.88755929	0.92980278
5.44166667	-10.85952745	19.51259125	37.56874413	-14.65931834	-45.88950228	5.24043168	0.82410787
5.45000000	-10.09364140	17.79774067	36.88060868	-14.11793086	-43.73508328	5.62642103	0.85484749