0.00000000	-20.54441587	26.74994843	24.93258661	-11.46505061	-9.19280368	3.05510120	4.50161593
0.00833333	-20.53872390	26.73092909	25.00540300	-11.47046611	-9.27262445	2.91507984	4.49162310
0.01666667	-20.54556162	26.70202333	25.02515970	-11.46531763	-9.18984825	3.10148992	4.41716099
0.02500000	-20.53263183	26.77665779	24.95009620	-11.54943762	-9.18780902	2.84941215	4.47750459
0.03333333	-20.59696947	26.86754327	25.01990551	-11.57695886	-9.19052202	2.82334829	4.49473644
0.04166667	-20.65390046	26.93744624	25.11333761	-11.58397486	-9.26992708	2.80948757	4.51071292
0.05000000	-20.52192734	26.76257082	24.90880671	-11.52800590	-9.15622860	2.81437065	4.49460505
0.05833333	-20.37937156	26.54917746	24.65772408	-11.43488942	-8.99093737	2.79489793	4.43851693
0.06666667	-20.58245968	26.81589084	24.97795369	-11.54704761	-9.16042066	2.86980556	4.47649813
0.07500000	-20.61723331	26.83761987	25.03857365	-11.55030237	-9.19555407	2.94560866	4.51446973
0.08333333	-20.61366021	26.82896623	25.03172199	-11.55671883	-9.22201382	3.04008827	4.51973929
0.09166667	-20.53918947	26.69763361	24.88527133	-11.46527848	-9.08863540	3.03616431	4.53722489
0.10000000	-20.53059920	26.69919853	24.82154405	-11.48598962	-9.06283961	3.07599855	4.50053537
0.10833333	-20.67312803	26.87067520	25.08510408	-11.53257409	-9.20891981	3.15559847	4.54887440
0.11666667	-20.52525385	26.65784263	24.81298879	-11.44139502	-9.02802140	3.12767097	4.51707306
0.12500000	-20.76751115	26.99971677	25.22891961	-11.59595576	-9.29405572	3.11601426	4.58480574
0.13333333	-20.61199185	26.79411662	24.96019682	-11.51901287	-9.14977299	3.07335729	4.54237131
0.14166667	-20.57727073	26.74645527	24.90066234	-11.50604037	-9.10771891	3.03012281	4.53224054
0.15000000	-20.53633272	26.70672715	24.87327610	-11.51046391	-9.12842329	2.98899706	4.53055460
0.15833333	-20.72812617	26.96839268	25.17260465	-11.61517894	-9.30150626	3.03090991	4.58539669
0.16666667	-20.59660330	26.79253901	24.96541933	-11.54142765	-9.19392417	2.99962064	4.55723960
0.17500000	-20.51844360	26.69633549	24.84143983	-11.52860235	-9.13494351	2.94966097	4.51698206
0.18333333	-20.57004269	26.78576130	24.89768649	-11.57226667	-9.15419157	2.90274502	4.51028806
0.19166667	-20.56598026	26.76827898	24.94530686	-11.57106324	-9.26458314	3.06667146	4.58185121
0.20000000	-20.45345374	26.61067044	24.74671900	-11.51639790	-9.11509407	2.97055864	4.52397209
0.20833333	-20.52136086	26.69397577	24.84236655	-11.55444976	-9.18346240	3.01457435	4.55928068
0.21666667	-20.47655298	26.62658174	24.86202098	-11.56107445	-9.35955257	3.11267369	4.69138020
0.22500000	-20.48563043	26.62688041	24.84589123	-11.55226489	-9.36732296	3.20532382	4.76035957
0.23333333	-20.44987031	26.55403653	24.83115550	-11.51673508	-9.43514150	3.31951354	4.85347051
0.24166667	-20.26195306	26.29429216	24.62810593	-11.45815248	-9.51587632	3.40923042	4.96744389
0.25000000	-20.27474918	26.29007209	24.62645985	-11.43335872	-9.51040400	3.47525948	5.04959216
0.25833333	-20.30263597	26.33294094	24.66618481	-11.45281091	-9.54108482	3.48806918	5.05232446
0.26666667	-20.20356425	26.19331826	24.49748190	-11.40222839	-9.43464928	3.48528747	5.02420347
0.27500000	-20.14374482	26.10202998	24.37324282	-11.34691663	-9.35035601	3.48428578	5.00588032
0.28333333	-20.44563138	26.52142138	24.86909203	-11.53977590	-9.65185567	3.52086517	5.06864229
0.29166667	-20.29234097	26.30448447	24.61086936	-11.45690419	-9.48166800	3.52666055	5.03729164
0.30000000	-20.31375157	26.35256340	24.69105084	-11.49598942	-9.60765243	3.53672377	5.06725300
0.30833333	-20.19172185	26.16925745	24.46487648	-11.41795137	-9.44693565	3.55311484	5.06337492
0.31666667	-20.31375274	26.33034875	24.66781378	-11.46838799	-9.57114859	3.53886667	5.06653615
0.32500000	-20.22019971	26.20572241	24.50907367	-11.41291546	-9.46983527	3.53114095	5.06961385
0.33333333	-20.32281658	26.34020277	24.69723712	-11.48446912	-9.61289097	3.57687410	5.09743462
0.34166667	-20.19626912	26.15870617	24.47953966	-11.40262826	-9.47737309	3.53652300	5.09255695
0.35000000	-20.31044589	26.33141241	24.64044559	-11.46804486	-9.54377200	3.44455251	5.07610459
0.35833333	-20.46132702	26.54915975	24.85566940	-11.58801466	-9.64321423	3.37417985	5.04082860
0.36666667	-20.34714828	26.39450935	24.73338849	-11.50048899	-9.63745696	3.25615182	5.06731889
0.37500000	-20.25818171	26.29947068	24.57904260	-11.48568183	-9.53178928	3.17487660	5.05098493
0.38333333	-20.37260708	26.45018619	24.76154850	-11.52014846	-9.64578125	3.07957491	5.08492463
0.39166667	-20.36192000	26.44278102	24.70359990	-11.51970384	-9.57756662	3.02607375	5.07627750
0.40000000	-20.42796427	26.52145559	24.83442346	-11.54417740	-9.67297427	3.07886634	5.09358113
0.40833333	-20.36990148	26.43876074	24.76694282	-11.53515003	-9.69528245	3.15173427	5.14988263
0.41666667	-20.38220709	26.42585611	24.72753077	-11.50806743	-9.60288140	3.20693494	5.12838706
0.42500000	-20.35001909	26.37309946	24.65189684	-11.47723144	-9.53818193	3.26540165	5.13385023
0.43333333	-20.29271653	26.30503547	24.59111071	-11.47108529	-9.57929131	3.26859304	5.15230051
0.44166667	-20.16396032	26.13954686	24.35091575	-11.41413661	-9.39975281	3.25226318	5.12380280
0.45000000	-20.23873604	26.24587956	24.45387967	-11.45882807	-9.44668611	3.23500730	5.13367502
0.45833333	-20.17572852	26.14818291	24.33540052	-11.40728453	-9.34795011	3.25853115	5.13313934
0.46666667	-20.16694551	26.14768014	24.39164862	-11.43683336	-9.51380551	3.31436113	5.18304006
0.47500000	-20.06743047	26.01119508	24.22316330	-11.36852441	-9.39605392	3.31568654	5.14944159
0.48333333	-20.14050898	26.11264587	24.28289859	-11.40425446	-9.38349841	3.23527487	5.15235472
0.49166667	-20.39945287	26.41484244	24.69999675	-11.45187420	-9.60334233	3.28633906	5.19930082
0.50000000	-20.26403947	26.25127339	24.52344358	-11.42999920	-9.56976684	3.28811253	5.20941622
0.50833333	-20.23794880	26.22659256	24.42516343	-11.41618999	-9.45970242	3.17097192	5.19745179
0.51666667	-20.37921832	26.40523462	24.63650296	-11.45006832	-9.54256231	3.11830348	5.22948030
0.52500000	-20.37246987	26.38480801	24.62395880	-11.43932659	-9.51636540	3.12455981	5.22633232
0.53333333	-20.36940316	26.39136285	24.59779536	-11.45787893	-9.50206325	3.15743311	5.19345666
0.54166667	-20.29032352	26.30884855	24.44890497	-11.43834884	-9.38008401	3.03452672	5.17100676
0.55000000	-20.40741882	26.44886447	24.65171346	-11.46408742	-9.51893991	3.07225326	5.19040365
0.55833333	-20.34663218	26.34194863	24.49643639	-11.39230821	-9.33587299	2.98013399	5.11634607
0.56666667	-20.30523615	26.26870711	24.41848791	-11.33102962	-9.28717903	3.05924036	5.10540924
0.57500000	-20.41833912	26.45188578	24.64085071	-11.46129865	-9.48797058	3.13634390	5.13818571
0.58333333	-20.51907960	26.57347435	24.76583135	-11.51631610	-9.48921315	3.18946831	5.12923730
0.59166667	-20.37814083	26.39724765	24.51184921	-11.45684681	-9.31947207	3.10460002	5.07288670
0.60000000	-20.54367549	26.59652902	24.81265531	-11.51146811	-9.48602279	3.12460576	5.11344282
0.60833333	-20.47264958	26.50706757	24.70023525	-11.46504322	-9.48496843	3.03442685	5.11953354
0.61666667	-20.43985555	26.45047358	24.62249861	-11.43968134	-9.38821422	3.03436541	5.11603232
0.62500000	-20.62774911	26.69974208	24.93782406	-11.51791279	-9.55138709	3.00261352	5.17861017
0.63333333	-20.51964193	26.53790353	24.72013582	-11.44316347	-9.39645654	3.00274741	5.17064872
0.64166667	-20.44207758	26.44490068	24.58555418	-11.41718527	-9.33493113	2.96636655	5.15186518
0.65000000	-20.45888116	26.47441496	24.61483550	-11.43603450	-9.33595411	2.95603998	5.14808978
0.65833333	-20.52131168	26.55010665	24.73973023	-11.46867425	-9.42540578	3.00875100	5.18558375
0.66666667	-20.53886332	26.58281580	24.76842250	-11.48901417	-9.47822395	3.05095094	5.19509038
0.67500000	-20.41551406	26.42009390	24.57260528	-11.43915669	-9.35165764	2.95761089	5.16852555
0.68333333	-20.48332692	26.48349856	24.70617772	-11.45124711	-9.44534903	2.95833239	5.18958817
0.69166667	-20.52303879	26.54262048	24.74651699	-11.46944241	-9.45613632	2.95393818	5.19501866
0.70000000	-20.50581906	26.50393500	24.69960309	-11.45664268	-9.38375030	2.93009649	5.15996302
0.70833333	-20.47952282	26.48938039	24.70596434	-11.47806048	-9.47400490	2.94661450	5.17637986
0.71666667	-20.38107001	26.36999244	24.52388647	-11.45125777	-9.34353777	2.88788022	5.12824606
0.72500000	-20.40984122	26.40076205	24.57908798	-11.48114137	-9.35653028	2.90855526	5.11849970
0.73333333	-20.59354450	26.67120677	24.83955129	-11.53872459	-9.50111434	2.91201545	5.16290966
0.74166667	-20.48064786	26.44176779	24.64807137	-11.39414908	-9.37118973	2.90781574	5.13017140
0.75000000	-20.61491414	26.63802506	24.79635514	-11.49773716	-9.35518625	2.84724177	5.13365527
0.75833333	-20.51763499	26.49474740	24.61328833	-11.44562458	-9.22676289	2.88477023	5.12787053
0.76666667	-20.55682628	26.60047670	24.76566892	-11.57682580	-9.43761189	2.93163430	5.19887924
0.77500000	-20.48057158	26.48350049	24.62842742	-11.52084337	-9.35177213	2.91735968	5.20017278
0.78333333	-20.42870793	26.40251720	24.53630764	-11.48395484	-9.28670899	2.90692484	5.20278530
0.79166667	-20.52648218	26.53363346	24.68291797	-11.55038826	-9.37038661	2.93667165	5.23635921
0.80000000	-20.41664751	26.37394287	24.48717516	-11.47024538	-9.24505677	2.91845630	5.22501890
0.80833333	-20.40170761	26.34113617	24.40751758	-11.43648888	-9.17934381	2.90227088	5.23024796
0.81666667	-20.56507537	26.54833326	24.65864066	-11.48743714	-9.32951643	2.94860084	5.27494882
0.82500000	-20.64047164	26.63249554	24.79554313	-11.50966379	-9.44642588	2.96677462	5.31170980
0.83333333	-20.48820773	26.45456236	24.62632736	-11.51124245	-9.40563873	2.97451125	5.30404373
0.84166667	-20.37379171	26.29138960	24.43763586	-11.43648555	-9.28850528	2.98540498	5.26304516
0.85000000	-20.30577500	26.18746209	24.32998754	-11.38897331	-9.22754316	2.95368113	5.23219407
0.85833333	-20.60700021	26.60145039	24.75095965	-11.53719224	-9.41724518	2.96908924	5.27100202
0.86666667	-20.50254958	26.43804329	24.60456515	-11.46654685	-9.34707510	2.98571051	5.22991627
0.87500000	-20.50548346	26.43302288	24.63869058	-11.43787461	-9.40220431	2.99588299	5.20783867
0.88333333	-20.56542199	26.51805720	24.71915677	-11.49352514	-9.42752796	3.01517487	5.25685968
0.89166667	-20.44178612	26.35352841	24.51781660	-11.43737876	-9.31865315	3.01848779	5.24196903
0.90000000	-20.58316950	26.53231670	24.75309065	-11.49956465	-9.48874774	3.06466592	5.31193890
0.90833333	-20.42791908	26.32808168	24.48445545	-11.40993890	-9.30307800	2.98730455	5.28015945
0.91666667	-20.40265826	26.27728114	24.44642825	-11.38822080	-9.28601205	3.01062049	5.28777412
0.92500000	-20.52045314	26.47887846	24.69317705	-11.55850771	-9.51943332	3.10909255	5.31843909
0.93333333	-20.51765616	26.45536757	24.67440669	-11.52208397	-9.48089383	3.08037652	5.33215442
0.94166667	-20.47309983	26.39537775	24.56939767	-11.49678845	-9.39811142	3.03088126	5.33005015
0.95000000	-20.43609030	26.33995508	24.49165402	-11.47824696	-9.31846677	3.01500160	5.33658365
0.95833333	-20.55354016	26.48979395	24.72649459	-11.50621128	-9.53559412	3.01707028	5.39523441
0.96666667	-20.44691225	26.35546349	24.54566572	-11.46544941	-9.41828924	2.96365739	5.36929720
0.97500000	-20.56601773	26.50255813	24.72247338	-11.48954810	-9.50036999	3.01120273	5.36803986
0.98333333	-20.51388478	26.41693535	24.61292118	-11.45612007	-9.41648685	3.00631293	5.37118785
0.99166667	-20.43027935	26.33423728	24.58065078	-11.46152941	-9.52216832	2.98928784	5.36963844
1.00000000	-20.36278928	26.27387795	24.43922133	-11.47735105	-9.42619215	2.91712116	5.35509777
1.00833333	-20.42979226	26.33466008	24.57267767	-11.46667699	-9.53570065	3.00012307	5.39503904
1.01666667	-20.36368338	26.24122237	24.44652054	-11.42133638	-9.43996478	2.98859683	5.39534577
1.02500000	-20.34234583	26.20501033	24.40293509	-11.40128518	-9.40895147	2.96859161	5.40558277
1.03333333	-20.26097863	26.07717464	24.24521649	-11.33698312	-9.27820900	2.98819423	5.39407732
1.04166667	-20.60000346	26.51616302	24.77515766	-11.46885777	-9.55320912	3.02126110	5.41115335
1.05000000	-20.44554273	26.29485767	24.50057365	-11.36898646	-9.37828511	3.01318147	5.36617336
1.05833333	-20.56008180	26.44500824	24.68140765	-11.41971329	-9.48517358	2.99668762	5.33831032
1.06666667	-20.46979078	26.33555044	24.54909534	-11.38845947	-9.42636215	2.96287011	5.30900087
1.07500000	-20.66473126	26.59568185	24.86578637	-11.48773282	-9.62058635	3.01230843	5.35306352
1.08333333	-20.57908924	26.47460406	24.69040452	-11.42178671	-9.48768975	3.01027999	5.37262854
1.09166667	-20.61044036	26.51506455	24.78313131	-11.42753222	-9.58358781	3.00601724	5.41241976
1.10000000	-20.48437389	26.34240787	24.56596292	-11.36269575	-9.44754302	2.96979895	5.42451676
1.10833333	-20.39424389	26.21600457	24.39286313	-11.31068060	-9.31422987	2.97651104	5.41982802
1.11666667	-20.63103232	26.52804358	24.79899482	-11.41423907	-9.60036799	2.98047315	5.46295964
1.12500000	-20.49451244	26.34128772	24.56449238	-11.34050196	-9.44760523	2.98968173	5.43473696
1.13333333	-20.53149487	26.41035052	24.64507916	-11.39728550	-9.52269968	2.97473169	5.45413349
1.14166667	-20.55306618	26.42348306	24.67073313	-11.38364986	-9.53056506	2.99030820	5.43111625
1.15000000	-20.56998671	26.44647820	24.69290808	-11.37894533	-9.55120585	2.96651600	5.45545484
1.15833333	-20.51115611	26.36545934	24.60019888	-11.36712210	-9.49532267	2.97209611	5.46454627
1.16666667	-20.63925106	26.53181817	24.82039568	-11.42984115	-9.66934076	3.00408343	5.50734610
1.17500000	-20.54541543	26.40360432	24.64758417	-11.38026475	-9.53623477	2.94818892	5.47096154
1.18333333	-20.63615118	26.50705893	24.82477616	-11.41384688	-9.70758120	2.94189251	5.50499958
1.19166667	-20.51719222	26.35582549	24.63358865	-11.38327724	-9.58639782	2.95222396	5.51696185
1.20000000	-20.52075239	26.35131818	24.63024182	-11.38891187	-9.57488229	2.92847190	5.57235746
1.20833333	-20.45649364	26.25870216	24.52922489	-11.33922693	-9.51556511	2.94580628	5.56727612
1.21666667	-20.41603075	26.18984007	24.45288600	-11.30380663	-9.46169066	2.91123540	5.56089447
1.22500000	-20.34977988	26.09246236	24.31234812	-11.26226677	-9.34660996	2.92109392	5.54459810
1.23333333	-20.43628059	26.20105640	24.45382889	-11.30236661	-9.43479677	2.88649276	5.50890825
1.24166667	-20.72437593	26.57327583	24.88410443	-11.42768031	-9.64108263	2.97831657	5.52072262
1.25000000	-20.58035856	26.37993525	24.63817096	-11.36370326	-9.48019855	2.97528744	5.47844682
1.25833333	-20.55864100	26.35330782	24.60359711	-11.35768834	-9.48214063	2.92536205	5.50445089
1.26666667	-20.52553393	26.27961110	24.51042747	-11.30502729	-9.38640170	2.94810841	5.50945834
1.27500000	-20.65648851	26.45574240	24.75392226	-11.37849099	-9.58578938	2.99903033	5.56285410
1.28333333	-20.57745547	26.33983120	24.61599226	-11.32029722	-9.50672884	2.96305024	5.54766988
1.29166667	-20.66375608	26.44499298	24.77836612	-11.35132513	-9.64696729	2.99466834	5.57877600
1.30000000	-20.54151754	26.26473383	24.54701708	-11.27358591	-9.48658126	3.00023096	5.54890760
1.30833333	-20.55626455	26.27359558	24.56079697	-11.27352186	-9.48135308	2.97181368	5.52535581
1.31666667	-20.49693620	26.19921337	24.46477762	-11.24367441	-9.42252626	3.01378711	5.50742325
1.32500000	-20.73845139	26.48333097	24.81904889	-11.33538839	-9.58881975	3.03665149	5.53640335
1.33333333	-20.63773395	26.34126776	24.65152164	-11.29002321	-9.48490724	3.01297185	5.52421375
1.34166667	-20.68405431	26.39592616	24.70540451	-11.30802098	-9.50781991	2.98587589	5.52322873
1.35000000	-20.69721326	26.42335638	24.81150631	-11.33187274	-9.67691640	2.99420441	5.54868742
1.35833333	-20.64553713	26.34504936	24.68609235	-11.29323337	-9.57243003	2.97572821	5.52443847
1.36666667	-20.73120032	26.45560075	24.80218781	-11.33240034	-9.62199190	3.00425135	5.54259550
1.37500000	-20.66571280	26.34271148	24.67208020	-11.27058908	-9.52184257	2.99810305	5.55318126
1.38333333	-20.77958727	26.48904490	24.84855521	-11.32030222	-9.62225657	3.01173214	5.59695309
1.39166667	-20.69880487	26.36031657	24.70270104	-11.27175240	-9.52412622	3.01851449	5.59508871
1.40000000	-20.62869831	26.26327100	24.57038696	-11.23090365	-9.43782409	3.02192702	5.58859003
1.40833333	-20.59978650	26.21830259	24.52213544	-11.21727761	-9.41803437	2.99864804	5.59458242
1.41666667	-20.64693495	26.27031900	24.68351523	-11.25692456	-9.64909890	3.05310076	5.62933634
1.42500000	-20.52440941	26.09177217	24.45719893	-11.17475762	-9.49343472	3.05323969	5.60564349
1.43333333	-20.43450227	25.96359318	24.30648584	-11.12034675	-9.39604018	3.05677428	5.58353199
1.44166667	-20.77452279	26.42785914	24.80460030	-11.28940412	-9.64539701	3.03398763	5.57392067
1.45000000	-20.80843994	26.44618687	24.87494776	-11.27411198	-9.69593191	3.05911634	5.60673235
1.45833333	-20.70998909	26.29766843	24.70821868	-11.20575624	-9.59636504	3.04749830	5.58842145
1.46666667	-20.78931017	26.39597374	24.82595215	-11.25962533	-9.63481146	3.08690307	5.61945931
1.47500000	-20.72107898	26.27837607	24.70499574	-11.18408273	-9.55342431	3.13354797	5.59946384
1.48333333	-21.00633334	26.64693066	25.13340282	-11.33154531	-9.74540883	3.26789055	5.64617029
1.49166667	-20.90516093	26.52137838	25.00710589	-11.32098696	-9.73299093	3.30408830	5.67211679
1.50000000	-20.87861644	26.48520052	24.97406808	-11.30062395	-9.71089204	3.28604483	5.70606483
1.50833333	-21.02677300	26.67977894	25.20274975	-11.36763819	-9.80890938	3.27847103	5.76603287
1.51666667	-20.84715696	26.46650648	24.93769852	-11.33312456	-9.68928712	3.25200119	5.74644190
1.52500000	-21.04189066	26.74147995	25.28645075	-11.45822356	-9.89328214	3.20134737	5.82347565
1.53333333	-20.89105516	26.56514443	25.06521195	-11.43613413	-9.80662546	3.10248863	5.82856004
1.54166667	-20.76162556	26.40693599	24.89502010	-11.41710427	-9.74610224	3.09270786	5.81989871
1.55000000	-21.05825333	26.83646728	25.41283866	-11.64809766	-10.05812547	3.12617439	5.88933901
1.55833333	-20.90569055	26.65655667	25.20966346	-11.62792162	-9.99935159	3.14049334	5.86588653
1.56666667	-20.82072457	26.57237336	25.10138199	-11.69741800	-9.99359974	3.09853595	6.01718863
1.57500000	-20.87051239	26.69777219	25.21262262	-11.94258314	-10.11378224	3.25975012	6.15438558
1.58333333	-20.72772920	26.54123903	25.01927532	-11.97722705	-10.02480590	3.28902798	6.23436992
1.59166667	-20.77522915	26.63599773	25.13320770	-12.11388848	-10.13720193	3.35377240	6.42930308
1.60000000	-20.64547882	26.48710772	24.95030457	-12.15190491	-10.07512432	3.38658650	6.46803526
1.60833333	-20.72575312	26.62689475	25.14376139	-12.30471372	-10.29100193	3.47553317	6.51122417
1.61666667	-20.58338399	26.45461057	24.95613942	-12.30677376	-10.27073496	3.50219760	6.47873384
1.62500000	-20.44088983	26.30787995	24.78515796	-12.34312305	-10.28061335	3.51803795	6.40241234
1.63333333	-20.63720151	26.54701338	25.10593606	-12.36939839	-10.49269881	3.49279503	6.38661066
1.64166667	-20.46670486	26.35127946	24.90406002	-12.40220097	-10.49015992	3.52333852	6.34485120
1.65000000	-20.33562703	26.13634241	24.78694394	-12.38947763	-10.52702463	3.53922114	6.36982583
1.65833333	-20.21310190	26.06412458	24.61247576	-12.52036035	-10.51570786	3.60655785	6.41985297
1.66666667	-20.18099518	26.05130467	24.61076653	-12.62069967	-10.58161450	3.68627443	6.48460968
1.67500000	-20.03655310	25.89297488	24.43476137	-12.68177494	-10.56097636	3.70998270	6.47814079
1.68333333	-19.96853173	25.86653149	24.39343636	-12.78909178	-10.63653464	3.74854374	6.56474381
1.69166667	-19.90455393	25.82050310	24.37140972	-12.87371608	-10.72360811	3.77924369	6.65039693
1.70000000	-19.84181696	25.79298188	24.29866570	-12.96631870	-10.75336300	3.80004131	6.71504696
1.70833333	-19.75724112	25.72360676	24.18419090	-13.03785691	-10.77119660	3.83197172	6.80296408
1.71666667	-20.00353956	25.99078041	24.57768495	-12.96577815	-11.01610098	3.64710499	6.90017665
1.72500000	-19.79762921	25.75402009	24.30819361	-13.06779895	-10.99627871	3.75042432	6.99782624
1.73333333	-19.71301359	25.68556174	24.16685154	-13.19801453	-11.00491880	3.80814763	7.03476850
1.74166667	-19.55584437	25.51584829	23.92443883	-13.33547340	-10.98146744	3.91938036	7.11962239
1.75000000	-19.41278474	25.38132676	23.75925049	-13.48334194	-11.00906694	4.02051614	7.20862496
1.75833333	-19.25515478	25.26891542	23.58174039	-13.67331462	-11.06109109	4.11980969	7.32871272
1.76666667	-19.08696229	25.17587406	23.39871521	-13.88029770	-11.15152195	4.25250616	7.47833787
1.77500000	-18.94209837	25.01445088	23.19373435	-14.01051910	-11.14133344	4.32642743	7.52161367
1.78333333	-18.80582636	24.84060413	23.00052874	-14.14428391	-11.15681059	4.45245121	7.63015495
1.79166667	-18.67279917	24.69868251	22.85570400	-14.33156063	-11.23694263	4.60569500	7.80528115
1.80000000	-18.88635480	24.97427097	23.23269114	-14.34721347	-11.56901704	4.27946841	7.96085658
1.80833333	-18.69197213	24.87884952	23.00473224	-14.61117499	-11.63550055	4.28704639	7.87309240
1.81666667	-18.43358157	24.72435474	22.59503343	-14.98003007	-11.55728940	4.47162210	8.03818946
1.82500000	-18.21176696	24.50409918	22.34667289	-15.07012217	-11.68990623	4.32106642	8.24599458
1.83333333	-18.11582269	24.56146646	22.25981360	-15.51882735	-11.82650510	4.53879295	8.37905442
1.84166667	-18.00352747	24.57135012	22.15720672	-15.88680977	-11.95010887	4.56103651	8.40584608
1.85000000	-17.97402658	24.77284316	22.13909524	-16.25415254	-12.05313208	4.39446756	8.62773836
1.85833333	-17.82941752	24.90562225	21.97745769	-16.86205642	-12.17663172	4.62488715	8.83339075
1.86666667	-17.62888418	24.88654282	21.78283464	-17.27484308	-12.31066194	4.39147009	8.97221632
1.87500000	-17.46294860	25.03373055	21.62917929	-17.98635725	-12.47086518	4.60599881	9.20878271
1.88333333	-17.26096579	25.18587838	21.42493959	-18.76672775	-12.63754754	4.70795834	9.42215271
1.89166667	-17.08032292	25.33259626	21.26424188	-19.36630796	-12.81843496	4.16277604	9.55749192
1.90000000	-16.85509058	25.60230361	21.06161142	-20.35434718	-13.02169128	4.25222967	9.72859497
1.90833333	-16.56696266	25.74697113	20.70516586	-21.15709873	-13.13617817	3.83367385	9.91727172
1.91666667	-16.23727978	25.90343164	20.36642417	-22.08548915	-13.32482815	3.50860197	10.11448220
1.92500000	-15.96661715	26.19617121	20.10997775	-23.18841474	-13.53125233	3.50313418	10.38288047
1.93333333	-15.62111581	26.37549784	19.70907053	-24.13075741	-13.63567449	2.73077244	10.52631776
1.94166667	-15.34402188	26.72594102	19.44712996	-25.32058191	-13.80683467	2.58500161	10.64118519
1.95000000	-15.02355653	27.09333053	19.05870782	-26.59627083	-13.90921506	2.13567846	10.98052990
1.95833333	-14.71293643	27.48658622	18.73853672	-27.88614605	-14.00128919	1.84604973	11.01896731
1.96666667	-14.21136492	27.61164262	18.10300955	-28.90749958	-13.96021334	0.02095750	11.20231802
1.97500000	-13.90535728	28.07525053	17.76675173	-30.29657831	-14.04085233	-0.28251512	11.30255000
1.98333333	-13.43487449	28.35692199	17.18490663	-31.53054420	-14.04326893	-1.70078724	11.48318430
1.99166667	-13.13570439	28.90153127	16.85988713	-32.97369888	-14.11063631	-1.99563946	11.56775865
2.00000000	-12.80040861	29.36933278	16.47626911	-34.32782526	-14.17151458	-2.34148838	11.64771093
2.00833333	-12.15753021	29.44123364	15.68224545	-35.38175869	-14.13339984	-4.16993095	11.91111651
2.01666667	-11.84663370	29.95736146	15.31934531	-36.64632315	-14.17972653	-4.44550132	11.94079597
2.02500000	-11.52268640	30.45334225	14.95470538	-37.83302838	-14.24071780	-4.76048457	12.01530541
2.03333333	-10.78242303	30.34261587	14.03418785	-38.65829865	-14.19354937	-6.40448989	12.35509131
2.04166667	-10.40941165	30.61565663	13.63364060	-39.48373399	-14.29091972	-7.28736998	12.42011006
2.05000000	-10.18733270	31.07316369	13.34016868	-40.34205579	-14.30661891	-7.33997558	12.47760167
2.05833333	-9.96839395	31.49133954	13.04913772	-41.08104917	-14.32283583	-7.44454247	12.63078365
2.06666667	-9.52370721	31.50349660	12.55700249	-41.41521099	-14.42205015	-9.08275901	12.88654096
2.07500000	-9.34823474	31.92139158	12.29922173	-41.91267417	-14.42333325	-9.06103051	12.99256130
2.08333333	-9.03313792	32.03191654	11.96273355	-42.13943835	-14.48534909	-9.60409140	13.30465621
2.09166667	-8.86840229	32.23817427	11.77315404	-42.19200303	-14.55163000	-10.15093770	13.45383654
2.10000000	-8.75399170	32.54005347	11.58629699	-42.25598373	-14.54225484	-10.04206505	13.54728248
2.10833333	-8.68450834	32.88537168	11.37341160	-42.19292268	-14.47789660	-10.01641824	13.58112600
2.11666667	-8.59080521	33.10236856	11.15741919	-41.94343908	-14.41689800	-9.96247941	13.62448652
2.12500000	-8.46219441	33.20815772	10.96648486	-41.51965146	-14.44643675	-10.01360263	13.63881573
2.13333333	-8.44528488	33.51079445	10.81598544	-41.13648078	-14.42397823	-10.00494297	13.66217431
2.14166667	-8.45608645	33.76668438	10.65442661	-40.57459236	-14.33435988	-10.00953311	13.69245045
2.15000000	-8.46562695	34.01637541	10.51033021	-39.96774569	-14.25502702	-10.01178742	13.73210571
2.15833333	-8.39601054	34.00421967	10.18951285	-39.08987326	-14.00468022	-10.12248799	13.82817901
2.16666667	-7.69857345	33.28755745	9.12325617	-38.12156696	-13.71233335	-10.03720159	13.92695524
2.17500000	-7.75632952	33.46988484	8.98173710	-37.21584457	-13.58888491	-10.07277536	14.02009251
2.18333333	-7.80562956	33.61013953	8.79069712	-36.24059281	-13.43381807	-10.11096852	14.12967307
2.19166667	-7.41106845	33.17549810	8.07868072	-35.16103323	-13.21780308	-9.66166737	14.25914040
2.20000000	-7.51329798	33.44558403	8.00131324	-34.23329533	-13.17533885	-9.65443070	14.32257643
2.20833333	-7.51051159	33.37340705	7.71050154	-32.97844211	-12.95614001	-9.92300866	14.54000272
2.21666667	-7.56004006	33.39817787	7.58152867	-31.82132379	-12.91850643	-9.92636990	14.64929575
2.22500000	-7.16530662	32.94587749	6.82461694	-30.77188553	-12.68146042	-8.70786826	14.85334190
2.23333333	-7.21987010	33.00497432	6.68366324	-29.60686089	-12.62250531	-8.98536023	15.03759704
2.24166667	-7.34840590	33.02830677	6.56694350	-28.37038539	-12.51813104	-9.14321788	15.16150115
2.25000000	-7.17384670	32.70182189	6.27636578	-27.18047279	-12.54094508	-8.47606871	15.46846444
2.25833333	-7.14886005	32.69205914	5.87352423	-26.14580760	-12.34153295	-8.17003174	15.57015373
2.26666667	-7.27017921	32.70191892	5.79662714	-24.91713263	-12.30351424	-8.58858061	15.70861784
2.27500000	-7.12908230	32.50805285	5.38822668	-23.91699012	-12.21821681	-8.12675882	15.91363419
2.28333333	-7.27062298	32.57493968	5.30707140	-22.79696903	-12.16915122	-8.60015985	16.04084620
2.29166667	-7.38435468	32.60714828	5.20175031	-21.71292632	-12.13757808	-8.95321670	16.22627504
2.30000000	-7.18518024	32.36689540	4.73828805	-20.94070983	-12.11288166	-7.94939299	16.42297407
2.30833333	-7.30520710	32.37834507	4.65438900	-19.92593844	-12.12394477	-8.17844981	16.52926670
2.31666667	-7.30756240	32.39929889	4.38243349	-19.26170228	-12.10679689	-7.44458176	16.74521265
2.32500000	-7.43927783	32.44676037	4.30801538	-18.37575406	-12.11946441	-7.58470353	16.91720386
2.33333333	-7.48741937	32.54219195	4.12504346	-17.84810790	-12.15845501	-6.80147154	17.10989528
2.34166667	-7.62407800	32.56065957	4.05494471	-17.00994303	-12.16324428	-6.84040798	17.27428265
2.35000000	-7.59504615	32.50415801	3.86466104	-16.49345483	-12.25885065	-6.18121365	17.53613956
2.35833333	-7.71107012	32.59546006	3.75776264	-15.97412937	-12.26307809	-5.89092774	17.75677098
2.36666667	-7.84285701	32.67547612	3.70854351	-15.39939585	-12.31466049	-5.94841670	17.97089198
2.37500000	-7.93462879	32.75967270	3.66056291	-15.10119837	-12.42024603	-5.56970183	18.22782614
2.38333333	-8.07208948	32.78382753	3.58832127	-14.60146830	-12.46438064	-5.68206130	18.38604448
2.39166667	-8.17538695	32.82247828	3.51458615	-14.22333418	-12.59095853	-5.86840133	18.66109904
2.40000000	-8.27854916	32.79835595	3.45046170	-13.86501343	-12.71502261	-5.98988418	18.79832657
2.40833333	-8.37171945	32.81782524	3.32961643	-13.69474470	-12.80343419	-6.19154480	19.02057857
2.41666667	-8.48046387	32.96773198	3.23430440	-13.90599129	-12.89223719	-5.87722495	19.11802097
2.42500000	-8.55035216	32.97835670	3.10644350	-13.92643061	-13.02262964	-5.90646660	19.14447225
2.43333333	-8.66785839	32.97687400	2.99664865	-13.94851979	-13.11130855	-5.91027309	19.14522109
2.44166667	-8.68906997	32.85525355	2.94053003	-13.96367025	-13.45808961	-5.79243730	19.36460952
2.45000000	-8.74825472	32.77939453	2.80385559	-14.13357991	-13.65264120	-5.78152671	19.34997002
2.45833333	-8.80235498	32.65154190	2.82794105	-14.29165210	-14.00651161	-5.49654814	19.46171197
2.46666667	-9.11559314	32.83203671	3.02395656	-14.52427891	-14.23809876	-5.60625692	19.31324428
2.47500000	-9.12656683	32.71254658	2.94964326	-14.85682350	-14.62689104	-5.58957187	19.21047076
2.48333333	-9.12534156	32.54421392	2.86479976	-15.14408814	-15.03168132	-5.62370998	19.10089206
2.49166667	-9.52750640	32.75363717	3.33781922	-15.20422090	-15.49521184	-6.20615931	18.80201876
2.50000000	-9.55640259	32.62570848	3.23520510	-15.44329864	-15.88950850	-6.26921769	18.71717919
2.50833333	-9.98552336	32.87674780	4.04992327	-15.45454145	-16.84344213	-6.98593160	18.45548898
2.51666667	-9.95337846	32.67466116	4.17183857	-15.55178545	-17.67051501	-7.25209284	18.21141392
2.52500000	-9.91346877	32.52455426	4.33099947	-15.74507361	-18.56623654	-7.48247191	17.94155852
2.53333333	-10.14272379	32.56999078	4.95779265	-15.67919519	-19.67673725	-8.01277483	17.50501593
2.54166667	-10.06822072	32.39144163	5.16217237	-15.95760406	-20.78763877	-8.10699833	17.12928344
2.55000000	-10.82390688	33.09814292	6.50450825	-16.12793013	-22.12259769	-8.46201944	16.21589127
2.55833333	-10.71966463	32.84141039	6.87319825	-16.33967268	-23.52444339	-8.38618017	15.50279719
2.56666667	-11.00675518	33.13013467	7.71008508	-16.80623622	-25.03215609	-8.29833218	14.51375896
2.57500000	-11.18531287	33.18862500	8.65869638	-17.14466789	-26.80651076	-8.02380457	13.50390079
2.58333333	-11.33110164	33.27567664	9.46932330	-17.58846947	-28.62682148	-7.70930489	12.28257069
2.59166667	-11.27721971	33.12395940	10.40929565	-17.97991076	-30.72972463	-7.39394203	10.86348033
2.60000000	-10.97008213	32.62112897	11.01088378	-18.28956045	-32.89257415	-7.03974848	9.77235401
2.60833333	-11.27976434	32.77242079	12.62335058	-18.53464120	-35.28484247	-6.63947991	7.27411659
2.61666667	-11.24872591	32.63391744	13.68291472	-18.92299423	-37.67113560	-6.08497371	5.23160386
2.62500000	-11.77643703	33.06467346	15.86627642	-19.21514584	-40.44416049	-5.86294885	2.76714997
2.63333333	-11.89422103	32.91654390	17.47629082	-19.27628057	-43.08834502	-5.47802589	0.34327883
2.64166667	-11.61850486	32.25809687	18.74653271	-19.16723293	-45.75671205	-5.03697723	-1.89329198
2.65000000	-11.56195141	31.86207710	20.17390130	-19.10239293	-48.37659302	-4.61121213	-4.26411297
2.65833333	-12.34435943	32.50345019	22.78108854	-19.27432603	-51.16049388	-4.28133704	-6.94015362
2.66666667	-12.35356213	32.19351437	24.45228283	-19.21016465	-53.84268795	-3.91854439	-9.01067581
2.67500000	-12.47265001	32.01065808	26.37209186	-19.18418975	-56.56749116	-3.50241981	-10.92100529
2.68333333	-12.46056281	31.68880096	28.10384430	-19.16526002	-59.20718548	-3.09247360	-12.47001796
2.69166667	-12.15525783	30.97109082	29.46939062	-18.99735785	-61.75607537	-2.77435111	-13.31524191
2.70000000	-12.46598442	31.06722921	31.64834976	-19.13184129	-64.37024486	-2.34046474	-14.02005301
2.70833333	-12.08687307	30.27413987	32.90867706	-18.98460034	-66.73585295	-2.22345494	-14.02227319
2.71666667	-12.34241771	30.33392439	35.03537572	-19.15505032	-69.29904486	-1.52519712	-13.36118710
2.72500000	-12.00775895	29.53648421	36.33970984	-18.93196704	-71.47404725	-1.37317117	-12.96531607
2.73333333	-11.93815461	29.18144366	38.04925558	-18.98611219	-73.81151722	-0.67823304	-11.43905268
2.74166667	-11.60459061	28.39515284	39.40962640	-18.80046551	-75.90932267	-0.43631275	-10.39611177
2.75000000	-11.37751457	27.79292321	40.89070244	-18.72195035	-77.97815403	0.06336152	-9.06594580
2.75833333	-11.07549509	26.97861804	42.27682697	-18.44204146	-79.89084987	0.28707033	-7.80380116
2.76666667	-10.76848127	26.26967601	43.61044237	-18.29471079	-81.70933186	0.49671123	-6.42947235
2.77500000	-10.47132406	25.61157589	44.96308348	-18.27877579	-83.46857627	1.02128739	-4.49862773
2.78333333	-10.11475039	24.77756202	46.23981194	-18.02755325	-85.07090238	1.23761717	-2.75871477
2.79166667	-9.70966890	23.99600207	47.44712709	-17.96719195	-86.64459024	1.62388402	-0.31304880
2.80000000	-9.37963580	23.17534768	48.73808424	-17.74062273	-88.08874093	1.92793177	2.04797140
2.80833333	-8.89316810	22.23327931	49.76640975	-17.55355135	-89.36771195	2.23451201	4.52984053
2.81666667	-8.44203761	21.31018441	50.86833120	-17.35934813	-90.55533910	2.51267900	6.96429264
2.82500000	-8.05067181	20.50359091	51.97715234	-17.20730959	-91.62142495	2.76900425	9.31794688
2.83333333	-7.74970382	19.75678508	53.15498592	-17.03498566	-92.54542494	3.04576714	11.45971392
2.84166667	-7.36641127	18.95520610	54.18006580	-16.87279754	-93.32393213	3.30147511	13.41017355
2.85000000	-6.97918858	18.11911568	55.19416199	-16.68618749	-93.97696921	3.53439302	15.18172953
2.85833333	-6.71035421	17.40950081	56.29282414	-16.48112071	-94.44671283	3.68368523	16.40684411
2.86666667	-6.19880625	16.47873399	56.99394013	-16.34741156	-94.79863733	3.98691978	18.10075843
2.87500000	-5.90990640	15.74722149	57.89964849	-16.18761725	-94.97795501	4.25592197	19.31729534
2.88333333	-5.67849122	15.13579452	58.84748111	-16.05626116	-94.99651377	4.47094497	20.23121463
2.89166667	-5.25105393	14.26068702	59.51353030	-15.89860259	-94.94188235	4.79663680	21.35029342
2.90000000	-4.89751558	13.73905793	60.12525472	-15.98344181	-94.66176089	5.08932046	22.06869339
2.90833333	-4.84532427	13.16071096	61.05230144	-15.66795459	-94.26167929	5.28610892	22.50884494
2.91666667	-4.54599719	12.69108624	61.57476470	-15.77803756	-93.72403045	5.62536761	23.33402187
2.92500000	-4.45650619	12.07390700	62.34358494	-15.52240399	-93.09854736	5.79818987	23.91276523
2.93333333	-4.37438984	11.64681106	63.06115575	-15.43758956	-92.33007853	5.86319008	23.97800730
2.94166667	-4.15293851	11.03040948	63.44111745	-15.29065324	-91.43313386	6.22574067	24.70304785
2.95000000	-4.09087585	10.67575581	64.03627526	-15.26091450	-90.46226633	6.28446975	24.72959435
2.95833333	-4.04259513	10.24809065	64.44668608	-15.08756259	-89.29796467	6.60056701	24.64759563
2.96666667	-3.82520772	9.70666088	64.64642397	-15.05041482	-88.18422108	6.83376048	25.07823834
2.97500000	-3.81870462	9.36422927	65.01712512	-14.94967671	-86.93043842	7.01636534	24.77822714
2.98333333	-3.80791768	9.12398330	65.35347848	-14.97145991	-85.66736259	7.10048298	24.69167117
2.99166667	-3.69996535	8.64233689	65.38156421	-14.88220614	-84.28667514	7.48414478	24.05205353
3.00000000	-3.68897517	8.39826132	65.53487064	-14.91415855	-82.94615127	7.65560419	23.42316166
3.00833333	-3.79166217	8.09416332	65.71973916	-14.78553988	-81.61730303	7.87927261	22.88860508
3.01666667	-3.81678523	7.83998345	65.75885348	-14.80286128	-80.28375348	8.07474644	22.10111739
3.02500000	-3.82598699	7.58702388	65.72259574	-14.82826485	-79.00419197	8.29776215	21.25313891
3.03333333	-3.86767883	7.31666246	65.67131635	-14.82201351	-77.80569973	8.43201751	20.47164907
3.04166667	-3.87953662	7.02501445	65.55731974	-14.82253241	-76.69338079	8.60645745	19.48410912
3.05000000	-3.93775806	6.74787421	65.44173172	-14.80443957	-75.67610030	8.73207285	18.74756362
3.05833333	-3.83563885	6.45701086	65.08982161	-14.91912097	-74.72934132	8.98743962	17.36107075
3.06666667	-3.88913077	6.10006397	64.93076115	-14.81908281	-73.92814449	9.17692065	16.15930487
3.07500000	-3.85146832	5.80792400	64.62284807	-14.87934854	-73.18960913	9.36503610	14.73783190
3.08333333	-3.87329214	5.43866827	64.36149570	-14.78707480	-72.56868998	9.57137451	13.27725359
3.09166667	-3.94169451	5.21229448	64.09722977	-14.80412298	-72.03266661	9.74021285	11.71001933
3.10000000	-4.07109943	5.05763838	63.86089330	-14.92424996	-71.49064042	9.99733427	9.84093730
3.10833333	-4.12259716	4.86066679	63.52092165	-14.94544887	-71.11096387	10.03256008	8.21645903
3.11666667	-4.28740380	4.62940817	63.27248129	-14.84792316	-70.81873864	10.04435367	6.70698945
3.12500000	-4.43779657	4.49209395	62.94262220	-14.84759548	-70.53495958	9.94454645	5.13947364
3.13333333	-4.65242538	4.29563458	62.64265282	-14.71264511	-70.32058544	9.85041463	3.80559381
3.14166667	-4.85200685	4.25360400	62.28513880	-14.75559171	-70.12985555	9.63891862	2.38363398
3.15000000	-5.10366792	4.15896471	61.93034963	-14.68846247	-69.95973960	9.43081853	1.41528788
3.15833333	-5.37974861	4.20087573	61.51886867	-14.74322550	-69.73707493	9.08742911	0.67968800
3.16666667	-5.66236095	4.16044930	61.10289304	-14.76493475	-69.53767995	9.01297915	0.62108930
3.17500000	-6.10848682	4.38885723	60.74585313	-14.83376937	-69.23214840	8.37073433	0.96450176
3.18333333	-6.49364199	4.42609904	60.23982088	-14.76950735	-68.79300846	7.83610106	1.72981087
3.19166667	-6.87495710	4.54040321	59.65694671	-14.81692819	-68.22123817	7.34117624	2.75357096
3.20000000	-7.27604050	4.70844751	59.04990905	-14.86764632	-67.61947289	6.53396175	4.57248869
3.20833333	-7.77844299	4.83982492	58.52522269	-14.84955909	-66.96903868	5.83717228	6.49362165
3.21666667	-8.18546579	5.10059465	57.78263287	-14.95678113	-66.09640274	4.95552788	8.14052321
3.22500000	-8.61772427	5.24220182	57.09732550	-14.97634784	-65.21000384	4.12135413	9.59320379
3.23333333	-9.09923841	5.56086289	56.46295799	-15.08976665	-64.32025738	2.95259285	11.35821696
3.24166667	-9.62179822	5.90808669	55.89212167	-15.23651085	-63.43016973	1.80710436	12.76714048
3.25000000	-10.10128904	6.25071324	55.25762895	-15.41863006	-62.45525992	0.55425440	14.01023497
3.25833333	-10.59359661	6.76135796	54.71884167	-15.80910487	-61.53897212	-0.80781348	15.06572709
3.26666667	-11.16242625	7.30133940	54.31456509	-16.17945812	-60.61237773	-2.30950627	15.85234237
3.27500000	-11.60726049	7.89435968	53.82271158	-16.74710018	-59.74819925	-3.87505005	16.44141393
3.28333333	-12.11041879	8.66402201	53.42790952	-17.43075516	-58.86996519	-5.60777165	16.80596152
3.29166667	-12.88180291	9.63834619	53.48342441	-18.03925218	-58.21184787	-7.36280517	16.87441732
3.30000000	-13.13865315	10.44156306	52.91731990	-19.17269227	-57.42376181	-8.93275733	17.06864117
3.30833333	-13.37684883	11.16462745	52.38671059	-20.29181993	-56.69139911	-10.65443757	17.13356688
3.31666667	-13.51823990	12.07558097	51.77727531	-21.79876860	-55.95747583	-12.16324011	17.16373488
3.32500000	-13.71914251	12.88934132	51.27161274	-23.16011745	-55.30145077	-13.74379728	17.05848374
3.33333333	-13.64978840	13.83778830	50.37662812	-25.13303697	-54.49471059	-14.92523698	17.14542653
3.34166667	-13.78357202	14.85769177	49.74166842	-27.00959505	-53.73346038	-16.31718169	17.06023934
3.35000000	-13.61333384	15.98260468	48.69236058	-29.43910428	-52.78913514	-17.37946487	17.09165761
3.35833333	-13.56182661	17.10117225	47.75054181	-31.75039510	-51.88597997	-18.71723831	17.07064006
3.36666667	-13.47905028	18.53802462	46.75850260	-34.57099460	-50.94483812	-19.69057441	17.13337216
3.37500000	-13.31396143	19.71133301	45.83619572	-37.19799218	-50.16581905	-21.35421493	17.01377365
3.38333333	-13.13839872	21.03986846	44.83199520	-40.26416782	-49.21691980	-22.07464010	16.98695606
3.39166667	-13.11026971	22.62230959	44.06764904	-43.30835046	-48.44233175	-23.67094983	16.83532863
3.40000000	-12.84642180	23.99291851	42.99789016	-46.48277670	-47.56814566	-24.70604920	16.76501751
3.40833333	-12.68861040	25.51616528	42.03973881	-49.73856133	-46.70234167	-25.50677846	16.69635230
3.41666667	-12.43392545	27.12267623	40.96806388	-53.23700322	-45.76855530	-25.15592123	16.58998781
3.42500000	-12.28727820	28.80662471	39.94771000	-56.67483473	-44.78201388	-25.01951648	16.46045989
3.43333333	-12.40096779	30.79163956	39.36493357	-60.00633032	-44.01447012	-25.96514566	16.38775004
3.44166667	-12.26528584	32.49821886	38.43702634	-63.35021790	-43.09611982	-25.25351341	16.25695664
3.45000000	-12.03900774	33.93293095	37.44384330	-66.46436248	-42.19955793	-23.68893121	16.09803505
3.45833333	-12.06081173	35.79908940	36.72488215	-69.56842060	-41.30203949	-23.42795531	15.95613637
3.46666667	-11.84188355	37.34965130	35.64167817	-72.55499096	-40.29722996	-21.42321483	15.79227092
3.47500000	-11.65433045	38.89162300	34.66318090	-75.38662398	-39.34555633	-19.32434403	15.58584095
3.48333333	-11.52145828	40.50440985	33.75671676	-78.05669916	-38.41695358	-17.21992191	15.38093426
3.49166667	-11.42450337	42.12578550	32.81650009	-80.51907719	-37.39633290	-15.12074978	15.17810513
3.50000000	-11.70630623	44.16764887	32.65569155	-82.92138444	-36.80875157	-12.27580036	15.00725859
3.50833333	-11.23203380	45.22482596	31.18068401	-84.86607494	-35.67952858	-9.60825592	14.80487533
3.51666667	-11.06628877	46.62221611	30.13771385	-86.63362879	-34.63266134	-7.34423879	14.48706077
3.52500000	-10.92275159	47.91833742	29.18302330	-88.10391283	-33.65656793	-5.32235431	14.19816150
3.53333333	-10.59624062	49.03039485	27.96478830	-89.53367298	-32.60465480	-0.80692330	13.99707434
3.54166667	-10.51632124	50.33996314	27.07865419	-90.54250870	-31.59852793	0.50461593	13.66752377
3.55000000	-10.21537130	51.33222173	25.91707248	-91.50648126	-30.52260666	4.25147911	13.38134951
3.55833333	-9.93901415	52.25476261	24.76313016	-92.07682077	-29.48510629	6.11986412	13.04474680
3.56666667	-9.83591934	53.29493483	23.89884898	-92.35855579	-28.53740418	7.04894909	12.51202594
3.57500000	-9.46073034	53.98228908	22.63825771	-92.57843693	-27.47641370	9.32489495	12.32224480
3.58333333	-9.26017932	54.76294660	21.65351869	-92.52337613	-26.51616042	10.67827687	11.95590471
3.59166667	-9.31321335	55.77487962	20.97055589	-92.23485231	-25.61109530	10.93042985	11.71819054
3.60000000	-8.96963516	56.24944212	19.86275594	-91.82879351	-24.75955687	13.00232495	11.20621957
3.60833333	-8.88741599	56.95469659	19.06245719	-91.23556177	-23.90725645	14.06519974	10.81679028
3.61666667	-8.87364806	57.64501909	18.39409320	-90.39416481	-23.10525702	14.47544400	10.25886124
3.62500000	-8.79423097	58.14608749	17.70980943	-89.36533268	-22.39784044	15.10846457	9.82542798
3.63333333	-8.75266522	58.61817798	17.04247549	-88.24409122	-21.70625782	15.78520491	9.48414249
3.64166667	-8.61837630	58.89242620	16.29036918	-86.97048510	-21.04699909	16.46041054	9.21017294
3.65000000	-8.57228863	59.17946636	15.72443504	-85.57470791	-20.49727370	16.89118769	8.89420981
3.65833333	-8.66725630	59.57552579	15.35577724	-84.07801204	-19.97182485	16.92918469	8.51465864
3.66666667	-8.81801380	59.95461208	15.01829642	-82.52525307	-19.43578186	16.93946376	8.25843164
3.67500000	-8.81127361	59.98526802	14.57943649	-80.79408887	-18.98960431	17.10038857	7.85097037
3.68333333	-8.96281473	60.19935161	14.29768906	-79.13774106	-18.58659462	17.04698526	7.79763693
3.69166667	-9.00432046	60.17829836	13.95051723	-77.35487411	-18.15293823	16.83941068	7.17772711
3.70000000	-9.13692703	60.21510507	13.65567587	-75.62409975	-17.75096493	16.64479482	7.01539106
3.70833333	-9.14577692	59.96264040	13.36441081	-73.78348369	-17.51612018	16.25906862	6.50404982
3.71666667	-9.29213448	59.89691242	13.09737692	-72.12784944	-17.16931559	15.94121438	6.34827252
3.72500000	-9.40988130	59.76977699	12.91043374	-70.56923375	-17.02406557	15.61064700	6.17447975
3.73333333	-9.24690081	59.19476069	12.45603089	-68.86267162	-16.96699178	14.43955805	5.55002411
3.74166667	-9.42330357	59.04218045	12.30890562	-67.51365094	-16.76557830	13.82416993	5.28095531
3.75000000	-9.56403626	58.85697496	12.14004699	-66.32927508	-16.62170088	13.14779662	5.03189103
3.75833333	-9.68061640	58.61312841	11.93882908	-65.26183861	-16.46370283	12.19059972	4.67829575
3.76666667	-9.74575283	58.26159189	11.69184021	-64.28929275	-16.32438397	11.15565813	4.24243945
3.77500000	-9.75272431	57.80143222	11.39790979	-63.44455332	-16.22222777	10.17750045	3.66739388
3.78333333	-9.84728303	57.43068097	11.15929058	-62.74356258	-16.06843122	9.33845057	3.28140653
3.79166667	-9.91558836	57.00192020	10.91316473	-62.20666396	-15.94858319	8.78163323	2.72466361
3.80000000	-10.00250697	56.56314834	10.66738293	-61.77548073	-15.80013509	8.45156826	2.06901481
3.80833333	-10.16329352	56.14930907	10.47608938	-61.40446284	-15.63145883	8.50177104	1.49064393
3.81666667	-10.37966100	55.77789941	10.40203759	-61.09954773	-15.53784863	8.77907923	0.80478899
3.82500000	-10.54682805	55.29234246	10.34919226	-60.68809254	-15.51223371	9.09591692	0.02305663
3.83333333	-10.76474546	54.80808622	10.33099990	-60.20580159	-15.48182556	9.43431946	-0.90511486
3.84166667	-11.03504776	54.37178933	10.42233283	-59.65573296	-15.56275026	9.73419176	-1.59118706
3.85000000	-11.36751872	53.90787668	10.56423923	-58.87221899	-15.53170855	10.23079980	-2.99718106
3.85833333	-11.68114284	53.39918911	10.72633348	-58.02994729	-15.59663047	10.53677637	-4.25784999
3.86666667	-12.01061814	52.87995695	10.95820138	-57.15101989	-15.71679660	10.78076788	-5.66821432
3.87500000	-12.31820679	52.33411822	11.18396804	-56.24629575	-15.86385725	10.85380004	-7.22688954
3.88333333	-12.60181854	51.75262987	11.38365036	-55.36531025	-16.01637489	10.93229217	-8.86100492
3.89166667	-12.81795802	51.13535432	11.67034853	-54.52893538	-16.32708133	10.88766101	-10.60205634
3.90000000	-13.11074849	50.64322919	12.03767362	-53.80850978	-16.70794928	10.84053661	-12.43605836
3.90833333	-13.24878843	49.95416150	12.51676126	-52.95881833	-17.41065283	10.78859324	-14.23644999
3.91666667	-13.37652173	49.27495744	12.89923978	-52.18829668	-18.01220372	10.55097557	-15.86585152
3.92500000	-13.46271310	48.55831184	13.48687330	-51.41741356	-19.07117785	10.55948152	-17.49756118
3.93333333	-13.39996335	47.69020888	14.12453021	-50.63998165	-20.51098424	10.53932556	-18.16745424
3.94166667	-13.39155527	46.86125076	14.97344425	-49.82188257	-22.22434657	10.52134209	-19.75380366
3.95000000	-13.43882946	46.09939506	15.85027791	-49.06911877	-23.97146085	10.48801315	-20.40660012
3.95833333	-13.23465097	45.04854903	16.78781639	-48.20760090	-26.45094371	10.46023563	-20.79005892
3.96666667	-13.21396233	44.21659688	18.03875506	-47.40550307	-29.10929182	10.34986297	-21.14670730
3.97500000	-13.00664334	43.16737383	19.32029538	-46.51691671	-32.37586116	10.36264006	-20.89741486
3.98333333	-13.13738882	42.54894359	21.13958221	-45.76054034	-35.83510363	10.32620841	-21.14448505
3.99166667	-13.03521162	41.80879356	22.69449935	-45.11925625	-39.59754961	10.30288449	-20.96489187
4.00000000	-12.73239372	40.70598322	24.12745254	-44.27258496	-43.56922057	10.28439524	-20.18526963
4.00833333	-12.63335640	39.76793723	25.92733489	-43.32007304	-47.65492376	10.23668580	-19.62257783
4.01666667	-12.37664451	38.74377089	27.54569949	-42.42943678	-51.75537209	10.09210414	-19.14282167
4.02500000	-12.74500979	38.64049114	29.85972264	-41.94439132	-55.76852116	10.09263436	-19.72227496
4.03333333	-12.52862240	37.74377952	31.48707325	-41.19611114	-59.79605509	10.05862947	-18.79371366
4.04166667	-13.03601078	37.63047735	34.08590839	-40.51234991	-63.84513740	10.22593678	-18.49752153
4.05000000	-12.68623872	36.58729238	35.55520739	-39.73836916	-67.61070098	10.11640664	-17.54311279
4.05833333	-12.83929177	36.12897071	37.79886418	-38.98438955	-71.54813416	10.19508593	-15.90898263
4.06666667	-13.11677126	35.90851537	39.83400664	-38.44239069	-75.10707402	10.22242865	-13.71284691
4.07500000	-12.98046910	35.03244684	41.34271047	-37.63447648	-78.30276810	10.13961888	-11.59759656
4.08333333	-13.25179419	34.61669793	43.56314049	-36.84191525	-81.64936059	10.26997019	-8.16029441
4.09166667	-13.05139478	33.74970690	45.06412012	-36.09792065	-84.51005730	10.11525294	-5.60538783
4.10000000	-13.05965752	33.23763386	46.73602583	-35.54215135	-87.25244386	10.22097090	-1.81547239
4.10833333	-12.85068900	32.36937620	48.13720645	-34.81504402	-89.56306105	10.09554591	0.82516947
4.11666667	-12.81988293	31.69302242	49.77381326	-34.14626487	-91.83096740	10.27376441	4.61269307
4.12500000	-12.54214501	30.75697564	50.89966990	-33.43278801	-93.56731679	10.31283738	7.70332584
4.13333333	-12.25537761	29.61713869	52.05758631	-32.46450267	-95.11765301	10.23429484	10.51593999
4.14166667	-12.06395706	28.76642406	53.26298259	-31.70975628	-96.33002126	10.08420713	12.56639491
4.15000000	-11.62231744	27.74798793	54.06137093	-31.10561741	-97.29610922	10.21294453	15.26037543
4.15833333	-11.31182148	26.64156848	55.02376783	-30.21473023	-98.03422940	10.16641042	17.36692918
4.16666667	-11.08354478	25.66195065	56.02410788	-29.36504594	-98.48381826	10.07347946	18.96426309
4.17500000	-10.93972048	24.88458762	57.03944896	-28.63637524	-98.68209346	9.94726593	20.34820115
4.18333333	-10.72994613	24.12347114	57.90670230	-28.05086126	-98.67764529	10.00027792	21.82674922
4.19166667	-10.57437096	23.21632768	58.72621521	-27.19838792	-98.45351204	10.02113942	23.05673817
4.20000000	-10.49262401	22.57855657	59.65025266	-26.57364918	-98.01239070	9.86718764	23.81151943
4.20833333	-10.45920803	21.97045492	60.57606464	-25.90418004	-97.40751692	9.86226803	24.08957483
4.21666667	-10.25216628	21.17484392	61.10011925	-25.27799734	-96.57515452	9.71923210	25.22380935
4.22500000	-10.28984052	20.60422045	61.85914337	-24.58791929	-95.59552964	9.72933201	25.50498391
4.23333333	-10.08827863	19.86640554	62.30165876	-24.04472347	-94.44525072	9.65487111	26.15488783
4.24166667	-9.85086848	19.05555215	62.62338788	-23.44048714	-93.18940403	9.79936556	26.60273059
4.25000000	-9.86669949	18.53999658	63.09990833	-22.87010396	-91.76265539	9.65328204	26.77214642
4.25833333	-9.94058295	18.09018361	63.58031199	-22.27299600	-90.23810664	9.61873405	26.81007834
4.26666667	-9.96088885	17.63493390	63.85026037	-21.78722339	-88.56005519	9.45831290	26.79442693
4.27500000	-10.02771288	17.26574520	64.12893500	-21.34225830	-86.87220797	9.42097472	26.72544147
4.28333333	-10.05537170	16.85290600	64.25097786	-20.93696776	-85.08938732	9.30598220	26.45613116
4.29166667	-10.15035404	16.53860935	64.36564518	-20.53565619	-83.31189436	9.23798924	26.13734309
4.30000000	-10.11896280	16.16809368	64.20491654	-20.36947077	-81.44609315	9.50238195	25.49039290
4.30833333	-10.30373327	16.04493360	64.29535836	-20.14492049	-79.70526651	9.38866991	24.73881549
4.31666667	-10.48358492	15.83131653	64.30891234	-19.82005661	-78.02959921	9.26661536	23.71104402
4.32500000	-10.65522045	15.60638926	64.30200829	-19.49385994	-76.46541979	9.15563354	22.61491123
4.33333333	-10.81647545	15.59563786	64.18705596	-19.48972897	-74.91219016	9.19382940	21.01329060
4.34166667	-10.98011676	15.29987225	64.03472245	-19.09883792	-73.55087213	9.01482950	19.66231421
4.35000000	-11.10583473	15.08912408	63.82196933	-18.92959392	-72.29485688	8.84941858	17.78472431
4.35833333	-11.38334244	15.10687923	63.74546561	-18.75927372	-71.29126943	8.69100409	16.13095161
4.36666667	-11.43393582	14.79090235	63.35035325	-18.57061157	-70.23086449	8.44367585	14.32396686
4.37500000	-11.53630028	14.39367716	62.97896039	-18.20316793	-69.31944200	8.23193804	12.77029058
4.38333333	-11.54313987	14.12830926	62.52836389	-18.13983774	-68.58544584	7.91750791	11.28110355
4.39166667	-11.54170213	13.86447055	61.90893415	-18.08498533	-67.94888665	7.69629515	10.47496089
4.40000000	-11.72148849	13.63050370	61.46470531	-17.86199205	-67.38021299	7.32988346	10.03956715
4.40833333	-11.76436152	13.29442717	60.85417460	-17.71084151	-66.91468474	6.74581300	10.12728269
4.41666667	-11.93773312	13.14495431	60.34551285	-17.59107211	-66.48855062	6.31790954	10.62226694
4.42500000	-12.10376001	12.98422452	59.73497689	-17.44239733	-66.05544638	5.70292295	11.55650798
4.43333333	-12.31256743	12.86248041	59.13570229	-17.31754105	-65.55219760	5.11146784	12.57935772
4.44166667	-12.59375567	12.82520339	58.57411254	-17.19633177	-64.92587853	4.42291061	13.60453745
4.45000000	-12.87171362	12.85798114	57.99809704	-17.15060877	-64.19557687	3.62499467	14.60224217
4.45833333	-13.21398937	12.87739013	57.46125338	-17.04456766	-63.35855086	2.83114716	15.46578481
4.46666667	-13.57267841	13.01907473	56.91396502	-17.05068761	-62.43763038	1.75836704	16.38429233
4.47500000	-13.90750844	13.17794991	56.34836084	-17.11696543	-61.48777257	0.65739642	17.09511865
4.48333333	-14.23921424	13.35023614	55.78021641	-17.23094453	-60.51464178	-0.56172260	17.64034786
4.49166667	-14.53812632	13.55888499	55.12702865	-17.43490295	-59.50416532	-1.74007819	18.10822516
4.50000000	-14.78720315	13.79052848	54.48823589	-17.72334276	-58.55642442	-3.23401278	18.42770254
4.50833333	-15.04986885	14.14259442	53.93763589	-18.18190307	-57.69979119	-4.65748235	18.62796256
4.51666667	-15.29192696	14.57340104	53.38119605	-18.76414666	-56.84699441	-6.12100355	18.74663247
4.52500000	-15.52355756	15.03455056	52.85872291	-19.46000349	-56.04546617	-7.57898316	18.77970793
4.53333333	-15.62801650	15.57021795	52.23530098	-20.41561363	-55.26060570	-9.02434399	18.70726337
4.54166667	-15.68184464	16.12363608	51.58429032	-21.53035677	-54.50564046	-10.45860682	18.61596117
4.55000000	-15.66738799	16.69254362	50.88430805	-22.74107026	-53.78121203	-11.91907989	18.41013428
4.55833333	-15.52999200	17.34432762	50.03643371	-24.39822870	-53.02990971	-13.14988937	18.35420929
4.56666667	-15.32844043	18.16492299	49.10307140	-26.40758365	-52.23775083	-14.30047429	18.27214136
4.57500000	-15.07057230	19.01298502	48.08157232	-28.49880452	-51.38532479	-15.87306976	18.06428922
4.58333333	-14.79838325	19.92712345	47.10841668	-30.88295711	-50.65162801	-17.37555441	17.97597949
4.59166667	-14.41749002	20.91612393	45.97840222	-33.48968169	-49.85443058	-19.16306605	17.89838600
4.60000000	-14.17952739	22.24178198	44.98703354	-36.57938414	-49.00466760	-20.62105996	17.87378820
4.60833333	-13.95460737	23.73920106	43.96354981	-39.87043507	-48.03863088	-22.38347172	17.70699023
4.61666667	-13.77136827	25.11925443	43.08908915	-43.00225922	-47.26533137	-24.59553008	17.60956369
4.62500000	-13.53178136	26.49350617	42.05854792	-46.46388974	-46.29351574	-25.75379833	17.51889848
4.63333333	-13.51094198	28.40018814	41.33105481	-50.12516679	-45.38843806	-27.63776540	17.27257693
4.64166667	-13.18720094	29.91383034	40.18943423	-53.66368489	-44.44216772	-29.06685237	17.21667647
4.65000000	-12.88279169	31.54788288	39.07898720	-57.44860994	-43.37939331	-29.15814130	17.03203572
4.65833333	-12.98934571	33.67321403	38.59397965	-61.15592362	-42.59100339	-30.53546492	16.74842964
4.66666667	-12.62310897	34.75118262	37.46736760	-64.35418197	-41.65534807	-29.61991549	16.54281885
4.67500000	-12.36155964	36.17259547	36.44213817	-67.67855345	-40.66604328	-29.06903274	16.41233002
4.68333333	-12.47338178	38.29463136	35.93432581	-71.12640911	-39.84406023	-28.88986242	16.15415994
4.69166667	-12.31022163	39.99978288	35.12341942	-74.39020350	-38.99395025	-27.14101787	15.98756300
4.70000000	-12.00982556	41.40713087	34.11600646	-77.29124893	-38.11201477	-24.96072494	15.79271663
4.70833333	-11.74323995	42.82120027	33.15899261	-80.01238809	-37.23011572	-22.78107396	15.61757244
4.71666667	-11.55452997	44.30713326	32.29488989	-82.57598279	-36.37804243	-20.58297389	15.43887668
4.72500000	-11.35196613	45.78998651	31.41198345	-84.89081171	-35.49510247	-18.48965529	15.25502009
4.73333333	-11.11626089	47.13930894	30.45537481	-86.96295779	-34.56856529	-15.38344856	15.09863130
4.74166667	-10.93892927	48.50173942	29.52724233	-88.67271775	-33.58797674	-13.63538731	14.92395728
4.75000000	-10.73397280	49.80619037	28.64642294	-90.15841485	-32.71400781	-11.73698582	14.68633279
4.75833333	-10.53714257	51.05464081	27.76573767	-91.37050791	-31.82238620	-9.78022587	14.41745203
4.76666667	-9.84286099	51.71236302	26.22809706	-92.53266295	-30.71080748	-3.49277284	14.13972055
4.77500000	-9.50981791	52.64750661	25.07290947	-93.22006238	-29.70252599	-0.64340592	14.01374016
4.78333333	-9.20651078	53.63288300	23.97823203	-93.76909394	-28.67567692	2.06054642	13.67353388
4.79166667	-9.19312059	54.74228050	23.21561613	-93.88210041	-27.65643059	2.78203023	13.50628089
4.80000000	-8.74391249	55.26526579	22.07347978	-93.92209150	-26.84565308	6.29923221	13.28252110
4.80833333	-8.69640527	56.05711942	21.33926955	-93.66929193	-25.89852804	8.36305210	12.94943533
4.81666667	-8.35246680	56.62619179	20.23259248	-93.22464866	-24.97022751	9.53484480	12.69601852
4.82500000	-8.14813830	57.20607508	19.37195249	-92.58504079	-24.13721278	10.82410550	12.48708672
4.83333333	-7.95054114	57.78936573	18.56499317	-91.81468691	-23.36513059	11.79922432	12.25649176
4.84166667	-7.84038611	58.25244376	17.88481609	-90.77271901	-22.64531957	12.65590094	12.10068485
4.85000000	-7.87654688	58.91224692	17.36337555	-89.63365939	-21.89756230	12.79988781	11.97876555
4.85833333	-7.56347623	58.98836132	16.52459517	-88.33707543	-21.26960824	14.03988891	11.75819892
4.86666667	-7.55397289	59.40674179	15.99994525	-86.92776231	-20.61715031	14.32933773	11.49718502
4.87500000	-7.41414620	59.53847507	15.42123613	-85.41087055	-20.09650231	15.01848255	11.52084568
4.88333333	-7.45169140	59.78747233	15.01553822	-83.75320261	-19.52295753	15.09726231	11.30549559
4.89166667	-7.28123123	59.69645222	14.37591773	-82.00170545	-18.97860373	15.44004704	11.24683053
4.90000000	-7.38346724	59.88646940	14.09070509	-80.27807379	-18.52671015	15.35305408	11.25557076
4.90833333	-7.32002249	59.73242429	13.64423513	-78.39424159	-18.04609912	15.17899600	11.00229399
4.91666667	-7.32082769	59.56887211	13.31688374	-76.53984765	-17.63984495	14.97181275	10.95520234
4.92500000	-7.14505881	59.21136631	12.76421787	-74.70568635	-17.32057718	14.52434450	11.00600024
4.93333333	-7.30028719	59.16796489	12.56350144	-73.00174208	-16.95952198	14.34784566	11.04431912
4.94166667	-7.38015609	58.89804440	12.40437336	-71.19444997	-16.62935984	13.79475598	10.87983613
4.95000000	-7.50611815	58.76034940	12.17833103	-69.62766468	-16.28760184	13.52381717	10.95652626
4.95833333	-7.49780070	58.37900986	11.87184868	-68.04868164	-16.01709940	12.81069524	10.85037945
4.96666667	-7.52046161	58.04749395	11.65369011	-66.67033425	-15.81913792	12.24030638	10.90068836
4.97500000	-7.42493037	57.59720967	11.22357516	-65.39001221	-15.62367963	11.58977616	10.97538546
4.98333333	-7.49917539	57.34774777	11.04101742	-64.34405215	-15.41558882	11.05221995	11.01563737
4.99166667	-7.54103873	57.07920667	10.84170101	-63.47829191	-15.26900106	10.37704395	11.07051847
5.00000000	-7.63638271	56.93249567	10.63435374	-62.84013671	-15.10081050	9.74646152	11.15723450
5.00833333	-7.67515409	56.72125072	10.45080247	-62.35934720	-15.03546961	9.01636580	11.22260130
5.01666667	-7.73898638	56.52554899	10.31968366	-62.04236127	-15.04392160	8.81766264	11.25301635
5.02500000	-7.69953124	56.25428935	10.06224037	-61.91371110	-14.99171999	8.06762702	11.27590415
5.03333333	-7.74739212	56.11175980	9.91187125	-62.02919621	-15.02560699	8.03801864	11.27192721
5.04166667	-7.69968712	55.76995077	9.70142850	-62.10346992	-15.02720254	8.14728248	11.10171660
5.05000000	-7.78329300	55.65578968	9.58583525	-62.36699501	-15.04812763	8.20731347	11.07737125
5.05833333	-7.87287113	55.49464177	9.48631975	-62.55118238	-15.07587402	8.65600187	10.84103745
5.06666667	-7.99793354	55.31409178	9.46685161	-62.62742288	-15.11872682	9.02344681	10.52205920
5.07500000	-8.17763756	55.18501822	9.52161733	-62.62555568	-15.19191107	9.40829543	10.14834225
5.08333333	-8.40656377	55.07328084	9.61795927	-62.46386926	-15.25038507	9.74291044	9.70338685
5.09166667	-8.58526801	54.87569641	9.63521757	-62.22344361	-15.32059675	9.80261481	9.61585893
5.10000000	-8.85896223	54.68443589	9.82872030	-61.74248331	-15.41005693	10.28018093	8.61893766
5.10833333	-9.17966900	54.56630253	9.99908953	-61.30114174	-15.40865551	10.42143250	7.79480996
5.11666667	-9.50586960	54.39080472	10.20409955	-60.79301515	-15.41320713	10.55510131	6.98922537
5.12500000	-9.79571854	54.22402677	10.34135253	-60.33407855	-15.40178137	10.57398101	6.08897098
5.13333333	-10.10196861	54.04457019	10.47936586	-59.84852757	-15.35942571	10.58469374	5.10654491
5.14166667	-10.35207076	53.76775565	10.54305816	-59.31607039	-15.27621085	10.59390394	4.01293861
5.15000000	-10.59358962	53.47042693	10.51649095	-58.74113890	-15.11206266	10.54623623	2.67103020
5.15833333	-10.82830588	53.12023754	10.53164604	-58.15268837	-14.95364958	10.52932886	1.22181008
5.16666667	-11.08860385	52.76854297	10.58562018	-57.52621103	-14.77669912	10.47507379	-0.29885981
5.17500000	-11.30589403	52.36444985	10.55865843	-56.83887821	-14.60413482	10.39354539	-1.96645449
5.18333333	-11.45298736	51.81522772	10.56230701	-56.07207849	-14.50132018	10.29860808	-3.61034678
5.19166667	-11.63210316	51.30216495	10.54399832	-55.32448034	-14.34194739	10.20740461	-5.40267397
5.20000000	-11.78838082	50.78904811	10.56552939	-54.58928351	-14.29456485	10.08239944	-7.15332759
5.20833333	-11.87984279	50.07882139	10.59060555	-53.66314149	-14.30219179	9.99136513	-8.94620311
5.21666667	-11.98373214	49.46012811	10.69185205	-52.85386621	-14.41398033	9.87875234	-10.70676344
5.22500000	-12.11932053	48.86961113	10.90794640	-52.01894504	-14.66243893	9.76474060	-12.45556016
5.23333333	-12.17654255	48.14788717	11.11221514	-51.08499529	-15.02531768	9.63662956	-14.08509754
5.24166667	-12.23495320	47.54554241	11.45708741	-50.29786983	-15.66183689	9.47704250	-15.38294590
5.25000000	-12.27092497	46.79431290	11.74609149	-49.33179574	-16.23895839	9.35134726	-16.81149256
5.25833333	-12.25597003	46.06478084	12.01185527	-48.46245018	-16.86175154	9.24153470	-17.70364057
5.26666667	-12.28449975	45.34447009	12.53995482	-47.52305084	-17.93391025	9.11374113	-18.41473693
5.27500000	-12.30092634	44.63379362	13.10634361	-46.60789040	-19.13433769	8.95505835	-18.86395270
5.28333333	-12.37274813	43.99994540	13.83094453	-45.71893716	-20.62289313	8.84027649	-19.15930984
5.29166667	-12.31611110	43.15743119	14.61186872	-44.70392525	-22.55419341	8.70293186	-19.09697993
5.30000000	-12.22661191	42.46512516	15.31087338	-43.86979196	-24.53655045	8.45737019	-19.08208818
5.30833333	-12.26667155	41.93193239	16.23127260	-43.14273159	-26.66734277	8.29147114	-19.27566786
5.31666667	-12.12162668	41.12997000	17.12761514	-42.29080090	-29.20044411	8.14975351	-18.83120832
5.32500000	-12.21309831	40.71788610	18.22174904	-41.64152121	-31.61122300	7.98145920	-19.15463770
5.33333333	-12.03187592	39.94191413	19.05688510	-40.87189592	-34.14005248	7.85682169	-19.14531248
5.34166667	-12.10505012	39.44010277	20.32674545	-40.12652955	-36.86545447	7.74270271	-19.11846331
5.35000000	-11.96237244	38.70649890	21.20711002	-39.36706569	-39.53090463	7.61519503	-18.61823868
5.35833333	-12.16669764	38.46420635	22.62755863	-38.75569998	-42.18896156	7.46069198	-19.09652066
5.36666667	-11.96823137	37.70379703	23.45099632	-38.01878493	-44.79447829	7.32824935	-18.46414238
5.37500000	-11.81430746	36.97053843	24.38611993	-37.26802083	-47.35206762	7.18156092	-17.78080640
5.38333333	-11.78147897	36.39152454	25.41011398	-36.56350256	-49.81432551	7.04545553	-16.98204799
5.39166667	-12.21063196	36.51543739	27.02481181	-36.13447928	-52.28549803	6.97804108	-16.20391838
5.40000000	-12.10149151	35.96057949	27.89521442	-35.53641052	-54.51117904	6.82248704	-14.76155711
5.40833333	-11.99279576	35.41669675	28.71924644	-34.96941994	-56.56259657	6.65978536	-13.35750675
5.41666667	-12.51938528	35.63018494	30.45679424	-34.49224659	-58.86446890	6.59578929	-10.69362942
5.42500000	-12.49931020	35.17104117	31.25953282	-33.93249338	-60.53613850	6.42952601	-8.98717275
5.43333333	-12.95866493	35.32103419	32.80938765	-33.48156171	-62.40353243	6.34983762	-6.41010623
5.44166667	-12.96944505	34.91891306	33.58238637	-32.94834774	-63.68290707	6.19878175	-4.74428594
5.45000000	-13.33501513	34.87856768	34.87398180	-32.42902695	-65.02564585	6.18036869	-2.40181679
5.45833333	-13.37610285	34.50046734	35.61920196	-31.88227727	-65.93432730	6.02526940	-0.71397467
5.46666667	-13.39111164	34.03908083	36.24193429	-31.25853548	-66.54866222	5.86695722	0.74150792
5.47500000	-13.43219361	33.63189463	36.86249466	-30.68553342	-67.00848524	5.72644853	2.42739421
5.48333333	-13.49842907	33.36022342	37.53360461	-30.23751690	-67.41515029	5.66027127	4.58988273
5.49166667	-13.51004400	33.08850119	37.94292284	-29.83142549	-67.38458501	5.48839795	5.79583622
5.50000000	-13.52823985	32.75443514	38.33322815	-29.36711517	-67.17497811	5.31870068	7.05249761
5.50833333	-13.54582359	32.31978470	38.69016592	-28.78239568	-66.73198599	5.15394074	8.12150933
5.51666667	-13.54314006	31.99939404	38.96106179	-28.34532636	-66.13735904	4.97282020	9.26332482
5.52500000	-13.59808963	31.75446474	39.30141800	-27.90853303	-65.38233448	4.88700178	9.92242748
5.53333333	-13.63998455	31.49187844	39.26511126	-27.53559714	-64.24304379	4.70483617	11.08057130
5.54166667	-13.62584508	31.01527788	39.22905222	-26.95514811	-63.04001842	4.60610608	12.14691388
5.55000000	-13.69819724	30.75447481	39.27369867	-26.54325147	-61.68356813	4.54841116	12.83897606
5.55833333	-13.76618581	30.37783491	39.27448119	-25.98813071	-60.23498884	4.52737768	13.65535005
5.56666667	-13.82003315	30.07282319	39.17676964	-25.54702823	-58.59555740	4.46444226	14.19707635
5.57500000	-13.99946465	29.88845544	39.15383292	-25.08876531	-56.81700038	4.45938265	14.44460347
5.58333333	-14.05680418	29.62366816	39.00125142	-24.67478097	-54.99773285	4.36058751	14.85301974
5.59166667	-13.73740244	28.89094815	38.24798175	-24.25220604	-53.01139155	4.50064310	15.64736485
5.60000000	-13.97817729	28.93843975	38.17602496	-24.02747984	-51.05377940	4.51967596	15.68826808
5.60833333	-13.77624528	28.39109848	37.40543757	-23.62815106	-48.82783170	4.48375146	15.85050055
5.61666667	-13.98364711	28.28518886	37.17584253	-23.26131768	-46.71817555	4.45750204	15.64447361
5.62500000	-13.79053114	27.77020557	36.36562524	-22.92700831	-44.50052031	4.50892811	15.53409811
5.63333333	-13.95124596	27.78079821	35.99897593	-22.78215983	-42.37741141	4.51366183	15.08896492
5.64166667	-13.89815587	27.42765021	35.37163521	-22.47305791	-40.27874757	4.59360783	14.77163497
5.65000000	-14.09489080	27.36651421	35.03181926	-22.20082110	-38.27713539	4.63490268	14.26821115
5.65833333	-14.31183948	27.47220943	34.73003990	-22.12864763	-36.41595426	4.69042056	14.02214812
5.66666667	-14.34153490	27.34220138	34.12394736	-21.97369473	-34.49974418	4.72540038	13.27897175
5.67500000	-14.34001099	27.15137350	33.53207038	-21.82704526	-32.77793492	4.80127441	12.81780129
5.68333333	-14.56543031	27.23865121	33.23517276	-21.73805444	-31.23681533	4.86652857	12.59918392
5.69166667	-14.56357862	27.02845237	32.67581040	-21.55172400	-29.73141693	4.90386791	11.54866875
5.70000000	-14.76836922	27.19220076	32.44682768	-21.54937382	-28.49590134	4.97277982	11.28442079
5.70833333	-14.65443275	26.89123436	31.81257069	-21.39743914	-27.27139433	5.07668577	10.24307989
5.71666667	-14.86763714	26.96730320	31.56002786	-21.29894936	-26.16527740	5.11686394	9.28932737
5.72500000	-15.07742041	27.03726841	31.34056185	-21.20430260	-25.21165063	5.17292453	8.40381060
5.73333333	-15.13981704	27.02242878	30.91308721	-21.19468582	-24.30409520	5.24305973	7.66429002
5.74166667	-15.26508896	27.06871864	30.64631766	-21.17417128	-23.58448865	5.30599927	7.11869802
5.75000000	-15.42524062	27.15065691	30.32529713	-21.16473206	-22.90550978	5.35722849	6.82343986
5.75833333	-15.64875036	27.23715911	30.08392442	-21.09887661	-22.30064941	5.43141989	6.80615733
5.76666667	-15.62908721	27.00695813	29.57905398	-20.90065414	-21.77170777	5.31325320	6.81841588
5.77500000	-15.81927324	27.15640587	29.42765332	-20.92237828	-21.34404094	5.39029236	6.89048348
5.78333333	-15.98893013	27.26864372	29.28604478	-20.90270039	-20.91845455	5.44039764	6.91150000
5.79166667	-16.18686880	27.36114826	29.17591485	-20.81803376	-20.49471650	5.46266326	6.86568683
5.80000000	-16.39731632	27.44226023	29.08248149	-20.68869126	-20.03923319	5.45773670	6.73575440
5.80833333	-16.69187129	27.72444231	29.19255425	-20.67512137	-19.74644262	5.39045170	6.44896454
5.81666667	-16.89959270	27.84205817	29.16792883	-20.56174404	-19.36339012	5.38936512	6.37466815
5.82500000	-16.92199612	27.69735265	28.95857056	-20.33763566	-19.06392215	5.11078278	6.16814798
5.83333333	-17.02775047	27.70606377	28.86290683	-20.23210232	-18.71128914	5.09087702	5.88417335
5.84166667	-17.08421373	27.63020499	28.76706369	-20.08647699	-18.46713935	5.06908783	5.71052285
5.85000000	-17.17986180	27.57015227	28.75798772	-19.90881202	-18.32008595	5.09788562	5.69474118
5.85833333	-17.23559591	27.41908334	28.70748857	-19.67321358	-18.16908613	5.08472115	5.62133675
5.86666667	-17.02668616	26.80619519	28.49861997	-19.21745527	-18.17676697	4.98716676	5.63948270
5.87500000	-16.73782260	26.25311178	27.97744141	-18.98467402	-17.95969293	5.19092666	5.65622232
5.88333333	-16.84515724	26.22404376	28.03396529	-18.84407360	-17.92476614	5.19939492	5.67491890
5.89166667	-16.94575491	26.19284643	28.07846203	-18.71533904	-17.88573877	5.19713191	5.68673511
5.90000000	-17.03220645	25.95732662	28.18235976	-18.36342182	-17.89018640	5.13357459	5.69791302
5.90833333	-17.13026090	25.91180830	28.20589205	-18.22113412	-17.84595413	5.18392896	5.74688836
5.91666667	-17.20037573	25.85137191	28.19473390	-18.09158226	-17.78257993	5.20121521	5.77633989
5.92500000	-17.26448948	25.86466889	28.19163454	-18.04693779	-17.73760111	5.22117669	5.80615570
5.93333333	-17.33540138	25.94602153	28.26598719	-18.06317606	-17.78125507	5.27636356	5.83425509
5.94166667	-17.41404982	26.02847932	28.17300374	-18.11062688	-17.60746265	5.30741782	5.80449024
5.95000000	-17.51079979	26.07456908	28.15983853	-18.07905660	-17.50348329	5.35829285	5.84156816
5.95833333	-17.56265598	26.03616000	28.03815292	-18.01151673	-17.33792228	5.37716497	5.82483566
5.96666667	-17.63864683	26.02569395	28.02243639	-17.94814486	-17.26676209	5.43766534	5.87367175
5.97500000	-17.66088680	25.96986223	27.99198023	-17.88654090	-17.25272796	5.45531776	5.90596763
5.98333333	-17.66929334	25.93154277	27.93644776	-17.85515005	-17.24566487	5.46421282	5.96297665
5.99166667	-17.69329017	25.91708739	27.90122262	-17.84182142	-17.24499309	5.48542580	6.02141934
6.00000000	-17.66983908	25.90558593	28.04619044	-17.89071844	-17.45871231	5.47828429	6.04819439
6.00833333	-17.70905857	25.93666329	27.89936199	-17.92410304	-17.35139680	5.48968659	6.08597209
6.01666667	-17.75524020	25.96291835	27.84615209	-17.94167429	-17.30639599	5.52899657	6.13747597
6.02500000	-17.66232838	25.79972828	27.62748018	-17.90167399	-17.25707413	5.54607374	6.13267255
6.03333333	-17.68633265	25.76766800	27.61484932	-17.87010472	-17.27003657	5.58190128	6.17668943
6.04166667	-17.67795511	25.71437725	27.61752570	-17.82705307	-17.33142379	5.59961818	6.20847637
6.05000000	-17.66445547	25.66912453	27.59596576	-17.80379332	-17.34814701	5.59587409	6.24433807
6.05833333	-17.69187754	25.61854265	27.65545721	-17.71994676	-17.39413540	5.63332483	6.26906594
6.06666667	-17.70136027	25.51197787	27.56342392	-17.59079191	-17.29597302	5.58066837	6.27778048
6.07500000	-17.75453956	25.48342186	27.53518684	-17.50723320	-17.20977569	5.62077473	6.30758366
6.08333333	-17.81864418	25.51701987	27.52991277	-17.47111857	-17.14994369	5.64213960	6.33182535
6.09166667	-17.82978263	25.51235087	27.40039330	-17.45506717	-16.98697301	5.64436826	6.25242677
6.10000000	-17.89516295	25.54710038	27.40281818	-17.41533626	-16.90852884	5.66717193	6.28540511
6.10833333	-17.95109305	25.58610047	27.39168885	-17.38784914	-16.82741120	5.65775333	6.28023800
6.11666667	-18.01161115	25.68728614	27.40424010	-17.43631486	-16.78414064	5.67626022	6.23117001
6.12500000	-18.07500760	25.72930408	27.42912558	-17.40647626	-16.72768678	5.70379929	6.26074861
6.13333333	-18.16381278	25.89648408	27.46646354	-17.50201655	-16.66959602	5.72001437	6.24534892
6.14166667	-18.23580997	25.96264218	27.51106203	-17.49507241	-16.63038881	5.76680969	6.27284215
6.15000000	-18.30318994	25.98966583	27.53498210	-17.44667443	-16.58983909	5.80185989	6.29178297
6.15833333	-18.33470956	25.97800387	27.54968366	-17.41598796	-16.56494723	5.79321780	6.27222269
6.16666667	-18.39329211	25.97469145	27.55299267	-17.34748130	-16.49458416	5.82699459	6.31258392
6.17500000	-18.28939191	25.80726262	27.39790769	-17.30244349	-16.44052142	5.89258527	6.34050542
6.18333333	-18.35409641	25.81765076	27.42516478	-17.22626680	-16.38830688	5.91138238	6.37602477
6.19166667	-18.38992060	25.76964226	27.39885233	-17.10631788	-16.30421541	5.85489516	6.36784466
6.20000000	-18.42797053	25.77946067	27.38886484	-17.06427531	-16.23314386	5.83505334	6.37781834
6.20833333	-18.46983765	25.80550091	27.37680828	-17.03052923	-16.15847641	5.82086007	6.37365740
6.21666667	-18.51295099	25.83947031	27.37482287	-17.00510059	-16.09833578	5.81735362	6.36855429
6.22500000	-18.53350452	25.86404040	27.31954374	-16.98714485	-15.99378293	5.77896473	6.28651934
6.23333333	-18.57324373	25.88412672	27.31437479	-16.93858415	-15.92171153	5.73948588	6.24459412
6.24166667	-18.62143926	25.93101018	27.35325451	-16.92110399	-15.90433983	5.76335141	6.27217061
6.25000000	-18.62259821	25.90431676	27.29868509	-16.86317698	-15.82146656	5.68376671	6.23544363
6.25833333	-18.65620598	25.93137657	27.31743785	-16.83514476	-15.79935630	5.69535312	6.26144361
6.26666667	-18.63533370	25.91308742	27.26458025	-16.81770764	-15.77223568	5.63894103	6.22624103
6.27500000	-18.65689324	25.93055147	27.27698755	-16.79046948	-15.75953896	5.63457139	6.24778789
6.28333333	-18.65803015	25.94155625	27.26543480	-16.78584303	-15.75091336	5.60659594	6.26052129
6.29166667	-18.65828982	25.96504655	27.26185786	-16.79811100	-15.75635915	5.59588384	6.27550501
6.30000000	-18.63350253	26.08624984	27.20890132	-16.95324292	-15.72778920	5.58432370	6.26595015
6.30833333	-18.54342907	26.00944041	27.10755324	-16.95938144	-15.75577781	5.60760326	6.28692247
6.31666667	-18.58288663	26.08382667	27.12939484	-16.99480143	-15.72445889	5.57106581	6.31177483
6.32500000	-18.61667699	26.15750137	27.14546155	-17.02998221	-15.69631641	5.58258096	6.33173672
6.33333333	-18.64509964	26.21476102	27.14031607	-17.05280687	-15.65856953	5.58228858	6.33319225
6.34166667	-18.64006441	26.26224828	27.10571014	-17.10235350	-15.61653761	5.55949131	6.29412536
6.35000000	-18.66577298	26.31056911	27.11599043	-17.12960382	-15.59120094	5.58888816	6.31419428
6.35833333	-18.65114312	26.31374521	27.08064210	-17.14583905	-15.56181283	5.56459713	6.28029040
6.36666667	-18.67529060	26.36894305	27.09869384	-17.18374374	-15.54923765	5.59328477	6.30566811
6.37500000	-18.68885192	26.40112120	27.09113072	-17.19748272	-15.50938911	5.59445674	6.31011296
6.38333333	-18.55782574	26.22235825	26.91460996	-17.12253125	-15.45093830	5.47317366	6.21924572
6.39166667	-18.59116743	26.27879563	26.93550405	-17.15255295	-15.43055521	5.48200214	6.22416291
6.40000000	-18.61317775	26.32664811	26.95620300	-17.18529030	-15.41096864	5.50681261	6.24627602
6.40833333	-18.56375628	26.31246285	26.89062110	-17.22770507	-15.38700774	5.48179140	6.19642076
6.41666667	-18.59563112	26.38809669	26.98120930	-17.26811250	-15.46639334	5.52777874	6.21901495
6.42500000	-18.61909261	26.41826179	27.01277341	-17.26753633	-15.46584724	5.55386180	6.24320386
6.43333333	-18.53866066	26.31186771	26.87206782	-17.22605318	-15.36865753	5.35079190	6.23753934
6.44166667	-18.54494943	26.31903579	26.89084208	-17.23984352	-15.38355179	5.44759151	6.20803285
6.45000000	-18.56571454	26.35824100	26.94621544	-17.25474042	-15.44020871	5.49089568	6.23094561
6.45833333	-18.44992736	26.19708750	26.80469260	-17.20278004	-15.41320109	5.43900927	6.19903683
6.46666667	-18.47462244	26.23866122	26.86670240	-17.23263092	-15.47547815	5.47623914	6.23349814
6.47500000	-18.46831245	26.18202561	26.85388325	-17.17491818	-15.46951939	5.46369914	6.25267201
6.48333333	-18.38956502	26.07357938	26.78091978	-17.15025474	-15.50921364	5.41377874	6.28229144
6.49166667	-18.38439946	26.17617838	26.78918615	-17.26725790	-15.52624015	5.44072906	6.29154417
6.50000000	-18.39084617	26.19297243	26.82594582	-17.28119263	-15.56368215	5.43598243	6.31321590
6.50833333	-18.37365016	26.15155854	26.81456398	-17.27412838	-15.58394816	5.42200304	6.33880784
6.51666667	-18.40181688	26.17507603	26.85469437	-17.26317981	-15.59929061	5.45933995	6.37100917
6.52500000	-18.41530220	26.21449902	26.90674989	-17.30044613	-15.64797980	5.48511493	6.39767988
6.53333333	-18.42307821	26.21213940	26.91123825	-17.28374834	-15.64508066	5.48706501	6.41475762
6.54166667	-18.39597393	26.20411601	26.90992326	-17.31041023	-15.69458131	5.45688340	6.40209526
6.55000000	-18.41575960	26.20348421	26.93997317	-17.28497675	-15.70194413	5.48606132	6.41871669
6.55833333	-18.42660997	26.21932342	26.97051120	-17.30002571	-15.72125234	5.50247773	6.44246307
6.56666667	-18.37294002	26.17905108	26.92351216	-17.30423965	-15.73517206	5.48334713	6.40614415
6.57500000	-18.40166441	26.19724654	26.96471251	-17.29036764	-15.74214091	5.50978365	6.43424298
6.58333333	-18.42397680	26.21467000	27.00304397	-17.28411326	-15.75558823	5.52530626	6.45582871
6.59166667	-18.41552772	26.22136094	27.00769830	-17.29315085	-15.75740291	5.48782951	6.42261651
6.60000000	-18.44256222	26.24136643	27.03707101	-17.28268223	-15.75750927	5.51385055	6.44770378
6.60833333	-18.45499395	26.24982183	27.04804336	-17.26986881	-15.74907024	5.51826519	6.45579524
6.61666667	-18.41558834	26.21235220	27.00153930	-17.27074875	-15.73917653	5.47505233	6.42685933
6.62500000	-18.42012355	26.20803827	27.01248833	-17.25386205	-15.73488701	5.47622201	6.42557601
6.63333333	-18.43063300	26.21101675	26.99975080	-17.22140208	-15.70782414	5.45879241	6.41949259
6.64166667	-18.45068632	26.24266389	27.03639948	-17.25468035	-15.70376797	5.48303441	6.44352879
6.65000000	-18.44050120	26.25186217	27.01467254	-17.27406938	-15.69073646	5.42588356	6.39366358
6.65833333	-18.47551443	26.26295473	27.05693815	-17.23886351	-15.68855634	5.42767405	6.39297631
6.66666667	-18.52530534	26.29775889	27.10844743	-17.21274965	-15.67317430	5.44877084	6.40878707
6.67500000	-18.55668654	26.32335245	27.14845944	-17.20013879	-15.66924277	5.45703110	6.41742964
6.68333333	-18.59320306	26.39540610	27.20917158	-17.23076099	-15.69575268	5.44013691	6.37669328
6.69166667	-18.61973188	26.40022772	27.25545273	-17.20350492	-15.71344207	5.46627115	6.39380534
6.70000000	-18.64125069	26.40953752	27.30117953	-17.18860183	-15.74097100	5.47163990	6.40642043
6.70833333	-18.61645407	26.37993118	27.29540333	-17.18580680	-15.76864390	5.42937145	6.39120034
6.71666667	-18.63993933	26.39513464	27.33083402	-17.17549023	-15.78364059	5.46044424	6.40944373
6.72500000	-18.65729377	26.40357581	27.35169806	-17.17424873	-15.78160376	5.47137520	6.42807491
6.73333333	-18.62039669	26.37145419	27.33274584	-17.17527185	-15.81946496	5.44092638	6.39626605
6.74166667	-18.60826015	26.33846887	27.31338138	-17.14384380	-15.79555514	5.44781934	6.38317145
6.75000000	-18.61882155	26.36813869	27.35009404	-17.19215255	-15.82992265	5.40902377	6.40816159
6.75833333	-18.66507242	26.38869324	27.42716137	-17.14092533	-15.86041582	5.50416314	6.43120928