0.00000000	-16.49609419	23.28690953	22.55615489	-13.15470470	-11.84308321	5.70102748	9.19659686
0.00833333	-16.49717848	23.28768850	22.55435774	-13.15455237	-11.84435543	5.70098571	9.19637670
0.01666667	-16.49650600	23.28794394	22.55517790	-13.15440328	-11.84374738	5.70092535	9.19643699
0.02500000	-16.49770557	23.28734747	22.55446854	-13.15461954	-11.84406432	5.70089970	9.19640736
0.03333333	-16.45062032	23.49438093	22.51458482	-13.42565532	-11.86022663	5.60909640	9.21852646
0.04166667	-16.44894002	23.49411116	22.51518968	-13.42508070	-11.85995999	5.60922096	9.21861171
0.05000000	-16.44764289	23.49415247	22.51572513	-13.42472409	-11.85974325	5.60926925	9.21865158
0.05833333	-16.44687557	23.49391418	22.51626385	-13.42445058	-11.85952662	5.60931709	9.21870673
0.06666667	-16.44701589	23.49313425	22.51642329	-13.42433537	-11.85950401	5.60937854	9.21875752
0.07500000	-16.44668849	23.49253714	22.51675374	-13.42410143	-11.85945027	5.60945308	9.21879594
0.08333333	-16.44628117	23.49204333	22.51712897	-13.42380053	-11.85941905	5.60954102	9.21883210
0.09166667	-16.44618621	23.49141700	22.51722558	-13.42356031	-11.85952686	5.60962934	9.21886649
0.10000000	-16.44579338	23.49110147	22.51732658	-13.42318131	-11.85968780	5.60972269	9.21889163
0.10833333	-16.44585700	23.49061346	22.51710599	-13.42288360	-11.85999943	5.60981283	9.21890911
0.11666667	-16.44554299	23.49038603	22.51692470	-13.42247026	-11.86033091	5.60989696	9.21891901
0.12500000	-16.44530342	23.49019281	22.51677479	-13.42205708	-11.86066415	5.60996562	9.21893016
0.13333333	-16.44612425	23.48938350	22.51616377	-13.42186348	-11.86120918	5.61003447	9.21894125
0.14166667	-16.44599616	23.48881309	22.51590795	-13.42153401	-11.86163169	5.61011110	9.21894098
0.15000000	-16.44522174	23.48846225	22.51610472	-13.42109808	-11.86187823	5.61019199	9.21894027
0.15833333	-16.44498236	23.48769661	22.51614449	-13.42082373	-11.86218656	5.61027170	9.21894632
0.16666667	-16.44461944	23.48684374	22.51621853	-13.42059226	-11.86247312	5.61034974	9.21896436
0.17500000	-16.41425239	23.45647657	22.49462594	-13.39192272	-11.89958632	5.61545165	9.22138580
0.18333333	-16.41401698	23.45617628	22.49496499	-13.39188368	-11.89944397	5.61546388	9.22150285
0.19166667	-16.41349897	23.45585450	22.49526790	-13.39179304	-11.89937319	5.61547258	9.22162438
0.20000000	-16.41227498	23.45585145	22.49581794	-13.39161982	-11.89915357	5.61547926	9.22176867
0.20833333	-16.41113583	23.45594311	22.49616663	-13.39142725	-11.89904496	5.61548808	9.22191196
0.21666667	-16.41031722	23.45594131	22.49620207	-13.39132774	-11.89905699	5.61549384	9.22205259
0.22500000	-16.40940370	23.45612118	22.49610205	-13.39118574	-11.89910490	5.61550710	9.22219068
0.23333333	-16.40828649	23.45656004	22.49601519	-13.39098169	-11.89913419	5.61552176	9.22232160
0.24166667	-16.40773819	23.45670861	22.49549125	-13.39091263	-11.89930002	5.61553370	9.22244251
0.25000000	-16.40659925	23.45715863	22.49530067	-13.39074590	-11.89928315	5.61554782	9.22256741
0.25833333	-16.41478361	23.26831287	22.46825531	-13.19289205	-11.86829895	5.67846358	9.26504694
0.26666667	-16.41513626	23.26844666	22.46829800	-13.19273881	-11.86815689	5.67848762	9.26507670
0.27500000	-16.41593169	23.26830075	22.46790458	-13.19272920	-11.86808161	5.67849533	9.26510092
0.28333333	-16.41547577	23.26874282	22.46788645	-13.19247923	-11.86781224	5.67850568	9.26512605
0.29166667	-16.40628448	23.27507697	22.47052055	-13.19016383	-11.86409192	5.67840304	9.26520121
0.30000000	-16.40638689	23.27513983	22.47036002	-13.19023835	-11.86396135	5.67836489	9.26518103
0.30833333	-16.40598699	23.27556440	22.47034668	-13.19019212	-11.86369030	5.67833263	9.26516387
0.31666667	-16.39600201	23.28187383	22.47354710	-13.19031701	-11.85906602	5.67775915	9.26474006
0.32500000	-16.39679229	23.28153668	22.47329354	-13.19071646	-11.85898842	5.67770106	9.26469063
0.33333333	-16.39724435	23.28145906	22.47306706	-13.19099583	-11.85885711	5.67765514	9.26463940
0.34166667	-16.39750058	23.28147584	22.47278188	-13.19121610	-11.85869435	5.67762176	9.26459245
0.35000000	-16.39706697	23.28193399	22.47280843	-13.19123909	-11.85835411	5.67760213	9.26454649
0.35833333	-16.39742183	23.28209720	22.47243266	-13.19135368	-11.85815259	5.67758675	9.26448391
0.36666667	-16.39744433	23.28250423	22.47212145	-13.19125844	-11.85792763	5.67759721	9.26439923
0.37500000	-16.40723260	23.28836970	22.46709741	-13.19217080	-11.83949558	5.67820443	9.25912844
0.38333333	-16.40759147	23.28813437	22.46685429	-13.19212080	-11.83922840	5.67824107	9.25903152
0.39166667	-16.40713216	23.28828855	22.46705020	-13.19188625	-11.83866748	5.67827843	9.25894814
0.40000000	-16.40665481	23.28859257	22.46736880	-13.19154881	-11.83802254	5.67831199	9.25886677
0.40833333	-16.39661583	23.29369721	22.47241461	-13.18755100	-11.82923222	5.67841092	9.25782799
0.41666667	-16.39805762	23.29303732	22.47187276	-13.18779280	-11.82903583	5.67839014	9.25775456
0.42500000	-16.39732652	23.29331253	22.47240451	-13.18760190	-11.82829397	5.67835817	9.25770671
0.43333333	-16.39027663	23.29781822	22.47800868	-13.18472746	-11.81883879	5.67768827	9.25670371
0.44166667	-16.39172792	23.29721537	22.47750045	-13.18492965	-11.81869181	5.67763042	9.25662918
0.45000000	-16.39181368	23.29725080	22.47764271	-13.18479711	-11.81821617	5.67758284	9.25656512
0.45833333	-16.39176038	23.29734334	22.47785586	-13.18458544	-11.81767950	5.67753474	9.25649973
0.46666667	-16.40669416	23.30297350	22.49353203	-13.17020383	-11.78378281	5.67186028	9.24800473
0.47500000	-16.40693110	23.30257626	22.49353366	-13.17002646	-11.78360142	5.67182547	9.24788745
0.48333333	-16.40613755	23.30268016	22.49399679	-13.16959131	-11.78315919	5.67179633	9.24777903
0.49166667	-16.39857363	23.30478349	22.49873739	-13.16537295	-11.77928801	5.67151867	9.24676638
0.50000000	-16.39915378	23.30440283	22.49856250	-13.16517402	-11.77922644	5.67147035	9.24662317
0.50833333	-16.39861348	23.30451265	22.49899076	-13.16473274	-11.77883668	5.67143057	9.24648747
0.51666667	-16.39813852	23.30456103	22.49943440	-13.16427914	-11.77840633	5.67139633	9.24635658
0.52500000	-16.39107159	23.30752283	22.50516911	-13.15918723	-11.77356494	5.67100827	9.24503213
0.53333333	-16.39165560	23.30730291	22.50501712	-13.15888772	-11.77345895	5.67095102	9.24486984
0.54166667	-16.39155691	23.30743943	22.50524682	-13.15842746	-11.77310362	5.67090444	9.24471819
0.55000000	-16.39116120	23.30769335	22.50557873	-13.15786724	-11.77268640	5.67086018	9.24456617
0.55833333	-16.38446918	23.31148231	22.51088410	-13.15228173	-11.76794570	5.67034115	9.24305550
0.56666667	-16.38547931	23.31105776	22.51074344	-13.15205758	-11.76788712	5.67026913	9.24287539
0.57500000	-16.38553898	23.31100025	22.51104825	-13.15164078	-11.76757190	5.67020034	9.24270656
0.58333333	-16.38533051	23.31105699	22.51147896	-13.15112797	-11.76722463	5.67013635	9.24252948
0.59166667	-16.38482901	23.31127775	22.51202244	-13.15053536	-11.76684221	5.67007173	9.24233971
0.60000000	-16.37723115	23.31560940	22.52082129	-13.14130118	-11.76192563	5.66885908	9.23888968
0.60833333	-16.37860363	23.31498094	22.52065421	-13.14113981	-11.76207523	5.66876587	9.23864410
0.61666667	-16.37871442	23.31481031	22.52107191	-13.14079042	-11.76190379	5.66866954	9.23840490
0.62500000	-16.37846706	23.31472307	22.52168420	-13.14040347	-11.76161153	5.66857066	9.23817378
0.63333333	-16.37795823	23.31470763	22.52248603	-13.13998167	-11.76119327	5.66846779	9.23795280
0.64166667	-16.37739641	23.31470039	22.52330327	-13.13956382	-11.76070355	5.66836688	9.23775137
0.65000000	-16.37632680	23.31502444	22.52425151	-13.13907668	-11.76015193	5.66826829	9.23756335
0.65833333	-16.38315068	23.31255580	22.56907452	-13.11515667	-11.74491813	5.65393654	9.20744424
0.66666667	-16.38354055	23.31255621	22.56868435	-13.11512862	-11.74539620	5.65386419	9.20722030
0.67500000	-16.38259510	23.31334700	22.56875346	-13.11490950	-11.74570254	5.65380120	9.20700151
0.68333333	-16.38225381	23.31390657	22.56841021	-13.11502408	-11.74611811	5.65373034	9.20678408
0.69166667	-16.38164478	23.31464006	22.56817092	-13.11520723	-11.74646927	5.65366290	9.20656712
0.70000000	-16.38154269	23.31520126	22.56761124	-13.11558699	-11.74691758	5.65358654	9.20633260
0.70833333	-16.38148157	23.31575801	22.56703434	-13.11595987	-11.74736106	5.65351499	9.20609237
0.71666667	-16.38117805	23.31641784	22.56654611	-13.11629449	-11.74773730	5.65343837	9.20584055
0.72500000	-16.38104608	23.31702671	22.56594225	-13.11663948	-11.74816605	5.65336026	9.20556916
0.73333333	-16.35684819	23.32139819	22.57179364	-13.17551749	-11.76976746	5.64473573	9.17443998
0.74166667	-16.35710728	23.32142103	22.57171322	-13.17565792	-11.77009418	5.64473138	9.17421578
0.75000000	-16.35708066	23.32161858	22.57176182	-13.17572315	-11.77031224	5.64472638	9.17400283
0.75833333	-16.35716730	23.32164983	22.57174390	-13.17585405	-11.77049975	5.64472255	9.17380444
0.76666667	-16.35652626	23.32200247	22.57207132	-13.17586886	-11.77048194	5.64471529	9.17362021
0.77500000	-16.35601180	23.32238339	22.57243454	-13.17586785	-11.77043650	5.64470162	9.17344199
0.78333333	-16.35664449	23.32216730	22.57227975	-13.17612342	-11.77056550	5.64467446	9.17327395
0.79166667	-16.35718297	23.32205521	22.57212791	-13.17633300	-11.77066298	5.64464707	9.17310571
0.80000000	-16.35790525	23.32187222	22.57189015	-13.17659172	-11.77072493	5.64461767	9.17294283
0.80833333	-16.35547852	23.31961006	22.58735098	-13.18100937	-11.76448496	5.64424156	9.16009699
0.81666667	-16.35694503	23.31913935	22.58664772	-13.18117112	-11.76506606	5.64424138	9.15989815
0.82500000	-16.35704935	23.31937742	22.58658744	-13.18109302	-11.76519824	5.64425032	9.15971681
0.83333333	-16.35767732	23.31941650	22.58629363	-13.18105170	-11.76542631	5.64425747	9.15952945
0.84166667	-16.35855393	23.31932708	22.58579842	-13.18104721	-11.76566306	5.64426045	9.15934129
0.85000000	-16.30628060	23.51578832	22.59188453	-13.43157984	-11.82072096	5.56695810	9.08326753
0.85833333	-16.28751202	23.52359253	22.59488173	-13.43083996	-11.82021943	5.56621254	9.08256961
0.86666667	-16.29634100	23.52029012	22.58843941	-13.43579262	-11.82349690	5.56515356	9.08186513
0.87500000	-16.29617634	23.52046653	22.58833905	-13.43590838	-11.82343606	5.56511022	9.08183203
0.88333333	-16.29639410	23.52044048	22.58801803	-13.43604857	-11.82351916	5.56507202	9.08178424
0.89166667	-16.29698621	23.52033203	22.58750609	-13.43626802	-11.82364887	5.56503430	9.08171932
0.90000000	-16.28859341	23.52044532	22.58234809	-13.44274304	-11.82325472	5.56353368	9.07733454
0.90833333	-16.28889292	23.52058350	22.58189525	-13.44285357	-11.82352676	5.56349917	9.07722157
0.91666667	-16.28887992	23.52098844	22.58157916	-13.44290506	-11.82364984	5.56346166	9.07711291
0.92500000	-16.28945131	23.52118212	22.58079943	-13.44304185	-11.82396560	5.56341898	9.07699320
0.93333333	-16.28908212	23.52181250	22.58042200	-13.44302553	-11.82401468	5.56337726	9.07689143
0.94166667	-16.27563447	23.52619786	22.58133457	-13.45403455	-11.82151128	5.56100114	9.07046147
0.95000000	-16.27631213	23.52611213	22.58086049	-13.45433420	-11.82174243	5.56096329	9.07034810
0.95833333	-16.27652211	23.52626468	22.58058237	-13.45454544	-11.82188175	5.56093968	9.07023415
0.96666667	-16.27694230	23.52623950	22.58014798	-13.45487259	-11.82206337	5.56091482	9.07011653
0.97500000	-16.26654403	23.52573670	22.57866831	-13.46872566	-11.82295989	5.56081742	9.06324267
0.98333333	-16.26750946	23.52510045	22.57812989	-13.46928303	-11.82337790	5.56081637	9.06306547
0.99166667	-16.26719860	23.52521852	22.57824807	-13.46945436	-11.82342388	5.56081954	9.06296908
1.00000000	-16.27156427	23.52184100	22.57604233	-13.47336257	-11.82494334	5.56090093	9.06175102
1.00833333	-16.27077620	23.52212039	22.57635870	-13.47330553	-11.82489693	5.56092440	9.06166938
1.01666667	-16.27089322	23.52186610	22.57629665	-13.47351974	-11.82496355	5.56093282	9.06159637
1.02500000	-16.27052226	23.52182189	22.57638903	-13.47366118	-11.82492584	5.56093463	9.06151920
1.03333333	-16.25646203	23.51938201	22.57985272	-13.48100552	-11.82453561	5.56091070	9.05648277
1.04166667	-16.25682504	23.51942014	22.57965916	-13.48114420	-11.82473042	5.56090388	9.05637252
1.05000000	-16.25862224	23.51886904	22.57874901	-13.48156335	-11.82515099	5.56089485	9.05626837
1.05833333	-16.25994620	23.51855507	22.57790437	-13.48188482	-11.82548244	5.56089213	9.05617110
1.06666667	-16.26063125	23.51852760	22.57729065	-13.48209866	-11.82564341	5.56089429	9.05608513
1.07500000	-16.26106853	23.51863633	22.57678412	-13.48226979	-11.82573443	5.56090148	9.05600082
1.08333333	-16.25173949	23.51867858	22.57535742	-13.49274355	-11.82235487	5.56183194	9.05082249
1.09166667	-16.25169509	23.51868155	22.57544194	-13.49291195	-11.82241020	5.56185202	9.05072041
1.10000000	-16.25174954	23.51856798	22.57544308	-13.49314293	-11.82246692	5.56186035	9.05061631
1.10833333	-16.25159965	23.51855143	22.57557759	-13.49334469	-11.82243226	5.56186931	9.05051828
1.11666667	-16.25184598	23.51835482	22.57546133	-13.49360891	-11.82250148	5.56187759	9.05042203
1.12500000	-16.25169113	23.51832165	22.57546418	-13.49384005	-11.82244776	5.56189005	9.05032826
1.13333333	-16.25176644	23.51823174	22.57530650	-13.49407632	-11.82248701	5.56191337	9.05023588
1.14166667	-16.25164801	23.51823413	22.57511393	-13.49428558	-11.82250413	5.56194824	9.05014374
1.15000000	-16.25138052	23.51837851	22.57491613	-13.49445485	-11.82250430	5.56198858	9.05005735
1.15833333	-16.25131913	23.51841159	22.57466064	-13.49469557	-11.82250700	5.56203059	9.04996987
1.16666667	-16.25132098	23.51831612	22.57444851	-13.49495355	-11.82253912	5.56207118	9.04987747
1.17500000	-16.25121928	23.51819158	22.57430236	-13.49520193	-11.82254474	5.56210988	9.04978441
1.18333333	-16.25100886	23.51808675	22.57422063	-13.49537882	-11.82253994	5.56216700	9.04968701
1.19166667	-16.25081009	23.51785997	22.57415140	-13.49559331	-11.82249602	5.56223298	9.04958975
1.20000000	-16.24980792	23.51791834	22.57446983	-13.49563543	-11.82231908	5.56231230	9.04948778
1.20833333	-16.24914405	23.51780093	22.57466902	-13.49574802	-11.82220409	5.56239222	9.04937814
1.21666667	-16.24873170	23.51750338	22.57474643	-13.49591025	-11.82215786	5.56247598	9.04926485
1.22500000	-16.22533731	23.50782155	22.57577197	-13.50458816	-11.82864882	5.56586846	9.04210500
1.23333333	-16.22505618	23.50774835	22.57588603	-13.50469966	-11.82880436	5.56592516	9.04197068
1.24166667	-16.22498652	23.50749489	22.57591216	-13.50487751	-11.82901329	5.56595770	9.04183108
1.25000000	-16.22491652	23.50726370	22.57588816	-13.50501433	-11.82922845	5.56598850	9.04169326
1.25833333	-16.23062592	23.50333774	22.57073587	-13.50653026	-11.83339292	5.56663599	9.03942650
1.26666667	-16.22963466	23.50386097	22.57071763	-13.50595948	-11.83364363	5.56677283	9.03918150
1.27500000	-16.22977164	23.50366576	22.57043619	-13.50587229	-11.83383596	5.56681012	9.03906611
1.28333333	-16.22973619	23.50347735	22.57036442	-13.50576404	-11.83390543	5.56684757	9.03895824
1.29166667	-16.22948315	23.50329877	22.57043649	-13.50562229	-11.83391618	5.56688354	9.03884726
1.30000000	-16.22886627	23.50324271	22.57073816	-13.50541110	-11.83382418	5.56692286	9.03873023
1.30833333	-16.22825158	23.50320311	22.57108748	-13.50517058	-11.83370981	5.56696605	9.03860823
1.31666667	-16.22818640	23.50290286	22.57118958	-13.50504472	-11.83365664	5.56700911	9.03847783
1.32500000	-16.22788024	23.50273033	22.57136961	-13.50483109	-11.83358026	5.56705678	9.03835021
1.33333333	-16.22752680	23.50262501	22.57153919	-13.50458616	-11.83349592	5.56710089	9.03822401
1.34166667	-16.22718353	23.50255946	22.57167227	-13.50431044	-11.83342139	5.56714204	9.03810085
1.35000000	-16.22685100	23.50248587	22.57171561	-13.50402647	-11.83337398	5.56717722	9.03797628
1.35833333	-16.22618910	23.50263661	22.57191535	-13.50364247	-11.83325981	5.56720893	9.03785411
1.36666667	-16.22611245	23.50257873	22.57181172	-13.50333815	-11.83327439	5.56723614	9.03773119
1.37500000	-16.22599828	23.50257239	22.57171070	-13.50299322	-11.83329216	5.56726546	9.03761218
1.38333333	-16.22597682	23.50252640	22.57150435	-13.50265213	-11.83333466	5.56729535	9.03749441
1.39166667	-16.22552044	23.50259007	22.57151120	-13.50224278	-11.83327326	5.56733419	9.03738071
1.40000000	-16.22456398	23.50289229	22.57183729	-13.50172055	-11.83307321	5.56737414	9.03727023
1.40833333	-16.22452818	23.50266369	22.57180273	-13.50142148	-11.83302627	5.56741699	9.03716263
1.41666667	-16.22413918	23.50264542	22.57193371	-13.50100922	-11.83290661	5.56746304	9.03705955
1.42500000	-16.22396544	23.50249655	22.57194987	-13.50064163	-11.83285809	5.56750846	9.03695475
1.43333333	-16.22359097	23.50254286	22.57197138	-13.50019601	-11.83282987	5.56755366	9.03683532
1.44166667	-16.22338278	23.50254041	22.57186495	-13.49979562	-11.83285891	5.56759357	9.03670931
1.45000000	-16.22329638	23.50252722	22.57164412	-13.49942079	-11.83297027	5.56762776	9.03657187
1.45833333	-16.22313602	23.50249623	22.57150544	-13.49908813	-11.83301408	5.56765071	9.03643431
1.46666667	-16.22292276	23.50246396	22.57135547	-13.49876850	-11.83304824	5.56766494	9.03629207
1.47500000	-16.22262707	23.50235592	22.57124896	-13.49849849	-11.83303847	5.56767609	9.03615764
1.48333333	-16.22220521	23.50226856	22.57118125	-13.49822089	-11.83299507	5.56768660	9.03602841
1.49166667	-16.22173579	23.50215475	22.57115792	-13.49794830	-11.83291183	5.56769337	9.03591481
1.50000000	-16.22151031	23.50189887	22.57097158	-13.49773776	-11.83289992	5.56769925	9.03580096
1.50833333	-16.22103422	23.50172534	22.57079162	-13.49747594	-11.83289800	5.56770531	9.03568828
1.51666667	-16.22015811	23.50175135	22.57081958	-13.49713089	-11.83283442	5.56771115	9.03557399
1.52500000	-16.22002120	23.50137628	22.57051287	-13.49696905	-11.83292900	5.56771275	9.03545794
1.53333333	-16.21937464	23.50127654	22.57044086	-13.49669825	-11.83293494	5.56771400	9.03534352
1.54166667	-16.21891212	23.50116275	22.57026834	-13.49644097	-11.83298703	5.56771129	9.03522778
1.55000000	-16.21900181	23.50076439	22.56981207	-13.49631449	-11.83317001	5.56770978	9.03511358
1.55833333	-16.21848495	23.50062967	22.56963608	-13.49607559	-11.83323471	5.56771178	9.03500003
1.56666667	-16.21810431	23.50038483	22.56944052	-13.49587984	-11.83331708	5.56771054	9.03488484
1.57500000	-16.21769836	23.50010736	22.56925971	-13.49569564	-11.83338403	5.56770643	9.03476965
1.58333333	-16.21728847	23.49972871	22.56913644	-13.49554121	-11.83342938	5.56769883	9.03465474
1.59166667	-16.21674587	23.49930807	22.56910975	-13.49538306	-11.83343859	5.56769058	9.03454105
1.60000000	-16.18823261	23.47471505	22.52684758	-13.46840104	-11.85468005	5.56335167	9.01644130
1.60833333	-16.18851595	23.47451806	22.52678960	-13.46853360	-11.85452001	5.56328102	9.01641894
1.61666667	-16.18882097	23.47429538	22.52671132	-13.46869411	-11.85435321	5.56321488	9.01640151
1.62500000	-16.18901761	23.47401733	22.52669533	-13.46885536	-11.85418325	5.56315365	9.01638136
1.63333333	-16.18903260	23.47382646	22.52674499	-13.46895399	-11.85403057	5.56309798	9.01635674
1.64166667	-16.18902369	23.47355222	22.52680746	-13.46909189	-11.85386166	5.56304341	9.01633135
1.65000000	-16.18873250	23.47334067	22.52703375	-13.46917544	-11.85366449	5.56299099	9.01630288
1.65833333	-16.18841998	23.47302293	22.52731932	-13.46928773	-11.85345911	5.56294129	9.01627580
1.66666667	-16.18801855	23.47272441	22.52759060	-13.46936528	-11.85328206	5.56289040	9.01624593
1.67500000	-16.18759998	23.47240358	22.52787615	-13.46944641	-11.85308391	5.56284304	9.01621598
1.68333333	-16.18725774	23.47209026	22.52802113	-13.46952089	-11.85293790	5.56279213	9.01618436
1.69166667	-16.18669588	23.47190185	22.52826317	-13.46954535	-11.85274330	5.56274461	9.01615299
1.70000000	-16.18643639	23.47161304	22.52830802	-13.46961600	-11.85262338	5.56269297	9.01611268
1.70833333	-16.18628030	23.47135118	22.52820176	-13.46968083	-11.85255650	5.56264342	9.01606632
1.71666667	-16.18618297	23.47112659	22.52789277	-13.46974854	-11.85255977	5.56259298	9.01601559
1.72500000	-16.18574372	23.47118827	22.52761133	-13.46970665	-11.85256606	5.56254667	9.01596308
1.73333333	-16.15768639	23.46620606	22.52837657	-13.48076681	-11.85706554	5.55857976	9.01195999
1.74166667	-16.15799058	23.46614263	22.52798315	-13.48106234	-11.85741254	5.55850908	9.01186005
1.75000000	-16.16475575	23.46570371	22.51926043	-13.48527487	-11.86137409	5.55778216	9.01018758
1.75833333	-16.16389069	23.46631754	22.51910021	-13.48517686	-11.86132543	5.55776544	9.01010248
1.76666667	-16.16434243	23.46673284	22.51820445	-13.48531508	-11.86137516	5.55775588	9.01002139
1.77500000	-16.16671631	23.47264914	22.50746476	-13.48916993	-11.86054003	5.55739963	9.00899411
1.78333333	-16.16639958	23.47392012	22.50604793	-13.49081527	-11.85991597	5.55729724	9.00880441
1.79166667	-16.07879669	23.47832872	22.32491770	-13.66653327	-11.76570305	5.59792377	8.82338874
1.80000000	-16.07878334	23.48136020	22.32237567	-13.66679661	-11.76582637	5.59767099	8.82367970
1.80833333	-16.06158140	23.52395298	22.25858854	-13.83538682	-11.69632216	5.57754170	8.83940974
1.81666667	-16.01553019	23.59690315	22.15375569	-14.06958322	-11.60517454	5.58196269	8.84758006
1.82500000	-16.01325141	23.75615613	22.01808454	-14.30427068	-11.38308569	5.85484086	8.83414067
1.83333333	-15.96668299	23.77860647	21.92923434	-14.46346365	-11.36506519	5.82551537	8.83379399
1.84166667	-15.93766129	23.83248707	21.85715385	-14.61020915	-11.31211248	5.82005754	8.83452107
1.85000000	-15.74481766	23.60803558	21.45128336	-14.53029428	-11.05952423	5.75250277	8.75857404
1.85833333	-15.70719595	23.65528881	21.39851948	-14.69418260	-11.03802195	5.72648677	8.75384510
1.86666667	-15.63548569	23.74695589	21.30107747	-14.98737363	-10.99895391	5.72154627	8.74961482
1.87500000	-15.49429165	23.70222780	21.01301943	-15.08227513	-10.85986702	5.65681370	8.78431832
1.88333333	-15.46662920	23.74220898	20.96263556	-15.20229939	-10.85314897	5.66223454	8.79035462
1.89166667	-15.39590530	23.81371887	20.86027527	-15.49065510	-10.81446259	5.69324354	8.80252524
1.90000000	-15.41181641	24.08290979	20.75077493	-15.89694990	-10.64543199	5.99717214	8.85352508
1.90833333	-15.37210066	24.08763385	20.70064377	-16.00076184	-10.67430446	6.00286415	8.85206299
1.91666667	-15.36470655	24.10047838	20.68621837	-16.01156597	-10.67904043	6.00461708	8.85239976
1.92500000	-15.23066497	24.10461341	20.44502777	-16.26644940	-10.67469160	6.11559093	8.96094510
1.93333333	-15.21846698	24.11911440	20.42182865	-16.32607751	-10.69450691	6.11032888	8.96406634
1.94166667	-15.14362878	24.24605535	20.38711034	-16.72245392	-10.78382338	6.23811825	9.04927460
1.95000000	-15.12588958	24.26264983	20.36840185	-16.78760275	-10.79798097	6.24045849	9.05519537
1.95833333	-15.02562580	24.34313744	20.34701157	-17.14374758	-10.92474771	6.49043613	9.18816407
1.96666667	-14.99591306	24.34957701	20.31698624	-17.20804939	-10.95829770	6.48434302	9.18828978
1.97500000	-14.81643005	24.23865399	20.21401009	-17.40954477	-11.10732451	6.65113946	9.38440105
1.98333333	-14.80251543	24.25680691	20.18391633	-17.47757123	-11.13869874	6.63926714	9.38110434
1.99166667	-14.68788820	24.32213512	20.17366246	-17.85332147	-11.33137041	6.74417038	9.43525814
2.00000000	-14.64600003	24.28739324	20.12217070	-17.96597710	-11.35928742	6.74970241	9.44872976
2.00833333	-14.53262404	24.27640635	20.10507484	-18.18312547	-11.52740334	6.80244569	9.45903563
2.01666667	-14.44617742	24.21537580	20.11712499	-18.25011500	-11.67642611	6.99228144	9.63356374
2.02500000	-14.43386835	24.23096157	20.10524633	-18.30926644	-11.71415857	6.98192636	9.62697128
2.03333333	-14.33213530	24.34172695	20.09032181	-18.69126267	-11.94787341	7.02784336	9.65973918
2.04166667	-14.32664130	24.34403898	20.06412704	-18.74465258	-11.98687241	7.03421300	9.66325956
2.05000000	-14.25032724	24.41708290	20.07318056	-19.02322127	-12.20056238	7.28133038	9.79142793
2.05833333	-14.24782740	24.42182127	20.05964904	-19.04903770	-12.22515844	7.27963813	9.78936124
2.06666667	-14.24569082	24.42960566	20.04074265	-19.10040526	-12.26582284	7.28159536	9.78967991
2.07500000	-14.21329215	24.48576310	20.05368557	-19.25930782	-12.40955979	7.27786953	9.89198185
2.08333333	-14.21845896	24.49254446	20.04576829	-19.29238330	-12.44459497	7.27686425	9.89473820
2.09166667	-14.13227821	24.50688588	20.05791855	-19.54785630	-12.67133430	7.30326564	9.93657959
2.10000000	-14.03902385	24.46657619	20.29245025	-19.64744592	-13.11453077	7.56100505	10.13400071
2.10833333	-14.04186148	24.46763864	20.29305904	-19.67636298	-13.15247394	7.55519627	10.12620996
2.11666667	-13.95214375	24.45799360	20.32283119	-19.89770097	-13.40400765	7.55386177	10.10955479
2.12500000	-13.96543201	24.46564682	20.32913583	-19.91389339	-13.45063950	7.56320379	10.11259596
2.13333333	-14.23272576	24.87148147	20.84333730	-20.13273564	-13.68600686	7.51849867	10.19333956
2.14166667	-14.24521342	24.87041768	20.84258159	-20.15217578	-13.73642699	7.52737490	10.18675427
2.15000000	-14.24834807	24.86434849	20.83985573	-20.19737525	-13.82444378	7.54170163	10.18349339
2.15833333	-14.13052494	24.86083599	21.08340978	-20.44228906	-14.53658141	7.85597365	10.30870032
2.16666667	-14.13186681	24.85643034	21.07901395	-20.48031516	-14.59917936	7.86593662	10.31276429
2.17500000	-13.97036605	24.81127596	21.33609182	-20.72676439	-15.33269144	8.10684140	10.46105238
2.18333333	-13.94924405	24.79049257	21.62196179	-20.78698601	-15.77616423	8.33521263	10.70846807
2.19166667	-13.94179717	24.83674838	21.73146983	-20.94591908	-16.12248135	8.33670322	10.71159294
2.20000000	-14.34446495	25.40983192	22.40725390	-21.20064222	-16.46147631	8.34369876	10.58612969
2.20833333	-14.22876432	25.32706956	22.55050175	-21.32225335	-16.97237272	8.44529166	10.61537571
2.21666667	-14.12680822	25.25897333	22.69525644	-21.46884968	-17.52455926	8.59232553	10.72138544
2.22500000	-14.04525957	25.19711126	22.85318697	-21.59139284	-18.07182956	8.73444218	10.82917053
2.23333333	-13.94597385	25.12330011	23.04387578	-21.71708014	-18.69159367	8.86581501	10.93329486
2.24166667	-13.91366969	25.07851297	23.35291468	-21.76559630	-19.38115466	9.09026653	11.18532669
2.25000000	-13.79575699	24.99790509	23.54840490	-21.91133964	-20.04413675	9.10675959	11.16220824
2.25833333	-14.06208957	25.37761229	24.27450495	-22.08113282	-20.73555537	9.07281364	11.03872961
2.26666667	-13.82829336	25.16770018	24.68493111	-22.17112002	-21.78701236	9.30200596	11.06440564
2.27500000	-13.61752557	24.99660065	24.97689696	-22.28930468	-22.68312266	9.30862118	10.95965600
2.28333333	-13.70779259	25.15878245	25.61894854	-22.41411967	-23.54297316	9.30675390	10.55581696
2.29166667	-13.66253150	25.12082089	26.00036760	-22.52203646	-24.56301167	9.51575398	10.53190551
2.30000000	-13.45919970	24.92820304	26.35094494	-22.61526352	-25.61552940	9.53506799	10.36327782
2.30833333	-13.58364289	25.13487253	27.22902833	-22.73592152	-26.76430458	9.50659599	9.57877570
2.31666667	-13.35989010	24.88458816	27.65836032	-22.79540016	-28.03810351	9.71852949	9.37829612
2.32500000	-13.37282380	24.88562579	28.45538376	-22.79670655	-29.31400253	9.64565931	8.44350754
2.33333333	-13.10879238	24.56593633	28.89323052	-22.83415017	-30.66734099	9.70219195	8.21457151
2.34166667	-13.15239424	24.65121691	29.85605223	-22.92431627	-32.16427601	9.80623425	6.92152034
2.35000000	-12.76935691	24.19181276	30.54079878	-22.88606746	-33.84773399	10.04945676	6.30046122
2.35833333	-12.35002757	23.78323309	31.18088225	-22.94763871	-35.37412342	10.00251968	4.85197904
2.36666667	-11.95982588	23.39621888	31.81260363	-23.05877116	-37.05531875	10.29286640	4.16859522
2.37500000	-11.67352096	23.00905364	32.59864234	-22.97884692	-38.74991338	10.40123783	2.82389049
2.38333333	-11.33771804	22.64686433	33.22085623	-23.03727160	-40.33121761	10.37251209	2.41730773
2.39166667	-11.19761220	22.56468051	34.24209763	-23.18173284	-41.97959226	10.41805979	0.17864297
2.40000000	-10.84816433	22.19950567	34.92419161	-23.28676408	-43.56431629	10.67543331	-0.51000291
2.40833333	-10.45184419	21.78090364	35.63528740	-23.36474932	-45.14099284	10.83499159	-1.43059560
2.41666667	-10.05102653	21.31402759	36.26764608	-23.35500302	-46.54054937	10.77358181	-2.96481260
2.42500000	-9.72578880	20.95654904	36.85916081	-23.42389542	-47.82935106	10.83371469	-3.21399243
2.43333333	-9.37933141	20.63786036	37.44000683	-23.58842230	-49.08336486	11.05515867	-3.53339602
2.44166667	-9.06434008	20.33422741	38.04593650	-23.75952718	-50.25695540	11.33732387	-3.85510407
2.45000000	-8.81767755	20.06568742	38.58139467	-23.84845555	-51.18250208	11.33687489	-3.88328270
2.45833333	-8.58229087	19.92307809	39.09205676	-24.12895713	-52.00921654	11.52953380	-3.69531423
2.46666667	-8.36268186	19.70230260	39.59226082	-24.25360573	-52.66214819	11.59883641	-3.56461370
2.47500000	-8.15636503	19.59112513	40.04918318	-24.53813017	-53.16706226	11.83421279	-3.12463705
2.48333333	-7.97885819	19.39073606	40.46573153	-24.63720962	-53.45931911	11.85647733	-3.03368330
2.49166667	-7.95237003	19.54191136	40.93329773	-25.03288967	-53.59515833	12.18009161	-2.02690187
2.50000000	-7.81427117	19.38193891	41.23837781	-25.11809388	-53.48161746	12.18461891	-1.98730679
2.50833333	-7.70634127	19.36623709	41.60134302	-25.40764096	-53.45075886	12.48582375	-0.93969243
2.51666667	-7.60186462	19.24793602	41.89484075	-25.51722967	-53.13154353	12.50382447	-0.88014371
2.52500000	-7.52140450	19.19831574	42.06840356	-25.74307671	-52.62038523	12.75349233	-0.53614746
2.53333333	-7.45180660	19.13066768	42.27045610	-25.87016005	-51.99580516	12.81458226	-0.52210574
2.54166667	-7.28435468	18.94984455	42.31779033	-26.04145920	-51.24500463	13.09057890	-0.58035994
2.55000000	-7.22824448	18.87941252	42.44056607	-26.18149502	-50.39545552	13.15983307	-0.55377400
2.55833333	-6.67758011	18.14271046	41.92436572	-26.14225177	-49.41495280	13.35683299	-0.07799277
2.56666667	-6.59810633	18.07283790	41.92158146	-26.35997628	-48.33322189	13.56058998	-0.55650761
2.57500000	-6.51113902	17.96543677	41.85052812	-26.54005328	-47.13965971	13.76093125	-1.18576274
2.58333333	-6.36539470	17.84731441	41.69784719	-26.77906166	-45.89296713	13.96896194	-2.03261274
2.59166667	-6.10175250	17.52887907	41.35922745	-26.95431348	-44.58579982	14.16703695	-3.06998289
2.60000000	-5.98065097	17.41926204	41.11134914	-27.20911499	-43.14630141	14.39290842	-4.09310363
2.60833333	-5.57795777	16.99168071	40.54652384	-27.43539583	-41.68550221	14.59610544	-5.67487902
2.61666667	-5.48257512	16.92865334	40.23322331	-27.74101348	-40.12893995	14.84862102	-6.89616425
2.62500000	-5.20440287	16.68414246	39.69874159	-28.08054179	-38.57978249	15.11533201	-8.77637029
2.63333333	-5.15149613	16.68349456	39.35315101	-28.44260610	-36.96568885	15.40148487	-10.16585744
2.64166667	-5.24094913	16.84207812	38.99423779	-28.87092089	-35.30983779	15.73067819	-11.85122173
2.65000000	-5.19215441	16.93077969	38.66193630	-29.39262763	-33.85983186	16.02070274	-13.78559398
2.65833333	-5.20076619	17.07503377	38.35384402	-29.88522407	-32.32736923	16.33112506	-15.14494603
2.66666667	-5.06207095	17.06186292	37.94149278	-30.40540407	-30.90234917	16.63812612	-17.11406444
2.67500000	-5.00429892	17.16277473	37.51066581	-30.97464366	-29.43807717	17.01461083	-18.65558319
2.68333333	-4.97766681	17.32491460	37.08580736	-31.61857477	-28.02457173	17.38175689	-19.90143669
2.69166667	-4.83812125	17.37381482	36.46449663	-32.25349136	-26.56475439	17.81892989	-21.38135696
2.70000000	-4.81789389	17.57834959	36.09892665	-32.94166891	-25.33802388	18.26669307	-22.60128911
2.70833333	-4.89066820	17.91464360	35.78856060	-33.68798479	-24.17826751	18.65616360	-23.59312437
2.71666667	-4.92865675	18.25102441	35.44780087	-34.49150109	-23.04929837	19.06643650	-24.55829609
2.72500000	-4.92969284	18.54635673	35.04003215	-35.30430726	-21.97247096	19.46983312	-25.19101286
2.73333333	-4.99557916	18.91219266	34.68376191	-36.13912657	-20.95449494	19.97096856	-25.84333927
2.74166667	-5.03450627	19.26865638	34.37353867	-36.97668028	-20.06668171	20.45933272	-26.42842510
2.75000000	-5.16142413	19.70397098	34.05276041	-37.84041073	-19.15712504	20.98396538	-26.88290984
2.75833333	-5.16245755	19.94546337	33.69904899	-38.57472770	-18.41221385	21.22572554	-26.87325813
2.76666667	-5.43795491	20.61306081	33.61583004	-39.56709578	-17.70056296	22.06352494	-27.57768200
2.77500000	-5.51031301	20.90463279	33.34706605	-40.31610485	-17.12951455	22.58312948	-27.70943587
2.78333333	-5.59282486	21.23872717	33.11160269	-41.11183680	-16.63710145	23.15573738	-27.76628130
2.79166667	-5.73930194	21.62379229	32.86395832	-41.92023376	-16.12502067	23.73011091	-27.82350246
2.80000000	-5.82649369	21.93469257	32.59928912	-42.67605535	-15.65956474	24.16808471	-27.80855955
2.80833333	-5.87124194	22.22042899	32.27830818	-43.51428786	-15.28535954	24.82044243	-27.90642373
2.81666667	-5.95686534	22.53506246	32.05503727	-44.27987153	-14.94105290	25.32636839	-27.89874098
2.82500000	-6.05884634	22.87952452	31.86911762	-45.12445486	-14.74143872	26.00995641	-27.92858158
2.83333333	-6.23260598	23.28591509	31.71715582	-45.94532768	-14.50775036	26.64240712	-27.88664771
2.84166667	-6.31946110	23.59961477	31.51642095	-46.75617571	-14.34511485	27.21236097	-27.83886092
2.85000000	-6.38974695	23.88035146	31.28199213	-47.55457489	-14.19006710	27.79693158	-27.77753779
2.85833333	-6.50572035	24.17936913	31.05779085	-48.33541953	-14.04872231	28.39065496	-27.70117028
2.86666667	-6.53244260	24.40178963	30.85887645	-49.09562189	-14.02233711	28.95309477	-27.67384994
2.87500000	-6.67221578	24.78676337	30.75869465	-49.93969031	-13.92496813	29.53098628	-27.62341592
2.88333333	-6.56379069	24.83483478	30.40888184	-50.67511354	-13.91931225	30.12959398	-27.73209859
2.89166667	-6.60594728	24.95948094	29.97073421	-51.36032567	-13.69880495	30.45751414	-27.70244280
2.90000000	-6.77539507	25.26324673	29.83283442	-52.12586547	-13.74766792	31.22502065	-27.74850682
2.90833333	-7.00141079	25.67696166	29.80504439	-52.90598423	-13.81753558	31.79806203	-27.73960917
2.91666667	-7.20117841	26.04877018	29.65475201	-53.70794924	-13.78014020	32.30087737	-27.75181841
2.92500000	-7.43242833	26.45555671	29.61907979	-54.48475006	-13.85589236	32.84627273	-27.78216610
2.93333333	-7.57486935	26.78942649	29.44209633	-55.32245157	-13.84408065	33.29890154	-27.84157778
2.94166667	-7.58550684	26.90925844	29.04443160	-56.06847111	-13.78825572	33.38864935	-27.82750818
2.95000000	-8.32299408	27.97206716	29.55141378	-57.10596919	-13.93526439	34.44218237	-27.88846764
2.95833333	-8.38141668	28.14844908	29.20491430	-57.87267466	-13.89114596	34.72350540	-27.93917025
2.96666667	-7.80443531	27.87491044	28.82769638	-58.72052540	-14.13921559	35.23058465	-28.34866355
2.97500000	-7.82589593	28.04418943	28.45334382	-59.56958888	-14.13568192	35.61199913	-28.46134286
2.98333333	-7.94084219	28.40149466	28.21859897	-60.59425254	-14.20196683	36.15185858	-28.51717041
2.99166667	-8.23428963	28.97396295	28.12686851	-61.66938404	-14.22285354	36.70165788	-28.08374382
3.00000000	-8.46871837	29.52193338	28.05095081	-62.77482731	-14.29130519	36.97746039	-27.09206527
3.00833333	-8.58432414	29.97432028	27.86191302	-63.94355226	-14.43982246	37.33689868	-25.54261141
3.01666667	-8.80948770	30.52868163	27.71791537	-65.14896024	-14.52059183	37.62917053	-23.58332339
3.02500000	-8.86934042	30.91815229	27.47328541	-66.35372727	-14.62855164	37.86848411	-21.36855240
3.03333333	-9.19681056	31.60627228	27.65198905	-67.52285351	-15.20538014	38.13469876	-18.30782743
3.04166667	-9.19144510	31.93760287	27.28703998	-68.82191660	-15.21589907	38.21212771	-16.13258332
3.05000000	-9.34971097	32.45102048	27.35006456	-70.02109557	-15.77139319	38.35579405	-13.28048727
3.05833333	-9.37163209	32.80573243	27.15214362	-71.30187034	-15.95557082	38.28806382	-11.20521706
3.06666667	-9.39715259	33.21689973	27.18968451	-72.58242947	-16.46208872	38.20361395	-8.97334419
3.07500000	-9.54556561	33.74715431	27.29184958	-73.86869259	-16.88723699	37.97373866	-6.84951691
3.08333333	-9.41492648	34.03248504	27.35675641	-75.18131306	-17.48622838	37.64412734	-5.06624535
3.09166667	-9.32452616	34.37660519	27.41681894	-76.52726559	-18.08724950	37.16748284	-3.29217462
3.10000000	-9.29950511	34.86256023	27.58758186	-77.96919889	-18.78696552	36.55942094	-1.44636292
3.10833333	-9.09473284	35.20332229	27.62179072	-79.44548549	-19.50408383	35.73289742	0.17596412
3.11666667	-8.80831203	35.48681264	27.56649917	-80.96723701	-20.17333077	34.74106868	1.77896524
3.12500000	-8.66841133	35.99644383	27.59362080	-82.58810050	-20.80578487	33.56184749	3.42461485
3.13333333	-8.44545602	36.47095725	27.52037394	-84.24102903	-21.52765520	32.24170913	4.67378060
3.14166667	-8.27149950	37.11454435	27.38995521	-85.94639023	-21.96271502	30.58146596	6.42556293
3.15000000	-8.53053827	38.39775989	28.03360175	-87.71298028	-22.83636379	28.18064889	7.56413156
3.15833333	-8.20775084	38.97572842	27.78576440	-89.40310007	-23.40030057	26.30823494	8.73759702
3.16666667	-7.90139604	39.60908847	27.64388348	-91.09816159	-24.05611065	24.27042623	9.54546901
3.17500000	-7.70107336	40.44995689	27.72791083	-92.77140137	-24.94957522	22.20692072	10.26086279
3.18333333	-7.76081707	41.69971330	28.26517112	-94.37815531	-26.09160935	19.52015386	10.82751532
3.19166667	-7.33504307	42.25989785	27.96656577	-95.93124261	-26.79216963	17.78660017	11.23933286
3.20000000	-6.54491691	42.34890462	27.06412453	-97.21983950	-27.23294137	15.65541535	11.67992176
3.20833333	-6.12531100	42.91451752	26.76283977	-98.57632413	-27.83713033	14.34225857	12.02340927
3.21666667	-5.48539046	43.20882597	26.04212819	-99.77040204	-28.07029956	13.01530315	12.36975523
3.22500000	-4.92633188	43.52286453	25.36942191	-100.73953448	-28.32157596	12.05965456	12.82454480
3.23333333	-4.61606219	44.08249851	24.84997283	-101.49789966	-28.46108974	11.53690646	13.40426842
3.24166667	-4.18275849	44.43099336	24.26570897	-102.01293527	-28.49060507	11.28109189	13.79781420
3.25000000	-3.95286153	44.97564260	23.76309597	-102.35500133	-28.38635762	11.12351660	14.09851962
3.25833333	-3.91675648	45.71431534	23.36982294	-102.41485594	-28.24623218	10.91886740	14.46036252
3.26666667	-3.56280725	45.94534517	22.70502355	-102.19358232	-27.97122113	10.64606682	14.41361227
3.27500000	-3.35924523	46.34802574	22.11908319	-101.83164208	-27.65266887	10.17276041	14.57198905
3.28333333	-3.33857659	46.94296996	21.83586663	-101.27496706	-27.49275140	9.34775743	14.63268444
3.29166667	-3.12986340	47.24021735	21.22209119	-100.55847025	-27.13328966	8.67947842	14.52194555
3.30000000	-2.88234609	47.43950690	20.60212743	-99.62611631	-26.81343791	7.97529449	14.40739352
3.30833333	-3.00517558	48.03283832	20.37462294	-98.59554000	-26.61835624	8.03612000	14.53666355
3.31666667	-3.04179960	48.44575482	20.07771427	-97.37935753	-26.33391478	7.92426441	14.62486753
3.32500000	-2.77035424	48.39962686	19.39789685	-95.88390505	-25.95514799	6.78754748	14.37028446
3.33333333	-2.90484937	48.76269986	19.17863449	-94.33625286	-25.67989401	6.60083811	14.48282910
3.34166667	-3.00558613	49.02361875	19.00038087	-92.62756312	-25.46666437	6.20767317	14.53409046
3.35000000	-3.08133104	49.19330046	18.78949671	-90.77581727	-25.31824295	5.57913166	14.45646785
3.35833333	-3.20140843	49.30288088	18.60117092	-88.81466898	-25.08313359	5.01839487	14.46490615
3.36666667	-3.36459327	49.37872554	18.42877625	-86.72364580	-24.84549453	4.34223994	14.54282729
3.37500000	-3.46835247	49.29266182	18.24003777	-84.47951496	-24.73832518	3.39472757	14.58022171
3.38333333	-3.65615591	49.22287765	18.07554676	-82.15794844	-24.48881358	2.39553586	14.72320879
3.39166667	-3.73252639	48.95748755	17.92511659	-79.71027435	-24.42772173	1.03202594	14.87611115
3.40000000	-3.83878474	48.61235624	17.80591547	-77.14093595	-24.39020964	-0.55850728	15.05957863
3.40833333	-3.12738247	47.30500839	16.72371593	-74.21435186	-24.22479788	-4.05110860	14.84513881
3.41666667	-3.28532312	46.88846674	16.64246720	-71.44214071	-24.24166901	-5.71365776	15.14870597
3.42500000	-2.77824279	45.51348658	15.91648681	-68.32540163	-24.27154957	-9.05161600	15.25647513
3.43333333	-3.02576136	45.06317917	15.88896708	-65.41602985	-24.36380527	-10.96177354	15.65970533
3.44166667	-2.70975283	43.79904590	15.37568728	-62.14176507	-24.61171411	-15.11902250	16.05827935
3.45000000	-2.90631892	43.15749919	15.45845487	-59.14927909	-24.91979209	-16.93657271	16.48680633
3.45833333	-2.45645901	41.65362604	14.83140746	-55.87456025	-25.16371602	-20.29267074	16.82847789
3.46666667	-2.70547167	40.96292285	15.02708257	-52.80921325	-25.59398626	-22.08020335	17.35512493
3.47500000	-2.89811807	40.15957805	15.13390127	-49.70811322	-26.06586200	-23.87343102	18.03056017
3.48333333	-3.05182640	39.27208511	15.24709649	-46.57471522	-26.62565275	-25.65497678	18.75408592
3.49166667	-3.61557886	39.47690238	16.25218237	-44.69154382	-27.96595165	-16.74926618	20.37050956
3.50000000	-3.75200046	38.49952466	16.49850880	-41.57213563	-28.70983205	-18.21200832	20.95038540
3.50833333	-3.84802687	37.50167560	16.76164435	-38.57168206	-29.56439597	-19.44097719	21.59055297
3.51666667	-3.97868390	36.55667034	17.06886760	-35.70076266	-30.48542184	-20.43798543	22.31081891
3.52500000	-4.05786528	35.54245995	17.41018589	-32.93944218	-31.53213111	-21.18675027	23.11828371
3.53333333	-3.88942667	34.32989888	17.49026487	-30.62337024	-32.53000556	-20.48313861	23.88805670
3.54166667	-4.13992506	33.63697970	17.90781471	-28.24469644	-33.61634804	-21.09423862	24.77467701
3.55000000	-4.36893324	33.00566837	18.47697838	-26.22868660	-34.93792721	-20.97260375	26.04336764
3.55833333	-4.52275425	32.32177222	18.84335722	-24.29240027	-36.05627683	-21.31234351	26.99884061
3.56666667	-4.85521352	31.98642462	19.57788020	-22.85790324	-37.42540598	-21.12711486	28.31113154
3.57500000	-5.11932540	31.57123693	20.26669597	-21.50099552	-38.76679342	-21.14331249	29.40857899
3.58333333	-5.33309095	31.13662692	20.69325286	-20.20250109	-39.92726763	-21.35387862	30.36138274
3.59166667	-5.64237147	30.93273712	21.49277787	-19.36081039	-41.31584320	-21.32727476	31.54198585
3.60000000	-6.26654252	30.99830654	22.50570228	-18.50775156	-42.78461993	-21.21735786	32.71143782
3.60833333	-6.35404807	30.74555703	22.85314070	-17.92661652	-44.02370737	-21.35427746	33.65532796
3.61666667	-6.47045785	30.30204714	23.33380576	-17.29362841	-45.39813274	-21.39486325	34.60750932
3.62500000	-7.21721916	30.75533633	24.56363572	-17.19339162	-46.87564388	-21.11199491	35.85799021
3.63333333	-7.25116234	30.26514241	24.95560506	-16.82241898	-48.26693621	-21.20894022	36.69394831
3.64166667	-7.74230024	30.33438502	25.85295029	-16.76106797	-49.63782099	-21.19010882	37.80505380
3.65000000	-7.73091565	30.00467085	26.20441348	-16.84875055	-51.04605405	-21.37526165	38.57560311
3.65833333	-8.04132201	29.99240674	26.86838118	-16.97077035	-52.43475587	-21.55858256	39.56273829
3.66666667	-8.00032101	29.63169851	27.15458302	-17.23982359	-53.80913157	-21.75066113	40.21225657
3.67500000	-8.02785027	29.31438494	27.53323835	-17.56263002	-55.20645100	-21.64716911	41.10301269
3.68333333	-8.65599161	29.73045096	28.59202413	-18.08497997	-56.68011951	-20.71023116	42.00399095
3.69166667	-8.89386054	29.56883356	29.23312379	-18.37468077	-58.23647542	-19.16998189	42.71266335
3.70000000	-9.33043279	29.80999239	30.15415901	-19.06807212	-59.83306704	-16.74034915	43.56353555
3.70833333	-9.39571709	29.51840526	30.66004393	-19.58031454	-61.34479288	-13.71871186	44.07645428
3.71666667	-9.67137796	29.55449214	31.45706405	-20.10849154	-63.05198982	-10.45795512	44.63615554
3.72500000	-9.88711358	29.43284381	32.18496011	-20.39316655	-64.80935602	-7.35210337	45.02655569
3.73333333	-10.21271993	29.59672981	33.13772427	-20.93277298	-66.66314657	-4.27722651	45.29273836
3.74166667	-10.23939859	29.34448781	33.82980625	-21.11792135	-68.62191224	-1.74083864	45.28268327
3.75000000	-10.58547454	29.70940857	35.05156186	-21.66461041	-70.88814440	0.56249253	44.96212118
3.75833333	-10.57398482	29.63412259	35.82028389	-22.05954469	-73.07543358	2.78921438	44.53830828
3.76666667	-10.67476004	29.77972077	37.06662399	-22.55720991	-75.67556031	4.73183965	43.61194040
3.77500000	-10.79834978	30.13469590	38.34266743	-23.31035720	-78.30615396	6.51820846	42.24962141
3.78333333	-10.57337119	30.03055572	39.30185209	-23.88136718	-80.96201896	8.28047478	41.00060807
3.79166667	-10.38392043	30.10468882	40.54034814	-24.67211029	-83.80367758	9.63462073	39.01182207
3.80000000	-9.86209241	29.84092428	41.30425948	-25.39438514	-86.47900605	10.85882713	37.15160615
3.80833333	-9.68332866	29.89907867	42.63996992	-26.21024626	-89.15686564	11.97620960	34.94067601
3.81666667	-9.49049348	30.00153981	44.01040543	-27.15607989	-91.61258016	12.81415956	32.45247146
3.82500000	-8.62687233	29.04841960	44.44442940	-27.14032000	-93.68533812	5.58861745	30.37365905
3.83333333	-8.93687516	29.89578445	46.29980524	-28.39120543	-95.78064936	6.06116596	28.85277938
3.84166667	-8.40525963	29.71606249	47.08794374	-29.60947354	-97.40283609	6.88011183	27.41710981
3.85000000	-6.90439024	28.97965639	46.60330635	-30.95869014	-98.62717187	7.06175848	26.46422954
3.85833333	-6.31754498	28.84572942	46.98612323	-32.13381595	-99.46687574	7.71933466	26.31423898
3.86666667	-5.86472346	28.67992060	47.53010707	-33.13812009	-99.97297121	8.08711604	26.36763674
3.87500000	-5.43547025	28.34779919	47.97469221	-33.88543201	-100.07406934	8.69459517	26.53390035
3.88333333	-5.10216012	28.02125937	48.37321269	-34.39930382	-99.81171519	9.13356280	26.71774750
3.89166667	-4.81100609	27.56003491	48.66976740	-34.61438426	-99.21803324	9.65145311	27.04821069
3.90000000	-4.23192060	26.61670322	48.60228519	-34.53335957	-98.36349253	9.74834219	27.49330581
3.90833333	-4.22523282	26.33590205	49.13126392	-34.50516604	-97.34964467	9.88801343	27.39957250
3.91666667	-4.18720372	25.98969418	49.58133545	-34.44569831	-96.15511174	10.26447169	27.42702150
3.92500000	-4.05516301	25.40264600	49.84802633	-34.15581102	-94.72740187	10.44096450	27.31559252
3.93333333	-4.08171518	25.00296941	50.13995295	-33.90764623	-93.10178284	10.60866951	27.01046720
3.94166667	-4.01256946	24.53169208	50.31093528	-33.69530052	-91.37332540	10.86301830	26.48969907
3.95000000	-3.77666996	23.83008268	50.19980457	-33.40911266	-89.43743620	11.01545121	25.84147007
3.95833333	-3.85579624	23.51147762	50.26733473	-33.20183715	-87.26146991	11.20084563	24.94743922
3.96666667	-3.58073887	22.87865131	49.95301590	-33.10135224	-85.01345768	11.40146227	23.52996294
3.97500000	-3.21760956	22.13704574	49.42307103	-32.97126954	-82.52603901	11.58112366	21.80529592
3.98333333	-3.39208995	22.09501513	49.17629098	-33.04643007	-79.89629094	11.84972491	19.93207091
3.99166667	-3.43905950	21.98911475	48.92822571	-33.18542831	-77.22024757	12.08670349	17.60303255
4.00000000	-3.30545550	21.57615836	48.48655129	-33.15912883	-74.46435487	12.28333583	14.64531715
4.00833333	-3.36431510	21.52086012	48.08098429	-33.40429386	-71.55703489	12.57681472	11.76253484
4.01666667	-3.34070257	21.35600750	47.52167033	-33.63613809	-68.58650464	12.87077555	8.29571054
4.02500000	-3.43396593	21.28480995	47.03081749	-33.78534831	-65.51217851	13.17169771	4.59503739
4.03333333	-3.55527320	21.29538146	46.48055254	-34.06586514	-62.39401020	13.56046396	1.24435060
4.04166667	-3.51239083	21.20304045	45.75700124	-34.47320780	-59.26328842	13.95436265	-2.29643534
4.05000000	-3.53732820	21.16118269	44.98153781	-34.82574898	-56.05541035	14.37566704	-5.70187635
4.05833333	-3.53069884	21.09528229	44.16269592	-35.28140453	-52.85284166	14.85643336	-9.14056367
4.06666667	-3.55493056	21.12450117	43.28355001	-35.80336119	-49.68423111	15.38060316	-11.93977539
4.07500000	-3.61264706	21.07654894	42.46231969	-36.23468729	-46.61481006	15.91542032	-14.68218851
4.08333333	-3.52640295	21.07089134	41.50601909	-36.90487178	-43.66030924	16.47913507	-17.16217319
4.09166667	-3.61466894	21.26535550	40.68167132	-37.64849935	-40.88528159	17.15453257	-19.09231037
4.10000000	-3.70291417	21.41509142	39.83960571	-38.35823968	-38.22756014	17.77211934	-20.77783030
4.10833333	-3.89022150	21.60193412	39.06268604	-38.96755309	-35.68635416	18.28392959	-21.55098882
4.11666667	-3.80985617	21.67358473	38.18968151	-39.90395393	-33.51664859	19.13253441	-23.39363319
4.12500000	-3.83978671	21.77035523	37.35336843	-40.69377214	-31.42559750	19.82935622	-24.38187074
4.13333333	-3.96521574	22.05133632	36.60041142	-41.61188656	-29.51382668	20.52864562	-25.14263741
4.14166667	-4.07988852	22.30320512	35.91636497	-42.54494782	-27.72989210	21.28654753	-26.14231432
4.15000000	-4.20963482	22.57558688	35.24117483	-43.47797445	-26.13729608	21.98957414	-26.67225165
4.15833333	-4.36056025	22.96471321	34.63899981	-44.57476749	-24.57868711	22.76000530	-27.83811993
4.16666667	-4.66033462	23.46098680	34.12925387	-45.60545529	-23.24350194	23.50337197	-28.30784869
4.17500000	-5.03359585	24.06527454	33.80638222	-46.66203460	-21.94776441	24.21199846	-29.16298470
4.18333333	-5.27928539	24.47096168	33.27289726	-47.67322245	-20.75860270	24.86508222	-29.43783642
4.19166667	-5.70262903	25.20499521	32.97897310	-48.86270712	-19.60478684	25.64872790	-30.13302901
4.20000000	-6.07838302	25.83681348	32.63844431	-49.97780451	-18.64707458	26.34180532	-30.30254223
4.20833333	-6.28437118	26.16063715	32.02735289	-50.95470883	-17.61287464	26.88775075	-30.39914652
4.21666667	-6.53289555	26.61861880	31.54719516	-52.06550385	-16.74841469	27.51776692	-30.46734703
4.22500000	-6.95508608	27.33646275	31.14922056	-53.34871261	-15.93042988	28.29113250	-30.54152617
4.23333333	-7.14336245	27.71987456	30.66738756	-54.46922806	-15.26663327	28.83450611	-30.58610045
4.24166667	-7.43153129	28.17524270	30.06780606	-55.62443143	-14.53227738	29.44610967	-30.67319445
4.25000000	-7.70455045	28.76173007	29.75316396	-56.97016817	-14.20890164	30.10823981	-30.83054901
4.25833333	-7.90697770	29.25872016	29.32017304	-58.26688893	-13.91834786	30.66543439	-31.06532774
4.26666667	-8.07665623	29.68801682	28.83443453	-59.55869957	-13.70283266	31.17753042	-31.41261152
4.27500000	-8.33599741	30.25493033	28.53204969	-60.93031409	-13.67057817	31.73774265	-31.73572747
4.28333333	-8.73545639	31.00109272	28.22556965	-62.35446908	-13.58192925	32.29342674	-31.55262577
4.29166667	-9.02471052	31.60361595	28.04042681	-63.75128609	-13.74434366	32.67083892	-30.51559392
4.30000000	-9.66523947	32.66943756	28.23928969	-65.28444296	-14.22003953	33.24229584	-28.16854174
4.30833333	-10.00874234	33.30300594	28.28165834	-66.60368775	-14.82002638	33.62466112	-25.21039021
4.31666667	-10.24385702	33.79561698	27.99991570	-68.01572728	-15.05009907	34.09177142	-21.89521646
4.32500000	-10.56771739	34.42461365	27.88080093	-69.44420746	-15.36762185	34.47644302	-18.26969728
4.33333333	-10.70713107	34.85540179	27.69368806	-70.88926319	-15.63173486	34.77344118	-14.81534181
4.34166667	-10.76779347	35.16974930	27.43656716	-72.25266636	-15.94260036	34.90133709	-11.59847437
4.35000000	-10.79249206	35.54277439	27.17799315	-73.81329285	-16.09022666	34.86984822	-8.95413506
4.35833333	-10.79418922	35.94936962	27.11414414	-75.41209709	-16.48612597	34.67663409	-6.22824667
4.36666667	-10.81642405	36.43995262	27.20394600	-77.16355325	-17.02098616	34.37315407	-3.72283192
4.37500000	-10.75122038	37.02331931	27.07293312	-79.08835609	-17.45258342	33.69058877	-1.35267783
4.38333333	-10.71328385	37.74375817	27.02895254	-81.14519043	-17.97034671	32.72108925	1.02547304
4.39166667	-10.55939433	38.47141372	26.87566175	-83.32739985	-18.46039810	31.43372478	3.19426927
4.40000000	-10.25076440	39.11551605	26.72537784	-85.53915398	-19.09137425	29.81268381	5.19465382
4.40833333	-10.02713907	39.96941961	26.66723462	-87.78325530	-19.76497726	27.89835524	7.09400452
4.41666667	-9.75632412	40.92412619	26.55463624	-89.90962536	-20.48231258	25.17248383	8.49687020
4.42500000	-9.50097597	41.84709139	26.53213505	-92.04427167	-21.32142684	23.10259118	9.94085355
4.43333333	-9.38530400	43.05338845	26.85274745	-94.04140046	-22.36500272	20.06896296	10.71503938
4.44166667	-8.59154291	43.45490392	26.33617974	-95.84637576	-23.24499247	17.47924733	11.24100369
4.45000000	-7.67308486	43.71984669	25.61672837	-97.50732219	-24.07387224	14.97250019	11.64278842
4.45833333	-7.35684563	44.58399774	25.68164340	-99.12237111	-25.09596622	12.63341756	12.17966053
4.46666667	-6.61306435	44.95675975	24.89003153	-100.58585482	-25.57183191	10.96865930	12.54415791
4.47500000	-5.75928289	45.09407944	23.95219304	-101.71283302	-26.03897898	9.23804331	13.00994637
4.48333333	-5.02884700	45.18996993	23.12242747	-102.57157023	-26.43517620	7.96691114	13.56497521
4.49166667	-4.76485598	45.80610155	22.59891266	-103.25610836	-26.64713984	7.30847003	14.18424714
4.50000000	-4.32299557	46.08622769	21.90820215	-103.61602705	-26.75503713	6.66376482	14.72463822
4.50833333	-4.31787623	46.79856459	21.55487924	-103.75140962	-26.74896557	6.31123693	15.28489127
4.51666667	-4.10484691	47.15880442	21.00561853	-103.56915331	-26.68377316	6.15678929	15.70792275
4.52500000	-3.95345487	47.53530512	20.37930309	-103.15246725	-26.44231324	5.64400667	16.03785362
4.53333333	-4.04986640	48.11553708	20.16578996	-102.57354618	-26.37216728	5.22360939	16.37061143
4.54166667	-4.04993356	48.58203903	19.69572877	-101.87756872	-26.06154958	5.63802637	16.51007397
4.55000000	-3.85502452	48.68841353	18.85295102	-100.80371006	-25.59289157	3.97069775	16.62286353
4.55833333	-3.95831359	49.11596661	18.51471370	-99.76389142	-25.30053873	4.17451048	16.78054643
4.56666667	-4.07498409	49.44885752	18.18291193	-98.52677080	-25.00715651	4.22755787	16.91190616
4.57500000	-4.21020017	49.73383913	17.90739686	-97.03497937	-24.71403128	2.86270893	16.89796951
4.58333333	-4.29475184	49.91576525	17.68799641	-95.42678451	-24.61569918	2.65428771	17.11255240
4.59166667	-4.44542309	50.07244300	17.39581749	-93.67562414	-24.36835444	2.39225110	17.37085081
4.60000000	-4.42091228	49.94384992	16.86791644	-91.77429108	-24.12767311	2.38346271	17.65129377
4.60833333	-4.87078050	50.19758353	17.05108155	-89.82147855	-24.10052579	2.54056783	18.14833324
4.61666667	-5.04602384	50.15678958	16.76177343	-87.63945524	-23.97596525	1.74981511	18.61415522
4.62500000	-4.80551759	49.47458547	16.03921798	-85.23397388	-23.80708627	1.54521096	19.22115649
4.63333333	-5.01230304	49.28669420	15.86560296	-82.81984072	-23.78377018	0.38570651	19.81764125
4.64166667	-4.75497003	48.37663350	15.14360650	-80.07509601	-23.76258381	-0.74006867	20.47632013
4.65000000	-4.97195201	47.98300754	14.88205363	-77.39675325	-23.68730253	-2.24867251	21.09701969
4.65833333	-5.15747214	47.41917301	14.67336053	-74.59027920	-23.75386196	-3.95679434	21.66053586
4.66666667	-5.19453376	46.68394393	14.40701358	-71.65600187	-23.91572021	-5.99116248	22.20244961
4.67500000	-4.51179219	44.91249172	12.90220267	-68.38644264	-23.59088691	-8.64844862	22.48674074
4.68333333	-4.64995287	44.15020013	12.83418236	-65.37023511	-23.85488510	-10.76832704	22.90321998
4.69166667	-4.25948773	42.58592959	12.07412440	-62.00112997	-24.03384252	-13.65320559	23.20857792
4.70000000	-4.47733882	41.76279072	12.07813738	-58.86905632	-24.33327007	-15.63320801	23.50551630
4.70833333	-4.64469075	40.84911187	12.10484692	-55.67560724	-24.76393337	-17.70764365	23.82650558
4.71666667	-4.08879997	38.94170546	11.23450670	-52.12329884	-25.16721957	-20.36609946	24.42438288
4.72500000	-4.34352765	38.11009218	11.48033931	-48.96628227	-25.82077288	-22.08588400	24.86104086
4.73333333	-4.63647016	37.23309699	11.79198497	-45.71850980	-26.59853607	-23.57800304	25.48555687
4.74166667	-5.20602831	36.75887111	12.52465855	-42.94005574	-27.53530187	-22.16613886	26.11838278
4.75000000	-5.44368577	35.79852360	12.79486377	-39.69230427	-28.50873238	-23.52246564	27.17903108
4.75833333	-5.61518620	34.97605629	13.27816763	-37.03010000	-29.83222044	-22.31188567	28.54136867
4.76666667	-5.81169328	33.89120108	13.69952100	-33.65318272	-30.98760535	-23.57782496	29.24404676
4.77500000	-6.21705170	33.07011221	14.36023358	-30.67851384	-32.36826027	-23.94656912	30.42392787
4.78333333	-6.90357274	32.82132316	15.26149841	-28.25585966	-33.56561966	-22.94747231	31.63530884
4.79166667	-7.12660491	32.02055042	15.64538363	-25.63484808	-34.79084970	-23.67789273	32.65454577
4.80000000	-8.06888760	32.38271622	17.10920718	-24.00473283	-36.46591749	-17.79670997	33.87273173
4.80833333	-8.30863705	31.69169173	17.43099284	-21.87641098	-37.61470062	-18.15489047	34.88644049
4.81666667	-8.70545839	31.37976275	18.11835389	-20.29076336	-39.05850136	-18.29560742	36.15908595
4.82500000	-8.91375181	30.92074995	18.47178774	-18.81149094	-40.32991274	-18.53839387	37.19370885
4.83333333	-9.44436957	30.96250897	19.33509494	-17.77394637	-41.85360743	-18.83481014	38.37533018
4.84166667	-9.66192999	30.66825948	19.78433465	-16.78475181	-43.28011344	-19.04514292	39.44997037
4.85000000	-10.48931475	31.16376483	21.05340041	-16.22171093	-44.96618795	-19.33876513	40.53916149
4.85833333	-10.60628822	30.80261341	21.43548198	-15.56285717	-46.46355869	-19.55441511	41.52506004
4.86666667	-11.56332815	31.46550154	23.00013209	-15.31217584	-48.41454230	-19.86534669	42.52045535
4.87500000	-11.67301173	31.16133875	23.23121797	-15.05216229	-49.85422969	-20.27948814	43.34326136
4.88333333	-12.15162362	31.33979440	24.14748927	-15.08598160	-51.66918187	-20.27759784	44.11245521
4.89166667	-12.15539755	31.07131337	24.50543730	-15.30877939	-53.44813742	-19.85862397	44.77140411
4.90000000	-12.48577721	31.10272068	25.13288397	-15.69299908	-55.18988211	-18.34728700	45.21617170
4.90833333	-12.97295404	31.39182318	26.13448462	-16.40741826	-57.21614363	-16.04231059	45.62911032
4.91666667	-12.88628620	30.94929136	26.43201530	-17.03422525	-59.15079183	-13.19176491	45.96145940
4.92500000	-13.15088438	30.95960580	27.08087885	-17.87868152	-61.15620820	-9.62109850	45.98107111
4.93333333	-13.33897150	30.99764407	27.80243747	-18.79409341	-63.36496984	-6.04602234	45.90841274
4.94166667	-13.44004677	31.00443007	28.34697849	-19.73580353	-65.48463118	-2.71874324	45.57524658
4.95000000	-13.65061565	31.19284976	29.21485834	-20.66323748	-67.87598134	0.28486006	44.99025268
4.95833333	-13.59032498	30.89908970	29.72712681	-21.34847842	-70.20370944	2.96818480	44.43675761
4.96666667	-14.19908853	31.62899155	31.38824077	-22.23866055	-73.08254480	5.37687891	42.98616641
4.97500000	-14.43313704	31.89136554	32.64872011	-23.01142530	-75.82773145	7.69505018	41.64661914
4.98333333	-14.28307813	31.68279807	33.53819560	-23.68182898	-78.56640875	9.96912089	40.48759292
4.99166667	-14.75161704	32.23996028	35.37329537	-24.44236016	-81.59165440	11.48336477	38.09377105
5.00000000	-14.70610779	32.18699676	36.55479755	-25.17143943	-84.34147330	12.99641596	35.88424096
5.00833333	-15.36005598	33.11598360	38.77953403	-26.08489798	-87.14207690	13.41687603	33.46670917
5.01666667	-13.50154469	31.01836736	37.64901671	-26.04039197	-88.95953924	7.44690704	30.95387965
5.02500000	-13.32274172	30.93403163	38.72067322	-26.98424388	-91.04932743	8.58013608	29.43490460
5.03333333	-13.54719667	31.41781406	40.32126821	-27.95930819	-93.02722949	8.63909976	26.85001284
5.04166667	-13.33274301	31.45749469	41.23494755	-29.09092954	-94.40805050	9.37663684	25.72726170
5.05000000	-12.83774311	31.08962126	41.69537659	-30.10697541	-95.30719171	10.23608558	25.41252668
5.05833333	-11.82332708	29.78421122	41.36581863	-30.56553570	-95.68998055	10.64877267	25.08147240
5.06666667	-11.59391150	29.51629627	41.95517585	-31.25664664	-95.91823868	11.28883941	25.19378696
5.07500000	-10.73848319	28.28242111	41.70122793	-31.45125375	-95.70357911	11.70643129	25.55888069
5.08333333	-10.66182602	27.83117523	42.36200905	-31.56306232	-95.35189277	12.17442332	25.57455680
5.09166667	-10.59695217	27.21498659	42.98427054	-31.37015221	-94.74759284	12.51524196	25.60188708
5.10000000	-10.37643916	26.36027566	43.36020359	-31.04937048	-93.89067686	12.91071116	25.74709936
5.10833333	-10.42004899	25.64829148	44.05281440	-30.48769514	-92.94280516	13.04502302	25.76706769
5.11666667	-9.68781301	23.84846008	43.65950720	-29.55702443	-91.57399333	13.03040718	26.11034476
5.12500000	-9.81458750	23.16548530	44.36994269	-28.93790950	-90.25279637	13.31748732	26.03998017
5.13333333	-9.93998179	22.46409771	44.99868797	-28.30175476	-88.75829283	13.54116642	25.96163084
5.14166667	-9.71638310	21.40585961	45.09658938	-27.70690349	-86.99118044	13.81410683	25.72559018
5.15000000	-9.88357948	20.76203868	45.65064830	-27.06623917	-85.16356507	13.89843993	25.65708949
5.15833333	-9.15809093	18.95242887	45.01089464	-26.17739630	-82.98105485	14.05626850	25.25482047
5.16666667	-9.41017224	18.36644097	45.46560026	-25.51923978	-80.80142727	14.10157699	25.08054327
5.17500000	-9.06428488	17.15205344	45.17958502	-24.90312062	-78.37398441	14.28067359	24.34116464
5.18333333	-9.24973227	16.58628860	45.47944665	-24.30296158	-75.90497647	14.20361700	24.00920283
5.19166667	-9.12558804	15.76791049	45.24638108	-23.85230022	-73.25760381	14.11697666	23.54082970
5.20000000	-8.66517099	14.37658776	44.55680368	-23.08672750	-70.38669893	14.12177496	23.07676543
5.20833333	-8.89606817	13.92582347	44.69881759	-22.59137637	-67.56703671	13.95347945	22.49974041
5.21666667	-8.66968716	13.06550640	44.13876076	-22.26606840	-64.49940197	14.07173446	21.64905840
5.22500000	-8.69186466	12.47496254	43.87900760	-21.92868871	-61.41467086	13.84499131	20.79833796
5.23333333	-8.44017700	11.43219085	43.21386599	-21.36166909	-58.18771222	13.85359323	19.73975744
5.24166667	-8.40646812	10.74757094	42.78419450	-20.99575123	-54.92220451	13.79771518	18.51513221
5.25000000	-8.42645213	10.23527190	42.39097262	-20.82401331	-51.63510740	13.67339747	17.23438925
5.25833333	-8.42935850	9.64807504	41.90728867	-20.55080710	-48.32179493	13.64254242	15.85086823
5.26666667	-8.23023797	8.80305535	41.24309248	-20.23119319	-45.06560211	13.56942226	14.27999743
5.27500000	-8.11295782	8.01693949	40.62506719	-19.90085145	-41.81188530	13.47403107	12.68955248
5.28333333	-8.11765625	7.41168502	40.15715255	-19.66320990	-38.64627220	13.45087813	11.05670789
5.29166667	-8.06477175	6.75150490	39.62016713	-19.45660780	-35.57127868	13.43401359	9.36498829
5.30000000	-8.07165276	6.14885409	39.13705269	-19.25899999	-32.63681724	13.39025879	7.71761676
5.30833333	-8.23492382	5.69021737	38.86180419	-19.05736684	-29.82188299	13.36113069	6.28495609
5.31666667	-8.12351195	4.95595929	38.34424420	-18.91240870	-27.29635557	13.26677762	4.56855009
5.32500000	-8.04649814	4.25535254	37.86565850	-18.79198930	-24.88658682	13.23981470	3.14428227
5.33333333	-7.75962191	3.28778823	37.16304657	-18.61635023	-22.80409819	13.36760738	2.66614937
5.34166667	-7.99523220	3.01127577	37.16870598	-18.67627996	-20.95188532	13.15844983	1.31142250
5.35000000	-8.18375570	2.67423733	37.08636899	-18.75406194	-19.23038543	13.09524796	0.43300974
5.35833333	-7.96164727	1.79947134	36.66694279	-18.64495387	-18.08745275	12.96751613	0.12165382
5.36666667	-8.15433794	1.57166022	36.63074307	-18.86884605	-16.82359318	12.77563254	-0.49315565
5.37500000	-8.29890882	1.40726845	36.53422923	-19.24153994	-15.80257763	12.62891070	-1.03975391
5.38333333	-8.39999219	1.12037180	36.61734429	-19.61197321	-15.39518780	12.57398839	-1.01684192
5.39166667	-8.47165348	0.85960392	36.33101092	-19.96984031	-14.64939612	12.14789346	-1.29776126
5.40000000	-8.53603050	0.70070385	36.20220941	-20.59159861	-14.39741904	11.93849557	-1.12974300
5.40833333	-8.60660211	0.60497074	35.97988735	-21.29148716	-14.22317425	11.51988698	-0.80190782
5.41666667	-8.60491478	0.47110953	35.76584876	-22.07683552	-14.34382837	11.05895013	-0.71181562
5.42500000	-8.63263267	0.26165202	35.55751608	-22.75568171	-14.55248559	10.41397047	-0.95695809
5.43333333	-8.84214960	0.38803496	35.53880104	-23.52552774	-14.84842665	9.16513084	-1.52421143
5.44166667	-8.88987658	0.53273202	35.25525692	-24.67774789	-15.06263430	8.34438384	-2.48610030
5.45000000	-9.22542328	1.29303105	35.37074105	-26.17964103	-15.35035837	6.94985375	-4.29225736
5.45833333	-9.70869556	2.29621795	35.72402453	-27.85652541	-15.71073224	5.45416951	-5.84035913
5.46666667	-9.97840479	3.29802770	35.84239231	-29.82866457	-16.08361231	3.68860335	-7.09536767
5.47500000	-9.83084940	3.98599978	35.52825759	-32.05545666	-16.55502438	1.97269307	-7.31279173
5.48333333	-10.30615228	5.55452791	36.06992236	-34.52294646	-17.24209274	-0.37216610	-7.58032311
5.49166667	-10.08837392	6.51177213	35.76439000	-37.12162557	-17.90499806	-2.47968058	-7.10288306
5.50000000	-10.46471704	8.24050318	36.20776446	-39.80732954	-18.74178622	-5.30270789	-6.47958519
5.50833333	-10.61878939	9.79032900	36.37797616	-42.52357846	-19.59308758	-8.00312805	-5.60642873
5.51666667	-10.51981138	11.04333424	36.21709329	-45.13943154	-20.34140100	-10.67484771	-4.67248182
5.52500000	-10.45718511	12.41809355	36.02813225	-47.77576421	-20.99925274	-13.28897272	-3.74624282
5.53333333	-10.40917261	13.80398917	35.75184714	-50.31082781	-21.51025073	-15.77740255	-2.81692357
5.54166667	-10.11751046	14.99501858	35.19051570	-52.82205789	-21.99885013	-17.63378514	-2.03296263
5.55000000	-10.17632780	16.53417933	34.90207741	-55.18053344	-22.25553146	-20.17390580	-1.16838022
5.55833333	-10.33712405	18.28362005	34.70960622	-57.45228592	-22.49955770	-22.76754735	-0.34790285
5.56666667	-10.31529406	19.83986609	34.26927996	-59.61855342	-22.65439576	-24.66522282	0.42429639
5.57500000	-10.51841669	21.66393298	34.08101302	-61.57209492	-22.84079997	-27.11713802	1.25756043
5.58333333	-10.61466061	23.31614323	33.69784913	-63.36028102	-22.88539723	-28.93651112	1.99158408
5.59166667	-10.48541517	24.73675503	32.92925500	-65.02569890	-22.67416474	-29.55290573	2.53973662
5.60000000	-10.72503484	26.40853831	32.66497461	-66.29272183	-22.67147592	-31.51402989	3.40231267
5.60833333	-10.59658078	27.70321511	31.87442191	-67.52029597	-22.42372927	-31.09761626	3.80102548
5.61666667	-10.80374636	29.18472827	31.52209158	-68.39788813	-22.32338802	-31.85785187	4.56852708
5.62500000	-10.71079213	30.35783863	30.68219846	-69.15175433	-21.90947601	-30.80475334	4.83121256
5.63333333	-10.66653394	31.47661435	29.92452205	-69.69103795	-21.53040297	-29.66228349	5.16604576
5.64166667	-10.99935061	32.97865520	29.73140648	-70.05964038	-21.41573433	-29.40234148	5.90516944
5.65000000	-10.92073034	34.04066978	28.85275510	-70.23355247	-20.87262152	-28.11881011	6.06636983
5.65833333	-9.94963115	33.96080745	26.97154247	-70.13718547	-20.36655120	-26.12407620	6.79774859
5.66666667	-10.97514886	36.26295691	27.47678239	-70.32029183	-20.01432213	-24.00297877	6.80671022
5.67500000	-10.12679253	36.22170704	25.61076776	-69.89391436	-19.37739854	-22.05054672	7.50598027
5.68333333	-9.99886864	37.09779459	24.74237593	-69.51425094	-18.91676727	-20.80415699	7.86948541
5.69166667	-9.90814493	38.07578419	23.84092558	-69.35012276	-18.42565672	-15.41377417	8.14170086
5.70000000	-9.38736571	38.25453401	22.28443117	-68.41935491	-17.70386222	-14.42216194	8.76059903
5.70833333	-9.32972427	38.93041026	21.51522997	-67.41233729	-17.27240117	-13.44791974	8.96081588
5.71666667	-8.53816614	38.64005065	19.84349156	-66.18936376	-16.77907079	-11.51499692	9.62601232
5.72500000	-8.52952601	39.25823777	19.07714390	-64.89571742	-16.29473747	-10.59838687	9.92272074
5.73333333	-7.71226430	38.78606258	17.25877141	-63.32229790	-15.67726372	-8.56389243	10.55663384
5.74166667	-7.84188299	39.39106233	16.55858567	-61.67194956	-15.16015135	-8.05087428	10.81459533
5.75000000	-6.77248178	38.47730425	14.48637036	-59.78680392	-14.53455616	-5.95648782	11.39970348
5.75833333	-6.88945352	38.97791351	13.82059448	-57.89166858	-14.01591745	-5.41655528	11.70278375
5.76666667	-5.99683346	38.15075729	12.07654310	-55.72118539	-13.65030941	-4.14573458	12.11420690
5.77500000	-6.15813280	38.55129710	11.44662786	-53.59345395	-13.16562459	-3.79481696	12.44640934
5.78333333	-5.29850813	37.63186837	9.61725438	-51.20973465	-12.60094412	-2.95408801	12.93361845
5.79166667	-5.48749668	37.94165447	9.10658406	-48.92728395	-12.33922123	-2.99847507	13.17960318