0.00000000	-17.53655700	24.26982333	22.00050922	-11.76550129	-9.47126739	2.50176554	5.27822966
0.00833333	-17.48284182	24.20946968	21.86793045	-11.83260320	-9.16440340	2.18261940	5.07512565
0.01666667	-17.64388109	24.35598294	22.18143708	-11.78197844	-9.60271775	2.22877538	5.36574240
0.02500000	-17.52418259	24.16795586	21.99574349	-11.69376678	-9.51243553	2.30871627	5.28256412
0.03333333	-17.30640645	23.95442152	21.64119029	-11.65613625	-9.37861204	2.23016866	5.24635180
0.04166667	-17.64669884	24.32737481	22.13849701	-11.79406121	-9.57635531	2.39260798	5.32056273
0.05000000	-17.54969660	24.15542187	21.95682373	-11.70622948	-9.46576421	2.40638292	5.29135719
0.05833333	-17.50680537	24.09389297	21.92993089	-11.67872976	-9.46854040	2.38087052	5.28554374
0.06666667	-17.71166466	24.32954158	22.27109121	-11.73531219	-9.64910878	2.40269827	5.35874030
0.07500000	-17.63113158	24.21509788	22.10960419	-11.70677299	-9.52692689	2.40838415	5.33917746
0.08333333	-17.59026039	24.15301971	21.97552717	-11.71076235	-9.44053487	2.34918485	5.29943749
0.09166667	-18.05209336	24.74757790	22.76515656	-11.85238426	-9.88325366	2.38740179	5.46042181
0.10000000	-17.94675860	24.58969520	22.58781015	-11.80010820	-9.77865987	2.42879951	5.41985807
0.10833333	-17.88667491	24.51384968	22.55750269	-11.79206534	-9.81479258	2.44426887	5.38838752
0.11666667	-17.79538721	24.37238032	22.38804903	-11.73619833	-9.70153272	2.46991256	5.36072657
0.12500000	-17.90932273	24.54493491	22.54903607	-11.83940578	-9.79670857	2.50381097	5.39112433
0.13333333	-18.01403694	24.67516979	22.73983447	-11.88394744	-9.96461225	2.50454001	5.50454301
0.14166667	-17.89256966	24.51712917	22.52544071	-11.85555057	-9.85010505	2.48647952	5.47896083
0.15000000	-17.83184092	24.44031865	22.42768888	-11.85901318	-9.83201297	2.49433539	5.50668830
0.15833333	-17.75489455	24.34553404	22.29492989	-11.83970097	-9.78161608	2.52648442	5.47256459
0.16666667	-17.67680705	24.23424906	22.15196047	-11.81054436	-9.69077142	2.54084125	5.45700593
0.17500000	-17.98010599	24.68485876	22.55985004	-12.02854815	-9.86022657	2.65288167	5.52260943
0.18333333	-17.84944549	24.49274768	22.35443635	-11.95782816	-9.75055975	2.66630394	5.50624593
0.19166667	-17.75103446	24.36197642	22.20264041	-11.91856568	-9.69095070	2.66661541	5.49254215
0.20000000	-17.74824339	24.38909780	22.19587387	-11.99440977	-9.70656753	2.68513730	5.51431431
0.20833333	-17.84060504	24.51335685	22.36984774	-12.05188869	-9.83420123	2.74551767	5.56417897
0.21666667	-17.75155542	24.41639561	22.20087808	-12.05170032	-9.73338986	2.74261462	5.54884094
0.22500000	-17.79171549	24.47578350	22.25220263	-12.09086264	-9.77248947	2.79141883	5.55582401
0.23333333	-17.70625050	24.35138720	22.16999534	-12.05891624	-9.83200423	2.76957753	5.63003666
0.24166667	-17.62543745	24.23959932	22.01400409	-12.03975419	-9.71731448	2.75891951	5.61042134
0.25000000	-17.60107845	24.20488206	21.96803593	-12.03154341	-9.68740538	2.70891303	5.59423255
0.25833333	-17.78420851	24.45219609	22.22131057	-12.12690659	-9.79781785	2.74481728	5.65274232
0.26666667	-17.70796827	24.32984771	22.06542408	-12.07074639	-9.68769295	2.76585334	5.62534570
0.27500000	-17.64950165	24.25298723	21.96884668	-12.04675137	-9.64322503	2.72443575	5.60082832
0.28333333	-17.55848127	24.12589566	21.81157242	-12.00958935	-9.54366447	2.73518668	5.57235760
0.29166667	-17.55004244	24.10847402	21.79487763	-11.98845712	-9.53795930	2.72923420	5.54898749
0.30000000	-17.90855364	24.59476373	22.35439650	-12.16893339	-9.85217999	2.82030086	5.68886775
0.30833333	-17.80926874	24.44679746	22.20395571	-12.11255306	-9.77490100	2.83291757	5.64622431
0.31666667	-17.73297630	24.33762404	22.05789642	-12.08121166	-9.68065451	2.83841730	5.62238629
0.32500000	-17.78731202	24.41540692	22.18888049	-12.12331728	-9.81641245	2.83295602	5.64471409
0.33333333	-17.72526397	24.33823437	22.06855546	-12.11459407	-9.73015858	2.81563389	5.62520338
0.34166667	-17.68811754	24.28329108	21.98893941	-12.09073727	-9.67644016	2.82225560	5.61535109
0.35000000	-17.64995877	24.23774762	21.92709635	-12.09654505	-9.65491498	2.78517767	5.60033098
0.35833333	-17.66764802	24.25587007	21.95361075	-12.09032628	-9.66733006	2.80472018	5.60233267
0.36666667	-17.61606726	24.17894078	21.84764653	-12.04786981	-9.60394063	2.81693874	5.58967347
0.37500000	-17.53852672	24.09160249	21.72444303	-12.03069876	-9.52688414	2.83527515	5.55675604
0.38333333	-17.57247496	24.13055193	21.79672050	-12.05302990	-9.60062722	2.77188534	5.60520387
0.39166667	-17.77957757	24.39937812	22.14786409	-12.13706834	-9.85254617	2.83499144	5.74470955
0.40000000	-17.84965770	24.49391624	22.24667968	-12.17329287	-9.89608830	2.84265090	5.76164402
0.40833333	-17.78743489	24.40964668	22.13234159	-12.15202144	-9.82500879	2.85225780	5.74574327
0.41666667	-17.71483840	24.30270620	22.00112584	-12.11330268	-9.73692280	2.80706229	5.72271812
0.42500000	-17.74556381	24.35983991	22.04832832	-12.15178332	-9.78151197	2.75888890	5.71202722
0.43333333	-17.82304357	24.46444233	22.17775164	-12.18735350	-9.85422057	2.79983197	5.73446008
0.44166667	-17.72715920	24.33145116	22.00335878	-12.12600021	-9.74727558	2.82247310	5.68719066
0.45000000	-17.75671767	24.37453257	22.04059613	-12.16466803	-9.74948989	2.81438973	5.67068787
0.45833333	-17.88533078	24.52589426	22.25171766	-12.18162444	-9.89509386	2.83476198	5.74775779
0.46666667	-17.81110325	24.43013713	22.14800048	-12.16858026	-9.85744448	2.86411076	5.72821669
0.47500000	-17.83660990	24.45468761	22.16251906	-12.15612595	-9.83873292	2.86137511	5.72644005
0.48333333	-17.78028905	24.37582673	22.05563992	-12.12868346	-9.76284118	2.85826600	5.71180021
0.49166667	-17.71785228	24.28431624	21.94395418	-12.08521961	-9.68797488	2.84904663	5.69438294
0.50000000	-17.68047870	24.21766048	21.87076154	-12.05545707	-9.63721608	2.84321893	5.68583043
0.50833333	-17.88981025	24.52059594	22.21708856	-12.18155462	-9.84607817	2.87561258	5.74652469
0.51666667	-17.84219705	24.44192665	22.12106083	-12.13792066	-9.77494167	2.88352974	5.74955479
0.52500000	-17.82872435	24.42410706	22.10084831	-12.12563002	-9.76947111	2.86866949	5.73869342
0.53333333	-17.88490558	24.49960981	22.20822941	-12.17010081	-9.85818613	2.88878342	5.76653953
0.54166667	-17.83298126	24.41768901	22.10448304	-12.13015743	-9.77719779	2.90927374	5.75897259
0.55000000	-17.84320689	24.44457262	22.09754680	-12.16093040	-9.76318127	2.90472374	5.72751171
0.55833333	-18.00702403	24.64771409	22.36682269	-12.21491183	-9.91273660	2.91341804	5.80720985
0.56666667	-17.99680124	24.63680529	22.33837997	-12.21197830	-9.88895304	2.93010823	5.78562426
0.57500000	-17.87216095	24.47444648	22.16347602	-12.17905838	-9.84567603	2.91989515	5.78109038
0.58333333	-17.80277581	24.36877825	22.05703568	-12.12448444	-9.78992074	2.89332876	5.79695102
0.59166667	-17.88114992	24.47573572	22.18113710	-12.16234934	-9.85972428	2.94017200	5.81814920
0.60000000	-17.81464224	24.41195610	22.08644127	-12.15925975	-9.82590539	2.97815467	5.77894223
0.60833333	-17.74404479	24.32520663	21.97348417	-12.15715704	-9.75752145	2.92264503	5.76994777
0.61666667	-17.68490412	24.24023870	21.88417461	-12.10807378	-9.70892459	2.93502100	5.73811552
0.62500000	-17.67022304	24.25006624	21.85957861	-12.15280539	-9.70107281	2.88835758	5.73534648
0.63333333	-17.91111910	24.54506656	22.27929582	-12.20001683	-9.97106528	2.92188782	5.84950330
0.64166667	-17.82111056	24.45604823	22.15855385	-12.19641276	-9.90815028	2.92917940	5.79345885
0.65000000	-17.86463298	24.50753522	22.19985794	-12.18993540	-9.92010725	2.91895903	5.82782077
0.65833333	-17.85908975	24.50662263	22.22738246	-12.19245265	-9.97150322	2.92759467	5.84406828
0.66666667	-17.77986164	24.40001169	22.10308981	-12.15740848	-9.90190322	2.91493337	5.81050063
0.67500000	-17.87114675	24.52515988	22.25933151	-12.20457483	-9.99236111	2.91394589	5.84757111
0.68333333	-17.71522135	24.33151439	22.00255180	-12.15837146	-9.85378989	2.90745355	5.80123735
0.69166667	-17.82060260	24.45364132	22.19719722	-12.14580435	-9.97458930	2.90868052	5.73961670
0.70000000	-17.71867751	24.32550314	22.02515457	-12.12795242	-9.87367957	2.87574526	5.77089172
0.70833333	-17.91105028	24.58428881	22.32109242	-12.20686436	-10.02777775	2.88325941	5.85059330
0.71666667	-17.76986388	24.40703480	22.11954782	-12.16579650	-9.94079389	2.90638600	5.80020477
0.72500000	-17.70644305	24.32186554	22.01388792	-12.13453015	-9.87742734	2.91590438	5.77305586
0.73333333	-17.91806722	24.60691712	22.36595852	-12.21791117	-10.09160461	2.92127804	5.86669719
0.74166667	-17.74439830	24.38292124	22.10319601	-12.15492881	-9.95401820	2.93592633	5.78531820
0.75000000	-17.68674958	24.28603297	22.00048527	-12.10152793	-9.88814014	2.93977843	5.76475181
0.75833333	-17.64377655	24.23927710	21.95575542	-12.08973117	-9.87876316	2.90576537	5.75598001
0.76666667	-17.53890296	24.10148621	21.75961654	-12.06155811	-9.74355498	2.86857160	5.71699835
0.77500000	-17.77353137	24.40215975	22.16885074	-12.11509584	-10.01012607	2.86270228	5.83458727
0.78333333	-17.69477222	24.31282785	22.03730821	-12.11816010	-9.92663757	2.86782824	5.79782323
0.79166667	-17.63454667	24.24232095	21.92193675	-12.09414503	-9.82437288	2.89546769	5.79408749
0.80000000	-17.80740658	24.43705249	22.20832877	-12.11553381	-9.98819986	2.88479108	5.77354018
0.80833333	-17.70458784	24.30564209	22.03048343	-12.07112414	-9.86821870	2.89664322	5.73270522
0.81666667	-17.90833014	24.56834994	22.33435342	-12.15621798	-10.00587199	2.93521538	5.84262448
0.82500000	-17.77280543	24.37888723	22.11209707	-12.08192317	-9.87648520	2.93458931	5.79547227
0.83333333	-17.74754134	24.36107641	22.07998081	-12.09728750	-9.85686755	2.90105101	5.79006168
0.84166667	-17.86151415	24.50125758	22.25878772	-12.15033366	-9.94511637	2.91627493	5.83298676
0.85000000	-17.79003708	24.41358953	22.13684088	-12.11379203	-9.86063308	2.92883313	5.79751415
0.85833333	-17.73829269	24.33126406	22.04026005	-12.08121213	-9.79327372	2.85827701	5.78371878
0.86666667	-17.83825308	24.45553529	22.20216855	-12.11211214	-9.87938884	2.89031768	5.79718712
0.87500000	-17.83824755	24.45740154	22.18164053	-12.12247554	-9.83219523	2.86346100	5.76832814
0.88333333	-17.98846366	24.63973070	22.41163206	-12.14650717	-9.93622914	2.86317808	5.81331507
0.89166667	-17.89463255	24.50193919	22.23961569	-12.09356244	-9.80964609	2.86308927	5.77481190
0.90000000	-17.93734083	24.56267032	22.31633224	-12.11345578	-9.86668716	2.87321344	5.75911147
0.90833333	-17.85778563	24.44790029	22.18141002	-12.05576620	-9.76769731	2.87217971	5.71487608
0.91666667	-17.75521479	24.32754889	22.01492450	-12.04872332	-9.68140844	2.87103452	5.65916921
0.92500000	-17.80314531	24.36220673	22.12493358	-12.01152512	-9.76071642	2.86144343	5.68661908
0.93333333	-17.73945959	24.30098528	22.03215180	-11.99899418	-9.69146527	2.87835416	5.64713287
0.94166667	-17.95654705	24.54093570	22.33058103	-12.01828892	-9.82776801	2.83499816	5.71328507
0.95000000	-17.87071075	24.43527747	22.18655528	-12.00314281	-9.73509020	2.82670089	5.64840419
0.95833333	-17.80977545	24.35422811	22.07786753	-11.98695035	-9.66264333	2.82507586	5.60474258
0.96666667	-18.02066871	24.60911593	22.39285405	-12.02268261	-9.79961551	2.82418405	5.64838206
0.97500000	-17.84757934	24.38091066	22.10280950	-11.94477426	-9.64302531	2.77998027	5.59842284
0.98333333	-17.74819821	24.25264396	21.93632416	-11.89752862	-9.53383651	2.79465070	5.55125261
0.99166667	-17.84638341	24.49761466	22.07670642	-12.05868550	-9.62595417	2.84725763	5.55107482
1.00000000	-17.80043190	24.31741759	21.97782094	-11.90282998	-9.52791500	2.87886528	5.51069985
1.00833333	-17.95436154	24.51001324	22.28350778	-11.96715872	-9.72689585	2.88651383	5.60988452
1.01666667	-17.98195399	24.55552491	22.31028654	-11.98947139	-9.71650453	2.90645711	5.60076664
1.02500000	-17.90830837	24.46297676	22.18056599	-11.98290156	-9.62638537	2.92986490	5.56182806
1.03333333	-18.06278864	24.65912127	22.43561051	-12.02226768	-9.77533540	2.96502526	5.63667990
1.04166667	-17.89629265	24.44635766	22.16408493	-11.96430275	-9.62368848	2.92900884	5.59295346
1.05000000	-17.99890579	24.57612712	22.35995212	-11.99054388	-9.75084041	2.99936025	5.64695129
1.05833333	-17.86944935	24.40119973	22.12155084	-11.93603006	-9.58940041	2.97767201	5.59100281
1.06666667	-18.03106128	24.60458254	22.37992652	-11.97528632	-9.74351055	3.03772888	5.64270704
1.07500000	-17.95456032	24.51644540	22.26722565	-11.97057675	-9.67430258	2.99832113	5.58020855
1.08333333	-17.92278429	24.46494814	22.17850488	-11.94833332	-9.58135988	3.00192517	5.57709865
1.09166667	-17.85818490	24.41639786	22.05566068	-12.00414312	-9.51270540	3.00275783	5.54304151
1.10000000	-17.87368859	24.38621973	22.12024882	-11.91714580	-9.58816867	2.88999905	5.63679792
1.10833333	-18.04865828	24.62071381	22.36990131	-12.00143374	-9.69400672	3.02315408	5.63381083
1.11666667	-17.91344232	24.45976417	22.14428498	-11.98140636	-9.56613677	3.01856233	5.59407946
1.12500000	-17.85907168	24.40920783	22.02892838	-11.99697099	-9.48386596	3.02557120	5.56619609
1.13333333	-18.00442000	24.57974016	22.28540934	-12.01172366	-9.66929299	3.06720795	5.65260435
1.14166667	-18.00193816	24.57918563	22.25970716	-12.03360230	-9.63384397	3.12212374	5.62771530
1.15000000	-18.04246195	24.62211979	22.31216670	-12.03047958	-9.66012239	3.13473052	5.64461213
1.15833333	-17.95441719	24.52371105	22.14222218	-12.03502662	-9.54598999	3.12523370	5.59749476
1.16666667	-17.84295847	24.37090372	21.92252113	-11.99648041	-9.37912132	3.10471253	5.54069006
1.17500000	-17.95982525	24.52145793	22.13103978	-12.05553947	-9.53749997	3.11960138	5.61606668
1.18333333	-17.86358819	24.40128501	21.94002216	-12.06031400	-9.41010201	3.08501042	5.58629354
1.19166667	-17.81298596	24.32895813	21.83455936	-12.05228573	-9.33417444	3.06817574	5.56072696
1.20000000	-18.04007201	24.56866200	22.19858399	-12.03757252	-9.54883802	3.05687904	5.66027242
1.20833333	-17.91140813	24.41030587	21.96172191	-12.03163068	-9.40541655	3.06259908	5.60525641
1.21666667	-17.87891603	24.33993941	21.87835945	-11.98916189	-9.32576612	3.08434868	5.58768611
1.22500000	-18.20123511	24.76454176	22.35501093	-12.13246707	-9.55342813	3.12775984	5.68793773
1.23333333	-18.09957946	24.60301488	22.17171515	-12.05683705	-9.44287922	3.12158370	5.64724326
1.24166667	-18.03563540	24.50476982	22.05935907	-12.01268975	-9.37493905	3.13279890	5.61772473
1.25000000	-18.03976857	24.48165002	22.03813093	-12.00049832	-9.34503529	3.13865521	5.62866817
1.25833333	-18.02364958	24.48182235	21.98808311	-12.06054835	-9.30754890	3.15206593	5.60661911
1.26666667	-18.12285198	24.58856365	22.17722241	-12.07215358	-9.46224127	3.23539875	5.64966811
1.27500000	-18.09857322	24.56303117	22.08093786	-12.10831013	-9.35425865	3.30931721	5.63055876
1.28333333	-18.08469250	24.54465797	22.01975831	-12.12418312	-9.29135429	3.27381916	5.62186256
1.29166667	-18.04139792	24.43979330	21.90469491	-12.05873654	-9.16911135	3.31198822	5.58985135
1.30000000	-18.24119825	24.70253284	22.24505269	-12.15645069	-9.41533154	3.31460056	5.71461289
1.30833333	-18.16900807	24.61424695	22.09652698	-12.15929065	-9.30692516	3.30975309	5.65371228
1.31666667	-18.29569637	24.73298259	22.30237771	-12.14496653	-9.46104595	3.35725730	5.71251567
1.32500000	-18.21634018	24.62647382	22.11429287	-12.13255447	-9.30798391	3.34016499	5.67496327
1.33333333	-18.39171599	24.84289361	22.41537251	-12.18910708	-9.51966307	3.33263925	5.77736404
1.34166667	-18.33154056	24.74520172	22.29201860	-12.14688578	-9.44278236	3.37573334	5.72695889
1.35000000	-18.26547915	24.65558659	22.12636147	-12.14090394	-9.30251541	3.36260162	5.65064404
1.35833333	-18.51110243	24.97062943	22.49886963	-12.24464496	-9.54596291	3.42584846	5.76956340
1.36666667	-18.38029085	24.78383640	22.27243277	-12.20306652	-9.41359500	3.44070483	5.70317565
1.37500000	-18.38910528	24.78895107	22.27573111	-12.20624254	-9.43344719	3.44048294	5.70258105
1.38333333	-18.34886143	24.72958642	22.11300549	-12.21465848	-9.25799749	3.47868104	5.66773111
1.39166667	-18.37465887	24.73438228	22.15950195	-12.20534238	-9.29708782	3.53728578	5.66293128
1.40000000	-18.42016801	24.77524314	22.25557572	-12.19621067	-9.42496522	3.53106629	5.75596943
1.40833333	-18.31215056	24.63183833	21.98950690	-12.19595679	-9.19925839	3.59311003	5.68363348
1.41666667	-18.34247330	24.69019350	22.00827663	-12.26578018	-9.19654295	3.65584028	5.67809888
1.42500000	-18.36698402	24.71010565	22.07531520	-12.28679413	-9.28252790	3.71097606	5.70110554
1.43333333	-18.32538280	24.63855093	21.94701681	-12.25979126	-9.16419809	3.69860752	5.67396364
1.44166667	-18.41352923	24.72609653	22.05927615	-12.27776312	-9.23129321	3.69437092	5.70816653
1.45000000	-18.22448024	24.48570806	21.79551565	-12.20738925	-9.16247441	3.68944181	5.69740733
1.45833333	-18.19339885	24.40042457	21.64650424	-12.17543898	-8.97013864	3.68754067	5.63332829
1.46666667	-18.47925995	24.76590965	22.02715268	-12.30479024	-9.08638094	3.75821531	5.67380223
1.47500000	-18.45456585	24.71145218	21.90814511	-12.29280574	-8.96365540	3.74764897	5.62566437
1.48333333	-18.62737079	24.88331220	22.16341063	-12.28754567	-9.09890744	3.78586193	5.66828133
1.49166667	-18.56976316	24.77043758	22.01349800	-12.23733090	-8.97266378	3.78484286	5.63788515
1.50000000	-18.59205130	24.77055207	22.01708413	-12.22030773	-8.96633240	3.78173466	5.63869110
1.50833333	-18.57455420	24.70651178	21.95123203	-12.16923597	-8.88590006	3.83795932	5.59788612
1.51666667	-18.55806594	24.64671517	21.88257839	-12.13300292	-8.83327819	3.87822006	5.57930616
1.52500000	-18.85111094	25.01734402	22.30485216	-12.27945256	-9.04190554	3.97698993	5.67815755
1.53333333	-18.78953644	24.90454967	22.17011227	-12.23377390	-8.93698775	3.99191303	5.66450683
1.54166667	-18.74874982	24.82903947	22.10989846	-12.19779800	-8.94338538	4.01515224	5.67672287
1.55000000	-18.81733531	24.90932424	22.24462888	-12.23256727	-9.14329309	4.02888974	5.80675085
1.55833333	-18.77091812	24.85757729	22.14690069	-12.28055898	-9.09439146	4.07254851	5.80064575
1.56666667	-18.77357175	24.83832610	22.09889365	-12.28813908	-9.06743496	4.10330800	5.82502079
1.57500000	-19.05686803	25.16458774	22.59371851	-12.32485718	-9.47467899	4.12776479	6.05102420
1.58333333	-18.89225350	24.90730949	22.26875215	-12.24322833	-9.26747885	4.19077199	6.02308766
1.59166667	-18.95470920	24.99400065	22.40543278	-12.28722809	-9.44072449	4.19563874	6.10958097
1.60000000	-18.86764926	24.85764694	22.25481472	-12.25456024	-9.38243976	4.18208189	6.08597118
1.60833333	-18.81544159	24.76660135	22.15809019	-12.20793010	-9.36322679	4.17393544	6.08752376
1.61666667	-18.79474006	24.71239499	22.11380466	-12.19070728	-9.36534467	4.15674891	6.09206432
1.62500000	-18.75561249	24.62729249	22.00239926	-12.15906819	-9.28961478	4.16443723	6.07738865
1.63333333	-18.82175131	24.67442363	22.16848148	-12.14281852	-9.51838338	4.16001629	6.15612389
1.64166667	-18.76776419	24.58999039	22.06723617	-12.12368747	-9.46489848	4.16819098	6.10797281
1.65000000	-18.72476383	24.45567783	21.95201439	-12.01201333	-9.40838914	4.17652108	6.14376889
1.65833333	-18.81657519	24.55717329	22.08782357	-12.03371595	-9.49844874	4.19495428	6.20078073
1.66666667	-18.77378758	24.46957696	21.98881087	-11.98187949	-9.44059295	4.22318763	6.16825483
1.67500000	-18.80713270	24.49750115	22.03850355	-11.99760721	-9.49232070	4.26247907	6.18720965
1.68333333	-19.05462772	24.76911907	22.36993332	-12.03141908	-9.62922786	4.31544953	6.24544595
1.69166667	-19.00895453	24.71291256	22.27365204	-12.04412722	-9.58893123	4.32603575	6.22822827
1.70000000	-19.12727836	24.84940642	22.42272977	-12.09804463	-9.67631095	4.36528144	6.26591366
1.70833333	-19.05114402	24.73466928	22.24926727	-12.08191268	-9.57642692	4.39492942	6.23680988
1.71666667	-19.08387189	24.78402258	22.26371269	-12.16364054	-9.59265026	4.46123552	6.28937474
1.72500000	-19.01943929	24.69607018	22.13626354	-12.17639796	-9.52852558	4.47185800	6.24485699
1.73333333	-19.12000872	24.80526889	22.24762065	-12.25224108	-9.62392668	4.58131218	6.39113267
1.74166667	-19.06657627	24.70002468	22.09920413	-12.23549344	-9.53339137	4.61412471	6.39834929
1.75000000	-19.06732141	24.67235341	22.07566136	-12.23507627	-9.57653578	4.68653771	6.48281950
1.75833333	-19.07158366	24.67392935	22.10884407	-12.30559216	-9.70952711	4.78765263	6.56649440
1.76666667	-19.02051434	24.58823882	21.99431464	-12.29501644	-9.65982343	4.79733730	6.51323602
1.77500000	-19.21016669	24.78036004	22.25188854	-12.31066572	-9.83594810	4.88057671	6.65357910
1.78333333	-19.14615670	24.70331672	22.15057351	-12.33739927	-9.83304397	4.88815569	6.59546937
1.79166667	-19.19226251	24.70293939	22.18870068	-12.29561767	-9.94231762	4.99153751	6.74928320
1.80000000	-19.29345836	24.78747003	22.37846513	-12.31274924	-10.17303802	5.07226029	6.84709369
1.80833333	-19.21252032	24.68153902	22.24883915	-12.34120836	-10.18003922	5.08090574	6.79110911
1.81666667	-19.21928812	24.65836728	22.27895791	-12.36336984	-10.34419903	5.18086261	6.95143298
1.82500000	-19.14230063	24.53620596	22.18777466	-12.38059739	-10.43636399	5.25028858	7.00375171
1.83333333	-19.08702105	24.44522663	22.13429588	-12.41275865	-10.55635337	5.31011351	7.07820726
1.84166667	-19.08521503	24.44189651	22.20564881	-12.48201281	-10.78048538	5.38494215	7.19919283
1.85000000	-19.50824326	24.93751144	22.84225259	-12.69395507	-11.11230134	5.53601685	7.27216228
1.85833333	-19.32546998	24.76455654	22.65635487	-12.74463153	-11.31888019	5.61074279	7.43305448
1.86666667	-19.18561423	24.59501724	22.56939879	-12.77000930	-11.58798140	5.69904043	7.60496834
1.87500000	-19.05455500	24.41260273	22.52283019	-12.78094676	-11.90196183	5.80145521	7.76991585
1.88333333	-18.96654661	24.31004637	22.56775016	-12.84623256	-12.30449013	5.88196202	8.01071725
1.89166667	-19.10981330	24.51716688	22.97060234	-13.00057264	-12.83167872	6.00389961	8.23852040
1.90000000	-18.90933751	24.27290783	22.91700144	-13.02858085	-13.26584917	6.09695045	8.41309851
1.90833333	-18.73762572	24.06287163	22.96005474	-13.05297359	-13.79997622	6.19274051	8.67368285
1.91666667	-18.58865913	23.94796112	23.00737356	-13.21575536	-14.25897165	6.21983295	8.59344555
1.92500000	-18.43493915	23.70254707	23.17219246	-13.15217912	-15.01088370	6.32197604	9.07878585
1.93333333	-18.72487188	24.07991310	23.87231211	-13.30940116	-15.63631852	6.38106552	8.97858612
1.94166667	-18.54273735	23.86939272	24.06680058	-13.38385406	-16.44791942	6.42674414	9.06453192
1.95000000	-18.31156861	23.58014081	24.24693307	-13.38249182	-17.33195953	6.52746782	9.39982004
1.95833333	-18.15817881	23.41638813	24.49249753	-13.48034469	-17.99996718	6.55044544	9.19955526
1.96666667	-17.96501870	23.18420874	24.79786213	-13.53236414	-18.99057199	6.59664102	9.20716011
1.97500000	-17.75722415	22.87440363	25.20065867	-13.44996217	-20.12654005	6.75317776	9.52850549
1.98333333	-17.72376185	22.81574514	25.71356211	-13.49240580	-20.94418901	6.73090770	8.97162996
1.99166667	-17.50635243	22.51091943	26.17776794	-13.45866176	-22.22027281	6.87931880	8.98743548
2.00000000	-17.26920905	22.17687417	26.59229647	-13.41753831	-23.48143345	6.86622823	8.81938534
2.00833333	-17.27720161	22.14139460	27.37678074	-13.42409924	-24.59479089	6.96941512	7.90149349
2.01666667	-17.02299990	21.73948358	27.99274736	-13.28729824	-26.14216476	7.05434647	7.71675959
2.02500000	-16.73106126	21.32981507	28.50057707	-13.24535492	-27.63806588	7.04874118	7.45039335
2.03333333	-16.73256730	21.30015250	29.49419907	-13.33150240	-29.03909178	7.27828141	6.16621596
2.04166667	-16.42517063	20.85717813	30.08132387	-13.25622062	-30.65285238	7.29017947	5.86470617
2.05000000	-16.13874874	20.43684777	30.78154075	-13.16465332	-32.15915638	7.40852761	4.62394879
2.05833333	-15.83158183	20.00082270	31.42168911	-13.09050480	-33.79210170	7.40576536	4.26653203
2.06666667	-15.51694088	19.56049791	32.07738673	-13.01375141	-35.41309208	7.42729649	3.82657984
2.07500000	-15.16539778	18.99047026	32.82779539	-12.74937523	-37.01247349	7.56643098	2.69972391
2.08333333	-14.99271957	18.78498090	33.51803445	-12.96521189	-38.22262649	7.73283348	1.35513332
2.09166667	-14.73543077	18.30361679	34.18810222	-12.76352197	-39.60007564	7.81815587	0.94951267
2.10000000	-14.52784458	17.91035588	34.80263873	-12.63739522	-40.79914217	7.83125696	0.78101831
2.10833333	-14.33685288	17.52623095	35.41565326	-12.50139368	-41.86689157	7.89742572	0.68952281
2.11666667	-14.16923908	17.17117798	36.00490282	-12.37087984	-42.77009130	7.96149615	0.71056629
2.12500000	-14.02726967	16.84485023	36.65390911	-12.24161717	-43.58716200	8.16880282	1.07967774
2.13333333	-13.95534486	16.73591021	37.25808850	-12.45684209	-44.16663533	8.33605771	1.52594265
2.14166667	-13.84074646	16.47637626	37.72530110	-12.39267520	-44.49270636	8.40395960	1.78947047
2.15000000	-13.77981778	16.24492266	38.19185600	-12.28517675	-44.62696792	8.44295098	1.87714264
2.15833333	-13.73213679	16.04240818	38.60491289	-12.21486087	-44.54715440	8.47499362	1.94420572
2.16666667	-13.44939276	15.57089984	38.76506044	-12.17149808	-44.47017711	8.66396617	2.77609332
2.17500000	-13.41626230	15.39968138	39.17388158	-12.11497751	-44.16406816	8.69992925	2.83178478
2.18333333	-13.40930193	15.23809659	39.52298605	-12.02886673	-43.70995931	8.74872098	2.92204196
2.19166667	-13.25140501	14.95927404	39.40422458	-12.08044356	-42.92904004	8.93124814	3.23492820
2.20000000	-13.05762681	14.56642800	39.37955180	-12.00895553	-42.14922147	9.13532551	3.27954092
2.20833333	-13.06594704	14.44326063	39.66195262	-11.98389959	-41.37879085	9.20294747	3.34556192
2.21666667	-12.53666918	13.70130665	39.11323001	-12.00846796	-40.26262527	9.46385899	3.33914724
2.22500000	-12.57456389	13.63223084	39.30138314	-12.05053095	-39.25439486	9.59167919	3.32340735
2.23333333	-12.62770631	13.53751056	39.49686972	-12.03629594	-38.19515586	9.73888164	3.24802773
2.24166667	-12.55210727	13.31282397	39.38611875	-12.13465104	-36.91347272	10.11379392	2.76543721
2.25000000	-12.52616932	13.12114208	39.40996815	-12.14730021	-35.70845915	10.31537726	2.45365119
2.25833333	-12.41091688	12.91527513	39.28973573	-12.27492038	-34.40495252	10.51556771	2.07953898
2.26666667	-12.28098951	12.64332466	39.08477472	-12.37868391	-33.06781093	10.73633640	1.80778148
2.27500000	-12.25373397	12.43037982	39.07922275	-12.40116283	-31.74296119	10.91846187	1.46469378
2.28333333	-12.03058307	12.03876186	38.74880875	-12.47238092	-30.37267029	11.20639215	1.14089382
2.29166667	-11.68608551	11.35544995	38.34814201	-12.27886506	-29.10723426	11.34202470	1.29330439
2.30000000	-11.76739591	11.26596290	38.35939181	-12.35940111	-27.76151302	11.58583995	0.88199898
2.30833333	-11.57129230	10.81778627	38.09321644	-12.30955554	-26.59031356	11.82350916	1.02563408
2.31666667	-11.61490502	10.67880433	38.14448207	-12.40270936	-25.36726516	12.02893896	0.69254327
2.32500000	-11.32304714	10.10637348	37.80776515	-12.35390469	-24.29720048	12.33139275	0.58897326
2.33333333	-11.32997079	9.87707947	37.84600685	-12.37818683	-23.26765610	12.58093209	0.36469017
2.34166667	-11.26098913	9.59099622	37.79382839	-12.41937712	-22.29583851	12.83509290	0.07603343
2.35000000	-11.33515539	9.47996584	37.78034579	-12.53989084	-21.22104461	13.15988270	-0.48583664
2.35833333	-11.35806799	9.37366773	37.69918340	-12.77860982	-20.22047667	13.34781363	-0.74941575
2.36666667	-11.16752268	8.86945196	37.50949717	-12.64610668	-19.59146051	13.58369077	-0.70028389
2.37500000	-11.20771548	8.70274205	37.47279873	-12.66599681	-18.85494578	13.76970046	-0.88149657
2.38333333	-11.09150348	8.38551084	37.22556893	-12.75293224	-18.14868528	13.98809175	-0.95838440
2.39166667	-11.25635070	8.42508764	37.31299992	-13.01679700	-17.55253462	14.33313295	-0.96207932
2.40000000	-11.34802761	8.44391798	37.28632897	-13.33323853	-17.00439203	14.50210843	-0.85457045
2.40833333	-11.62991042	8.46889217	37.63620040	-13.27598621	-16.91998928	14.62935907	-0.33526689
2.41666667	-11.63809829	8.40041341	37.48333574	-13.64599610	-16.57714547	14.98647970	-0.00347896
2.42500000	-11.96778288	8.55732287	37.82052048	-13.72966135	-16.57970386	14.94129398	0.43310447
2.43333333	-12.00316115	8.54969400	37.66127266	-14.18744559	-16.42665569	15.23321340	0.75933578
2.44166667	-11.98679773	8.48031837	37.52243396	-14.64940745	-16.46940803	15.62851929	1.04874330
2.45000000	-12.23581365	8.62676501	37.64247172	-14.84262418	-16.56266613	15.47449387	1.01736240
2.45833333	-12.25811429	8.63478746	37.46432190	-15.40056442	-16.68875617	15.82479295	1.04541693
2.46666667	-12.28397525	8.63290354	37.28338093	-15.83622885	-16.76589901	15.84223156	0.45619318
2.47500000	-12.24401079	8.52515623	37.15048003	-16.33537667	-17.13126959	15.88396085	0.29805017
2.48333333	-12.63204823	9.07818861	37.23060297	-17.04790431	-17.08306716	15.93282825	-1.02088648
2.49166667	-13.03790542	9.68281837	37.52864598	-17.84239796	-17.39185820	15.88006517	-1.90275055
2.50000000	-13.04690429	9.82349431	37.35320944	-18.66774815	-17.60517385	15.94671629	-2.70169277
2.50833333	-12.92981238	9.77962608	37.19531317	-19.39950090	-18.02414975	15.84723040	-2.91917835
2.51666667	-13.52823681	10.81711659	37.67115822	-20.53222675	-18.14078085	15.23864929	-4.23686607
2.52500000	-13.39704021	10.95880822	37.48768695	-21.60273845	-18.52218611	15.01323394	-4.43602194
2.53333333	-13.67677300	11.69046314	37.73277879	-22.85162597	-18.82372022	14.30439108	-4.94226678
2.54166667	-13.53290581	11.96855802	37.49850770	-24.18836384	-19.22825067	13.88560231	-4.90537388
2.55000000	-13.66939714	12.62940457	37.63106053	-25.60836839	-19.69162606	12.81978319	-4.88825210
2.55833333	-13.45350602	12.94824075	37.31546729	-27.15897615	-20.11411539	11.95913706	-4.55448129
2.56666667	-13.50845620	13.77565379	37.31471000	-28.96781048	-20.57421819	10.70498409	-4.28380932
2.57500000	-13.31444352	14.36165285	36.96275295	-30.86129508	-20.92085196	9.51865747	-3.83238754
2.58333333	-13.03086534	14.98078142	36.40528036	-32.94704689	-21.09469450	8.58199287	-3.58516547
2.59166667	-13.21513068	16.19458247	36.49168577	-35.08801019	-21.42367716	6.17722685	-3.00192133
2.60000000	-12.96076758	17.15660837	35.86983354	-37.51324892	-21.43249535	4.61238187	-2.62453556
2.60833333	-13.14520388	18.65107230	35.78739685	-39.96475776	-21.49640977	2.46160287	-2.24645373
2.61666667	-12.93598501	19.76364053	35.13577349	-42.40701633	-21.36384258	0.64538834	-1.87660276
2.62500000	-13.13422159	21.29299908	35.10059845	-44.75521143	-21.41459018	-1.83875142	-1.53132155
2.63333333	-13.04603546	22.58994353	34.53729890	-47.08872874	-21.21534143	-3.97041469	-1.22542369
2.64166667	-12.71886112	23.74653574	33.76924174	-49.49805673	-20.99941835	-5.63843357	-0.91495083
2.65000000	-12.54847807	25.00625961	33.06350587	-51.74868690	-20.68799452	-7.43866826	-0.60709684
2.65833333	-12.56323531	26.47105581	32.75639763	-53.89259786	-20.63920291	-9.60500090	-0.28421647
2.66666667	-12.49718012	27.95442691	32.29600947	-56.11815468	-20.53570470	-11.01412831	0.10145937
2.67500000	-12.15020278	29.04823647	31.49334862	-58.22009935	-20.28339771	-11.24796406	0.25720156
2.68333333	-12.20346094	30.72458255	31.13786163	-60.39313635	-20.14435751	-12.72981398	0.73723818
2.69166667	-11.88786026	31.91217827	30.39475527	-62.46626827	-19.90956306	-12.56443204	0.99818240
2.70000000	-11.64327473	33.15100699	29.66939452	-64.44266867	-19.61532989	-12.34919614	1.24219159
2.70833333	-11.52721503	34.57297638	29.22433881	-66.27778425	-19.56686124	-13.29907009	1.60638570
2.71666667	-11.24861477	35.63821132	28.47856596	-67.97475620	-19.28930306	-12.44602569	1.83167703
2.72500000	-11.00709842	36.91190894	27.83534894	-69.65226782	-19.19172285	-12.41085704	2.28016750
2.73333333	-10.73415349	38.08943176	27.14886468	-71.27954069	-18.94718717	-11.31046670	2.47899681
2.74166667	-10.48433867	39.27666047	26.37573374	-72.77341916	-18.58578321	-10.26024745	2.69088460
2.75000000	-10.19735952	40.47642191	25.74547948	-74.27933659	-18.43886539	-9.04076756	2.92380628
2.75833333	-9.99417775	41.69396527	25.00183283	-75.61792759	-18.05227390	-7.87203293	3.13652356
2.76666667	-9.61381818	42.72706811	24.20587338	-76.88141101	-17.94764650	-6.30897373	3.59845395
2.77500000	-9.38977380	43.90984427	23.47117056	-78.02399274	-17.56749436	-5.10871738	3.70348114
2.78333333	-8.96402266	44.90108673	22.56806284	-79.12305972	-17.39732733	-3.22512161	4.06285148
2.79166667	-8.75284952	46.00298745	21.87383973	-80.02342519	-17.02126977	-2.11842486	4.16724784
2.80000000	-8.32871460	46.90016522	21.01196246	-80.87805637	-16.77688065	-0.45901224	4.41695144
2.80833333	-8.14831711	48.04429428	20.30842005	-81.60550684	-16.36653113	0.50815906	4.50797901
2.81666667	-7.88689287	49.07617342	19.58688032	-82.24857417	-16.06185862	1.70556971	4.63927943
2.82500000	-7.27394363	49.64495791	18.45103065	-82.80026918	-15.73456654	3.61512436	4.87024143
2.83333333	-7.09666870	50.69104089	17.79050535	-83.20701852	-15.36912830	4.29588196	4.98949296
2.84166667	-6.85965800	51.62669365	17.10676793	-83.52621433	-15.07690739	5.03220103	5.15499191
2.85000000	-6.67853130	52.60895730	16.52075101	-83.77841192	-14.84579832	5.25525673	5.23671420
2.85833333	-6.07003046	52.89727239	15.43353494	-83.77213601	-14.65964779	6.92338875	5.61140152
2.86666667	-5.94441361	53.80602793	14.95816919	-83.78531515	-14.46587605	7.42542138	5.75991091
2.87500000	-5.71042145	54.56979730	14.35583586	-83.66821155	-14.30850277	7.92300900	5.97433727
2.88333333	-5.43559358	55.07947908	13.80553939	-83.36543430	-14.28091135	8.65116028	6.22412906
2.89166667	-4.83476799	55.32206070	12.75421383	-83.05913201	-14.18748625	9.78087704	6.45230161
2.90000000	-4.74701406	55.99566061	12.37815221	-82.62144353	-14.07876037	10.22232283	6.69831979
2.90833333	-4.64022705	56.69506682	11.93998001	-82.14479194	-13.93050097	10.42201374	6.88385828
2.91666667	-4.42139349	57.06762669	11.46450780	-81.44618452	-13.95544721	10.98112407	7.22579132
2.92500000	-4.26805080	57.51142276	11.01504896	-80.88755852	-13.91583130	12.43069277	7.47595827
2.93333333	-4.10913044	57.98403994	10.54940447	-80.15737219	-13.86423888	12.46349364	7.75080680
2.94166667	-4.07598377	58.45695172	10.18022523	-79.34854371	-13.70613053	12.54154170	7.93693760
2.95000000	-3.97369344	58.73450094	9.91771132	-78.39270120	-13.79099797	12.65288286	8.17821236
2.95833333	-3.95126937	59.18992544	9.64524565	-77.55618142	-13.82446147	12.65259971	8.24343324
2.96666667	-4.00555274	59.61863659	9.31978485	-76.61887177	-13.69493721	12.55591494	8.62546808
2.97500000	-3.94142773	59.85461270	9.08190302	-75.62149986	-13.78429955	12.44068455	8.90006716
2.98333333	-3.73086146	59.83234389	8.67486906	-74.56426781	-13.88970658	12.62296984	9.14179714
2.99166667	-3.65692343	59.90277163	8.42246183	-73.47720272	-13.90138848	12.27658245	9.36152695
3.00000000	-3.55369927	59.94756186	8.05727212	-72.41583637	-13.96547414	12.13108347	9.69434729
3.00833333	-3.61480658	60.14216429	7.85333597	-71.41329467	-14.00298771	12.06794572	9.75779487
3.01666667	-3.42785394	59.94119468	7.35072834	-70.31580258	-14.01411703	11.99752288	10.16515242
3.02500000	-3.44833284	59.99827296	7.07966311	-69.27865438	-14.03804427	11.52026271	10.42322404
3.03333333	-3.32430173	59.82595781	6.76060964	-68.27496668	-14.20560624	11.34514721	10.75482865
3.04166667	-3.40424599	59.86163766	6.54998158	-67.36091132	-14.22630167	10.84015584	10.96429429
3.05000000	-3.32393972	59.73982976	6.14327492	-66.59645179	-14.24973779	10.91934912	11.20384940
3.05833333	-3.31574857	59.61880665	5.88739207	-65.73328842	-14.34637785	10.24388600	11.47252881
3.06666667	-3.16613548	59.23365125	5.52265669	-64.85703688	-14.48871573	9.76583617	11.82214519
3.07500000	-3.19574220	59.10707998	5.24410605	-64.20508080	-14.49772928	9.06854820	12.03779153
3.08333333	-3.10472973	58.88782339	4.82867710	-63.59674747	-14.56614120	8.27978762	12.31900650
3.09166667	-3.13073490	58.68951672	4.53512376	-63.08921144	-14.57438072	7.59364014	12.48339265
3.10000000	-3.16434906	58.44096000	4.28533618	-62.58059163	-14.60974913	6.68861931	12.64674119
3.10833333	-3.20063245	58.20901376	4.04520511	-62.18090670	-14.66815684	5.70200002	12.78766497
3.11666667	-3.25288577	57.93810395	3.74561295	-61.74890146	-14.66826758	4.53463825	12.88764439
3.12500000	-3.33203926	57.65479173	3.45235201	-61.40364954	-14.63213943	3.35390742	12.91906312
3.13333333	-3.41899112	57.32018002	3.27842610	-60.97998021	-14.71340815	1.88312181	12.89340835
3.14166667	-3.60440832	57.10509689	3.13020314	-60.73522131	-14.71342055	1.13207231	12.84972261
3.15000000	-3.76072570	56.81716452	2.95251615	-60.47321607	-14.72214903	0.73962819	12.74037071
3.15833333	-3.95781919	56.56759685	2.84980463	-60.31836077	-14.82780247	0.75753845	12.69873577
3.16666667	-4.22887375	56.33896926	2.71817520	-60.18243669	-14.72558180	1.33305257	12.31507255
3.17500000	-4.44224476	55.92144449	2.63638691	-59.87577674	-14.74561370	2.04255501	11.92215730
3.18333333	-4.73730701	55.68305649	2.62633911	-59.79025630	-14.80129088	2.94898038	11.50359115
3.19166667	-5.03075557	55.37827884	2.65053393	-59.58988500	-14.85814195	3.76648318	10.93389761
3.20000000	-5.36577132	55.23645446	2.74613032	-59.55539219	-14.96564157	4.46319934	10.23802726
3.20833333	-5.78917916	55.19791788	2.98764237	-59.45154254	-15.10976517	4.71768818	9.43088868
3.21666667	-6.01231987	54.95501387	3.02771301	-59.30013657	-15.28055351	5.03684379	8.56807949
3.22500000	-6.17521006	54.66865924	3.08622429	-59.09334117	-15.56760213	5.20063828	7.62118499
3.23333333	-6.35746296	54.38227206	3.18274994	-58.89431104	-15.84211468	5.18285930	6.41832540
3.24166667	-6.57369860	54.09015963	3.34285805	-58.58605298	-16.15095699	4.91030964	5.12410624
3.25000000	-6.81810168	53.76721975	3.66026322	-58.26528985	-16.64837882	5.02015862	3.78103733
3.25833333	-7.04473277	53.32895664	4.07568020	-57.78189390	-17.28953789	5.12977359	2.30863483
3.26666667	-7.35888322	52.92763233	4.57985527	-57.26123786	-17.94236841	5.23073144	0.56019998
3.27500000	-7.67302439	52.44660836	5.19912542	-56.60278593	-18.77745038	5.36781982	-1.24136100
3.28333333	-7.92022265	51.82304556	5.85183282	-55.83070450	-19.73952508	5.51163712	-3.07264054
3.29166667	-8.39489918	51.40050513	6.78172978	-55.03004119	-20.62520070	5.51905400	-5.13190954
3.30000000	-8.62603784	50.71624224	7.66660480	-54.21780699	-21.84300573	5.71914721	-7.29201816
3.30833333	-8.85104664	50.03596987	8.60013005	-53.40752732	-23.20539577	5.86967195	-9.15937010
3.31666667	-9.31355767	49.69770518	9.85054172	-52.78793987	-24.58232645	6.11741070	-10.86627427
3.32500000	-9.27147647	48.74503107	10.72153859	-51.96870545	-26.25733216	6.23224744	-12.35132799
3.33333333	-9.27940653	47.83709032	11.75044731	-51.12798999	-28.05161078	6.36776486	-13.60680689
3.34166667	-9.47290951	47.21267106	13.17701089	-50.40957052	-30.06322802	6.62587239	-14.46258553
3.35000000	-9.45525693	46.32779466	14.21033638	-49.60778933	-32.17547457	6.70059111	-14.93691668
3.35833333	-9.81002092	45.89307033	15.72272857	-48.96455340	-34.39539047	6.93830708	-15.22414512
3.36666667	-9.93307646	45.24275071	17.32752710	-48.21962824	-37.02647542	7.04328476	-15.09584282
3.37500000	-10.10483575	44.64718171	18.96996744	-47.47320073	-39.76558555	7.16051745	-14.70484466
3.38333333	-9.99151593	43.65223805	20.28496687	-46.56001755	-42.54841421	7.12276981	-13.76529705
3.39166667	-9.92894614	42.73902786	21.79772239	-45.61511417	-45.53216074	7.08801311	-12.54192744
3.40000000	-10.01132927	41.95131502	23.39969796	-44.67324669	-48.46112436	7.09933967	-11.24500264
3.40833333	-10.60659112	41.89598290	25.85267315	-43.93811599	-51.69020247	7.27465325	-10.17690344
3.41666667	-10.98917192	41.57728434	27.86720166	-43.23012223	-54.70165517	7.40979691	-8.73378980
3.42500000	-10.82750736	40.58243582	29.25502943	-42.34371470	-57.59418530	7.30618544	-7.06443996
3.43333333	-10.71121273	39.68659588	30.65505189	-41.53052021	-60.42748223	7.23725134	-5.40102975
3.44166667	-10.72190238	38.91778186	32.22607734	-40.70915290	-63.25594552	7.27662464	-3.53094082
3.45000000	-10.74457630	38.25253480	33.83111213	-40.03268312	-66.01180596	7.31238608	-1.71996179
3.45833333	-11.29620120	38.29784763	36.05457294	-39.59906142	-68.82937790	7.80177098	0.34048568
3.46666667	-11.12975336	37.43170018	37.32698844	-38.92302817	-71.26775555	7.69593294	1.89300834
3.47500000	-11.21950102	36.76386568	38.88091221	-38.17030548	-73.72942780	7.96955171	4.32846679
3.48333333	-11.19574682	36.09245169	40.33096191	-37.55442132	-76.08440616	8.14852490	6.47364216
3.49166667	-11.01597719	35.24179611	41.53209336	-36.88243416	-78.14943342	8.03778308	8.10895495
3.50000000	-10.91327130	34.45380596	42.81772076	-36.19684466	-80.14510801	8.05689976	9.99358373
3.50833333	-10.82366470	33.61275127	44.15034036	-35.46439840	-82.10130716	8.44631715	12.21655152
3.51666667	-10.66939919	32.75518583	45.25974823	-34.75550532	-83.72397758	8.38030130	13.73933970
3.52500000	-10.54093543	31.98196323	46.39158547	-34.15623387	-85.29562284	8.70005678	15.64381252
3.53333333	-10.37537234	31.08471253	47.54910100	-33.40402083	-86.61696336	8.66174679	16.98662753
3.54166667	-10.24594308	30.34246489	48.70307029	-32.80887896	-87.86117705	8.79136692	18.48286252
3.55000000	-10.09970826	29.58963211	49.79808694	-32.23669746	-88.90144265	8.99313246	19.97084389
3.55833333	-9.94831725	28.72598215	50.88453367	-31.54441738	-89.74805039	9.13198618	21.27874043
3.56666667	-9.76736671	27.94442985	51.84197929	-30.91354442	-90.34338832	9.13436099	22.31060566
3.57500000	-9.34908560	26.86758111	52.53046963	-30.25531123	-90.81485878	9.26379901	23.52400495
3.58333333	-9.29324807	26.18017936	53.54386186	-29.61343485	-91.02573928	9.23433352	24.35816066
3.59166667	-9.18897484	25.54965695	54.42985597	-29.12786346	-91.06756869	9.33550720	25.27282767
3.60000000	-9.09696705	24.96959859	55.39177636	-28.64463606	-90.97356734	9.35174851	25.46451462
3.60833333	-8.95573283	24.19193833	56.16958076	-28.00409484	-90.64888755	9.29878460	26.59277104
3.61666667	-8.82758724	23.56010647	56.90799808	-27.50834571	-90.20838429	9.36536273	27.10758480
3.62500000	-8.62169299	22.80014596	57.48471688	-26.95790391	-89.57612346	9.42892384	27.66829571
3.63333333	-8.62195053	22.27893801	58.19887475	-26.42909693	-88.71515972	9.38992388	27.92277029
3.64166667	-8.33190250	21.55602150	58.56077763	-26.06049243	-87.77594706	9.51993596	28.32427717
3.65000000	-8.34773580	21.12840034	59.24001213	-25.63370794	-86.77530694	9.53109811	28.39262733
3.65833333	-8.41830980	20.66398591	59.83383956	-25.09526603	-85.59116607	9.54175231	28.46244377
3.66666667	-8.32856384	20.17072143	60.13641359	-24.78258854	-84.26369675	9.57464614	28.65793572
3.67500000	-8.15687148	19.54346644	60.28355625	-24.37547153	-82.88275100	9.65012309	28.71066846
3.68333333	-8.16421894	18.98945798	60.64221959	-23.86097071	-81.49634767	9.67062742	28.43293078
3.69166667	-8.01057618	18.38515168	60.67156390	-23.47085756	-80.06812275	9.71010196	28.24932927
3.70000000	-8.08858715	17.99146018	60.92438858	-23.04197719	-78.62738534	9.73098055	27.85657566
3.70833333	-7.85422118	17.21821807	60.70698652	-22.58340318	-77.16212997	9.78276460	27.41824555
3.71666667	-7.95687031	16.87865025	60.87042340	-22.20537776	-75.78146676	9.79548342	26.87372767
3.72500000	-8.01541092	16.48938688	60.91312652	-21.85094697	-74.45150162	9.79774385	26.12866670
3.73333333	-7.93363622	15.86927145	60.76878044	-21.42723185	-73.22188932	9.78485329	25.29121114
3.74166667	-8.01198808	15.50370077	60.73159047	-21.05887372	-72.08301761	9.80582452	24.69245355
3.75000000	-7.93643537	14.90734321	60.45826209	-20.69407049	-70.99369043	9.86589811	23.82912877
3.75833333	-8.02451344	14.59232622	60.41148315	-20.43250098	-70.17498472	9.87520067	22.80609783
3.76666667	-8.15082900	14.29639010	60.33600015	-20.15046465	-69.41591840	9.89353744	21.77657728
3.77500000	-8.30970164	13.95665707	60.25316133	-19.78088718	-68.77322577	9.89086660	20.67674230
3.78333333	-8.42514660	13.60430224	60.10104569	-19.46590981	-68.23245197	9.81593607	19.22842637
3.79166667	-8.42169801	13.17603662	59.72233790	-19.22605619	-67.73398733	9.84130964	17.97897116
3.80000000	-8.61690726	12.90959321	59.56737025	-18.90595906	-67.39346733	9.73759875	17.09692293
3.80833333	-8.85617980	12.71361033	59.41957742	-18.65074175	-67.16991570	9.60438067	16.45743982
3.81666667	-9.08881943	12.59055901	59.21334067	-18.55092459	-66.98528965	9.56203092	16.37201447
3.82500000	-9.33322805	12.35451703	58.96153162	-18.19148447	-66.80740176	9.21751741	16.36843418
3.83333333	-9.58196048	12.22903794	58.67270703	-18.02915515	-66.65718084	8.84053321	16.93569756
3.84166667	-9.91400083	12.19460873	58.43636953	-17.89164685	-66.48512627	8.46385968	17.65187930
3.85000000	-10.40029925	12.46441822	58.38052132	-17.97042231	-66.23399319	8.14425507	18.16972408
3.85833333	-10.75656969	12.47485076	58.20029189	-17.85736752	-65.95794837	7.53410731	18.67740322
3.86666667	-11.03430497	12.43478304	57.87092570	-17.76700967	-65.52653853	6.78630684	19.08501936
3.87500000	-11.29667552	12.42874514	57.57021304	-17.75124716	-65.08520725	5.97641475	19.29087177
3.88333333	-11.63674638	12.59162241	57.39978199	-17.86322387	-64.62688849	5.00502581	19.06736589
3.89166667	-11.87300002	12.61732372	57.07372242	-17.94779559	-64.16046777	3.87929830	19.13032695
3.90000000	-12.04611375	12.67349039	56.69629750	-18.17265066	-63.64515335	2.81091373	18.91305264
3.90833333	-12.21744765	12.82964811	56.28659935	-18.53260490	-63.17484998	1.62916564	18.97053761
3.91666667	-12.38058015	12.97915792	55.83863773	-18.91731852	-62.64516585	0.26217473	18.97799099
3.92500000	-12.51193524	13.22767749	55.31546475	-19.49148224	-62.07079473	-1.10051754	18.98347700
3.93333333	-12.65563753	13.57578863	54.76093064	-20.14285987	-61.36655105	-2.65593911	18.75729712
3.94166667	-12.75340130	14.11821273	54.12226881	-21.15858939	-60.67000627	-4.11209578	18.88629020
3.95000000	-12.81190915	14.86330254	53.39296104	-22.47516101	-59.84243691	-5.72998635	18.92617893
3.95833333	-12.90594140	15.39144068	52.70712866	-23.57539959	-59.03457540	-7.55303173	18.92832359
3.96666667	-12.89925401	16.02269158	51.89044956	-24.95559306	-58.16487950	-9.31714902	18.87514446
3.97500000	-12.83417024	16.96965654	50.96006624	-26.85263437	-57.22307248	-11.02688734	18.81799373
3.98333333	-12.93690486	18.06983510	50.29834564	-28.76053891	-56.37769864	-12.89237509	18.59042569
3.99166667	-12.83661845	19.16503048	49.39374817	-31.03961821	-55.50633321	-14.62542941	18.51269246
4.00000000	-12.71663381	20.39652780	48.44843346	-33.69686910	-54.57721902	-16.04089979	18.45210992
4.00833333	-12.60211757	21.71863307	47.57730858	-36.43312703	-53.74700262	-17.87147025	18.22967204
4.01666667	-12.41474939	23.24752721	46.52883307	-39.63170415	-52.78055558	-19.19005561	18.14555528
4.02500000	-12.37196976	24.72035314	45.87328919	-42.69180282	-52.01750423	-21.00354333	17.90780332
4.03333333	-12.13684280	26.23309461	44.88502988	-46.16539450	-51.06320515	-21.79148301	17.77750514
4.04166667	-12.03784761	27.80796013	44.01021735	-49.50901857	-50.08404884	-23.05932526	17.54427684
4.05000000	-11.87329842	29.39901142	43.05855770	-52.94031501	-49.09839472	-23.90742313	17.34714831
4.05833333	-11.93872534	31.33803525	42.46224312	-56.36267919	-48.25603041	-25.99473990	17.07864942
4.06666667	-11.76970639	32.81081272	41.60492248	-59.60971189	-47.38447487	-27.08141569	16.91680552
4.07500000	-11.50152895	34.30222339	40.57249795	-63.00721938	-46.40472338	-26.73253042	16.73881651
4.08333333	-11.64394554	36.30017368	40.00899240	-66.31028612	-45.49081539	-28.15372846	16.53098570
4.09166667	-11.29796940	37.58465845	38.91188407	-69.30457349	-44.60556243	-28.45792686	16.42760798
4.10000000	-10.97533166	39.01341265	37.94139636	-72.41038238	-43.78767656	-27.27273021	16.25961008
4.10833333	-10.95913887	40.54845819	37.32510687	-75.15441355	-43.01200614	-26.76226900	16.08780036
4.11666667	-10.67567632	41.89404601	36.30955497	-77.84755932	-42.12678857	-25.05697218	15.92049887
4.12500000	-10.45778687	43.35103367	35.37389472	-80.43475959	-41.23403836	-23.23210656	15.75851507
4.13333333	-10.29475904	44.54239247	34.47942039	-82.55223950	-40.30901769	-21.30627645	15.56729687
4.14166667	-10.11230060	45.93413278	33.63113752	-84.68605688	-39.44790991	-19.43490502	15.40730492
4.15000000	-9.83503052	47.24915138	32.69639509	-86.70874374	-38.54252106	-16.10891467	15.25544190
4.15833333	-9.76572069	48.50047548	31.80456470	-88.22090267	-37.50043825	-14.39748751	15.01805707
4.16666667	-9.67551207	49.83582223	30.90931880	-89.72436547	-36.49166302	-11.16425302	14.85356730
4.17500000	-9.32354801	50.85414935	29.70357299	-90.91186195	-35.41160677	-8.62210036	14.63584352
4.18333333	-9.22773292	52.09437771	28.89875328	-91.84368181	-34.47350814	-7.01245683	14.38887512
4.19166667	-9.07045415	53.16847179	28.05516164	-92.54168439	-33.56686254	-5.08198916	14.10536688
4.20000000	-8.65840941	53.92133500	26.76890556	-93.17887875	-32.48684452	-0.72353623	14.09611281
4.20833333	-8.62944572	54.98866379	26.03242480	-93.44377519	-31.54518180	0.46528191	13.82036602
4.21666667	-8.30991603	55.68876763	25.00938093	-93.65378492	-30.63761223	3.52294750	13.65204552
4.22500000	-8.16820231	56.50122016	24.15710209	-93.58527520	-29.74807820	5.23464315	13.49164537
4.23333333	-8.00076349	57.22707635	23.28524219	-93.31801908	-28.87892774	6.55490305	13.30545398
4.24166667	-7.79523423	57.77547486	22.47447968	-92.88185122	-28.08420734	8.20534849	13.15344655
4.25000000	-7.83896517	58.61064813	21.89580239	-92.29550219	-27.29844591	8.47533787	13.10142512
4.25833333	-7.71278535	59.06822159	21.21449020	-91.45007864	-26.60493662	9.55155421	12.66494404
4.26666667	-7.74052635	59.77889451	20.66446668	-90.64272673	-25.88181212	9.79098604	12.74123093
4.27500000	-7.27054768	59.71331981	19.56892684	-89.67763035	-25.18516166	12.00338877	12.70905246
4.28333333	-7.35199606	60.26482826	19.10155858	-88.56049622	-24.49787098	12.17672091	12.67150428
4.29166667	-7.00832934	60.17552170	18.33636728	-87.22704739	-24.01238482	13.21580774	12.52433483
4.30000000	-7.13666008	60.62997341	17.95381278	-85.93079336	-23.42302714	13.33510263	12.52426238
4.30833333	-7.13185411	60.81476602	17.54217692	-84.46196322	-22.93022445	13.70146163	12.32170421
4.31666667	-7.14928039	60.93668707	17.16185847	-82.95926560	-22.43843086	13.93775641	12.24142935
4.32500000	-7.26771249	61.12735988	16.81808837	-81.42231407	-21.90939393	13.99995102	12.24791333
4.33333333	-7.14721227	60.98423634	16.30033007	-79.82635870	-21.54792914	14.25430719	12.25967339
4.34166667	-7.28232878	61.03555320	16.10131525	-78.18595646	-21.17676749	14.12161702	12.12753467
4.35000000	-7.38403855	60.96753668	15.90039214	-76.50206040	-20.83370428	13.86323157	12.04659369
4.35833333	-7.55614071	60.90783388	15.76590531	-74.87026053	-20.48699893	13.60753292	11.99260102
4.36666667	-7.95029309	61.00790543	16.00572986	-73.26234217	-20.32942810	13.25109717	12.12661862
4.37500000	-7.99500134	61.02734016	15.53038176	-71.92528388	-19.95866106	12.60534035	12.03209725
4.38333333	-8.13876721	60.91730706	15.24062582	-70.55848352	-19.54775428	12.25625505	12.04746417
4.39166667	-7.99608896	60.44373395	14.72512337	-69.18694916	-19.28538171	11.38484426	12.00133328
4.40000000	-8.14192105	60.27540139	14.46779395	-68.01870203	-18.94856039	10.97154957	12.02776838
4.40833333	-8.29089704	60.09606822	14.17873351	-66.95391309	-18.51578621	10.14406728	11.96061764
4.41666667	-8.38995421	59.86661117	13.85501449	-66.03465272	-18.17356777	9.43576409	11.92648704
4.42500000	-8.39186616	59.50413307	13.40627749	-65.22971225	-17.77000299	8.51039639	11.75901609
4.43333333	-8.48440112	59.22816972	12.99848847	-64.58943114	-17.32144604	7.95490003	11.72333646
4.44166667	-8.16476509	58.44293681	12.10948515	-64.04794273	-16.88451881	7.71965647	11.48631345
4.45000000	-8.36533093	58.26776593	11.81848506	-63.68079290	-16.49316027	7.44996537	11.44680721
4.45833333	-8.42456015	57.90991816	11.42770472	-63.40286161	-16.12584050	7.20578623	11.06309532
4.46666667	-8.60939657	57.64968807	11.24447997	-63.18143211	-15.93088641	7.28011669	11.03049137
4.47500000	-8.76008161	57.28437472	10.96833840	-62.99871117	-15.56431112	7.80253347	10.47963279
4.48333333	-8.92745930	56.93632511	10.75685336	-62.83549568	-15.35808584	8.35578589	10.07694595
4.49166667	-9.19688892	56.71218312	10.72198352	-62.64659419	-15.20889361	8.96367266	9.72546304
4.50000000	-9.47598286	56.43632383	10.72758311	-62.35924340	-15.12236264	9.65332047	9.04416067
4.50833333	-9.80811125	56.15685694	10.75663011	-61.90910002	-14.98138972	10.21816885	8.50893640
4.51666667	-10.16582505	55.86932942	10.91919288	-61.33125872	-14.96540226	10.83219502	7.63911487
4.52500000	-10.50725842	55.57897797	11.06675717	-60.73355630	-14.96829017	11.23560438	6.73091775
4.53333333	-10.84384601	55.29467339	11.18156559	-60.10094388	-14.99012142	11.49214168	5.86348576
4.54166667	-11.15162673	54.96980372	11.29088311	-59.43739510	-15.02214051	11.62242131	4.60965094
4.55000000	-11.38686263	54.55615842	11.39849049	-58.74816886	-15.13296089	11.64037735	3.46440730
4.55833333	-11.54593868	54.06049665	11.39463244	-58.06817708	-15.24375684	11.55220659	2.17516604
4.56666667	-11.64542846	53.55657342	11.32747524	-57.48779782	-15.40163887	11.42359676	0.81998796
4.57500000	-11.74943017	53.01694509	11.34391575	-56.88941386	-15.64369492	11.33663441	-0.63750072
4.58333333	-11.80474752	52.40598161	11.54368735	-56.25179088	-16.13651245	11.25389648	-2.07057606
4.59166667	-11.80938016	51.73587419	11.86383286	-55.53127612	-16.96321733	11.19065915	-3.01726553
4.60000000	-11.80907452	50.97037475	12.08820599	-54.77597208	-17.59123558	11.11671466	-5.23294156
4.60833333	-11.67647014	50.05729823	12.23405733	-54.03007451	-18.23206573	11.20029712	-6.88838376
4.61666667	-11.70563637	49.30457804	12.91755150	-53.19107111	-19.56124878	11.16020123	-8.43310653
4.62500000	-11.71047224	48.47013898	13.70629814	-52.27145249	-21.10323850	11.14728795	-9.89472559
4.63333333	-11.76573725	47.77628422	14.57205760	-51.49627255	-22.65537242	11.13677838	-11.17921994
4.64166667	-11.64928541	46.81705138	15.51199707	-50.52935892	-24.78432354	11.09332572	-12.13239005
4.65000000	-11.87074535	46.31191186	16.93222909	-49.75921618	-27.02482088	11.07912317	-13.01349483
4.65833333	-11.68516644	45.31664038	18.00979821	-48.81532164	-29.66402177	11.01609628	-13.39981005
4.66666667	-11.41555652	44.26478786	19.12374450	-47.98013508	-32.59817897	10.93791898	-13.44826013
4.67500000	-11.25629652	43.36597626	20.44767810	-47.13374503	-35.74164037	10.87237722	-13.29522668
4.68333333	-11.54958021	43.04771821	22.39770069	-46.47798784	-39.00725020	10.92057084	-13.64267840
4.69166667	-11.25094045	41.98406828	23.68075762	-45.60273454	-42.49388422	10.82968596	-13.08400481
4.70000000	-11.43454089	41.54079075	25.61822454	-44.92655270	-46.07919163	10.88724521	-13.12779489
4.70833333	-11.12386681	40.52388347	26.92000884	-44.14474782	-49.66951483	10.78647896	-12.61169745
4.71666667	-11.29877824	40.01923730	28.86717114	-43.37371512	-53.28089942	10.86645978	-12.65175122
4.72500000	-11.30786723	39.41802476	30.55946014	-42.68283414	-56.86768949	10.85267763	-12.36070765
4.73333333	-11.11923639	38.57148962	32.00041247	-41.93383217	-60.36102615	10.76824102	-11.78167999
4.74166667	-11.38598586	38.32540394	34.05856999	-41.34971429	-63.85741901	10.81053106	-11.60502020
4.75000000	-11.13840605	37.42311649	35.42005359	-40.61009233	-67.13604749	10.68565776	-10.72990874
4.75833333	-11.05467839	36.75622470	37.00694522	-39.92938902	-70.36644969	10.62053823	-9.72279402
4.76666667	-11.37549677	36.79477232	39.00940102	-39.62868662	-73.50678522	10.72058404	-8.74303390
4.77500000	-11.24234238	36.01374249	40.46244987	-38.92142749	-76.37683904	10.61394134	-7.25183852
4.78333333	-11.42173769	35.69903401	42.28861362	-38.38764422	-79.22022699	10.68930917	-5.29389308
4.79166667	-11.23486278	34.94386968	43.54735444	-37.77621574	-81.67346653	10.52006121	-3.75219164
4.80000000	-11.35471511	34.53934850	45.15834650	-37.20525195	-84.11802389	10.59986694	-1.13750823
4.80833333	-11.18554130	33.67411536	46.36818097	-36.44078548	-86.15333374	10.47151750	0.70265140
4.81666667	-11.08972045	32.96072825	47.73264748	-35.79307785	-88.21455700	10.60858711	3.41799977
4.82500000	-10.88051506	32.21475549	48.81671464	-35.19537962	-89.85199227	10.49200572	5.17159726
4.83333333	-10.40837477	31.01673658	49.65096639	-34.38960227	-91.42145641	10.59953116	7.81722408
4.84166667	-10.17212241	30.19004993	50.75318742	-33.71668217	-92.70977031	10.49986078	9.45572259
4.85000000	-9.93444036	29.20315203	51.50701899	-32.93181325	-93.70102353	10.64820480	11.77770194
4.85833333	-9.67381852	28.36071868	52.33697911	-32.30196245	-94.54455059	10.63424204	13.70160285
4.86666667	-9.52326061	27.71081833	53.31935263	-31.72074507	-95.17211180	10.46118569	15.01567575
4.87500000	-9.17630778	26.81681603	53.98647980	-31.15416676	-95.64299991	10.49912884	16.94864111
4.88333333	-8.97935448	25.98397899	54.80603446	-30.43446255	-95.88081278	10.36325793	18.32378343
4.89166667	-8.55990925	24.98761707	55.27563521	-29.80908006	-95.97100462	10.39027781	19.88063368
4.90000000	-8.48342637	24.51634959	56.05373867	-29.36226118	-95.89470948	10.31166221	21.05845625
4.90833333	-8.30769711	23.67876355	56.77731549	-28.59564072	-95.71044689	10.15119107	22.34699306
4.91666667	-8.27480141	23.17658312	57.61619343	-28.05109103	-95.33834144	10.12657167	22.68486652
4.92500000	-8.09668457	22.50693291	58.11901967	-27.50367033	-94.80988133	9.88862091	24.15991933
4.93333333	-7.75303844	21.52089936	58.47245031	-26.80008451	-94.16577523	9.95809424	24.91936943
4.94166667	-7.68217173	21.03405023	59.09679531	-26.30599731	-93.40457425	9.84899049	25.36660716
4.95000000	-7.37120134	20.41811117	59.27638234	-25.95566326	-92.47941646	9.86124293	25.99154792
4.95833333	-7.39116174	20.02782432	59.91610936	-25.46616003	-91.53985877	9.79870055	26.18680653
4.96666667	-7.21559567	19.42043933	60.14900144	-25.01680652	-90.41567299	9.63384407	26.70607581
4.97500000	-7.26240464	18.99180507	60.65349144	-24.46574735	-89.25310515	9.56632393	26.83582982
4.98333333	-7.13808433	18.52070685	60.90342145	-24.13985841	-88.01816856	9.46684285	27.08343540
4.99166667	-7.19426209	18.22191884	61.32864584	-23.74510174	-86.74759374	9.47975849	27.09986010
5.00000000	-7.23957244	17.85705670	61.64409374	-23.30641328	-85.37856134	9.38134577	27.04631355
5.00833333	-7.29315986	17.60414248	61.86118213	-22.99316238	-83.93828608	9.32670624	26.95652373
5.01666667	-7.35377768	17.35298442	62.05407025	-22.70289797	-82.49209340	9.32989494	26.83277813
5.02500000	-7.23064719	16.98819156	61.96445608	-22.60403042	-80.98846891	9.53768115	26.70734700
5.03333333	-7.33029954	16.78575731	62.11018763	-22.28770367	-79.53321902	9.50576113	26.46460839
5.04166667	-7.45185226	16.64545617	62.25616560	-22.12175060	-78.17766635	9.55438915	26.41118721
5.05000000	-7.47806520	16.39338569	62.12676171	-21.80438414	-76.68230230	9.46303703	25.68684284
5.05833333	-7.57924407	16.09041098	62.14461180	-21.42680477	-75.38443707	9.50220348	25.36552205
5.06666667	-7.51457013	15.79641075	61.95706405	-21.28439541	-74.16165293	9.53563687	24.75712689
5.07500000	-7.59855288	15.52733391	61.94513205	-20.98601510	-73.04593212	9.58433278	24.32678280
5.08333333	-7.50343851	15.13314569	61.71548966	-20.77264433	-71.98622894	9.59650380	23.32108491
5.09166667	-7.03557544	14.26808797	60.97447951	-20.48701474	-70.93921896	9.62869391	22.36169235
5.10000000	-7.13420063	14.05131293	60.80731073	-20.24749689	-70.06140646	9.64560093	21.38652036
5.10833333	-7.14487877	13.78943144	60.60029102	-20.10080711	-69.26563718	9.70558706	20.12876088
5.11666667	-7.11243452	13.51776184	60.30946894	-19.98037785	-68.53375004	9.75607815	18.72091929
5.12500000	-7.05998995	13.12849669	59.98482549	-19.77314778	-67.87334252	9.78514588	17.23591647
5.13333333	-7.02454632	12.85182172	59.63180053	-19.64919075	-67.23961588	9.81174982	15.65186777
5.14166667	-6.97572569	12.50298205	59.23154555	-19.50933429	-66.66729337	9.79341106	14.10238913
5.15000000	-7.07515980	12.37152282	58.94942504	-19.38898434	-66.12078058	9.81007719	12.98857629
5.15833333	-7.17996367	12.24862502	58.66849108	-19.32422437	-65.64336859	9.78531262	12.00084134
5.16666667	-7.28952908	12.20197434	58.34965016	-19.33021860	-65.22088045	9.71774584	11.64064651
5.17500000	-7.44615071	12.14206138	58.12159210	-19.32424758	-64.96021607	9.70237457	11.61642520
5.18333333	-7.54681066	12.08431728	57.69882784	-19.28952205	-64.61954500	9.44093540	11.92405561
5.19166667	-7.75523368	12.04532480	57.41841621	-19.20235723	-64.39636765	9.27299859	12.67473611
5.20000000	-7.99904354	12.08194662	57.13418839	-19.15173562	-64.15452859	9.10102607	13.39847728
5.20833333	-8.23455815	12.23092246	56.83077531	-19.26787572	-63.89383932	8.86840129	14.29281099
5.21666667	-8.51535849	12.28614314	56.57567516	-19.21280853	-63.63476054	8.64158414	14.97982375
5.22500000	-8.79833713	12.53156031	56.31886200	-19.35227585	-63.31673962	8.28674619	15.77378911
5.23333333	-9.15188054	12.70298534	56.13625462	-19.31798022	-62.95794569	7.92861683	16.35807359
5.24166667	-9.49458399	12.99033165	55.98275603	-19.40406041	-62.58697846	7.43757473	16.78189676
5.25000000	-10.06153928	13.54101572	56.17077703	-19.55147731	-62.21630603	6.97816645	16.74327040
5.25833333	-10.32424407	13.62971802	56.02146352	-19.49129688	-61.88184868	6.32744737	16.96799809
5.26666667	-10.52817350	13.73442105	55.84173556	-19.49353375	-61.54953201	5.58325592	16.99360117
5.27500000	-10.74854415	13.75734075	55.70126322	-19.39942691	-61.21121722	4.85065634	16.94304026
5.28333333	-10.97996744	13.81700671	55.54753772	-19.34629814	-60.84693138	4.11225972	16.89059546
5.29166667	-11.18617325	13.98027975	55.38690463	-19.41805727	-60.44785904	3.03226769	16.49580147
5.30000000	-11.41214952	14.01656903	55.13939660	-19.31346220	-59.99457815	2.07859950	16.54774964
5.30833333	-11.64330101	14.11322925	54.81095149	-19.26763302	-59.39994447	0.84125787	16.52797371
5.31666667	-11.84193037	14.18515865	54.37420280	-19.22273760	-58.73897314	-0.40102114	16.48599195
5.32500000	-12.10790340	14.36920675	53.95776732	-19.20861413	-58.00395543	-1.69529457	16.48016167
5.33333333	-12.36093543	14.48569864	53.51320005	-19.16990565	-57.19756843	-3.13191889	16.40198341
5.34166667	-11.81088541	13.70040828	52.09691535	-19.03120985	-56.06620268	-4.61389966	15.95838351
5.35000000	-12.39618479	14.13763326	52.21623216	-19.11223877	-55.60803586	-6.10310807	15.89583987
5.35833333	-12.69719983	14.48140834	51.67491070	-19.24282480	-54.69872434	-7.72224090	15.88939999
5.36666667	-12.92173447	14.74254597	51.25148525	-19.45553760	-53.98789442	-9.21187166	15.73523844
5.37500000	-13.07688064	14.92171837	50.67917824	-19.67570761	-53.15131085	-10.71895860	15.55042165
5.38333333	-13.20350016	15.20952433	49.98935730	-20.04025554	-52.23875206	-12.10443150	15.41489785
5.39166667	-13.33290138	15.60305169	49.38855725	-20.60868480	-51.42563429	-13.38819497	15.25085779
5.40000000	-13.43431645	16.11376616	48.75587588	-21.38265262	-50.58053761	-14.53138754	15.07768032
5.40833333	-13.54898400	16.54396859	48.16086776	-22.16455455	-49.74693657	-15.58961088	14.87035210
5.41666667	-13.55271093	17.00311543	47.44411191	-23.21167999	-48.93873019	-15.99611632	14.78985720
5.42500000	-13.83436433	17.85477237	47.09362835	-24.34543154	-48.14652782	-17.28401330	14.41191077
5.43333333	-13.75203253	18.44673637	46.24724966	-25.85038547	-47.22772395	-17.92393147	14.25674919
5.44166667	-13.69634134	19.17180582	45.47545897	-27.57406504	-46.30048903	-18.47220115	14.03660603
5.45000000	-13.58331959	19.82091009	44.71933263	-29.39563715	-45.51859599	-19.13547625	13.78125517
5.45833333	-13.59817108	20.72868348	44.08358515	-31.43139198	-44.69096845	-19.98219045	13.57815556
5.46666667	-13.56127992	21.71246561	43.39600604	-33.62271438	-43.86413988	-20.93854141	13.33996029
5.47500000	-13.53807412	22.70411602	42.73874234	-35.85019646	-43.11224585	-22.24451100	13.12436980
5.48333333	-13.37946859	23.65434739	41.89180602	-38.28225420	-42.22322783	-23.26707452	12.89784116
5.49166667	-13.14390315	24.50060807	41.00690906	-40.85829128	-41.39111119	-23.18577811	12.75540062
5.50000000	-13.07438151	25.16737305	40.30756723	-42.89069476	-40.69666124	-25.12557065	12.53538625
5.50833333	-13.11091591	26.03940896	39.75284199	-45.20235166	-39.95424723	-25.52194071	12.31944345
5.51666667	-12.85782894	26.82851210	38.90667515	-47.68250725	-39.20992809	-24.68072366	12.14453939
5.52500000	-12.59143108	27.74595848	38.06586720	-50.17995940	-38.47936576	-23.79920508	11.91936028
5.53333333	-12.62207724	28.80099454	37.59398300	-52.34227644	-37.84398471	-24.46185746	11.69917346
5.54166667	-12.53433210	29.79320378	36.85239436	-54.58360069	-37.01165138	-22.72268388	11.54168044
5.55000000	-12.45859782	30.59544665	36.18393685	-56.49391181	-36.29216483	-21.06304303	11.33818012
5.55833333	-12.45829200	31.30796372	35.58035965	-58.12511788	-35.57350446	-19.30252920	11.16135989
5.56666667	-12.43856598	32.28940233	35.06354501	-59.86122818	-34.90939417	-17.55142723	10.98481978
5.57500000	-12.83925837	33.84903603	35.07379886	-61.54976603	-34.36398304	-15.73984173	10.81923439
5.58333333	-12.81552381	34.68535395	34.54462433	-62.73582489	-33.69114432	-14.30335870	10.65430406
5.59166667	-12.83478022	35.55445065	34.07039572	-63.70382988	-33.02364061	-12.98996773	10.44125742
5.60000000	-12.91168913	36.38822950	33.61706797	-64.40755008	-32.31714426	-11.67345721	10.19607318
5.60833333	-13.14253486	37.31639220	33.34761455	-64.92207336	-31.64979347	-9.59123810	10.11830133
5.61666667	-12.95944581	37.57920085	32.55886160	-64.99783525	-30.83450153	-8.02255375	9.84291506
5.62500000	-13.05205375	38.31818221	32.16000351	-65.04898625	-30.16623035	-6.44733147	9.64865464
5.63333333	-13.18287665	38.85242889	31.78398057	-64.68503900	-29.44888081	-6.00018811	9.58018401
5.64166667	-13.01928137	39.06933058	31.05701113	-64.25283190	-28.74138149	-3.47499938	9.24553369
5.65000000	-13.17834476	39.48724738	30.70929147	-63.47757285	-28.04652149	-3.11420969	9.15102877
5.65833333	-13.09854188	39.53895628	30.13951498	-62.54198564	-27.46546970	-0.99661737	8.91270766
5.66666667	-13.29440532	39.83104656	29.88328268	-61.36878140	-26.84000248	-0.73708885	8.83516733
5.67500000	-13.15925397	39.70609841	29.22615794	-60.08536911	-26.17896103	1.12746879	8.58036484
5.68333333	-13.31881809	39.84863759	28.95547253	-58.58156933	-25.61689029	1.63847803	8.36178103
5.69166667	-13.17724998	39.51887724	28.33117726	-56.94382236	-25.02818414	2.97889200	8.31979922
5.70000000	-13.37148914	39.47267968	28.18829670	-55.13345359	-24.56966128	3.43427707	8.10675242
5.70833333	-13.60954353	39.47095902	28.01660148	-53.27604945	-23.98043822	3.66123131	8.05834549
5.71666667	-13.41705296	38.85922017	27.41115787	-51.32176804	-23.48307891	4.79785757	7.86088224
5.72500000	-13.50445764	38.62642668	27.13037181	-49.40397166	-22.97136824	5.07180820	7.69810577
5.73333333	-13.37720494	38.10829202	26.60224192	-47.48145793	-22.44448114	5.65034924	7.66205339
5.74166667	-13.58163457	37.77838363	26.53690182	-45.41469674	-22.06669941	5.46994035	7.56940796
5.75000000	-13.79246822	37.47385853	26.51743504	-43.41181454	-21.79631146	5.36649692	7.61045039
5.75833333	-13.45020694	36.45018809	25.73189346	-41.36830184	-21.25760983	5.77001846	7.58574347
5.76666667	-13.63883751	36.26229291	25.79338690	-39.62727246	-21.09490292	5.56443893	7.61909355
5.77500000	-13.83426670	35.99715762	25.80476778	-37.88831683	-20.86547149	5.30318645	7.63128687
5.78333333	-13.55383329	34.92510895	25.09490703	-36.01484980	-20.36037100	5.51254892	7.60356369
5.79166667	-13.74301133	34.57970060	25.11648926	-34.41292029	-20.16687377	5.16779940	7.59173454
5.80000000	-13.88160762	34.21129049	25.11755074	-32.97295712	-20.01352781	4.84249792	7.63213967
5.80833333	-14.06442664	33.91238306	25.18708110	-31.65542129	-19.91643079	4.52500287	7.68242527
5.81666667	-14.19014337	33.45173741	25.15642854	-30.36505124	-19.76190868	3.72797955	7.70393176
5.82500000	-14.30476779	33.12593778	25.13974033	-29.31058049	-19.64542059	2.95357025	7.77122772
5.83333333	-14.34061964	32.68410138	25.08717679	-28.40609685	-19.60596622	2.58452622	7.86784141
5.84166667	-14.50558589	32.45389767	25.20737556	-27.59456745	-19.61040707	1.75717620	7.93117608
5.85000000	-14.64483016	32.11480758	25.36143798	-26.82677197	-19.70467398	1.01485874	8.01848348
5.85833333	-14.75355719	31.83234847	25.46604551	-26.22946230	-19.78662323	0.67385944	8.13111881
5.86666667	-14.85988701	31.42789479	25.54822829	-25.59254320	-19.86045779	0.63916137	8.22133193
5.87500000	-14.99926546	31.15652598	25.68939986	-25.07599530	-19.97447932	0.80685285	8.28244606
5.88333333	-15.12636117	30.80566759	25.82148416	-24.52528514	-20.07774408	1.10901253	8.37438784
5.89166667	-15.27245080	30.52462965	25.99237664	-24.01891361	-20.19797244	1.39810080	8.45427493
5.90000000	-15.69670831	30.61922530	26.47626950	-23.65358401	-20.23300716	1.84872953	8.37669907
5.90833333	-15.83567640	30.27404369	26.60640391	-23.01008159	-20.31269985	1.97136704	8.46069456
5.91666667	-16.06163695	30.14365505	26.82728037	-22.49823655	-20.36194075	2.07204990	8.47834289
5.92500000	-16.24296414	29.91886967	27.00176117	-21.89007779	-20.41087853	2.03897319	8.51186617
5.93333333	-16.49927674	29.87124544	27.23006096	-21.45138672	-20.39194002	2.12529297	8.43641558
5.94166667	-16.67176500	29.78184640	27.33612451	-21.02309952	-20.35099019	2.04374420	8.44897867
5.95000000	-17.01742406	30.01508836	27.68298025	-20.83288153	-20.38597250	2.00291611	8.42194220
5.95833333	-17.14609880	29.94542845	27.70163052	-20.54293739	-20.29796728	1.87641122	8.39417759
5.96666667	-17.25077277	29.90936293	27.72341186	-20.36394495	-20.23982844	1.77612547	8.35757991
5.97500000	-17.32751646	29.89445934	27.65438951	-20.27069577	-20.11165143	1.73986896	8.32129026
5.98333333	-17.38706291	29.89907915	27.53178369	-20.23659880	-19.91028880	1.76174563	8.30113231
5.99166667	-17.08068373	29.54021184	26.93958007	-20.28952686	-19.61431610	2.07480269	8.18112546
6.00000000	-17.16306995	29.56026821	26.83759826	-20.24115451	-19.41342984	2.07735620	8.17735208
6.00833333	-17.23717779	29.55961850	26.69011304	-20.16616401	-19.16619577	2.10087930	8.16317025
6.01666667	-16.87242477	29.03462624	25.95137840	-20.01018431	-18.75219385	2.19743090	7.99885463
6.02500000	-16.97345294	29.02661400	25.80824561	-19.88480289	-18.46455698	2.23870510	7.94807825
6.03333333	-17.08747519	28.98980438	25.74164554	-19.70043376	-18.24936132	2.27669738	7.95759893
6.04166667	-17.17781549	28.90519124	25.58154619	-19.45987491	-17.94555951	2.27859988	7.91706813
6.05000000	-17.27825896	28.84623309	25.47409646	-19.26638488	-17.68563794	2.32214100	7.91352021
6.05833333	-17.39397072	28.78062595	25.38354030	-19.02906909	-17.42850934	2.35825005	7.91314880
6.06666667	-17.52048771	28.70773978	25.31049002	-18.79025112	-17.18717183	2.40349009	7.94658725
6.07500000	-17.58582508	28.57662355	25.17135353	-18.55477258	-16.95300954	2.41131575	7.93748828
6.08333333	-17.73059041	28.61439047	25.14124611	-18.42081220	-16.72959902	2.49098297	8.00237137
6.09166667	-17.81290016	28.64226951	25.02801473	-18.32616696	-16.50067716	2.60928237	7.97518680
6.10000000	-17.94529743	28.67233252	25.01396795	-18.19832949	-16.29927417	2.66062461	8.02107818
6.10833333	-18.04960970	28.61984772	24.94879740	-17.99245087	-16.10284635	2.64353966	7.98688872
6.11666667	-18.12241491	28.56573906	24.86114550	-17.81979875	-15.91127014	2.67245650	7.99328605
6.12500000	-18.23003054	28.58819546	24.85852358	-17.70618399	-15.77403555	2.74313562	8.03154219
6.13333333	-18.17863146	28.37817907	24.62621782	-17.54807166	-15.56527847	2.79503211	8.04311033
6.14166667	-18.09750376	28.19000239	24.35421728	-17.45036447	-15.33814576	2.85104070	8.08720901
6.15000000	-18.22177382	28.23538095	24.33360642	-17.34655323	-15.14268702	2.88132718	8.00543768
6.15833333	-18.32830924	28.25462206	24.27520965	-17.24024809	-14.90864934	2.88808587	7.97480884
6.16666667	-18.43807349	28.34316486	24.22544821	-17.22547854	-14.67064401	2.91011424	7.96614896
6.17500000	-18.46967026	28.34727542	24.07746951	-17.20444407	-14.42579330	3.00100017	7.85986480
6.18333333	-18.58367980	28.33124607	24.04618623	-17.06457101	-14.21958721	3.04665331	7.85684053
6.19166667	-18.68525244	28.35174616	24.00553109	-16.95762112	-13.99548898	3.05550574	7.82629833
6.20000000	-18.72499456	28.31195366	23.82735967	-16.86384005	-13.66556693	2.96979889	7.59360178
6.20833333	-18.74762371	28.26846019	23.66170532	-16.78185506	-13.40970836	3.02526078	7.53796497
6.21666667	-18.85776313	28.32527722	23.63712482	-16.69709606	-13.19668370	3.04112873	7.54162236
6.22500000	-18.95315687	28.37367612	23.55426994	-16.60934248	-12.91646449	2.99270216	7.39485225
6.23333333	-19.05658357	28.43134603	23.54677057	-16.54185348	-12.73203867	3.02746763	7.40575728
6.24166667	-19.12818553	28.45776016	23.48786977	-16.46873593	-12.52663426	2.99980262	7.28804430
6.25000000	-19.26504458	28.57052543	23.53694941	-16.42001798	-12.37714570	3.03678915	7.30623037
6.25833333	-19.34570260	28.59611257	23.50024500	-16.34786904	-12.18821823	3.02795274	7.25653567
6.26666667	-19.41581695	28.63003313	23.47128225	-16.31478470	-12.02609935	3.02976274	7.22283918
6.27500000	-19.46446822	28.68034434	23.42873717	-16.29243247	-11.87549141	2.99655185	7.06247497
6.28333333	-19.42649962	28.63622998	23.38531223	-16.32389837	-11.92407728	3.11332830	7.17392744
6.29166667	-19.49630354	28.72164868	23.45115829	-16.34454297	-11.92571901	3.17920802	7.20366303
6.30000000	-19.56023249	28.77202526	23.43954465	-16.34801556	-11.79904845	3.20819490	7.21487373
6.30833333	-19.61742818	28.82213588	23.43605535	-16.35192551	-11.69310558	3.20689674	7.18163181
6.31666667	-19.66252342	28.88580268	23.49911255	-16.39853786	-11.72443384	3.23911665	7.18505629
6.32500000	-19.72516769	28.95912843	23.56389684	-16.41007941	-11.73438214	3.22124392	7.15155517
6.33333333	-19.91958110	29.17323840	23.85536781	-16.38800588	-11.84209324	3.08149194	7.15913147
6.34166667	-19.87365147	29.01926433	23.86807168	-16.30695342	-11.94815962	3.11651415	7.21575325
6.35000000	-19.87766064	29.10990279	23.98973992	-16.42429781	-12.11696064	3.19314076	7.26328925
6.35833333	-19.90189993	29.03381890	23.87109459	-16.37359321	-11.96372639	3.23043781	7.30689715
6.36666667	-19.52187703	28.53444778	23.33879079	-16.26511154	-11.84191944	3.21159789	7.28750084
6.37500000	-19.52629259	28.53463317	23.36726009	-16.29567330	-11.90783110	3.28118196	7.34511481
6.38333333	-19.57120693	28.60036049	23.46583258	-16.33920094	-11.99775744	3.31001008	7.38410172
6.39166667	-19.58134215	28.60562903	23.50893513	-16.36421492	-12.07802734	3.36223652	7.43331553
6.40000000	-19.59884865	28.61396318	23.54681583	-16.36626621	-12.13010653	3.39861461	7.47154254
6.40833333	-19.59280506	28.58451325	23.55743460	-16.35673361	-12.16611765	3.42021811	7.51313959
6.41666667	-19.52698348	28.48818478	23.50939617	-16.33268298	-12.23558368	3.37382164	7.54822122
6.42500000	-19.54742621	28.50501855	23.56036569	-16.34036852	-12.28888664	3.41813301	7.57108211
6.43333333	-19.57151385	28.51502352	23.59543056	-16.32839281	-12.31955047	3.44600546	7.59543571
6.44166667	-19.56339996	28.47533369	23.58361358	-16.29842934	-12.33147487	3.41859051	7.59701320
6.45000000	-19.48916115	28.35290866	23.54560296	-16.22900014	-12.41731063	3.34097992	7.63797468
6.45833333	-19.53102058	28.41770708	23.63560561	-16.26244773	-12.48511244	3.38692606	7.66529369
6.46666667	-19.54597632	28.42693908	23.62883982	-16.25190125	-12.46769940	3.35013207	7.65518988
6.47500000	-19.58571429	28.44578326	23.66357846	-16.23245119	-12.44904703	3.37852871	7.66604219
6.48333333	-19.54237731	28.38708954	23.59979444	-16.20367902	-12.44744449	3.33012456	7.65483479
6.49166667	-19.60520227	28.43381521	23.68354732	-16.18426618	-12.46740072	3.33710873	7.66214469
6.50000000	-19.65689693	28.48197930	23.73947783	-16.18434093	-12.47182941	3.36669656	7.68933738
6.50833333	-19.71117196	28.51085206	23.79254993	-16.14485203	-12.46808673	3.36853700	7.68639426
6.51666667	-19.72926745	28.52441500	23.80731631	-16.13619793	-12.46958034	3.34201709	7.67044691
6.52500000	-19.75970305	28.53689315	23.82858182	-16.11218126	-12.46362511	3.34882678	7.66704958
6.53333333	-19.60102243	28.29037674	23.64195681	-15.97789560	-12.47885328	3.23608259	7.72083990
6.54166667	-19.68156216	28.35094027	23.73805688	-15.95242113	-12.49255430	3.28761517	7.72938133
6.55000000	-19.72945187	28.38944019	23.79373105	-15.93877131	-12.50617691	3.28565974	7.73415529
6.55833333	-19.74669569	28.37935414	23.80075282	-15.90554921	-12.48824517	3.30485004	7.73712127
6.56666667	-19.78417746	28.40702490	23.85537229	-15.88776904	-12.52248757	3.29903989	7.73912711
6.57500000	-19.82778232	28.43589560	23.90735493	-15.87965754	-12.54077909	3.33947949	7.77472432
6.58333333	-19.82688433	28.40552708	23.92048227	-15.82884265	-12.56886233	3.30979741	7.76934488
6.59166667	-19.84699864	28.39763564	23.96319933	-15.78425204	-12.60151441	3.32758362	7.78770120
6.60000000	-19.82535101	28.34195665	23.97239685	-15.74259067	-12.66541810	3.26080776	7.79393136
6.60833333	-19.86708472	28.38348496	24.04787316	-15.73953651	-12.72934428	3.34093468	7.84447699
6.61666667	-19.70246710	28.11071048	23.81916447	-15.59629781	-12.67446264	3.32642762	7.84848469