0.00000000	-15.58442170	21.91436036	22.05149898	-12.41069562	-11.97264142	4.26995887	5.77397312
0.00833333	-15.62355459	21.96042385	22.09030860	-12.41285864	-11.98091691	4.27891493	5.77179247
0.01666667	-15.63402480	21.97943692	22.10608825	-12.41731402	-11.99108071	4.24494144	5.79094775
0.02500000	-15.69118276	22.03170379	22.17418143	-12.42286590	-11.98856857	4.30947210	5.80747638
0.03333333	-15.67346515	22.01420303	22.14418561	-12.43079099	-11.98380203	4.25712231	5.73331852
0.04166667	-15.71078375	22.05203430	22.17978574	-12.43540071	-11.96905902	4.29302879	5.76992251
0.05000000	-15.74310565	22.08919668	22.21112326	-12.42991769	-11.97431187	4.29709075	5.78024354
0.05833333	-15.78256797	22.13640198	22.26581245	-12.45465623	-11.99693702	4.32879338	5.81462479
0.06666667	-15.78138945	22.10758492	22.24872759	-12.42135115	-11.97453661	4.30458728	5.80474931
0.07500000	-15.82301245	22.18015933	22.31297802	-12.45480339	-11.99261655	4.33000040	5.84221291
0.08333333	-15.86199560	22.24726450	22.38501926	-12.48179199	-12.05989309	4.36128095	5.86084181
0.09166667	-15.73375306	22.09322534	22.19968838	-12.44575708	-11.98731774	4.22756650	5.75315034
0.10000000	-15.79580683	22.14727772	22.27133241	-12.45827507	-11.98828255	4.30850989	5.79646637
0.10833333	-15.50038117	21.77464039	21.89904441	-12.35515460	-11.93384678	4.22799826	5.75480548
0.11666667	-15.57357642	21.83405621	21.99369944	-12.35252746	-11.94892246	4.28549297	5.77043503
0.12500000	-15.62317267	21.91335252	22.05740549	-12.39269670	-11.96321729	4.30329109	5.79121415
0.13333333	-15.62716687	21.94694192	22.06376333	-12.42390610	-11.97224292	4.26117053	5.75256864
0.14166667	-15.68705191	22.04189300	22.16296560	-12.46592979	-12.03009113	4.32779127	5.80175706
0.15000000	-15.70658414	22.02674672	22.17639974	-12.43156918	-11.99903825	4.27639617	5.77242009
0.15833333	-15.76973023	22.09269506	22.25091370	-12.44635738	-12.00970796	4.33322548	5.82797117
0.16666667	-15.82609585	22.14024261	22.30862151	-12.43975575	-11.99732093	4.33962418	5.83795539
0.17500000	-15.50497191	21.75610590	21.89826829	-12.34850420	-11.91049022	4.23045756	5.76248673
0.18333333	-15.56069219	21.87964721	22.01772855	-12.41971479	-12.01943835	4.29649237	5.79650182
0.19166667	-15.64273802	21.90459844	22.07342974	-12.36665527	-11.94990062	4.28553595	5.79409634
0.20000000	-15.70045034	21.97292584	22.13905289	-12.38367212	-11.95046842	4.29393914	5.79716932
0.20833333	-15.72484959	22.01958468	22.17745877	-12.40346958	-11.96157795	4.28024515	5.77806835
0.21666667	-15.58360355	21.84076651	22.00381422	-12.36317850	-11.94495985	4.24955961	5.76446932
0.22500000	-15.66279674	21.92714457	22.07969502	-12.37400572	-11.94019372	4.29495577	5.78966242
0.23333333	-15.69571026	21.97829045	22.11970984	-12.39349550	-11.93533745	4.29429212	5.76808690
0.24166667	-15.71034868	22.00536885	22.13284797	-12.41317619	-11.93191655	4.26670253	5.72238253
0.25000000	-15.76960401	22.05499135	22.20540149	-12.40527737	-11.93735852	4.29529529	5.73225464
0.25833333	-15.79690880	22.10854908	22.23185272	-12.44504020	-11.93616279	4.31840052	5.77066267
0.26666667	-15.82994247	22.14454110	22.26348570	-12.43820640	-11.93406229	4.33799243	5.78267950
0.27500000	-15.78607484	22.10408795	22.19953838	-12.43459510	-11.92696689	4.27420044	5.72644609
0.28333333	-15.85363588	22.16009259	22.28596398	-12.44130584	-11.93222953	4.34984226	5.79185835
0.29166667	-15.78557304	22.09113196	22.19808097	-12.43450243	-11.91850019	4.28725670	5.76933910
0.30000000	-15.83637966	22.13134232	22.26371743	-12.43623861	-11.92488927	4.34371644	5.80777402
0.30833333	-15.81298809	22.10450004	22.21422635	-12.41370340	-11.89975230	4.29127460	5.78467251
0.31666667	-15.84872174	22.14931766	22.25505947	-12.42422406	-11.90576868	4.32831880	5.81168757
0.32500000	-15.69585152	21.96598353	22.06880716	-12.39041638	-11.88951477	4.31939490	5.80720573
0.33333333	-15.75121421	22.03862051	22.15793828	-12.40914231	-11.94226007	4.36760663	5.83519593
0.34166667	-15.77586525	22.03300477	22.15995367	-12.37325646	-11.88779853	4.31383905	5.78421657
0.35000000	-15.82405586	22.08826676	22.20870383	-12.37088962	-11.89256530	4.33802244	5.79645024
0.35833333	-15.86097864	22.16068005	22.27725850	-12.41845464	-11.93077008	4.36702524	5.81271176
0.36666667	-15.84087894	22.13324593	22.23051768	-12.41712839	-11.88993328	4.30396570	5.73484406
0.37500000	-15.87423823	22.16249653	22.26808244	-12.41733745	-11.88633422	4.33769946	5.76408524
0.38333333	-15.90861777	22.19674266	22.30448804	-12.41970751	-11.88370534	4.35061355	5.78718970
0.39166667	-15.93327903	22.24211901	22.34089903	-12.44039701	-11.89631215	4.35817703	5.80641698
0.40000000	-15.97071710	22.25769785	22.37364119	-12.41606269	-11.88251747	4.35956905	5.81587805
0.40833333	-16.01830393	22.33874791	22.47603144	-12.45432610	-11.98016789	4.40556129	5.83171709
0.41666667	-16.02589511	22.32311506	22.44904950	-12.42975085	-11.90046025	4.38763758	5.83187294
0.42500000	-15.78174622	22.01874545	22.13830272	-12.38418992	-11.82861126	4.33470084	5.73590335
0.43333333	-15.83833002	22.10924123	22.22415411	-12.40847331	-11.88666984	4.38880942	5.77498023
0.44166667	-15.85798967	22.11424360	22.23883027	-12.39908368	-11.86017350	4.34080628	5.75620095
0.45000000	-15.90414098	22.14115866	22.27922267	-12.38394916	-11.84855197	4.36917410	5.77807670
0.45833333	-15.91012601	22.15095251	22.29174988	-12.38230957	-11.86854151	4.33538154	5.74905240
0.46666667	-15.94416208	22.18971628	22.32627956	-12.39289369	-11.86795086	4.36817015	5.78294018
0.47500000	-15.95972034	22.19493900	22.34632088	-12.37502859	-11.87581212	4.35686407	5.77335583
0.48333333	-15.98233872	22.21692452	22.36803809	-12.38186992	-11.86800832	4.36746503	5.78904814
0.49166667	-16.03637302	22.28296678	22.44049431	-12.40591279	-11.89814992	4.40247357	5.81911804
0.50000000	-15.90783198	22.12590849	22.28210944	-12.36804233	-11.87380408	4.32231075	5.74999890
0.50833333	-15.95787720	22.18972660	22.34805688	-12.39645050	-11.88688934	4.37581837	5.79240981
0.51666667	-15.95549293	22.17459778	22.33797751	-12.37897399	-11.87948664	4.34266707	5.75905707
0.52500000	-15.97171710	22.19316459	22.37582391	-12.38434574	-11.90100938	4.37361432	5.77260406
0.53333333	-15.99736851	22.21435949	22.40956176	-12.38113636	-11.91265910	4.36294273	5.76280321
0.54166667	-15.95597390	22.20316128	22.35570532	-12.41285126	-11.91257934	4.35136483	5.75580921
0.55000000	-15.92643500	22.18751348	22.31032847	-12.42507218	-11.90741804	4.35482459	5.75848654
0.55833333	-15.97697298	22.21463565	22.37245666	-12.41164056	-11.90992643	4.39694103	5.78677323
0.56666667	-15.97945027	22.21456567	22.36778807	-12.41681274	-11.89863421	4.35113479	5.76137531
0.57500000	-16.01453776	22.26473140	22.42587083	-12.44274073	-11.92362162	4.40388711	5.79558321
0.58333333	-16.02316721	22.28499796	22.42549092	-12.44411351	-11.90863998	4.39002981	5.79235460
0.59166667	-16.06044994	22.30206159	22.45146532	-12.42798658	-11.89557621	4.41784848	5.81231006
0.60000000	-16.05547784	22.30600785	22.44442128	-12.43456635	-11.88746588	4.39578898	5.78959252
0.60833333	-15.83639697	22.01070876	22.15885386	-12.38378733	-11.81633826	4.43175213	5.74075231
0.61666667	-15.89534111	22.06815120	22.22102891	-12.38784203	-11.81212357	4.44007622	5.77338849
0.62500000	-15.95368856	22.13768465	22.28905239	-12.40149563	-11.81892759	4.45286989	5.79274831
0.63333333	-15.98139379	22.19195373	22.31768358	-12.42828240	-11.82115983	4.45245585	5.80110432
0.64166667	-16.00811074	22.20652673	22.34718879	-12.41201570	-11.82756057	4.44267835	5.77890275
0.65000000	-16.04612900	22.25497305	22.40081189	-12.43242452	-11.85161292	4.48050487	5.80499150
0.65833333	-16.06584542	22.25597526	22.41011340	-12.41996781	-11.81780358	4.47569083	5.79924468
0.66666667	-15.81090644	21.95524065	22.09184671	-12.35668379	-11.76197011	4.42790830	5.72253581
0.67500000	-15.87168248	22.05269045	22.18163386	-12.39648808	-11.81298688	4.46888812	5.76447492
0.68333333	-15.89306753	22.07784126	22.19484556	-12.40191992	-11.78788389	4.42645851	5.76072737
0.69166667	-15.92596088	22.13889402	22.25245603	-12.44310239	-11.82220909	4.45365575	5.78699283
0.70000000	-15.95780554	22.14564687	22.26184689	-12.42548132	-11.79680271	4.45072687	5.79354508
0.70833333	-16.00600079	22.21799390	22.33239928	-12.46554600	-11.82348860	4.47279317	5.81875437
0.71666667	-16.01904495	22.23180533	22.35492393	-12.45315925	-11.84149389	4.42821452	5.79143001
0.72500000	-15.79778488	21.95960554	22.05271009	-12.39395057	-11.77287832	4.42664120	5.79323075
0.73333333	-15.86155957	21.99748376	22.14874052	-12.36911247	-11.81398982	4.44592380	5.81194029
0.74166667	-15.83698038	22.04595715	22.10829877	-12.42825611	-11.82007947	4.39876688	5.81194505
0.75000000	-15.83663670	22.01708048	22.12237900	-12.41998826	-11.82293410	4.41076946	5.78761674
0.75833333	-15.89364161	22.05396340	22.18047826	-12.40355321	-11.81813323	4.45596612	5.80900581
0.76666667	-15.94100635	22.19794103	22.29031195	-12.52169635	-11.90797633	4.49554163	5.84835702
0.77500000	-15.96124912	22.20806533	22.23200926	-12.48400745	-11.79944392	4.46061316	5.84680820
0.78333333	-15.95047442	22.16363387	22.20789511	-12.44931136	-11.78962922	4.43857584	5.80695715
0.79166667	-15.78269014	21.97366776	21.98632177	-12.42435451	-11.75811866	4.40570733	5.73780978
0.80000000	-15.63242857	21.75949408	21.79520471	-12.34901495	-11.75833871	4.29471426	5.82252681
0.80833333	-15.69817322	21.82662032	21.87364653	-12.35819195	-11.75978199	4.41532823	5.85854466
0.81666667	-15.75299283	21.88437705	21.94830440	-12.36177368	-11.78579428	4.40536322	5.84204206
0.82500000	-15.79456284	21.93375467	21.99502608	-12.37278581	-11.79209274	4.40328113	5.84839660
0.83333333	-15.84669882	22.00030602	22.04765931	-12.39467861	-11.79331335	4.44934188	5.89169075
0.84166667	-15.76538462	21.90736548	21.93206447	-12.37302098	-11.76139661	4.39565865	5.83589270
0.85000000	-15.79567262	21.93545197	21.95189368	-12.37125620	-11.74803878	4.42302058	5.86010476
0.85833333	-15.82465383	21.95485979	21.99056915	-12.37071909	-11.75998148	4.44344866	5.87878436
0.86666667	-15.86343815	22.01839183	22.06327475	-12.39061026	-11.80968709	4.47880832	5.89915456
0.87500000	-15.87878362	22.01752455	22.05264452	-12.39068519	-11.77508020	4.47707334	5.91560772
0.88333333	-15.88129639	22.01097011	22.04630246	-12.37958096	-11.75451178	4.46146419	5.91480780
0.89166667	-15.77047197	21.88420334	21.92638911	-12.38115078	-11.78848177	4.44943679	5.90083231
0.90000000	-15.78686204	21.91125283	21.94447519	-12.39444795	-11.79320876	4.45102801	5.91742467
0.90833333	-15.81210111	21.95941654	21.98111211	-12.41477123	-11.81661696	4.48620410	5.93931290
0.91666667	-15.79981048	21.92666253	21.94612964	-12.40767700	-11.78832389	4.45054611	5.89090406
0.92500000	-15.81971549	21.94799898	21.97058871	-12.41750757	-11.79497961	4.46910482	5.89431520
0.93333333	-15.84033936	21.97748735	21.99260361	-12.43854928	-11.79702004	4.49379989	5.91687542
0.94166667	-15.84703834	21.97604667	21.99604459	-12.43225510	-11.80158154	4.47846832	5.89995339
0.95000000	-15.85214687	21.99050429	21.99792886	-12.44819879	-11.80313815	4.48205046	5.91397850
0.95833333	-15.85651639	21.97083731	21.98243077	-12.41736453	-11.78761957	4.48422126	5.92096704
0.96666667	-15.90597692	22.06748255	22.07972636	-12.49775870	-11.85531716	4.54796579	5.97700410
0.97500000	-15.85742828	22.00136226	21.98660607	-12.48083541	-11.79883659	4.48507657	5.93566456
0.98333333	-15.89296404	22.03675115	22.03015801	-12.49415394	-11.81023273	4.53197790	5.96511462
0.99166667	-15.88393072	22.02772252	22.00724857	-12.48857994	-11.79329158	4.52059982	5.94081959
1.00000000	-15.67536793	21.76413354	21.72358839	-12.43275450	-11.71235966	4.50518698	5.90888407
1.00833333	-15.72616800	21.82339570	21.79494225	-12.45746894	-11.74581505	4.50955577	5.93011685
1.01666667	-15.75448191	21.85725748	21.83587463	-12.46550724	-11.76207198	4.53570133	5.95120963
1.02500000	-15.80617034	21.91792316	21.89242357	-12.48315400	-11.77613535	4.57157726	5.98777729
1.03333333	-15.84174255	21.94431534	21.91430906	-12.48956117	-11.75444804	4.57675569	6.00677717
1.04166667	-15.86863931	21.99965007	21.96980267	-12.52654462	-11.79773961	4.58890826	6.01984879
1.05000000	-15.77734017	21.84248911	21.86556411	-12.43939722	-11.78406432	4.48650449	5.97706968
1.05833333	-15.83318692	21.94548367	21.93458078	-12.51380915	-11.82191831	4.54598749	6.01347781
1.06666667	-15.68299525	21.77443486	21.68374898	-12.51101205	-11.69959875	4.52745091	5.96155032
1.07500000	-15.72779321	21.80946038	21.75487387	-12.51162591	-11.74208133	4.57713018	5.99340663
1.08333333	-15.77615370	21.88227724	21.84800537	-12.53344924	-11.81413325	4.61995599	6.01835484
1.09166667	-15.77775678	21.85814331	21.81978106	-12.50514311	-11.76524370	4.55854348	5.99722891
1.10000000	-15.82053173	21.91613086	21.85722368	-12.53211122	-11.76021311	4.59110824	6.04021676
1.10833333	-15.85115369	21.94832953	21.88434462	-12.53561447	-11.76855394	4.59232087	6.05037971
1.11666667	-15.86347282	21.94450413	21.90221426	-12.51362533	-11.77723175	4.59118049	6.04312741
1.12500000	-15.83713249	21.93217100	21.85990860	-12.52691382	-11.78397608	4.54720265	6.00046898
1.13333333	-15.85620059	21.94883885	21.88913931	-12.53453178	-11.79405877	4.58533101	6.03273465
1.14166667	-15.77985209	21.84187236	21.80687731	-12.50142471	-11.80844751	4.57538981	6.00678295
1.15000000	-15.82094134	21.88855481	21.86002876	-12.51603360	-11.83031973	4.60618981	6.05726467
1.15833333	-15.82475387	21.87707573	21.85396643	-12.49437733	-11.82650002	4.56481264	6.06023825
1.16666667	-15.82381130	21.87546589	21.84474856	-12.50185703	-11.83120953	4.56533987	6.07873684
1.17500000	-15.84696670	21.89401802	21.87693994	-12.50440793	-11.84410171	4.59739902	6.10669764
1.18333333	-15.83315964	21.88960290	21.84591433	-12.51046783	-11.83910290	4.57276668	6.10609390
1.19166667	-15.83163725	21.88562839	21.85004967	-12.51831647	-11.85091725	4.57765708	6.10001514
1.20000000	-15.85036412	21.90482327	21.86763078	-12.53223871	-11.84886555	4.60652971	6.11895128
1.20833333	-15.88230631	21.96396082	21.92592576	-12.56084248	-11.90384673	4.64226820	6.13605278
1.21666667	-15.82972327	21.89016538	21.83868868	-12.55381147	-11.86455827	4.58551473	6.09364913
1.22500000	-15.85135500	21.90243541	21.85318446	-12.54620099	-11.87320237	4.61410959	6.11434291
1.23333333	-15.84949776	21.90425975	21.85705960	-12.55936187	-11.88205123	4.60520332	6.12279562
1.24166667	-15.84944866	21.90741062	21.85801627	-12.57028222	-11.89797646	4.61404968	6.15359584
1.25000000	-15.86347984	21.92667808	21.88186733	-12.58618242	-11.91040915	4.64028245	6.18553804
1.25833333	-15.86876296	21.92670977	21.89047114	-12.57137456	-11.92764661	4.62610213	6.19892868
1.26666667	-15.91128581	21.98007777	21.93296886	-12.59773665	-11.93837428	4.66639040	6.23857972
1.27500000	-15.92824463	22.01389592	21.97302415	-12.61186565	-11.96848175	4.68007266	6.23876846
1.28333333	-15.62357420	21.60700898	21.57838828	-12.48224579	-11.89073620	4.60829417	6.16951156
1.29166667	-15.67999724	21.67856643	21.64745202	-12.50589453	-11.90372585	4.61655627	6.18756366
1.30000000	-15.72620467	21.71750651	21.71319184	-12.49060466	-11.92327631	4.58635002	6.16367682
1.30833333	-15.76209811	21.75518338	21.75314921	-12.49086841	-11.92631155	4.57549022	6.16231814
1.31666667	-15.77583076	21.78263146	21.77327564	-12.50180750	-11.93515556	4.57262768	6.16488676
1.32500000	-15.84878244	21.89343174	21.89714271	-12.54906255	-12.01334245	4.64505786	6.23394335
1.33333333	-15.84838784	21.86167526	21.86415027	-12.50591582	-11.95367795	4.58168233	6.21711861
1.34166667	-15.89622030	21.91215903	21.91765376	-12.49804046	-11.96310420	4.60248454	6.23780377
1.35000000	-15.93608750	21.99192518	21.99649116	-12.54989782	-12.02729826	4.64909101	6.26654389
1.35833333	-15.80460324	21.79617086	21.79645179	-12.47813155	-11.93223121	4.60034178	6.20212567
1.36666667	-15.84499269	21.86658914	21.85657830	-12.51904744	-11.96404853	4.63016920	6.23872372
1.37500000	-15.92525954	21.94912420	21.95682812	-12.54744390	-11.97887233	4.66593330	6.29465184
1.38333333	-15.93933644	21.96645008	21.95460466	-12.53403753	-11.94139186	4.60790060	6.25829278
1.39166667	-15.62627894	21.56540590	21.56462024	-12.42183681	-11.89048362	4.53871748	6.21346273
1.40000000	-15.69130897	21.64329645	21.63245730	-12.43429215	-11.89243365	4.57037062	6.21245700
1.40833333	-15.78625042	21.75720960	21.75460478	-12.46468514	-11.92164761	4.58861467	6.19412257
1.41666667	-15.83730732	21.83192421	21.81968277	-12.48403146	-11.93617447	4.57858322	6.20613028
1.42500000	-15.88989172	21.92236917	21.91601294	-12.52723927	-11.99138957	4.63319559	6.24988319
1.43333333	-15.90316197	21.92063544	21.90400964	-12.50411283	-11.95488394	4.56615517	6.21316440
1.44166667	-15.93760523	21.95472819	21.92761090	-12.51048341	-11.93874305	4.59178490	6.25320426
1.45000000	-15.96127613	21.99295346	21.97531279	-12.53208202	-11.95909062	4.60443506	6.27144740
1.45833333	-15.93151597	21.98764983	21.94557273	-12.53719461	-11.97144307	4.52162704	6.21787170
1.46666667	-15.93048263	21.97399774	21.93020878	-12.52056146	-11.95635169	4.53169571	6.21568486
1.47500000	-15.97203209	21.99978567	21.97680789	-12.49380453	-11.95142914	4.55522881	6.23184213
1.48333333	-15.97761612	21.98588543	22.03687585	-12.44482550	-12.03922160	4.48669782	6.22114889
1.49166667	-16.01823374	22.03536025	22.08577000	-12.45707775	-12.04349817	4.49103122	6.23993487
1.50000000	-16.02725688	22.04441845	22.09791946	-12.45843851	-12.04317811	4.49017481	6.22717381
1.50833333	-16.03250567	22.04661009	22.09982253	-12.45313560	-12.03242897	4.48352551	6.21162381
1.51666667	-16.08490005	22.14864818	22.20351958	-12.51426293	-12.11268730	4.55868694	6.26084578
1.52500000	-16.10354249	22.13149087	22.18353186	-12.47731909	-12.04199496	4.56050966	6.28306791
1.53333333	-16.00909463	22.03521189	22.07206585	-12.47359842	-12.03524639	4.51109454	6.22254306
1.54166667	-16.05146076	22.07973692	22.13509922	-12.47728585	-12.03827647	4.56769540	6.25085162
1.55000000	-16.08866720	22.12176459	22.18553814	-12.48236944	-12.06275014	4.59711843	6.26381061
1.55833333	-16.06034052	22.08011210	22.15090296	-12.45496352	-12.05288701	4.53873649	6.20632928
1.56666667	-16.07968234	22.10397625	22.16607405	-12.46452712	-12.04564828	4.56752411	6.22597519
1.57500000	-16.10826708	22.13417054	22.19508984	-12.47073962	-12.04038951	4.58260679	6.23687426
1.58333333	-16.07596850	22.10024911	22.15333006	-12.46130517	-12.03052412	4.51652673	6.19213328
1.59166667	-15.84124612	21.82802436	21.84532111	-12.42715958	-11.96977634	4.51524250	6.21733975
1.60000000	-15.90404689	21.90550068	21.94246939	-12.44535761	-12.01703106	4.56407256	6.26219338
1.60833333	-15.95719385	21.94863580	21.99341766	-12.43474665	-11.98588212	4.56971694	6.29270874
1.61666667	-15.94879977	21.96419667	21.97868599	-12.45397870	-11.99211509	4.49454767	6.25855087
1.62500000	-16.00423037	22.02203884	22.04565501	-12.46832089	-11.99763640	4.54510454	6.29266589
1.63333333	-16.01771561	22.01516190	22.02954296	-12.41998628	-11.95450129	4.50452445	6.24003501
1.64166667	-16.04623462	22.08197203	22.09457237	-12.47573484	-11.98919193	4.53513714	6.25630519
1.65000000	-16.09999319	22.15306987	22.15596776	-12.50522002	-11.99737983	4.55420420	6.28067090
1.65833333	-16.10670132	22.15797415	22.15697619	-12.49919834	-11.98089158	4.52464033	6.25902718
1.66666667	-16.10795220	22.15877567	22.16523945	-12.49117452	-12.00068107	4.49094992	6.21878028
1.67500000	-16.10296405	22.15253896	22.17610849	-12.49379351	-12.01098343	4.50340208	6.21269295
1.68333333	-15.77079035	21.72007114	21.74394827	-12.38179016	-11.92241740	4.44499027	6.20703848
1.69166667	-15.83191586	21.80146481	21.83924421	-12.41598944	-11.95303472	4.50510985	6.23842741
1.70000000	-15.89165057	21.84981276	21.88718754	-12.39455831	-11.93296450	4.53218216	6.24673751
1.70833333	-15.93643972	21.92632421	21.98266392	-12.42210448	-12.00554167	4.57239664	6.25692247
1.71666667	-15.96420922	21.93507759	21.99007841	-12.39720653	-11.96256781	4.56057198	6.25192797
1.72500000	-15.99393939	21.99097552	22.04746593	-12.42769333	-12.00437014	4.58920134	6.26754372
1.73333333	-15.96201408	21.96237820	22.00535116	-12.43238157	-11.99269894	4.53170872	6.23394474
1.74166667	-15.99060679	22.00222915	22.04562381	-12.44536841	-12.00583241	4.57793451	6.26150644
1.75000000	-16.03778210	22.07296011	22.12523820	-12.47413841	-12.06827685	4.63164541	6.29028565
1.75833333	-15.94747667	21.94992486	22.00710125	-12.43736021	-12.01691710	4.53998198	6.23538044
1.76666667	-16.00188142	22.02002186	22.09279886	-12.45949389	-12.05781513	4.60906110	6.27199769
1.77500000	-16.01866221	22.00967456	22.11100842	-12.43489489	-12.03735830	4.61796281	6.26946568
1.78333333	-16.00973832	21.99700643	22.10150141	-12.42393114	-12.03786577	4.58261243	6.23941461
1.79166667	-16.03594350	22.05349387	22.16305716	-12.45351260	-12.08194060	4.61289463	6.25713671
1.80000000	-15.92691845	21.89887109	22.06117881	-12.41752888	-12.07175964	4.52525511	6.18797470
1.80833333	-15.97663694	21.95256834	22.10396926	-12.42116825	-12.05801593	4.58340120	6.22620507
1.81666667	-16.00689916	22.01490105	22.16442862	-12.45098060	-12.10751803	4.61490565	6.24366076
1.82500000	-15.89064330	21.86601153	22.03566806	-12.43865368	-12.10453741	4.60081987	6.29608502
1.83333333	-15.92586815	21.92762703	22.11265804	-12.46816907	-12.16953533	4.64135841	6.29276315
1.84166667	-15.95067235	21.94229391	22.14861446	-12.46935568	-12.17074526	4.64881494	6.28951344
1.85000000	-15.93606871	21.94753499	22.17105704	-12.50966221	-12.20628989	4.63163614	6.24774248
1.85833333	-15.98982303	22.03207585	22.29220864	-12.55168056	-12.30477256	4.68979637	6.29167009
1.86666667	-16.06607388	22.08604582	22.36642470	-12.52442415	-12.28684766	4.71249103	6.35968899
1.87500000	-16.05037767	22.08315578	22.38296127	-12.55538991	-12.33191865	4.63559091	6.31335297
1.88333333	-16.08989690	22.10850236	22.46925182	-12.54312406	-12.38195199	4.67705699	6.34282002
1.89166667	-16.05380144	22.07678622	22.45961699	-12.58460881	-12.40089865	4.70602945	6.31168607
1.90000000	-16.10138560	22.13417651	22.55118648	-12.59588548	-12.46256271	4.74933497	6.34822342
1.90833333	-16.14007205	22.16235629	22.63809185	-12.59180336	-12.52396439	4.77329233	6.37609902
1.91666667	-16.16143517	22.15098828	22.67770260	-12.55451023	-12.55154976	4.70298454	6.38391311
1.92500000	-16.19227977	22.21276578	22.76865535	-12.68744149	-12.58576028	4.79789013	6.35215922
1.93333333	-16.21822331	22.21628486	22.84671381	-12.67187098	-12.65498749	4.82427430	6.39786465
1.94166667	-16.22718531	22.20455532	22.92645841	-12.65650355	-12.75207073	4.81904041	6.44770277
1.95000000	-16.20842225	22.18279674	23.00160537	-12.66682254	-12.89003686	4.78138153	6.52625102
1.95833333	-16.20989223	22.22528167	23.10248954	-12.73945072	-13.03383451	4.82205488	6.58368925
1.96666667	-16.14737790	22.15456126	23.13957282	-12.72894224	-13.20014895	4.78968281	6.69255887
1.97500000	-16.15009628	22.20199293	23.26229801	-12.80685045	-13.40066351	4.85163652	6.73839431
1.98333333	-16.03888275	22.04856245	23.23246314	-12.78045387	-13.53922299	4.82534109	6.89433379
1.99166667	-15.97444863	21.97703154	23.27619450	-12.78956089	-13.71102449	4.86591859	6.97225098
2.00000000	-15.91159752	21.86205179	23.27404692	-12.75002567	-13.80114325	4.86117733	6.93115093
2.00833333	-15.90995738	21.99610958	23.33113330	-12.92319739	-14.00792627	4.90651207	7.09966717
2.01666667	-15.83688456	22.00365853	23.35140034	-13.03845876	-14.20389081	4.93713080	7.21288241
2.02500000	-15.71381722	21.91397887	23.40112933	-13.12859894	-14.45069227	4.98729891	7.28578941
2.03333333	-15.38734910	21.56159473	23.07855126	-13.10682176	-14.49689166	4.92705738	7.25866444
2.04166667	-15.36765997	21.63871615	23.14124535	-13.27202236	-14.66895725	4.98416616	7.34944071
2.05000000	-15.31232066	21.63884278	23.15692266	-13.37278531	-14.83382930	5.04397940	7.47345667
2.05833333	-15.18573400	21.43669921	23.06935484	-13.28125754	-14.93340295	4.96578127	7.49063868
2.06666667	-15.18715080	21.50645455	23.17980793	-13.44680237	-15.12520467	5.04694338	7.56341703
2.07500000	-15.16814935	21.54451334	23.24432857	-13.58771461	-15.28034213	5.12136869	7.75978444
2.08333333	-15.14346488	21.62422790	23.36130430	-13.78726693	-15.51208635	5.18610425	7.77423098
2.09166667	-15.07461378	21.57634193	23.36369342	-13.91160745	-15.63076912	5.27310292	7.89560295
2.10000000	-14.94375462	21.44983777	23.24270815	-13.95534819	-15.63712289	5.18359438	7.82168128
2.10833333	-14.84402921	21.47446184	23.21456721	-14.08349773	-15.88684060	5.12744821	8.04302242
2.11666667	-14.74403145	21.52084242	23.22038473	-14.36015422	-16.04733999	5.22070501	8.09904973
2.12500000	-14.45758825	21.28483589	22.86640866	-14.50822876	-16.00646516	5.25351569	8.07477040
2.13333333	-14.45099489	21.38959624	22.88164923	-14.75772215	-16.10428054	5.35208295	8.17836846
2.14166667	-14.44615846	21.47348635	22.86132414	-14.98781434	-16.17268147	5.50334032	8.34446707
2.15000000	-14.32168401	21.38817443	22.75428822	-15.06718751	-16.23575535	5.34502345	8.32957086
2.15833333	-14.24301150	21.46962564	22.75125731	-15.41194773	-16.37355557	5.46724482	8.46294121
2.16666667	-14.16635524	21.52550448	22.73313240	-15.75519766	-16.48405818	5.62442386	8.60290843
2.17500000	-14.08149624	21.61390043	22.66701962	-16.13708944	-16.56977874	5.76884490	8.73077172
2.18333333	-14.01720207	21.78151787	22.75159091	-16.59273704	-16.86077054	5.79205175	8.70106232
2.19166667	-13.76155491	21.69877385	22.27336314	-16.77732286	-16.63375468	5.45423987	8.74231139
2.20000000	-13.67582411	21.90970997	22.21494877	-17.34347811	-16.72821185	5.58949871	8.87246016
2.20833333	-13.62218097	22.07460975	22.18577382	-17.75526368	-16.83064218	5.45632591	8.90995307
2.21666667	-13.53508469	22.25827121	22.21369213	-18.31968450	-17.08207666	5.51470076	8.91522814
2.22500000	-13.43082230	22.57076567	21.97725434	-19.13416198	-16.96796191	5.87017696	9.17885450
2.23333333	-13.28960166	22.79153852	21.99132157	-19.79647459	-17.26732981	5.88839312	9.15305892
2.24166667	-13.03827598	22.88828400	21.56720949	-20.36296166	-17.12330596	5.39881649	9.21899348
2.25000000	-12.94534102	23.24453125	21.44839016	-21.21015050	-17.19892182	5.53405088	9.35373853
2.25833333	-12.83368436	23.63137235	21.28581469	-22.09879078	-17.24959414	5.57005219	9.49748977
2.26666667	-12.65072377	23.89206022	21.09987716	-22.82717443	-17.38218999	5.02406067	9.64596502
2.27500000	-12.46818009	24.25898833	20.96502003	-23.81019613	-17.52863704	5.01587301	9.70441585
2.28333333	-12.07696105	24.58507611	20.45934954	-24.97633456	-17.50288077	4.90895533	9.99795774
2.29166667	-11.82612879	24.93274363	20.21869018	-26.04267528	-17.58492731	4.76547461	9.99271059
2.30000000	-11.19678538	24.66990673	19.36690430	-26.75690044	-17.46156434	3.68232751	10.11449701
2.30833333	-11.01383385	25.19580666	19.11375345	-27.98251877	-17.46864971	3.31602780	10.23254562
2.31666667	-10.75489706	25.67856722	18.82277476	-29.24274054	-17.51440539	3.01007088	10.29516761
2.32500000	-10.38361808	26.08669787	18.39821810	-30.39437123	-17.58242942	1.58663605	10.43653910
2.33333333	-10.06134356	26.58593333	18.06078424	-31.74482475	-17.63893139	0.93143149	10.59137997
2.34166667	-9.68708890	27.04044403	17.65943714	-33.09179166	-17.68213908	0.02718842	10.63840196
2.35000000	-9.33979831	27.54150226	17.29711187	-34.47514662	-17.74911933	-0.80479373	10.72725890
2.35833333	-9.02647066	28.09952048	16.92821095	-35.88141295	-17.76525719	-1.29052162	10.75221774
2.36666667	-8.49488818	28.50331944	16.23314454	-37.20656914	-17.72424236	-2.89305296	10.80666919
2.37500000	-8.03988025	28.89782651	15.71431456	-38.49724057	-17.84731999	-4.12315402	11.07532149
2.38333333	-7.73335444	29.51804714	15.36948742	-39.91274135	-17.90705583	-4.79932252	11.17503867
2.39166667	-7.43800343	30.07870230	15.01151484	-41.23351745	-17.91401433	-5.17674142	11.19271160
2.40000000	-7.14958708	30.67615100	14.71148406	-42.52264907	-17.97604102	-5.74710616	11.27256739
2.40833333	-6.71610450	31.00633579	14.20824467	-43.54749403	-17.96180265	-7.33081484	11.37715806
2.41666667	-6.46496836	31.53795440	13.88229021	-44.58030467	-17.95449466	-7.50061896	11.41642241
2.42500000	-6.21298511	32.05042089	13.58173089	-45.51848044	-17.98396484	-7.61910110	11.45969887
2.43333333	-5.99529717	32.49167055	13.32563208	-46.21532579	-18.02944520	-8.49788606	11.59471869
2.44166667	-5.86590341	32.97295991	13.02694467	-46.81873718	-17.93628121	-8.40100987	11.63268654
2.45000000	-5.86017006	33.56254790	13.09796052	-47.24898805	-18.13793361	-8.59894704	11.81853504
2.45833333	-5.68658101	33.89834058	12.90811044	-47.55443165	-18.19211705	-8.25533859	11.87469055
2.46666667	-5.49127441	34.12271740	12.69227987	-47.67798733	-18.23769116	-8.01291606	11.95318306
2.47500000	-5.38761351	34.47826668	12.50498270	-47.70480589	-18.19281183	-7.92170317	11.98269183
2.48333333	-4.66395314	33.88283858	11.62757271	-47.28519868	-18.04039987	-8.84487813	11.94171173
2.49166667	-4.55471156	34.14541652	11.41727576	-47.08727440	-18.03361479	-8.59598404	11.99122490
2.50000000	-4.35433904	34.09072327	11.09094599	-46.53471818	-18.04185498	-9.32497973	12.15093092
2.50833333	-4.38420907	34.34997432	10.93840177	-46.06829317	-17.94545001	-9.12763572	12.20309239
2.51666667	-4.38420825	34.44714983	10.85462889	-45.45411500	-17.93999451	-9.06071243	12.23751269
2.52500000	-4.25710779	34.35968797	10.63930273	-44.58940556	-17.86779577	-9.94374165	12.27880775
2.53333333	-4.24045026	34.46644012	10.50074328	-43.81013336	-17.82020377	-9.98893714	12.31247591
2.54166667	-3.86110444	33.99854878	9.87388655	-42.75804080	-17.59108790	-10.79478715	12.31840483
2.55000000	-3.99382302	34.16998049	9.70386565	-41.81275706	-17.40073073	-11.15656892	12.42160633
2.55833333	-3.88902916	34.00580309	9.54391151	-40.73839689	-17.44089603	-11.90052151	12.54453306
2.56666667	-3.77062274	33.82481129	9.33369016	-39.63025199	-17.45406240	-12.72531810	12.66359026
2.57500000	-3.45393492	33.33506604	8.84366808	-38.36355726	-17.37477244	-13.92364398	12.75396544
2.58333333	-3.49741021	33.27089316	8.78499232	-37.19222165	-17.41427918	-14.83905429	12.94389554
2.59166667	-3.47183610	33.07886653	8.71196555	-35.94838798	-17.52613438	-15.87734976	13.18292994
2.60000000	-3.41050988	32.84102582	8.59324330	-34.67803691	-17.64104762	-17.01021057	13.41143156
2.60833333	-3.38426200	32.59902656	8.52198338	-33.39985243	-17.78552208	-18.20782910	13.65124858
2.61666667	-3.31191016	32.30757030	8.42418984	-32.09718825	-17.99152205	-19.38369963	13.91751393
2.62500000	-3.29669986	32.02435726	8.41718914	-30.79339820	-18.24257297	-20.53208756	14.22505571
2.63333333	-3.34053675	31.79806454	8.35606402	-29.46873263	-18.43856088	-21.56550204	14.54843151
2.64166667	-3.16962090	31.32023188	8.21138975	-28.26960951	-18.67574503	-21.98331134	14.65953316
2.65000000	-3.14638249	31.01481937	8.36678303	-26.97164733	-19.26286859	-23.10284134	15.04948813
2.65833333	-3.22184982	30.73716670	8.51130127	-25.68320218	-19.72947649	-23.98929604	15.50885634
2.66666667	-3.26341855	30.45138139	8.80154757	-24.51877553	-20.45383865	-24.65437403	16.03527027
2.67500000	-3.30821777	30.20640656	9.12913226	-23.44413956	-21.22840631	-25.13806065	16.54378231
2.68333333	-3.45706366	30.07333966	9.38786886	-22.38735303	-21.85211548	-25.64633960	17.03318230
2.69166667	-3.70358754	30.13658522	10.02774943	-21.65606246	-22.80489790	-25.20405888	17.52613910
2.70000000	-3.75428443	29.87097365	10.40968820	-20.69823782	-23.69128856	-25.73707071	18.13375096
2.70833333	-3.68888005	29.48945336	10.87185763	-20.00037449	-24.72299823	-25.55820648	18.42600974
2.71666667	-3.63123189	29.07480724	11.29078623	-19.17537528	-25.79680678	-26.02664385	19.05149104
2.72500000	-3.95357821	29.15466796	11.88357809	-18.48325861	-26.76731720	-26.00997413	19.67421194
2.73333333	-4.60601819	29.69268284	12.94011130	-18.03159205	-27.91176298	-25.68592032	20.50668597
2.74166667	-4.55785460	29.34208354	13.20018243	-17.38733401	-28.86318381	-25.90180096	20.90243755
2.75000000	-5.02179012	29.59026010	14.29482180	-17.04863788	-30.25811888	-25.65532117	21.94941493
2.75833333	-4.95180642	29.20864012	14.51694921	-16.53101881	-31.22540064	-25.79540657	22.28362722
2.76666667	-5.44059544	29.54315757	15.50311494	-16.32108405	-32.48511634	-25.53857455	23.42196434
2.77500000	-5.36160332	29.15362522	15.73293273	-15.91833016	-33.50181360	-25.67163857	23.75895017
2.78333333	-5.34425133	28.81428761	16.05782713	-15.51087438	-34.58051271	-25.87267080	24.38809456
2.79166667	-5.70823881	28.94372438	16.88864844	-15.26842566	-35.83134912	-25.96782704	25.71660627
2.80000000	-5.66439477	28.61157385	17.17643465	-15.06154894	-36.88509597	-26.06693510	25.99209026
2.80833333	-6.82588972	29.77855417	18.99696417	-15.17763759	-38.39498758	-26.02826604	27.15601985
2.81666667	-6.71886153	29.34965273	19.22601485	-14.96361965	-39.45850053	-26.22665027	27.52453966
2.82500000	-6.86126686	29.17006734	19.77411916	-14.79127450	-40.63368603	-26.66217015	28.55613453
2.83333333	-7.57992454	29.78425039	20.98022369	-14.84446285	-41.94002526	-26.91501731	29.22997070
2.84166667	-7.47161099	29.35935430	21.15899291	-14.73611461	-42.99288203	-27.14379104	29.55502790
2.85000000	-7.80765932	29.39985969	21.92543504	-14.69460023	-44.20878418	-27.69540482	30.44599596
2.85833333	-7.74500208	29.02760254	22.12942013	-14.65612768	-45.27088156	-27.89770175	30.80738949
2.86666667	-7.83248454	28.80314264	22.47739095	-14.60120759	-46.30630487	-28.36044152	31.80592802
2.87500000	-8.52001566	29.29390917	23.69703547	-14.73288676	-47.69181151	-28.55818794	32.46243755
2.88333333	-8.45885391	28.91446251	23.84598175	-14.73516976	-48.67881936	-28.55297209	32.74200418
2.89166667	-8.59162064	28.72609323	24.27730139	-14.74934664	-49.79122140	-27.99832212	33.75255292
2.90000000	-8.74745625	28.53935052	24.85815598	-14.82863258	-51.03910953	-26.82295370	34.34443357
2.90833333	-9.47608530	29.22738482	25.91681767	-15.26224925	-52.18702053	-25.05447917	34.91113674
2.91666667	-9.59251857	29.02924471	26.34058339	-15.36080860	-53.31343639	-23.16901903	35.50967778
2.92500000	-10.24417251	29.58434015	27.44391889	-15.79462300	-54.58641129	-20.79487197	36.13185917
2.93333333	-10.23718895	29.34802046	27.57094272	-15.99186533	-55.47264016	-18.70719139	36.62583722
2.94166667	-10.26392543	29.12837634	27.87138487	-16.17502200	-56.50100235	-16.57937164	37.08689355
2.95000000	-10.45984689	29.18988148	28.20674026	-16.45539659	-57.42323380	-14.58974314	37.59499652
2.95833333	-10.67879835	29.31050684	28.55944047	-16.70625744	-58.31348032	-12.79274127	38.00189302
2.96666667	-11.21551266	29.93855035	29.32462399	-17.22297759	-59.29270840	-11.02280812	38.38237437
2.97500000	-11.17746208	29.84996964	29.41191726	-17.52861205	-60.12740605	-9.48008335	38.68258495
2.98333333	-11.16334037	29.88216383	29.44991296	-17.94109554	-60.92619799	-8.03816328	38.91784903
2.99166667	-11.23123638	30.02871432	29.56975988	-18.40035959	-61.73597749	-6.62451027	39.09796272
3.00000000	-11.26121250	30.19332672	29.66407310	-18.99076198	-62.53397299	-5.41461971	39.14224451
3.00833333	-11.58263352	30.76797925	30.19489559	-19.56234597	-63.44716165	-4.67515482	38.86833074
3.01666667	-11.43342294	30.81196070	30.20745576	-20.29028661	-64.36998270	-3.93753834	38.71631989
3.02500000	-11.35825764	30.89823144	30.28974600	-20.95456881	-65.31202254	-2.71920781	38.24151132
3.03333333	-11.25555281	31.04336821	30.39776204	-21.67891380	-66.33274867	-2.00808172	37.54637930
3.04166667	-11.41796796	31.43315041	30.98108764	-22.32953988	-67.60248628	-1.72510392	36.46805931
3.05000000	-11.56344043	31.84273631	31.65727494	-23.09468280	-69.00800785	-1.20262915	35.29223416
3.05833333	-11.32791437	31.80704623	32.04846254	-23.80736741	-70.55589429	-0.65279844	34.06780544
3.06666667	-11.34137737	32.01071665	32.88838482	-24.48447135	-72.29182729	-0.23671527	32.18699780
3.07500000	-11.31966630	32.11341603	33.75900066	-25.02465601	-74.10942480	0.14377407	30.26220625
3.08333333	-10.97394463	31.79074637	34.36870935	-25.47324853	-75.96508361	0.60616609	28.43383381
3.09166667	-10.73905841	31.49261172	35.18411538	-25.79969659	-77.86917856	1.01499872	26.35668832
3.10000000	-10.43189541	31.05248454	35.94269070	-26.01288544	-79.67786835	1.43370551	24.24479991
3.10833333	-10.05752899	30.52664476	36.71134522	-26.17447289	-81.44148534	1.79246413	22.15265329
3.11666667	-9.72173427	29.96835252	37.49816663	-26.21433533	-83.07538678	2.12671985	20.08564681
3.12500000	-9.60037355	29.64652665	38.48482074	-26.22132736	-84.49906694	2.22466696	17.82296533
3.13333333	-9.32724684	29.13185641	39.27817213	-26.24337211	-85.80188289	2.61907871	16.74899527
3.14166667	-9.15661959	28.64958675	40.24825958	-26.16344374	-86.97970816	2.88957498	15.92719938
3.15000000	-9.17934744	28.40925950	41.18866179	-26.15221780	-87.84519356	3.33280698	15.68749258
3.15833333	-9.09153642	28.25979008	42.14466506	-26.25486445	-88.65448925	3.54726885	15.75985387
3.16666667	-8.85289711	27.80809104	42.89902862	-26.23542417	-89.10236617	3.64958225	15.92769377
3.17500000	-8.55252386	27.35999466	43.42181225	-26.36933883	-89.29613079	4.06266923	16.50043745
3.18333333	-8.32106051	26.90401122	43.95376425	-26.34893959	-89.32435028	4.27897788	16.59978352
3.19166667	-8.14830456	26.50920729	44.62621591	-26.33286867	-89.24516724	4.34328068	16.64675378
3.20000000	-7.98903644	26.08719602	44.99926938	-26.30051704	-88.81427245	4.70984223	16.69081109
3.20833333	-8.00011692	25.84499150	45.78210965	-26.25966487	-88.48687742	4.93429545	16.45184144
3.21666667	-7.79081919	25.39272029	46.29986289	-26.23766553	-87.82820129	5.10723791	16.16468525
3.22500000	-7.48088806	24.84638343	46.55387703	-26.22930357	-86.96621571	5.27795708	15.71608995
3.23333333	-7.33381876	24.39746103	46.93620945	-26.11943840	-86.01896839	5.45826512	15.31348932
3.24166667	-7.08431146	23.89682620	47.17133990	-26.10626449	-84.89369765	5.69223718	14.69661707
3.25000000	-6.89209053	23.47032287	47.37968807	-26.12642848	-83.59521723	5.90445900	14.03729381
3.25833333	-6.83899988	23.12339605	47.66534713	-26.08705786	-82.17768276	6.15830705	13.33457119
3.26666667	-6.75087244	22.77337596	47.92982159	-26.09062567	-80.65112489	6.41290547	12.46160525
3.27500000	-6.62189612	22.46752714	48.04508348	-26.20059392	-78.93897548	6.66875620	11.42527307
3.28333333	-6.54092449	22.20428634	48.10357753	-26.33590464	-77.07473944	6.94931610	10.34974811
3.29166667	-6.37877592	21.91908529	47.98108064	-26.56936080	-75.07174545	7.26802541	9.08072811
3.30000000	-6.31446324	21.69880286	47.96349638	-26.77008453	-72.94152943	7.62587851	7.55581996
3.30833333	-6.18374931	21.39687781	47.73265090	-26.98723110	-70.65518693	7.96162877	5.81250524
3.31666667	-6.09393445	21.15765261	47.47577122	-27.22138214	-68.25107977	8.31381550	3.81309296
3.32500000	-5.99920721	20.98009906	47.15619906	-27.56040670	-65.76115997	8.67758704	1.67939057
3.33333333	-5.82234626	20.77656365	46.66832607	-27.96027923	-63.14202182	9.05589628	-0.80258318
3.34166667	-5.65868850	20.58046733	46.06589783	-28.40846984	-60.40720170	9.44165899	-3.25072552
3.35000000	-5.54689403	20.47416749	45.46431889	-28.93660629	-57.61494320	9.86688561	-5.74065014
3.35833333	-5.40071129	20.34780835	44.77117853	-29.49365901	-54.75732661	10.31516686	-8.26692731
3.36666667	-5.27471674	20.21526059	43.99615684	-30.05637214	-51.88097328	10.79157268	-10.68304812
3.37500000	-5.11752259	20.06925931	43.17768361	-30.65861005	-49.01033080	11.29823347	-12.96177985
3.38333333	-4.46624045	19.30087585	41.61744697	-31.11539862	-46.09738066	11.62416365	-14.66068605
3.39166667	-4.18465609	19.03008376	40.46758650	-31.76186543	-43.24019297	12.15696474	-16.49777781
3.40000000	-4.11407314	19.03491100	39.56213282	-32.48538412	-40.59100163	12.74123256	-18.06900104
3.40833333	-4.25581959	19.28733692	38.86216883	-33.30508067	-38.02204772	13.39451087	-19.62664674
3.41666667	-4.25359104	19.39717078	38.02115612	-34.14645162	-35.65966269	14.05504506	-20.91483417
3.42500000	-4.01892689	19.19912808	36.77420443	-34.92099928	-33.36228965	14.75404215	-21.89937136
3.43333333	-4.15266114	19.43480017	36.13724184	-35.79297172	-31.41915623	15.49752109	-22.91963633
3.44166667	-4.12580820	19.55737289	35.41849276	-36.73993548	-29.67473410	16.19801055	-23.87110475
3.45000000	-4.14909022	19.71213368	34.64404137	-37.71199968	-28.05273812	16.94169414	-24.78899318
3.45833333	-4.22546577	19.92072957	33.89551775	-38.67743402	-26.57680508	17.73885254	-25.54330846
3.46666667	-4.29818675	20.17174940	33.25466670	-39.72394315	-25.32982038	18.14225859	-25.66580108
3.47500000	-4.57849774	20.77536956	32.85628132	-40.96611988	-24.15106066	19.31431695	-26.96444639
3.48333333	-4.63082907	21.01866434	32.22008654	-42.02561143	-23.12077301	19.69413214	-26.97277447
3.49166667	-5.04474718	21.69610600	31.80313579	-43.22879452	-21.90401844	21.07544619	-28.07980098
3.50000000	-5.14147566	21.96253677	31.20848771	-44.26080761	-20.98931223	21.53482776	-28.08693171
3.50833333	-5.59502779	22.62655721	30.95113281	-45.35953933	-20.22612609	22.62782817	-28.66285293
3.51666667	-5.74548197	22.91074032	30.32911948	-46.34265015	-19.36116937	22.95049817	-28.61523169
3.52500000	-6.17766814	23.58858657	29.95784968	-47.51415067	-18.45307728	24.08747113	-29.26158363
3.53333333	-6.68570122	24.36621249	29.86987958	-48.70004280	-17.89636888	25.08627635	-29.41908532
3.54166667	-6.83083192	24.58589102	29.32787947	-49.61639140	-17.30335146	25.55647079	-29.28759953
3.55000000	-7.33879883	25.29334963	29.26559476	-50.73316178	-16.95767739	26.64629422	-28.57309611
3.55833333	-7.72621230	25.80661985	29.08056149	-51.74775764	-16.71929344	27.65377604	-27.35369900
3.56666667	-7.82567686	26.17728430	28.64656953	-52.93894789	-16.53727609	28.46629915	-25.53296141
3.57500000	-8.25341505	26.44747053	28.63312385	-53.65444427	-16.50963988	29.24797273	-23.15632457
3.58333333	-8.66424289	27.02813645	28.63799178	-54.71817963	-16.74328351	30.12801902	-20.36472323
3.59166667	-8.97544724	27.45629731	28.74498010	-55.70973063	-17.12592469	30.85945513	-17.51402869
3.60000000	-9.14556144	27.63240811	28.38077347	-56.58723518	-17.24620442	31.50234324	-14.82398681
3.60833333	-9.12758859	27.65456063	28.31319485	-57.46538565	-17.76644905	32.14142558	-12.32085535
3.61666667	-9.31016113	27.79905960	28.14195380	-58.28208380	-18.00016446	32.64721470	-9.99886451
3.62500000	-9.42274892	28.01721711	28.28763606	-59.21247248	-18.62947097	33.16729559	-7.86211562
3.63333333	-9.65661438	28.29008353	28.42143784	-60.10164315	-19.04055971	33.57666269	-5.83274903
3.64166667	-9.59503227	28.24357538	28.56762534	-60.94848450	-19.75749503	33.95553632	-4.18810242
3.65000000	-10.27868474	29.16462463	29.44172331	-62.03467254	-20.44612092	34.17214353	-2.48339006
3.65833333	-10.14870220	29.11051035	29.49211750	-62.98005915	-21.23992610	34.22104604	-0.88523796
3.66666667	-9.93002853	29.10708691	29.49407847	-64.08834373	-22.09382525	34.06170054	0.59208724
3.67500000	-9.86788561	29.23108697	29.45950655	-65.23379255	-22.86522774	33.71510896	1.86417299
3.68333333	-9.80080612	29.49194491	29.57080153	-66.57258321	-23.68410688	33.04059069	3.23311072
3.69166667	-10.25565819	30.54673577	30.34265649	-68.13891634	-24.75095012	31.73198201	4.25934361
3.70000000	-10.42229279	31.35561713	30.78114081	-69.80673817	-25.71482444	30.44808148	5.23882423
3.70833333	-10.21215137	31.80592507	30.74741304	-71.54094845	-26.58312491	29.20566327	6.10038487
3.71666667	-10.16445288	32.56084953	30.76557658	-73.39775168	-27.31144941	27.58059102	6.82590053
3.72500000	-10.03621085	33.34844777	30.83179436	-75.30330200	-28.09247299	25.65204366	7.36989261
3.73333333	-9.88890635	34.20126054	30.83453890	-77.17241999	-28.72527182	22.88768422	7.71849499
3.74166667	-9.46202298	34.75147877	30.51427206	-78.98545287	-29.32159905	20.33313369	8.09050413
3.75000000	-9.21536737	35.55706059	30.08259846	-80.81752973	-29.59886691	18.13003402	8.53177065
3.75833333	-8.80978470	36.20043091	29.48937667	-82.45669487	-29.84466891	15.60315280	8.93711941
3.76666667	-8.54968759	36.99429698	28.94822833	-83.96397691	-29.94131513	13.39415227	9.41363575
3.77500000	-8.30030218	37.76366055	28.40353611	-85.33128292	-29.94250080	12.22078683	9.85120141
3.78333333	-8.04434414	38.49967994	27.76938408	-86.50708211	-29.77237783	11.20924110	10.26022159
3.79166667	-7.89943464	39.30235163	27.16633460	-87.40626008	-29.54530928	10.63308262	10.63747088
3.80000000	-7.79362963	40.11698501	26.62458735	-88.08947166	-29.29458239	10.44586188	10.90073619
3.80833333	-7.68252563	40.80986817	26.16539246	-88.42125364	-29.14709977	10.48687754	10.97342816
3.81666667	-7.55421991	41.47637996	25.50023420	-88.56995776	-28.75497867	10.69789163	11.46746510
3.82500000	-7.50217162	42.12916168	25.09502201	-88.44473638	-28.60551013	10.78420879	11.53869867
3.83333333	-6.88602105	42.21819429	23.85790618	-88.06048567	-28.14041259	10.36834814	11.69420856
3.84166667	-6.50062406	42.33294656	23.02955887	-87.38046368	-27.94936499	9.69663270	11.92243332
3.85000000	-6.40439876	42.74924959	22.56947498	-86.63634837	-27.77024804	9.77283054	12.09834908
3.85833333	-6.09044772	42.84487354	21.96064132	-85.67178153	-27.69501359	9.11094485	12.28527707
3.86666667	-6.12977596	43.29532246	21.61171458	-84.63061640	-27.47518041	9.05482903	12.35970583
3.87500000	-5.45577200	42.78788063	20.32263427	-83.10653997	-27.03918391	6.34837494	12.37342740
3.88333333	-5.50468573	43.15868980	20.05388949	-81.79160687	-26.88043726	6.16542326	12.50889055
3.89166667	-5.32281885	43.13886259	19.45476165	-80.14930907	-26.67798815	3.87117653	12.63661181
3.90000000	-5.44476246	43.45096540	19.15912340	-78.54383074	-26.37913793	3.43261852	12.79794709
3.90833333	-5.28031670	43.33190787	18.61489654	-76.74391678	-26.13591336	1.94874895	12.86122050
3.91666667	-5.28028881	43.31819975	18.27559270	-74.77214660	-25.95785681	0.11766597	12.96154389
3.92500000	-5.23045260	43.21924923	17.75470505	-72.68445734	-25.66304021	-2.33100936	13.10085974
3.93333333	-5.38692093	43.25372489	17.55878893	-70.55660763	-25.47858437	-3.64566520	13.35158457
3.94166667	-5.48420489	43.14904827	17.37897411	-68.30824142	-25.40986928	-5.28567690	13.61459349
3.95000000	-5.04984602	42.26772866	16.49287299	-65.70966759	-25.18379138	-8.48086196	13.68468488
3.95833333	-5.19878042	42.08972376	16.38482815	-63.23797601	-25.20120516	-10.36790870	14.05870837
3.96666667	-5.24938032	41.75416231	16.23904541	-60.68667619	-25.29204057	-12.40798790	14.46646415
3.97500000	-4.86200811	40.66787910	15.51778450	-57.81286127	-25.24904702	-15.41043814	14.74903641
3.98333333	-5.05790917	40.33139604	15.53143750	-55.11165732	-25.48937746	-17.39231305	15.22166022
3.99166667	-5.07809497	39.73565821	15.52056757	-52.30865223	-25.89815700	-19.52035829	15.73145226
4.00000000	-5.05581159	38.97960529	15.42500719	-49.42831162	-26.30417095	-21.64384835	16.28645582
4.00833333	-5.01499232	38.12790264	15.29230888	-46.50101842	-26.74080118	-23.62180860	16.83890111
4.01666667	-4.97570123	37.21967941	15.23946674	-43.57089615	-27.27235041	-25.48006306	17.41794579
4.02500000	-4.94478249	36.26793191	15.23339120	-40.63190789	-27.85274550	-27.23284082	18.02086578
4.03333333	-4.98097721	35.35873326	15.26789439	-37.75964175	-28.43090563	-28.70518067	18.64800164
4.04166667	-4.59143134	33.95098250	14.73667517	-35.13743169	-28.84371368	-28.01454144	19.26833809
4.05000000	-4.67241494	33.16104406	14.86990943	-32.62821421	-29.50106431	-28.45548543	19.91365800
4.05833333	-4.80668895	32.39531229	15.11190693	-30.25117921	-30.26553974	-28.71614918	20.62929556
4.06666667	-4.96968914	31.71787126	15.37130372	-28.08908243	-31.04153141	-28.88528437	21.38322417
4.07500000	-5.05414054	30.96213784	15.54112907	-26.10695544	-31.84690048	-28.95041597	22.14930175
4.08333333	-5.46970648	30.64678846	16.19882344	-24.40525409	-32.92085565	-29.07136792	23.03016173
4.09166667	-5.63074461	30.00442684	16.63384513	-22.72629936	-34.05720382	-29.64673401	23.95214569
4.10000000	-6.07962072	29.78608567	17.45701069	-21.47587018	-35.35812707	-29.72037673	24.82524639
4.10833333	-6.65242396	29.62806183	18.35377227	-20.33616179	-36.61454657	-29.70463966	25.62196677
4.11666667	-6.82428330	29.11622174	18.81483467	-19.26055587	-37.87131354	-30.24881150	26.54006192
4.12500000	-7.44038416	29.19237478	19.91919725	-18.58384569	-39.39438663	-30.25246802	27.42108120
4.13333333	-7.87640671	29.03507739	20.76486151	-17.92918391	-40.82394715	-30.46616744	28.26539745
4.14166667	-8.02341436	28.56511492	21.27073773	-17.32006574	-42.21272228	-30.76562328	29.22316864
4.15000000	-8.79896397	28.86118983	22.53495474	-17.09277811	-43.77159587	-30.25547189	30.13616271
4.15833333	-8.95562430	28.42021280	23.00987424	-16.73679561	-45.13522132	-29.57360520	31.06935959
4.16666667	-9.69446831	28.70497660	24.20923049	-16.77397403	-46.66955923	-27.76223491	32.06972705
4.17500000	-10.11909867	28.64892390	25.02676937	-16.85785054	-48.11784703	-25.55851140	32.93978457
4.18333333	-10.35128030	28.35301123	25.46350796	-16.95139558	-49.31784181	-22.80430030	33.70969123
4.19166667	-10.83387605	28.38033353	26.45046232	-17.23285583	-50.91742573	-19.65270268	34.72989373
4.20000000	-10.96675964	28.04158553	26.68592350	-17.42034975	-52.01760247	-16.60943833	35.51002648
4.20833333	-11.67978055	28.59204890	27.76513292	-17.94817792	-53.47591599	-13.55426239	36.32410270
4.21666667	-11.72233190	28.35692534	28.13291067	-18.33828879	-54.85468369	-10.97174720	37.03610488
4.22500000	-12.21445574	28.96886738	29.06857132	-19.01846819	-56.36455407	-8.55881333	37.44140068
4.23333333	-12.15814802	28.79612825	29.39314650	-19.48798589	-57.88209865	-6.42641536	37.82612554
4.24166667	-12.82065867	29.58601273	30.57911643	-20.10591897	-59.59707385	-4.43148753	37.85567613
4.25000000	-12.71105522	29.54328145	30.94412396	-20.75466715	-61.34804488	-2.52482137	37.85329579
4.25833333	-12.58061427	29.47405864	31.41191803	-21.41812052	-63.24502218	-0.96084665	37.53329451
4.26666667	-12.60248000	29.55273264	32.25054089	-21.97645473	-65.43705250	0.82043150	36.76516437
4.27500000	-13.45693998	30.76985079	34.22505774	-22.78769904	-67.85347436	1.62700179	35.39554486
4.28333333	-13.09436801	30.62406691	34.94076370	-23.56998890	-70.30307854	2.84808299	34.20230285
4.29166667	-12.85454722	30.48267515	35.71522100	-24.24586688	-72.64037855	3.87760909	32.70440862
4.30000000	-12.94371745	30.82034705	37.23994429	-25.00315086	-75.26324798	4.28188087	30.69054675
4.30833333	-12.60072207	30.69792792	38.03759020	-25.89044576	-77.63622483	5.08936392	29.09918730
4.31666667	-12.22554221	30.63831232	38.79870344	-26.97123787	-79.89668219	5.61691810	27.77827823
4.32500000	-11.92752933	30.62082946	39.86363899	-27.87948490	-82.26685572	6.39199690	25.79445115
4.33333333	-11.49420235	30.29090322	40.67013767	-28.50896254	-84.26757156	6.52109066	23.80596228
4.34166667	-11.01138900	29.92979896	41.19978894	-29.28821979	-85.98145460	7.08161372	22.33630321
4.35000000	-10.20298236	28.89835458	41.21566793	-29.61580917	-87.23034455	7.67338077	20.74893691
4.35833333	-9.86113542	28.43191857	41.81699293	-29.94996872	-88.40353206	8.09292531	19.72417012
4.36666667	-9.50147280	27.79991619	42.31564919	-29.97260884	-89.27320967	8.49856704	18.85103965
4.37500000	-9.34270855	27.27809988	42.97481414	-29.86663785	-89.83563649	8.69100635	18.64352315
4.38333333	-9.30275767	26.78050395	43.57213736	-29.64678614	-90.07534915	8.85444338	18.57161663
4.39166667	-9.23358174	26.24367486	44.06977015	-29.36081227	-90.02312844	9.42589628	18.39817624
4.40000000	-9.25397327	25.72763151	44.61957687	-28.97964152	-89.75877839	9.56774803	18.48151522
4.40833333	-9.28957132	25.33852481	45.20999416	-28.75691349	-89.34161584	9.65637537	18.50104676
4.41666667	-8.91422950	24.38066559	45.04865602	-28.30226502	-88.52062825	9.72637600	18.67154828
4.42500000	-9.01582790	24.11433459	45.47073637	-28.13788396	-87.62128597	9.93382155	18.40250410
4.43333333	-9.12071573	23.75603507	45.88032317	-27.88005983	-86.56022106	10.04127648	18.31969315
4.44166667	-9.22316064	23.29068918	46.16760284	-27.46481776	-85.23854523	10.21493856	17.98367092
4.45000000	-8.95140729	22.44409160	45.99479196	-27.08787670	-83.69715208	10.38694146	16.95409530
4.45833333	-9.00243767	21.94498940	46.04720684	-26.74983763	-81.93989603	10.62031784	15.97570157
4.46666667	-9.07998989	21.49745548	46.15560181	-26.40010462	-80.12443349	10.78241955	14.99361012
4.47500000	-9.20528751	21.07407845	46.19367726	-26.00461394	-78.12883424	10.93377776	13.84555242
4.48333333	-9.31902110	20.64646018	46.17287263	-25.63832359	-75.98995833	11.09752857	12.47176348
4.49166667	-9.39800186	20.20087776	46.08058341	-25.30674863	-73.72536936	11.27888055	10.83092160
4.50000000	-9.38763006	19.64546312	45.71730705	-24.97760793	-71.24002816	11.47738251	8.83537645
4.50833333	-9.54446711	19.24027175	45.52773157	-24.58855455	-68.67299964	11.68265063	7.17513936
4.51666667	-9.68003016	18.90927971	45.22018507	-24.39253381	-65.97685234	11.94082467	5.11621857
4.52500000	-9.24202989	17.99639680	44.18119992	-24.29485138	-63.00507432	12.35669484	2.50286324
4.53333333	-9.41739541	17.77755047	43.81160520	-24.24080726	-60.11768503	12.68809817	0.37848075
4.54166667	-9.55734605	17.53684281	43.29848434	-24.25320463	-57.09387128	13.06867523	-1.88394314
4.55000000	-9.08769200	16.63444811	41.96318227	-24.29872730	-53.81327586	13.62597317	-4.36102930
4.55833333	-9.24315695	16.53327792	41.43982642	-24.53178619	-50.71798245	14.10556831	-6.68950026
4.56666667	-9.33295945	16.38072390	40.71419160	-24.84166152	-47.51391197	14.62603104	-8.98002895
4.57500000	-9.36318051	16.22690219	39.87029125	-25.26036133	-44.28042937	15.21523941	-11.23043924
4.58333333	-9.37200779	16.10692992	39.01662346	-25.79530274	-41.10727129	15.85764715	-13.37106521
4.59166667	-9.27993598	15.90255190	38.10560761	-26.39275893	-38.05164206	16.53097094	-15.32830075
4.60000000	-8.77948300	15.20783667	36.53496874	-26.98061452	-35.01109743	17.29867225	-16.55967966
4.60833333	-8.77997911	15.13754320	35.63225842	-27.71165815	-32.14272500	18.06366759	-18.05035337
4.61666667	-8.91457481	15.29142789	35.03569745	-28.53914574	-29.49155362	18.80983927	-19.47594747
4.62500000	-8.68686296	14.97921869	33.94536915	-29.30986327	-27.02565179	19.63341836	-20.36128728
4.63333333	-8.87831815	15.19391999	33.41782325	-30.19900816	-24.75403033	20.43038376	-21.31168413
4.64166667	-8.98786185	15.28408927	32.88949264	-31.05696239	-22.95308540	21.22697988	-21.91058061
4.65000000	-9.14180526	15.50967228	32.51368532	-32.05006564	-21.21197247	22.07515138	-22.64359194
4.65833333	-9.31281127	15.77458270	32.10398698	-33.11951476	-19.65628638	22.93347308	-23.33731193
4.66666667	-9.63141731	16.27897536	31.90110551	-34.34838792	-18.49800889	23.75712996	-23.82190852
4.67500000	-9.66002445	16.42729976	31.51956733	-35.47106935	-17.49910994	24.22663494	-23.99672122
4.68333333	-9.81122598	16.75684764	31.27248850	-36.70503875	-16.64355328	25.40465412	-24.91495136
4.69166667	-10.09318226	17.26439220	31.00532819	-38.06497587	-15.87117207	26.29323636	-25.46977108
4.70000000	-10.83677474	18.39125411	31.42856141	-39.61355171	-15.47441455	27.19627058	-25.85079028
4.70833333	-10.81387228	18.44166699	31.03895615	-40.76600542	-15.22587043	28.00469534	-26.12406836
4.71666667	-10.85259214	18.53485397	30.67856886	-41.91886832	-15.04788764	28.89051037	-26.32463809
4.72500000	-11.06920046	18.82859202	30.43676800	-43.18522128	-14.96783600	29.87869419	-26.00002955
4.73333333	-11.12879603	18.89878584	30.06272503	-44.33368124	-15.12500772	30.64292338	-24.97648753
4.74166667	-11.20222364	18.95443661	29.68907823	-45.48186202	-15.43820168	31.38860200	-23.15397906
4.75000000	-11.20719392	18.93045267	29.40552947	-46.62170284	-16.02541935	32.10407167	-20.68771103
4.75833333	-11.23279402	18.90881686	29.08693554	-47.77243769	-16.66524983	32.71572060	-17.69682154
4.76666667	-11.27558275	18.96749654	28.81886712	-49.04882639	-17.44027558	33.25260265	-14.42972544
4.77500000	-11.25492471	19.06130797	28.56698827	-50.49757770	-18.29540063	33.60345176	-11.33357616
4.78333333	-11.26095645	19.17791766	28.39034136	-51.94520356	-19.20249816	33.79640876	-8.20210004
4.79166667	-11.61632460	19.74059006	28.84332381	-53.57079635	-20.25475806	33.93515513	-5.47687881
4.80000000	-12.50257155	21.20104294	29.93509998	-55.63924143	-21.34866320	33.65895051	-3.11753822
4.80833333	-12.35072169	21.45471201	29.62920409	-57.57564603	-22.08978309	33.04792891	-0.89409454
4.81666667	-13.01263401	22.94368731	30.52282661	-59.93193614	-23.08548201	31.89814232	0.89451568
4.82500000	-12.83664321	23.36362229	30.32006090	-62.09473551	-23.87832330	30.68379579	2.74934400
4.83333333	-12.82366981	24.21726625	30.27364531	-64.56525843	-24.63487926	29.08683496	4.47015594
4.84166667	-13.58132732	26.18182383	31.27045306	-67.26744431	-25.63743533	26.57618556	5.67231336
4.85000000	-13.58493844	27.32130663	31.22788710	-69.95073416	-26.32802449	24.24050024	7.00329627
4.85833333	-13.26160860	28.12609457	30.75192573	-72.50415330	-26.96790226	21.78923361	8.46082554
4.86666667	-13.03770650	29.04959193	30.35577585	-75.04775106	-27.55065589	19.25251286	9.65863719
4.87500000	-13.11219124	30.45232057	30.26754209	-77.56223656	-28.06394856	15.92957438	10.65473023
4.88333333	-12.79190286	31.45671336	29.62259881	-79.95861778	-28.43286600	13.58259752	11.80520353
4.89166667	-12.67648718	32.73849985	29.22858433	-82.21467633	-28.73194652	10.63533926	12.54946617
4.90000000	-12.40064095	33.77772757	28.49965618	-84.23754783	-28.83748861	8.78621458	13.41643053
4.90833333	-12.05305327	34.68356117	27.55179507	-85.91526682	-28.74802530	6.85139824	13.94115087
4.91666667	-11.80519485	35.70377281	26.81861475	-87.36100575	-28.73511913	5.19541907	14.46387409
4.92500000	-11.49154872	36.55802190	26.02245284	-88.39242234	-28.73912778	3.69694634	14.97382070
4.93333333	-11.17975685	37.31137073	25.02397846	-89.08501784	-28.42282676	3.04333659	15.25751402
4.94166667	-10.99163280	38.08498679	24.20048750	-89.46728308	-28.16049303	3.20774065	15.57727464
4.95000000	-10.38330698	38.33926652	22.85570106	-89.35765385	-27.71701463	2.56226625	15.64027021
4.95833333	-10.00067575	38.76503210	21.77540409	-89.02280819	-27.31593532	2.65256069	15.76098020
4.96666667	-9.54159627	38.97756046	20.47145779	-88.36890015	-26.71078414	2.67567298	15.74742802
4.97500000	-9.42298155	39.59232019	19.74602337	-87.60449573	-26.36852754	3.29758259	15.73321305
4.98333333	-8.65798109	39.34711118	18.14061974	-86.42990079	-25.74529493	2.49902379	15.62794454
4.99166667	-8.69649410	40.07024860	17.50764157	-85.32144988	-25.28141875	2.83120048	15.60146146
5.00000000	-8.08223371	39.86342758	16.23827867	-83.75611982	-24.87423609	2.50810458	15.35306915
5.00833333	-7.41924379	39.56062389	14.70272202	-81.99660086	-24.23155208	1.84635934	15.24197384
5.01666667	-7.54241162	40.13871870	14.15799944	-80.24535761	-23.77079155	2.07166636	15.10198065
5.02500000	-7.12641232	40.01851619	13.13886069	-78.25337208	-23.39746725	2.26802659	14.84897388
5.03333333	-7.22452948	40.47794330	12.61865661	-76.14754087	-22.96644959	2.39709661	14.69363842
5.04166667	-6.59375615	39.81767372	11.20699573	-73.61717763	-22.42072749	2.88136650	14.38052071
5.05000000	-6.71193916	40.20039566	10.81130372	-71.24288426	-22.13289434	2.91287700	14.16887292
5.05833333	-6.02163128	39.36773161	9.32140192	-68.43326412	-21.48371555	3.20353294	13.56849487
5.06666667	-6.14292637	39.47351588	8.86239054	-65.63121092	-21.07682853	2.97815110	13.11289372
5.07500000	-6.31655175	39.63469888	8.43931136	-62.82352165	-20.72638322	2.78646859	12.98516851
5.08333333	-6.20608589	39.25348005	7.73593387	-59.71328414	-20.26604657	2.14491579	12.27387824
5.09166667	-5.08693533	37.64708463	5.68312726	-56.34561718	-19.53603975	1.25190594	12.04371881
5.10000000	-5.28494928	37.63443576	5.25400743	-53.27197199	-19.15557010	0.56034871	11.76054392
5.10833333	-4.57966811	36.42297496	3.70821484	-49.91845180	-18.58885196	-0.41470783	11.60812484
5.11666667	-4.73838415	36.28416190	3.33338447	-46.77657294	-18.34929678	-1.27769729	11.55447844
5.12500000	-4.78259222	35.94210690	2.75960538	-43.59050276	-18.02948873	-2.22576911	11.51989245
5.13333333	-3.99404681	34.56649913	1.11184040	-40.26387214	-17.49301490	-2.97092762	11.50572252
5.14166667	-4.23768647	34.45432360	0.77357022	-37.20116641	-17.21270260	-4.16949895	11.47832654
5.15000000	-3.90833203	33.67987209	-0.27199042	-34.22511162	-16.83778324	-4.41129378	11.45596619
5.15833333	-4.08884405	33.50686075	-0.69110097	-31.34176054	-16.56666502	-5.75392223	11.43051063
5.16666667	-3.73792228	32.69199331	-1.83403833	-28.59808331	-16.07076674	-5.77063656	11.30340481
5.17500000	-3.96809923	32.55659065	-2.18355805	-25.91454907	-15.85973016	-6.95263439	11.23323297
5.18333333	-3.57686985	31.80491159	-3.28999911	-23.66920267	-15.51891870	-6.15970357	11.17484392
5.19166667	-3.52646430	31.43967790	-3.88008945	-21.49861765	-15.43747510	-6.08921350	11.18031070
5.20000000	-3.50799194	31.18617383	-4.49646680	-19.65628057	-15.26649430	-5.96378915	11.12021235
5.20833333	-3.56380123	31.02019058	-4.88460476	-18.02932562	-15.36184213	-5.80424817	11.19614123
5.21666667	-3.57189752	30.88224279	-5.25076780	-16.62387885	-15.61089499	-5.85861194	11.25261374
5.22500000	-3.65486224	30.85885094	-5.55267114	-15.68787792	-15.81113680	-5.26409358	11.27044575
5.23333333	-3.83376206	30.89914360	-5.71868676	-14.69041313	-16.07424533	-5.42523675	11.23950725
5.24166667	-3.92901000	30.88107062	-5.83811973	-14.08321727	-16.55347738	-5.06218730	11.24567736
5.25000000	-4.04827355	30.92191369	-5.92020195	-13.82507956	-17.05763085	-4.69500349	11.09035542
5.25833333	-4.13334640	30.85287912	-6.06006508	-13.53862511	-17.52339205	-4.84638953	10.90687416
5.26666667	-4.24574482	30.79825624	-6.10353473	-13.48462079	-18.10810547	-5.26679484	10.66579197
5.27500000	-4.27822503	30.70257622	-6.19923377	-13.70838884	-18.78293903	-5.63354860	10.41182296
5.28333333	-4.41614075	30.63106118	-6.16898311	-13.85042186	-19.47707886	-6.69347837	9.86544023
5.29166667	-4.65282294	30.69763720	-5.86837632	-14.17034812	-20.36243093	-7.64413450	9.26802765
5.30000000	-5.06736652	30.98930721	-5.23713637	-14.55323887	-21.49116375	-8.58081099	8.59864077
5.30833333	-5.06597031	30.85025466	-4.94930031	-15.05236344	-22.77491474	-9.07992848	7.69743425
5.31666667	-5.45484030	31.16205964	-4.05974638	-15.51849213	-24.34259742	-9.68778703	6.62747648
5.32500000	-5.70368281	31.31399102	-3.14174307	-15.97985425	-26.13959541	-9.89061618	5.25679829
5.33333333	-5.89683005	31.41640340	-2.11020685	-16.46244028	-28.17576862	-9.95511744	3.60402102
5.34166667	-5.78055364	31.17046033	-1.31728253	-16.98052430	-30.31268725	-9.67035051	1.67559593
5.35000000	-6.21756698	31.49034879	0.31821149	-17.39752233	-32.72780864	-9.73608185	-0.56033258
5.35833333	-6.17279216	31.22932645	1.40186989	-17.80526515	-35.03203246	-9.31561079	-3.03025497
5.36666667	-6.14773108	30.97663686	2.60373007	-18.18676827	-37.38006905	-8.78309292	-5.59566722
5.37500000	-6.89412975	31.56210599	4.76308610	-18.57254700	-39.78417593	-8.78311424	-8.23844644
5.38333333	-7.40406819	31.84515446	6.79419047	-18.86052303	-42.29098797	-8.45144642	-10.52291172
5.39166667	-7.70832727	31.84900515	8.50091318	-19.09343053	-44.60636476	-8.10397323	-12.47077391
5.40000000	-8.25958329	32.07168893	10.63161380	-19.21329917	-46.99475962	-7.73311899	-14.00123501
5.40833333	-8.82646738	32.33199063	12.80407088	-19.38939070	-49.33628770	-7.27156715	-14.99226337
5.41666667	-8.94755521	32.00317918	14.40396601	-19.38400609	-51.46592585	-6.73592176	-15.20948291
5.42500000	-9.78246819	32.57094436	16.88250776	-19.57246065	-53.57651486	-6.36093400	-15.55540617
5.43333333	-9.78544660	32.07643073	18.27396663	-19.51134129	-55.37347365	-5.78840216	-14.81284223
5.44166667	-10.83229367	32.89724463	21.08871257	-19.70114848	-57.26406120	-5.41869892	-15.11453189
5.45000000	-11.32135294	32.97915447	23.16158007	-19.69213972	-58.86441043	-4.88107640	-14.70622461
5.45833333	-11.71823211	32.94685445	25.05150439	-19.66140800	-60.22263003	-4.38731535	-14.41289629
5.46666667	-11.78953808	32.44036365	26.50816960	-19.44055613	-61.33739146	-3.88272707	-13.64980862
5.47500000	-12.31159321	32.52762446	28.42928180	-19.42129123	-62.23964573	-3.28519524	-13.97177077
5.48333333	-12.25867999	31.80692389	29.57428968	-19.09691529	-62.89520100	-2.84880560	-13.12974132
5.49166667	-12.44416656	31.42125433	30.81159323	-19.00198657	-63.18703685	-2.07182972	-13.30134978
5.50000000	-12.39356540	30.66625172	31.89471434	-18.60293497	-63.47533670	-1.74732292	-12.42168610
5.50833333	-12.39833673	29.93838546	32.83350129	-18.21898202	-63.42270311	-1.36835856	-11.62063006
5.51666667	-12.37920589	29.21892408	33.77351889	-17.86448315	-63.26226564	-0.90531138	-10.81384758
5.52500000	-12.24553605	28.47202355	34.48656833	-17.76459412	-62.88543037	0.04177805	-9.74179293
5.53333333	-12.03888290	27.55430016	35.07061632	-17.44462280	-62.35386726	0.57085278	-8.44335196
5.54166667	-11.92762911	26.75690341	35.72650097	-17.16673788	-61.67690697	1.11420095	-7.08171339
5.55000000	-11.88263437	25.99800814	36.31594134	-16.85576337	-60.79512599	1.62836617	-5.78953758
5.55833333	-11.54404160	24.88589437	36.61296470	-16.48411297	-59.80390317	2.13991401	-4.15572257
5.56666667	-11.37769246	24.03121749	37.03940103	-16.21342263	-58.67679127	2.70795749	-2.77503621
5.57500000	-11.06083022	22.93586582	37.28745673	-15.80774710	-57.40405618	3.25304553	-1.54762820
5.58333333	-11.18821486	22.44001427	38.02858910	-15.52025070	-56.02573346	3.43545146	-1.33859541
5.59166667	-11.15045722	21.63085722	38.33403551	-15.05723743	-54.42567683	4.11474642	-0.45812283
5.60000000	-10.34220241	20.07867847	37.67119111	-14.84295070	-52.66852365	4.84998945	0.86437323
5.60833333	-10.26432662	19.37499777	38.00040306	-14.61878058	-50.88577022	5.31724109	0.97222120
5.61666667	-9.67922099	17.98900948	37.60860780	-14.23280776	-48.94379643	5.73100957	1.17074048
5.62500000	-9.76707016	17.47261288	37.97921326	-14.06308442	-47.00486563	6.10313752	1.11733034