0.00000000	-20.24132886	27.74040782	25.19785194	-11.21353048	-7.79503304	0.94326799	3.09213387
0.00833333	-20.03617207	27.41078022	25.09041806	-11.05776109	-7.91848738	0.96322886	3.14087191
0.01666667	-19.98408140	27.37913447	24.95167041	-11.05221627	-7.93814070	1.02854416	3.20180444
0.02500000	-20.07280593	27.49937972	25.03615301	-11.09385778	-7.87758850	1.01307624	3.06320437
0.03333333	-20.33693227	27.73543908	25.38933561	-11.03883010	-7.97060862	1.01022195	3.04872197
0.04166667	-20.33074701	27.71839795	25.42095952	-11.06163581	-8.04540881	1.00942944	3.09729752
0.05000000	-20.27291414	27.63052017	25.32008775	-11.00701996	-7.98118938	1.01355602	3.08232149
0.05833333	-20.17381758	27.50407472	25.15931235	-10.96851067	-7.88204443	1.03164048	3.08493086
0.06666667	-20.38338027	27.78998551	25.48382992	-11.06527576	-8.05851733	0.99304820	3.14706254
0.07500000	-20.27267911	27.64244572	25.31154758	-11.01182452	-7.96439023	1.01748797	3.11272712
0.08333333	-20.44252144	27.88367473	25.53934847	-11.09958554	-8.03457430	1.02698374	3.13216789
0.09166667	-20.32568565	27.71563740	25.35932112	-11.02264654	-7.94189148	1.02802207	3.11006828
0.10000000	-20.22386563	27.60402053	25.22968480	-11.00361410	-7.90206928	0.96644386	3.05574454
0.10833333	-20.11856615	27.52229635	25.09361066	-11.02580133	-7.86187817	0.92685196	2.93365986
0.11666667	-20.11414209	27.53264586	25.08422772	-11.04694937	-7.85904549	0.92520929	2.81687015
0.12500000	-20.06239044	27.45787726	25.01630807	-11.01827509	-7.84465140	0.92972674	2.67320658
0.13333333	-20.25556349	27.67773390	25.31079604	-11.08408653	-8.02348465	0.98566012	2.63035145
0.14166667	-20.12399601	27.50302452	25.13004788	-11.01970094	-7.97335127	0.95546183	2.51630379
0.15000000	-20.01720968	27.35776356	24.96636415	-10.96446306	-7.88645175	0.99111563	2.46806191
0.15833333	-20.00856890	27.35334274	24.95597686	-10.97211880	-7.88510597	0.93597702	2.33009124
0.16666667	-20.01934068	27.37550060	24.93740110	-10.98688322	-7.83501617	0.93436571	2.26691037
0.17500000	-19.97648070	27.31718666	24.85790831	-10.95232781	-7.77756653	0.90193277	2.20088180
0.18333333	-20.12621773	27.49783436	25.13487034	-11.00940574	-7.98441207	0.94757811	2.28880568
0.19166667	-20.06790016	27.42520493	25.02865139	-10.98810847	-7.89704192	0.89061752	2.28918498
0.20000000	-20.09989573	27.46723799	25.12098970	-11.01635142	-8.01222387	0.91111268	2.45292181
0.20833333	-20.02702338	27.37100014	24.99528442	-10.97551630	-7.90499864	0.91505836	2.56826521
0.21666667	-20.05309150	27.40728048	25.01149483	-10.97198028	-7.87722979	0.89136253	2.74230946
0.22500000	-20.02948238	27.36914790	24.95914053	-10.94778263	-7.81209521	0.91278719	2.86472807
0.23333333	-20.21912412	27.63994487	25.22402152	-11.04534689	-7.91123802	0.89479239	2.99152699
0.24166667	-20.19413971	27.61720058	25.24696851	-11.08262095	-8.00866381	0.97272385	3.14879145
0.25000000	-20.11745664	27.53075694	25.11731148	-11.05347247	-7.92829079	0.95949518	3.16332681
0.25833333	-19.95121045	27.28204872	24.83659057	-10.96539910	-7.70934865	1.03347070	3.17791872
0.26666667	-20.12335721	27.52853662	25.16745031	-11.04560914	-8.00414099	0.94835052	3.18601735
0.27500000	-20.09798170	27.47908193	25.11309816	-11.00114285	-7.96324057	0.96780997	3.20887958
0.28333333	-20.12589928	27.51283598	25.13769111	-11.01763048	-7.97252862	0.96527959	3.22422585
0.29166667	-20.08129913	27.45424620	25.07833387	-11.00087401	-7.97788737	0.94052686	3.26386211
0.30000000	-20.01682253	27.36219758	24.98516996	-10.95502616	-7.96196987	0.94661339	3.30911302
0.30833333	-20.01333584	27.36400575	25.07295439	-10.96045040	-8.19766770	0.90849840	3.46103938
0.31666667	-19.94530220	27.27735292	24.97132965	-10.93340565	-8.17000477	0.97016331	3.51320584
0.32500000	-20.11366677	27.40437756	25.21591908	-10.92297848	-8.26538259	0.95311105	3.55379050
0.33333333	-20.07975417	27.34118802	25.14915721	-10.88617314	-8.20043498	0.99397951	3.57524437
0.34166667	-20.12793117	27.43024972	25.21682230	-10.94240975	-8.23670875	0.93252581	3.53702385
0.35000000	-20.04841052	27.31531914	25.08381904	-10.88924268	-8.14056519	0.97209585	3.52080423
0.35833333	-20.10873053	27.41515388	25.22642905	-10.97440069	-8.31245058	1.01105411	3.54959103
0.36666667	-20.06689038	27.35696833	25.15208893	-10.94462143	-8.24744234	0.97276784	3.51801525
0.37500000	-19.99241635	27.25339143	25.03285079	-10.90224761	-8.18436592	0.99588134	3.50422844
0.38333333	-19.91225102	27.22437350	24.90370290	-10.92022715	-8.11208788	0.94899088	3.49334707
0.39166667	-19.99844704	27.35846939	25.08850303	-10.96561236	-8.31581263	0.95805315	3.54132664
0.40000000	-19.94122447	27.18344089	24.97098562	-10.84947485	-8.20246335	0.99877945	3.55104933
0.40833333	-19.84332848	27.02912624	24.80094727	-10.77643669	-8.08360449	0.95680025	3.54350008
0.41666667	-19.89593760	27.21848177	24.88655612	-10.92652551	-8.16300398	0.90191593	3.50981614
0.42500000	-20.25997615	27.60844562	25.43342295	-11.00834600	-8.38092984	1.00464558	3.57672638
0.43333333	-20.08028799	27.44363152	25.16086013	-11.00224583	-8.25638090	0.93303020	3.51820489
0.44166667	-20.12308314	27.43934406	25.20901412	-10.96110381	-8.25135499	0.92688649	3.49345744
0.45000000	-20.05433520	27.32680858	25.10948097	-10.90169842	-8.20214132	0.93776426	3.47249843
0.45833333	-20.17312636	27.50401353	25.25024810	-10.97537538	-8.21877566	0.89282919	3.45323792
0.46666667	-20.17666592	27.51237654	25.34234992	-11.01768500	-8.40030989	1.01516469	3.54350971
0.47500000	-20.15261122	27.46663974	25.29661032	-10.97922921	-8.35350222	1.02543077	3.51621342
0.48333333	-20.01177058	27.34317487	25.07364935	-10.96296100	-8.23465312	0.95972462	3.46315976
0.49166667	-19.97724048	27.31156582	25.01562371	-10.95521281	-8.21878265	0.92980304	3.44078984
0.50000000	-20.11344870	27.47867395	25.25528818	-11.00457419	-8.39950222	0.96080651	3.52611518
0.50833333	-20.05021532	27.38760942	25.15735718	-10.96401099	-8.34921238	0.95706724	3.52139390
0.51666667	-20.23626165	27.62126903	25.38401031	-11.03245324	-8.37623728	0.93065599	3.56285284
0.52500000	-20.02352471	27.35197945	25.15671331	-10.95799059	-8.41231350	0.84257320	3.62356259
0.53333333	-19.97162574	27.25841803	25.04463825	-10.89581592	-8.30534703	0.92250009	3.54519428
0.54166667	-20.01260874	27.26316074	25.07482482	-10.86739406	-8.27650758	0.92137362	3.43047745
0.55000000	-20.14466954	27.43940937	25.24643655	-10.93816065	-8.32948355	0.94921128	3.31968040
0.55833333	-20.14468480	27.43429716	25.25320598	-10.94427480	-8.34045575	1.01785825	3.24192107
0.56666667	-20.04521260	27.33500001	25.09450916	-10.92637496	-8.26724701	0.99052253	3.10933954
0.57500000	-20.08014476	27.35920651	25.11764778	-10.91976680	-8.25358011	0.95565153	2.90582739
0.58333333	-20.04519307	27.34207859	25.13583959	-10.92498588	-8.39024684	0.94713675	2.86223690
0.59166667	-20.11441390	27.45728453	25.21646209	-10.99557952	-8.39966394	0.94099152	2.79107345
0.60000000	-20.04358145	27.34006732	25.08709689	-10.92708391	-8.30375358	0.98369067	2.79520766
0.60833333	-19.97890739	27.25920430	24.98329891	-10.90042555	-8.24527776	0.91682762	2.74647594
0.61666667	-20.18390272	27.53972864	25.29193454	-11.00381448	-8.40881721	0.90446444	2.82458178
0.62500000	-20.10620756	27.42374154	25.16017279	-10.95046339	-8.32072863	0.95344854	2.84522226
0.63333333	-20.04069841	27.33084114	25.04332037	-10.90571834	-8.24540402	0.91043957	2.81197954
0.64166667	-20.23574934	27.59397678	25.32264330	-11.01797139	-8.36055085	0.98355207	2.85077286
0.65000000	-20.12749078	27.44989022	25.14408281	-10.94824371	-8.24706700	0.99392991	2.84267474
0.65833333	-20.04584826	27.32484481	25.03109694	-10.89312440	-8.21468939	0.94403109	2.74009236
0.66666667	-20.02733730	27.30813404	24.96730993	-10.89746029	-8.14407314	0.88586435	2.66297123
0.67500000	-20.18863512	27.52374536	25.24531676	-10.99843506	-8.33603095	1.00062006	2.72376115
0.68333333	-20.07353023	27.37862483	25.05622202	-10.94026810	-8.22715571	1.03047096	2.74078801
0.69166667	-20.09915632	27.38568867	25.12532334	-10.94017433	-8.32306441	0.91616258	2.80387206
0.70000000	-20.07854363	27.35896158	25.07593691	-10.93661684	-8.27355582	0.92182705	2.85108290
0.70833333	-20.16160315	27.47047493	25.16314766	-10.97406235	-8.27804283	0.91402847	2.90745741
0.71666667	-20.04893843	27.30997562	24.96460518	-10.90353915	-8.13056054	0.94393907	2.94686595
0.72500000	-20.31061011	27.65357366	25.37470397	-11.02426712	-8.35851174	0.94028125	3.22777315
0.73333333	-20.23319220	27.54239411	25.24717978	-10.97877169	-8.27175694	0.94710420	3.28858853
0.74166667	-20.15947919	27.43609925	25.19274920	-10.96219673	-8.33942521	0.97033809	3.43100032
0.75000000	-20.07192973	27.29040336	25.04662465	-10.87060370	-8.21965604	0.97424085	3.43611716
0.75833333	-20.02844325	27.21763127	24.95334595	-10.82662994	-8.12300431	0.96752871	3.47035209
0.76666667	-20.28122867	27.58344481	25.32965104	-10.98274415	-8.30768115	1.00359333	3.52797567
0.77500000	-20.16485981	27.39244582	25.14550228	-10.88480662	-8.21284408	0.98305794	3.50821894
0.78333333	-20.32095018	27.61533227	25.40505068	-11.01361648	-8.39030738	0.98477693	3.58938140
0.79166667	-20.16677354	27.38796912	25.14047369	-10.89508326	-8.22877700	1.02528460	3.57542501
0.80000000	-20.27045647	27.52086628	25.30755103	-10.93869273	-8.35481349	0.96890792	3.67136450
0.80833333	-20.19013207	27.40700969	25.18590988	-10.90808696	-8.30538057	0.98218853	3.68173790
0.81666667	-20.09482623	27.26602831	25.00616922	-10.85260701	-8.17227772	1.00426638	3.68412476
0.82500000	-20.21078153	27.43479902	25.21634725	-10.94888681	-8.32880786	1.01880908	3.70252183
0.83333333	-20.26483577	27.52295720	25.27469358	-10.97639788	-8.33647430	0.98666999	3.70739566
0.84166667	-20.13903920	27.34422869	25.07240960	-10.90063823	-8.23302497	0.96585435	3.67886052
0.85000000	-20.12632677	27.31582082	25.03796910	-10.87575071	-8.19878302	0.93413390	3.65785534
0.85833333	-20.26517295	27.45926909	25.25650673	-10.93633885	-8.31684267	1.00015413	3.69838383
0.86666667	-20.18580592	27.40050669	25.11520844	-10.94155415	-8.23536815	0.98926889	3.64858838
0.87500000	-20.30276221	27.47104742	25.28941020	-10.90715640	-8.30139615	0.94918619	3.69820555
0.88333333	-20.22744729	27.35165499	25.14676047	-10.84372302	-8.19545090	1.00029529	3.69602126
0.89166667	-20.12290015	27.15175949	24.97403844	-10.72715105	-8.10314638	0.96068764	3.64043568
0.90000000	-20.29704270	27.38943817	25.34109796	-10.83784329	-8.45373973	0.94703279	3.75554629
0.90833333	-20.18833541	27.23281773	25.16199110	-10.78354044	-8.34646474	0.93782694	3.71606361
0.91666667	-20.10922176	27.12151351	25.04199306	-10.74484476	-8.28517856	0.92412315	3.66205528
0.92500000	-20.04993622	27.04157540	24.92874279	-10.71833847	-8.20350340	0.92419314	3.60978840
0.93333333	-20.30524793	27.38308735	25.34777172	-10.87140826	-8.47112935	0.97874190	3.67184444
0.94166667	-20.17378943	27.20004176	25.12334185	-10.80411946	-8.33108983	0.98838360	3.63428027
0.95000000	-20.26283895	27.33126086	25.26944212	-10.88062461	-8.43887191	1.04813066	3.66938291
0.95833333	-20.14430909	27.16708401	25.06833336	-10.81633960	-8.33233835	1.01246319	3.67136894
0.96666667	-20.05151986	27.04309809	24.92697911	-10.77583446	-8.26626274	1.00621558	3.64889987
0.97500000	-20.08670513	27.09120074	24.96223539	-10.79196730	-8.27478097	0.98363317	3.68063737
0.98333333	-20.04274396	27.01464032	24.88931301	-10.75339466	-8.23756700	1.00934590	3.67123289
0.99166667	-20.27224197	27.33713407	25.22208562	-10.89241655	-8.40662010	1.03881508	3.72933024
1.00000000	-20.18230489	27.20581470	25.07202757	-10.83823646	-8.32041414	1.02228335	3.70785221
1.00833333	-20.20372510	27.23690740	25.15447879	-10.87478737	-8.49369461	1.05945192	3.79967184
1.01666667	-20.11234648	27.10709104	25.01696093	-10.83360567	-8.41549451	1.04470005	3.79686913
1.02500000	-20.05208525	27.00219961	24.91261837	-10.77689770	-8.36788459	1.02868621	3.80895822
1.03333333	-19.95460036	26.85635670	24.74531497	-10.71457320	-8.26729125	1.03753569	3.80759567
1.04166667	-20.28164119	27.29293541	25.24373378	-10.88218137	-8.52766989	1.06494074	3.87999450
1.05000000	-20.17386629	27.14342023	25.06567593	-10.82021693	-8.43704666	1.07205517	3.78076921
1.05833333	-20.11163739	27.05372749	24.95372986	-10.78476070	-8.37925700	1.10125214	3.71562275
1.06666667	-20.08922477	27.02707510	24.91033060	-10.77306588	-8.37050876	1.07361397	3.52873454
1.07500000	-20.03753859	26.99352559	24.88441417	-10.78315279	-8.44356852	1.16020153	3.53295340
1.08333333	-20.03316464	26.94779713	24.81539982	-10.74895342	-8.33974407	1.05386650	3.28014206
1.09166667	-20.06462371	26.97146975	24.84892331	-10.75083118	-8.34647053	1.06202745	3.26386480
1.10000000	-20.04272960	26.96711301	24.81394772	-10.78749529	-8.35508743	1.02136175	3.25954274
1.10833333	-20.08940283	27.04613405	24.94232668	-10.86489224	-8.51387485	1.10373102	3.43554946
1.11666667	-20.02420712	26.95083689	24.84282730	-10.81813537	-8.44022644	1.08031681	3.53685170
1.12500000	-20.14267486	27.08526666	24.98877651	-10.83885626	-8.46397701	1.09516173	3.67652079
1.13333333	-20.13198661	27.08854699	24.96911230	-10.85143530	-8.46456542	1.09953197	3.79319749
1.14166667	-20.06541280	26.99307124	24.92291675	-10.84399312	-8.52714917	1.10449302	3.94509264
1.15000000	-19.99614849	26.89344203	24.79881581	-10.79388101	-8.44223209	1.11254719	3.91157775
1.15833333	-20.13993310	27.08713571	24.99765517	-10.87131118	-8.52252518	1.16260839	3.86576233
1.16666667	-20.15183262	27.08946791	24.99920726	-10.87179748	-8.52546460	1.14388806	3.77066299
1.17500000	-20.18482157	27.09045433	25.00462022	-10.82091736	-8.47691035	1.17045594	3.72390859
1.18333333	-20.18102158	27.13220106	25.03441997	-10.88750273	-8.57222226	1.15748618	3.56537744
1.19166667	-20.23486314	27.15597921	25.07611228	-10.82530710	-8.54642526	1.14854602	3.50773381
1.20000000	-20.18204920	27.13110284	25.01181245	-10.88104423	-8.56468219	1.09264442	3.38510820
1.20833333	-20.10896043	27.02260078	24.88270488	-10.82862606	-8.47810325	1.09873631	3.33612977
1.21666667	-20.14454225	27.07363945	24.92563158	-10.86596373	-8.49159122	1.07633132	3.33633500
1.22500000	-20.20335083	27.15121604	24.99546964	-10.89829051	-8.51136656	1.08647288	3.37206389
1.23333333	-20.20228759	27.14904784	24.98548617	-10.89027579	-8.50673411	1.08477690	3.44406554
1.24166667	-20.10391460	27.01127093	24.89912843	-10.85623117	-8.56474272	1.10236282	3.57194371
1.25000000	-19.99666403	26.84982297	24.71504696	-10.78900187	-8.41862381	1.12372573	3.62627112
1.25833333	-19.99321378	26.83687967	24.69818935	-10.77627992	-8.39584545	1.08329404	3.74527655
1.26666667	-20.13725122	27.04042557	24.93296054	-10.87746239	-8.53344739	1.13944368	3.89523914
1.27500000	-20.03613250	26.90432036	24.75668351	-10.82938592	-8.39722017	1.15736841	3.91475457
1.28333333	-20.01971881	26.89160057	24.72783819	-10.82900540	-8.39060724	1.09768079	3.97424026
1.29166667	-20.19988549	27.11532071	24.99207188	-10.89743662	-8.50350148	1.14658395	4.01356632
1.30000000	-20.11662349	27.00691724	24.86020198	-10.85395379	-8.43487747	1.14877701	3.99503427
1.30833333	-20.13434773	27.02313274	24.83286616	-10.84619094	-8.35872236	1.10529086	3.94861163
1.31666667	-20.16141874	27.06730861	24.95346846	-10.89251236	-8.56844198	1.17174445	4.06481278
1.32500000	-20.20323534	27.11370743	25.00220837	-10.89741076	-8.57535614	1.17622565	4.06529935
1.33333333	-20.08502230	26.92746475	24.78281313	-10.78114788	-8.41799145	1.13580568	4.02664238
1.34166667	-20.13116187	27.02630850	24.87072109	-10.86375448	-8.49925361	1.11048713	4.04192037
1.35000000	-20.12187385	26.99891994	24.81512408	-10.84007136	-8.41719600	1.09882061	4.02825380
1.35833333	-20.32593707	27.28316211	25.17955219	-10.97336692	-8.68245726	1.15613863	4.13067475
1.36666667	-20.20330044	27.10155494	24.96458455	-10.88242018	-8.53739112	1.15076252	4.10667822
1.37500000	-20.24197858	27.17563381	25.06309996	-10.94637985	-8.65580659	1.16451812	4.11236457
1.38333333	-20.09148693	26.97791677	24.80235966	-10.87325134	-8.49446909	1.06441104	4.08321279
1.39166667	-20.12647572	27.01887778	24.85218356	-10.88569180	-8.52197491	1.08220272	4.08367804
1.40000000	-20.28490837	27.22239012	25.10408804	-10.95012778	-8.67436691	1.11395774	4.15314915
1.40833333	-20.17113820	27.05856910	24.91737461	-10.87741749	-8.55472310	1.14391416	4.12787764
1.41666667	-20.03803740	26.84952893	24.70075375	-10.76063247	-8.43153867	1.13278111	4.08493003
1.42500000	-20.18880324	27.09035674	24.95746175	-10.91558413	-8.61848019	1.15274441	4.14629979
1.43333333	-20.08377338	26.94003113	24.77310955	-10.85075988	-8.48918060	1.17125263	4.13237513
1.44166667	-20.14365276	26.99786680	24.83847613	-10.84557704	-8.47390428	1.19746760	4.21056314
1.45000000	-20.17699969	27.06457631	24.89147925	-10.90502534	-8.52060127	1.17521589	4.13102610
1.45833333	-20.16643838	27.05670470	24.91787749	-10.91613978	-8.63363652	1.16591421	4.21100465
1.46666667	-20.05114104	26.92115063	24.72326535	-10.87209441	-8.51988101	1.07647101	4.12869203
1.47500000	-20.11465376	26.96051371	24.77399930	-10.83422295	-8.48463445	1.10334536	4.05195517
1.48333333	-20.16930731	27.04394458	24.88088072	-10.87236405	-8.60351213	1.11775656	3.96205020
1.49166667	-20.24060921	27.14305415	24.96932441	-10.90502320	-8.62694155	1.12110090	3.85610007
1.50000000	-20.22974359	27.12117040	24.93557782	-10.88922936	-8.59623523	1.08658919	3.72899092
1.50833333	-20.24866455	27.13282693	24.93179195	-10.86375136	-8.56265467	1.06477353	3.60974562
1.51666667	-20.63692254	27.56184243	25.47197584	-11.01303515	-8.72413232	1.19539113	3.60884949
1.52500000	-20.50162634	27.37749974	25.25809420	-10.95354955	-8.61548303	1.18109954	3.52250126
1.53333333	-20.52260940	27.41705829	25.28493041	-10.98793833	-8.61749942	1.18850999	3.53715388
1.54166667	-20.46260293	27.31291955	25.16482071	-10.91471248	-8.53322182	1.15241867	3.51640066
1.55000000	-20.66949504	27.60136631	25.44065376	-11.05200719	-8.60149855	1.23362214	3.52491286
1.55833333	-20.61729080	27.49878220	25.34607438	-10.97910090	-8.54445057	1.23814541	3.53606885
1.56666667	-20.57540365	27.45058467	25.27764898	-10.96342604	-8.49691029	1.21643962	3.52531926
1.57500000	-20.56806988	27.49343084	25.30133387	-11.02367474	-8.62136708	1.18505923	3.60453667
1.58333333	-20.46237354	27.33935874	25.09460810	-10.96839978	-8.46132237	1.23995225	3.61309654
1.59166667	-20.37569228	27.21456950	24.99803412	-10.90373067	-8.49959484	1.24628548	3.59599408
1.60000000	-20.32542542	27.15821125	24.87466895	-10.92349884	-8.39344445	1.19260166	3.59996055
1.60833333	-20.18829641	26.99321976	24.72185398	-10.91496371	-8.45548377	1.26401354	3.66791299
1.61666667	-20.20928497	27.01022389	24.71528725	-10.89003417	-8.38784556	1.21240887	3.63843414
1.62500000	-20.14647591	26.89160230	24.59868311	-10.82322439	-8.31711574	1.22763055	3.63019803
1.63333333	-20.37106897	27.18783383	24.93843239	-10.92536416	-8.44281108	1.25585794	3.69854764
1.64166667	-20.30441245	27.10075052	24.85712765	-10.90130786	-8.49039283	1.25397976	3.71041476
1.65000000	-20.19246348	26.93235722	24.68308445	-10.82435996	-8.39161808	1.24978021	3.68028287
1.65833333	-20.12779662	26.84600622	24.56688197	-10.80459340	-8.31202983	1.24748364	3.67025511
1.66666667	-20.19511366	26.96217914	24.69392660	-10.89773353	-8.42854248	1.27820305	3.68763652
1.67500000	-20.09629906	26.81375069	24.51784836	-10.83947629	-8.29690788	1.30536996	3.68533571
1.68333333	-20.06828454	26.78331671	24.48166795	-10.82443586	-8.28976608	1.24158701	3.65547409
1.69166667	-19.98084077	26.66485099	24.33672844	-10.76719958	-8.19795024	1.28229758	3.65307186
1.70000000	-20.34213150	27.11228128	24.86498635	-10.90159540	-8.43021481	1.27184247	3.77740961
1.70833333	-20.45996237	27.29059576	25.03139316	-10.96877806	-8.50914351	1.30175022	3.91031298
1.71666667	-20.36204603	27.19100841	24.89325587	-10.98902215	-8.44075886	1.25491852	4.05297977
1.72500000	-20.25605265	27.03948220	24.74734349	-10.94834021	-8.36869409	1.26268843	4.17376149
1.73333333	-20.32330581	27.17673012	24.93525927	-11.11189222	-8.58223720	1.27788673	4.45284082
1.74166667	-20.20297914	27.07465659	24.78804706	-11.18362819	-8.54712662	1.28975846	4.54598901
1.75000000	-20.09825079	26.98835586	24.65971904	-11.25381884	-8.51142741	1.34549197	4.63110504
1.75833333	-20.27792671	27.30466796	24.98494934	-11.46826745	-8.75093994	1.35267996	4.79422348
1.76666667	-20.16081659	27.22922617	24.89221191	-11.58586564	-8.81534696	1.36951733	4.84111701
1.77500000	-20.05736214	27.15506271	24.82217286	-11.66677469	-8.89895894	1.45923796	4.91735813
1.78333333	-20.04155680	27.19413039	24.89583954	-11.79413942	-9.09322817	1.45375997	5.09758454
1.79166667	-20.05735568	27.26224268	25.01967020	-11.92005346	-9.28839096	1.52806492	5.21507013
1.80000000	-20.41967406	27.81884029	25.64493337	-12.25787461	-9.66267163	1.66934326	5.31569668
1.80833333	-20.24602122	27.65789800	25.53190912	-12.36970513	-9.79767111	1.71601797	5.42104680
1.81666667	-20.05257237	27.50172317	25.38562702	-12.45526408	-9.93980014	1.76088239	5.50162295
1.82500000	-19.95927265	27.46047234	25.39345261	-12.56208801	-10.16506709	1.83105849	5.63295526
1.83333333	-19.87105663	27.37981512	25.40972208	-12.60914791	-10.39241603	1.90655013	5.74688360
1.84166667	-19.75530041	27.19758540	25.40008404	-12.56538843	-10.64371587	1.97388733	5.87845435
1.85000000	-19.99974326	27.51197779	25.85677394	-12.67039452	-10.93426646	2.00789185	6.02636759
1.85833333	-19.82199849	27.28055946	25.79097009	-12.62850048	-11.20352872	2.07385812	6.16323814
1.86666667	-19.68678857	27.09221975	25.81105911	-12.61006995	-11.52727553	2.13429336	6.36443413
1.87500000	-19.54938924	26.85609204	25.80351898	-12.52977522	-11.79267985	2.19520623	6.49163745
1.88333333	-19.55954040	26.83793290	25.98064111	-12.54500859	-12.12660821	2.26565951	6.76211954
1.89166667	-19.50342215	26.71207915	26.07828947	-12.49608441	-12.42813061	2.28978336	6.88122759
1.90000000	-19.87489892	27.12513670	26.68795236	-12.55139786	-12.71841317	2.29797547	6.83634835
1.90833333	-19.65520898	26.83255048	26.54932425	-12.49718709	-12.95349389	2.33588267	6.98530333
1.91666667	-19.47506825	26.62204182	26.46286517	-12.47943409	-13.20583803	2.34957732	7.08869263
1.92500000	-19.49944544	26.60743569	26.60985147	-12.38991244	-13.44527400	2.23666921	7.17756788
1.93333333	-19.31852522	26.42844027	26.47223500	-12.45147342	-13.59246012	2.25485949	7.07313994
1.94166667	-19.15676874	26.19471949	26.34551365	-12.39547145	-13.77429413	2.29084173	7.37255050
1.95000000	-19.05402165	26.09524828	26.27649930	-12.45183354	-13.92943027	2.30325856	7.55436009
1.95833333	-18.97726538	26.00910673	26.22663857	-12.51266188	-14.05735219	2.33938890	7.67951772
1.96666667	-19.43843773	26.59019743	26.85565820	-12.67425691	-14.26090015	2.31165028	7.63475506
1.97500000	-19.29666915	26.43853571	26.69842314	-12.72929150	-14.32156939	2.32527289	7.54780880
1.98333333	-19.14124486	26.29754747	26.40906885	-12.85859285	-14.20977123	2.36334581	7.69500770
1.99166667	-19.07922654	26.32656292	26.36442817	-13.03989512	-14.33369760	2.42137832	7.88459598
2.00000000	-18.95764172	26.21020945	26.20891918	-13.11527735	-14.35815638	2.42892010	7.78624878
2.00833333	-18.84865509	26.18551314	25.93474353	-13.36674052	-14.23345655	2.52581482	7.95794695
2.01666667	-18.83613671	26.18520516	25.90274426	-13.51530560	-14.27937121	2.65753165	8.07217773
2.02500000	-18.78397419	26.09483494	25.67412571	-13.65277747	-14.14709150	2.69238634	8.07216801
2.03333333	-18.72329901	26.13761369	25.47407041	-13.99701959	-14.03505170	2.87875240	8.15331584
2.04166667	-18.68129530	26.25452616	25.34176104	-14.32742468	-13.98133725	3.07617368	8.26648975
2.05000000	-18.51474103	26.16290018	25.14038739	-14.58304100	-14.07414347	3.05921390	8.14585036
2.05833333	-18.17279271	25.80420310	24.49689450	-14.58493526	-13.83402561	2.78978829	8.29809663
2.06666667	-18.20204874	25.90560380	24.52966912	-14.84138761	-13.97945253	2.72481648	8.59293043
2.07500000	-18.09903866	26.03796257	24.35387087	-15.45458831	-13.97234274	3.00072071	8.67296342
2.08333333	-17.81565955	25.85744440	23.89706431	-15.76811431	-13.87099292	2.92437819	8.72766068
2.09166667	-17.68344908	26.07603655	23.62090973	-16.56084198	-13.79255410	3.15828866	8.84978447
2.10000000	-17.32455346	25.92088091	23.02506679	-16.97912427	-13.68710822	2.85572974	8.98306140
2.10833333	-17.18157267	26.24458162	22.71696805	-17.96636814	-13.57488029	3.09940645	9.12805254
2.11666667	-16.85680139	26.21079811	22.28318461	-18.55195766	-13.60272824	2.61566012	9.27934331
2.12500000	-16.65191213	26.50632270	21.95974382	-19.59712007	-13.57697383	2.85286485	9.48451935
2.13333333	-16.34296079	26.65921601	21.48169889	-20.50425427	-13.50606560	2.61489833	9.59676703
2.14166667	-16.02402675	26.82467196	20.98711475	-21.36578490	-13.50941872	1.85971764	9.81990109
2.15000000	-15.79995509	27.22919414	20.52364439	-22.55271865	-13.30864049	2.09990502	9.90397846
2.15833333	-15.32746925	27.25840973	19.80999902	-23.47659968	-13.19904822	1.56221914	10.03171579
2.16666667	-15.10654514	27.68764766	19.43241921	-24.66934723	-13.11960349	1.68129366	10.12728791
2.17500000	-14.65236221	27.75715913	18.72647658	-25.59284472	-13.01264580	1.02881347	10.32393862
2.18333333	-14.43692306	28.20698738	18.32698501	-26.78022961	-12.90434665	1.23103632	10.44470019
2.19166667	-14.23516901	28.65352310	17.95085703	-27.90021099	-12.79786456	1.34739440	10.49123813
2.20000000	-13.89049624	28.89765736	17.37291419	-28.79289569	-12.64208159	0.55349745	10.57203213
2.20833333	-13.65227124	29.37213361	16.96571801	-29.89129672	-12.56991234	0.77944544	10.69651961
2.21666667	-13.19295902	29.50119935	16.25914647	-30.74291685	-12.40323874	0.15531738	10.77688937
2.22500000	-12.95235398	29.82454664	15.89569078	-31.58561747	-12.40266092	0.18067503	10.91422936
2.23333333	-12.68381478	30.04169112	15.43490472	-32.21483845	-12.30595167	-0.78173604	10.97530983
2.24166667	-12.50052762	30.48000694	15.09829638	-32.99732722	-12.26861853	-0.75965733	11.03333736
2.25000000	-12.28535007	30.90683373	14.77102035	-33.72911595	-12.29702056	-0.79842946	11.12029106
2.25833333	-11.80234848	30.82696258	14.12282423	-34.04298047	-12.31591164	-1.77158700	11.37618817
2.26666667	-11.66007109	31.17253861	13.85345899	-34.43250904	-12.33438343	-1.81174403	11.41241331
2.27500000	-11.48588764	31.51229495	13.66546489	-34.71990775	-12.52812708	-1.93507140	11.79262856
2.28333333	-11.34591312	31.88946177	13.44138052	-34.93928815	-12.61774146	-2.03055543	11.96779171
2.29166667	-11.27179873	32.18182405	13.34091904	-34.93735526	-12.79205533	-2.12019293	12.27380979
2.30000000	-11.14434882	32.41238862	13.17436102	-34.82255239	-12.93712122	-2.24833373	12.45867572
2.30833333	-10.99794664	32.73253099	12.92993142	-34.73724967	-13.02315594	-2.39639343	12.64267035
2.31666667	-10.81375695	32.83975057	12.60643642	-34.42481718	-13.07732627	-2.55515859	12.84214273
2.32500000	-10.66896277	32.94612674	12.34853992	-34.02455258	-13.11882695	-2.76471371	13.02719403
2.33333333	-10.60525376	33.30920033	12.14046023	-33.74701002	-13.15696065	-2.78796304	13.06747010
2.34166667	-10.38632785	33.43917286	11.69066467	-33.31631017	-13.06928939	-3.13512911	13.47575756
2.35000000	-10.14898084	33.34374578	11.25998713	-32.65073036	-13.00894712	-3.28576465	13.66243536
2.35833333	-9.85435947	33.36502940	10.64618934	-32.10833177	-12.85797399	-3.45590389	13.92181078
2.36666667	-9.85080117	33.68272096	10.45157583	-31.56742292	-12.83670810	-3.44671995	13.97285329
2.37500000	-9.07094034	32.85815325	9.21899417	-30.64733708	-12.56580963	-3.34481973	14.28479581
2.38333333	-9.09999190	33.20577558	9.03624402	-30.04411148	-12.55862936	-3.37871069	14.35577020
2.39166667	-9.04979736	33.32426090	8.70951365	-29.21880294	-12.47132833	-3.75218484	14.63083072
2.40000000	-8.59346716	33.02721646	7.84207543	-28.48851537	-12.23858807	-3.58655673	14.85907919
2.40833333	-8.52009189	33.20313527	7.48391197	-27.69564435	-12.16191272	-4.03215558	15.08951526
2.41666667	-8.14658641	32.82394626	6.73981094	-26.70808202	-12.00571050	-4.18761913	15.30370442
2.42500000	-8.14961884	33.00928319	6.45414600	-25.83050827	-11.95218728	-4.68152505	15.49937518
2.43333333	-7.82754688	32.72344665	5.80085253	-24.88070380	-11.84831111	-4.99910867	15.76399119
2.44166667	-7.86161006	32.84140926	5.54037511	-23.91330083	-11.79146660	-5.55819135	15.96011435
2.45000000	-7.32294448	32.40730853	4.61103632	-23.06275278	-11.66993922	-5.90732855	16.25334394
2.45833333	-7.40963255	32.57252178	4.49533774	-22.13547163	-11.73301827	-6.72782031	16.54486097
2.46666667	-7.37582779	32.69749723	4.18438626	-21.28054045	-11.74278195	-7.57098718	16.85012858
2.47500000	-7.16240553	32.46441314	3.67194036	-20.36253248	-11.69445178	-7.43013814	17.05925631
2.48333333	-7.17578386	32.46275749	3.47492700	-19.35311832	-11.79457808	-8.12963048	17.33060437
2.49166667	-7.25671078	32.52876291	3.30152939	-18.34616648	-11.84274945	-8.54316291	17.50504652
2.50000000	-7.12664108	32.45357810	2.86971606	-17.59952920	-11.83837853	-8.18562046	17.79447584
2.50833333	-7.09733772	32.48833265	2.56299088	-16.74059092	-11.88189388	-8.21471171	18.03030626
2.51666667	-7.34309561	32.82787461	2.64157550	-16.00318024	-12.04711115	-8.14154508	18.31857745
2.52500000	-7.24418794	32.62033983	2.26514580	-15.07833636	-12.07692504	-8.06617621	18.57460691
2.53333333	-7.46570214	32.80870690	2.34473828	-14.27166891	-12.28823676	-8.07073844	18.91895435
2.54166667	-7.38174065	32.73196899	2.01106594	-13.55942977	-12.39103593	-7.90065562	19.18334146
2.55000000	-7.48956433	32.79549481	1.90030009	-12.75903205	-12.50801236	-8.07073428	19.36039352
2.55833333	-7.72900299	33.13982965	2.03304459	-12.36994254	-12.78097348	-7.73407173	19.77354803
2.56666667	-7.82092618	33.18341128	1.85500176	-11.68103791	-12.84596793	-7.86426256	19.94819819
2.57500000	-7.82323970	33.18596562	1.59763921	-11.32806666	-12.93363835	-7.51619454	20.24742184
2.58333333	-7.92639632	33.25878515	1.47923383	-10.82389904	-13.07216293	-7.62521686	20.44437622
2.59166667	-8.00956649	33.30881548	1.33240927	-10.40229368	-13.23215097	-7.68665415	20.63741329
2.60000000	-8.01264644	33.34416942	1.11336590	-10.35246728	-13.40367447	-7.33166589	20.82952703
2.60833333	-8.08184979	33.36533727	0.88772003	-10.12459102	-13.47514864	-7.33167338	20.90612242
2.61666667	-8.17739950	33.47229547	0.70536356	-10.08185184	-13.55992467	-7.33047506	20.90363540
2.62500000	-7.96418922	33.13674974	0.16667390	-10.08625076	-13.61842724	-7.04219610	21.04253357
2.63333333	-8.03416001	33.18278329	-0.05626052	-10.18660374	-13.72349969	-7.02587516	21.02424920
2.64166667	-8.06828587	33.12273455	-0.33652941	-10.31062531	-13.78139365	-6.86462916	20.99669328
2.65000000	-8.13821863	33.10352144	-0.56219014	-10.51479708	-13.92265169	-6.90886954	20.96616850
2.65833333	-8.18107806	33.07020979	-0.78209783	-10.81471985	-14.12409131	-7.01496145	20.91083690
2.66666667	-8.16456510	32.84345974	-0.95383382	-10.92146676	-14.43810187	-7.88895390	20.72390030
2.67500000	-8.22943830	32.76779734	-1.16434272	-11.27370021	-14.68196614	-8.05197793	20.63716650
2.68333333	-8.31714305	32.70936754	-1.13859336	-11.50484809	-15.10004294	-9.56700376	20.17771785
2.69166667	-8.63623135	32.91498129	-0.91319111	-11.69731782	-15.54624780	-10.62200637	19.88077114
2.70000000	-8.91904737	33.05423987	-0.65363525	-11.95481071	-16.06020696	-11.48021542	19.45096725
2.70833333	-9.03021014	33.06514431	-0.58898374	-12.23947736	-16.61170332	-12.11778870	18.98413478
2.71666667	-9.27351806	33.17686482	-0.31264992	-12.41188603	-17.26959162	-12.70411301	18.45253511
2.72500000	-9.29798481	33.05097148	-0.19736030	-12.66023186	-18.08637716	-12.90835450	17.87930713
2.73333333	-9.34756209	32.96517475	0.06707305	-12.91534353	-19.09327899	-12.96600372	17.15834627
2.74166667	-9.30014714	32.80592244	0.27369679	-13.28324249	-20.21208795	-12.86138335	16.49199044
2.75000000	-9.75760730	33.20480097	1.13312529	-13.73831916	-21.37282003	-12.77453026	15.30783205
2.75833333	-9.63190650	32.97137501	1.42354191	-14.25016621	-22.75935255	-12.30029411	14.33911685
2.76666667	-9.52752852	32.77685647	1.88026835	-14.80357777	-24.33317472	-11.68318157	13.17693992
2.77500000	-9.51699053	32.67366623	2.46348214	-15.35152302	-25.93145356	-11.18265086	11.66614080
2.78333333	-9.70091378	32.80846562	3.36424595	-15.96112067	-27.71587498	-10.74779699	9.96847345
2.79166667	-9.46117832	32.38369748	4.00367475	-16.40160143	-29.77563464	-10.05314673	8.30516575
2.80000000	-9.31370214	32.03390700	4.80238130	-16.78794301	-31.89064729	-9.52566752	6.31703170
2.80833333	-9.56666763	32.06558144	6.13116741	-17.06879186	-34.06627501	-9.39493652	3.99783598
2.81666667	-9.84172779	32.14092794	7.73786580	-17.37417536	-36.52215087	-8.95275641	1.68948396
2.82500000	-9.73959803	31.74093694	8.92851696	-17.50678938	-39.00496073	-8.41439004	-0.46946727
2.83333333	-10.17144813	31.95049902	10.86185326	-17.68150429	-41.57851484	-8.18071341	-2.91525030
2.84166667	-10.92589953	32.60811904	13.28533916	-18.00681800	-44.29738860	-7.78745464	-5.29529448
2.85000000	-11.30021125	32.73562126	15.34572502	-18.09534722	-47.02690769	-7.39626090	-7.25789894
2.85833333	-11.75936592	32.90097138	17.62691286	-18.10686947	-49.82424226	-7.00537073	-8.82374946
2.86666667	-11.69921368	32.46871601	19.22827907	-18.00991888	-52.51315514	-6.57703271	-9.65183440
2.87500000	-11.86754008	32.26510216	21.24874823	-17.90907937	-55.28709614	-6.16163567	-10.11672055
2.88333333	-11.92322568	32.01481723	23.08501946	-17.92759872	-57.96937515	-5.86716294	-10.08292608
2.89166667	-13.09180310	33.16539203	26.47654037	-18.24460273	-60.97776371	-5.33611288	-10.01953896
2.90000000	-13.10190742	32.82025573	28.34471424	-18.19359784	-63.57394304	-4.88447498	-9.24622125
2.90833333	-13.32738225	32.74447648	30.49768133	-18.23657180	-66.11287693	-4.36175525	-8.33518433
2.91666667	-13.05781880	32.09000854	32.00025717	-18.15855378	-68.43762913	-4.02353802	-7.31357005
2.92500000	-13.32903604	32.04757853	34.25313122	-18.18824473	-70.81748685	-3.45138221	-6.17309136
2.93333333	-13.15743364	31.54135859	35.85601204	-18.19310343	-72.95146612	-3.03211057	-4.88865425
2.94166667	-12.89099398	30.80610700	37.31727071	-18.02309182	-74.90483022	-2.73421506	-3.66077133
2.95000000	-12.62025668	30.08874253	38.76673278	-17.86648344	-76.75780049	-2.42532187	-2.23246202
2.95833333	-12.35378741	29.45448024	40.19964718	-17.82794615	-78.51044540	-2.09366203	-0.65898245
2.96666667	-12.10319592	28.83342806	41.65342562	-17.82284475	-80.24889575	-1.45808169	1.80318695
2.97500000	-11.64402321	27.88707786	42.85923836	-17.64232894	-81.76452105	-1.07802819	4.00088641
2.98333333	-11.29219985	27.07967714	44.18601510	-17.47362278	-83.14165454	-0.80969962	5.85855382
2.99166667	-10.90729320	26.30050567	45.43054722	-17.39483034	-84.38260155	-0.51123124	7.77443037
3.00000000	-10.33641505	25.23936665	46.40781153	-17.25524309	-85.53609363	-0.04965840	10.41729349
3.00833333	-9.89535476	24.37352862	47.50033414	-17.11714639	-86.51811064	0.28935745	12.31260398
3.01666667	-9.60588153	23.62365235	48.80556054	-16.91996175	-87.38373883	0.51696011	13.79678378
3.02500000	-9.08810576	22.66050472	49.76492892	-16.78748359	-88.12029523	0.90522045	15.72875752
3.03333333	-8.79234748	21.88443890	50.99256580	-16.56782805	-88.71310436	1.14619234	16.96450850
3.04166667	-8.36277941	20.98105448	51.98206829	-16.37255918	-89.13415456	1.47561720	18.28386287
3.05000000	-8.08709656	20.23998986	53.10996641	-16.15605488	-89.45918938	1.68596303	19.36227677
3.05833333	-7.81969829	19.58937209	54.20691635	-16.02738936	-89.65053974	1.89838157	20.22943177
3.06666667	-7.36088118	18.73835742	54.98549099	-15.96320393	-89.69975961	2.37512958	21.47454873
3.07500000	-7.16385003	18.12171442	56.06643959	-15.78208067	-89.62014261	2.59173582	22.19415800
3.08333333	-6.98232974	17.54474963	57.14316883	-15.62956261	-89.43097261	2.68334384	22.39513124
3.09166667	-6.53610752	16.68159626	57.70236447	-15.51722796	-89.06294265	3.24035156	23.70451781
3.10000000	-6.42197600	16.13499856	58.68857035	-15.30738229	-88.60815954	3.34405600	24.02246994
3.10833333	-6.19488732	15.51646139	59.38359567	-15.21008042	-87.97847558	3.73481824	24.83869901
3.11666667	-6.09269293	15.05230162	60.26840376	-15.06716266	-87.26996399	3.81553088	24.93290567
3.12500000	-6.00819051	14.49313677	60.98224423	-14.77450416	-86.36971640	4.09224201	25.28150237
3.13333333	-5.71635635	13.79104298	61.42779944	-14.65906249	-85.47954477	4.38584236	26.02847067
3.14166667	-5.71003305	13.32840388	62.11233021	-14.40629285	-84.40807547	4.56583515	26.00735248
3.15000000	-5.70156542	12.95760247	62.75027873	-14.29556453	-83.29454503	4.66899016	26.01258101
3.15833333	-5.69267624	12.55786497	63.20563082	-14.13746272	-81.99471288	4.99317187	25.80951481
3.16666667	-5.64188248	12.14164371	63.56954098	-14.07457073	-80.72049570	5.27646285	25.80860673
3.17500000	-5.39633800	11.55006951	63.62641535	-14.02900729	-79.41056819	5.52071701	25.78456894
3.18333333	-5.45246282	11.21398388	63.99987756	-13.90751184	-78.10411041	5.63371984	25.57264230
3.19166667	-5.45173117	10.81753821	64.19986720	-13.75072757	-76.69685781	5.87692007	24.50518392
3.20000000	-5.41383235	10.45046747	64.29987787	-13.72014402	-75.35478537	6.15614753	23.64792834
3.20833333	-5.35091551	10.01385113	64.32703867	-13.65793858	-74.07041836	6.41958701	22.71473022
3.21666667	-5.30138132	9.66039370	64.26660089	-13.64944294	-72.78099424	6.61104178	21.56539203
3.22500000	-5.27602800	9.25122371	64.26205651	-13.59309832	-71.67085528	6.83905545	20.34006357
3.23333333	-5.22990309	8.85840979	64.17750421	-13.57308441	-70.61825621	7.04726947	18.95109069
3.24166667	-5.17452827	8.44179995	64.02764729	-13.54465093	-69.63955287	7.26783477	17.48589026
3.25000000	-5.15577596	8.01732427	63.85731889	-13.46943620	-68.74619568	7.47742135	16.00948640
3.25833333	-5.12444591	7.68000052	63.64332592	-13.51417975	-67.99450944	7.66672759	14.53223985
3.26666667	-5.09091382	7.30411201	63.39197561	-13.50391228	-67.32230311	7.92194215	13.00102471
3.27500000	-5.06659631	6.87598055	63.10472291	-13.46000407	-66.75081382	8.16399900	11.48245837
3.28333333	-5.02918860	6.53937615	62.73957932	-13.51397212	-66.27231667	8.33248994	9.95892468
3.29166667	-5.00666486	6.14981483	62.34461179	-13.55608027	-65.83021395	8.55098167	8.36938953
3.30000000	-5.15644676	5.93219301	62.07496601	-13.53636882	-65.48200110	8.64397511	6.96757263
3.30833333	-5.24220628	5.76238817	61.80001049	-13.67174198	-65.29734049	8.74595518	5.19341705
3.31666667	-5.41541820	5.57882730	61.48810306	-13.67019413	-65.10020745	8.74279076	3.66844760
3.32500000	-5.54605109	5.33057812	61.11264220	-13.65214726	-64.93384081	8.68437464	2.36563897
3.33333333	-5.74552757	5.15598290	60.75198704	-13.62580505	-64.79754946	8.50942872	1.48689310
3.34166667	-5.98078952	5.06612908	60.37717730	-13.67504596	-64.65932431	8.44663519	1.38048857
3.35000000	-6.19121328	4.96219687	59.83695166	-13.66637617	-64.40385948	8.03464668	1.69475923
3.35833333	-6.51956545	4.87362162	59.42192319	-13.57664802	-64.10751475	7.63589994	2.44115556
3.36666667	-6.86869275	4.92618833	58.92805608	-13.59618838	-63.69950337	7.13753104	3.63154898
3.37500000	-7.25371882	5.02203724	58.42061863	-13.63105106	-63.23410197	6.54145141	5.16631464
3.38333333	-7.63334318	5.05138739	57.86390185	-13.62316700	-62.62153422	5.88359280	6.68396873
3.39166667	-8.06527001	5.24132965	57.29922550	-13.73266682	-61.94507535	5.10472035	8.24023948
3.40000000	-8.46853073	5.46838146	56.68343566	-13.91909501	-61.16629093	4.25429667	9.65899717
3.40833333	-8.92915655	5.70202932	56.11610371	-14.06690993	-60.36198145	3.28410992	11.00064516
3.41666667	-9.42505600	6.10134213	55.58861336	-14.35535999	-59.53154479	2.13965026	12.16362561
3.42500000	-10.19060714	6.89399749	55.44254274	-14.80526633	-58.70116501	0.76241844	12.69422579
3.43333333	-10.56458835	7.20333272	54.87603825	-15.14649989	-57.94903977	-0.39970629	13.38761596
3.44166667	-11.04625294	7.82375713	54.53574174	-15.72181985	-57.23213614	-2.01266554	13.77895007
3.45000000	-11.81184924	8.81039061	54.61490805	-16.34644296	-56.61389918	-3.62551044	13.56734590
3.45833333	-12.09440240	9.33160925	54.27141829	-17.14027861	-56.16902968	-5.33589943	13.68415029
3.46666667	-12.27277538	9.88190893	53.77038681	-18.06245780	-55.64179598	-7.14652052	13.69307825
3.47500000	-12.73206187	10.84188845	53.64747662	-19.09812422	-55.23497924	-8.98222567	13.59706316
3.48333333	-12.72210116	11.41395131	52.88495541	-20.37346157	-54.64516174	-10.68124815	13.69823916
3.49166667	-12.74816629	12.10622952	52.14560895	-21.73782389	-54.05684731	-12.33570389	13.74463795
3.50000000	-12.66422521	12.87945438	51.20017839	-23.49729618	-53.30860519	-13.18395764	13.85317796
3.50833333	-12.56019496	13.91463567	50.18479960	-25.54830103	-52.44352060	-14.70105298	14.01342534
3.51666667	-12.54330229	14.78779603	49.21025782	-27.38907442	-51.47642518	-15.94282910	13.87416329
3.52500000	-12.43162337	16.03716633	48.13030540	-29.83776167	-50.50125429	-16.72879749	14.01036191
3.53333333	-12.37910068	17.22766161	47.13275550	-32.30498576	-49.54454968	-17.59935701	14.06331604
3.54166667	-12.35520707	18.62882117	46.23248295	-34.87015702	-48.74808686	-18.95289967	14.05329263
3.55000000	-12.22915702	20.06676094	45.14685329	-37.79582203	-47.76108517	-19.46685604	14.14244374
3.55833333	-12.19744579	21.50434510	44.28209700	-40.56508039	-47.03706372	-21.02615244	14.17967299
3.56666667	-12.26897297	23.29518342	43.54191086	-43.72718788	-46.22346530	-21.89495789	14.19685360
3.57500000	-11.96833852	24.55169821	42.49429652	-46.76425362	-45.47430827	-22.80283534	14.13770981
3.58333333	-11.72554853	26.18034115	41.45228185	-50.19249644	-44.57873228	-22.49313341	14.06099493
3.59166667	-11.83051590	27.85137453	40.74286354	-53.15774828	-43.76718946	-24.04576283	14.03234030
3.60000000	-11.58643010	29.52000079	39.65713241	-56.56153899	-42.80411640	-23.28510330	13.92749785
3.60833333	-11.83296428	31.52845519	39.23201022	-59.71546676	-42.07749118	-24.05622666	13.86984770
3.61666667	-11.57155981	33.01824413	38.08490962	-62.84628519	-41.08981628	-22.73623391	13.74513066
3.62500000	-11.52387181	34.77865804	37.30899688	-65.90963672	-40.28580380	-22.66434458	13.67666579
3.63333333	-11.33260078	36.43989788	36.38018751	-68.98387691	-39.45863835	-20.89796473	13.58281261
3.64166667	-11.13001545	38.00335967	35.42906362	-71.83337081	-38.64962456	-19.11290253	13.45374114
3.65000000	-11.17290218	39.93594777	34.84131277	-74.66801482	-37.96911196	-17.60830240	13.45569982
3.65833333	-10.94333742	41.39850836	33.87388201	-77.16221737	-37.19116787	-15.64553678	13.31491192
3.66666667	-10.74011039	42.84445792	32.92070996	-79.46088143	-36.38129531	-13.65894091	13.17639935
3.67500000	-10.55265838	44.31216711	32.00537927	-81.58555072	-35.57852933	-11.70090752	13.05611657
3.68333333	-10.38675775	45.74679682	31.16616503	-83.56787111	-34.86410385	-8.14645532	13.06252543
3.69166667	-10.25111600	47.15372270	30.19983516	-85.17399352	-33.91237267	-6.43980896	12.89175068
3.70000000	-9.98950530	48.40072491	29.15426435	-86.73982979	-33.04048681	-2.42685975	12.75618389
3.70833333	-9.87314443	49.68066202	28.28002257	-87.85594644	-32.13736635	-1.12486709	12.52110544
3.71666667	-9.58103570	50.77124983	27.24560978	-88.95316366	-31.31390476	2.80063092	12.41290106
3.72500000	-9.22668650	51.67699729	26.04468305	-89.70605514	-30.27977794	5.18019290	12.06925779
3.73333333	-9.15451163	52.88323270	25.30093961	-90.18785848	-29.46590322	5.49318764	11.97514075
3.74166667	-8.73863673	53.57397868	23.92935816	-90.56762573	-28.39438080	8.73154981	11.56540487
3.75000000	-8.54052963	54.46638302	22.88218573	-90.72224010	-27.34182525	10.34072663	11.18758339
3.75833333	-8.43278833	55.35062859	22.05067197	-90.55667202	-26.49548283	11.15898764	10.77474861
3.76666667	-8.18390278	56.01026518	21.02154924	-90.31948504	-25.61200597	12.79096262	10.65827439
3.77500000	-8.17348191	56.82982525	20.35051487	-89.78465531	-24.83117472	13.24053327	10.21609005
3.78333333	-7.96479926	57.31696656	19.47458123	-89.09572953	-24.06012062	14.17175523	9.89487319
3.79166667	-7.81684853	57.84959499	18.62101776	-88.34990118	-23.28549337	15.30760694	9.75169027
3.80000000	-7.83104899	58.46076104	18.00485066	-87.34524834	-22.57764610	15.61413797	9.36017734
3.80833333	-7.83774346	59.02486344	17.40974746	-86.29078520	-21.93614660	16.08694690	9.08472129
3.81666667	-7.95806101	59.60280251	16.95128805	-85.06788405	-21.26090281	16.21861171	8.96113546
3.82500000	-7.91527002	59.84897489	16.40758414	-83.65052609	-20.72802488	16.49743369	8.46915371
3.83333333	-7.92054390	60.10678253	15.85334659	-82.23052851	-20.14329176	16.76542759	8.25474145
3.84166667	-8.07429812	60.49782739	15.46174528	-80.75580175	-19.53867440	16.69571607	8.11915595
3.85000000	-8.04385285	60.51930472	15.00364451	-79.11986421	-19.13458124	16.52540911	7.63999207
3.85833333	-8.11860773	60.64438766	14.65083518	-77.51602409	-18.68658623	16.14103893	7.32224661
3.86666667	-8.29508340	60.83897844	14.37528775	-75.96274032	-18.23348205	15.84802472	7.20637314
3.87500000	-8.27992298	60.67716256	14.06204869	-74.23969460	-18.11859799	15.17226140	6.86569567
3.88333333	-8.45947956	60.76253078	13.86831822	-72.70626956	-17.80622234	14.58823501	6.68886512
3.89166667	-8.62792067	60.76571711	13.67440215	-71.24870344	-17.53862861	14.20222105	6.60932687
3.90000000	-8.77887427	60.69458131	13.47442267	-69.78169783	-17.24836870	13.39824049	6.32596592
3.90833333	-8.85752497	60.50852436	13.24555228	-68.41371737	-17.07760223	12.68172620	6.07846573
3.91666667	-8.70927093	59.99184261	12.81770545	-67.12252151	-17.03285580	11.99582941	5.80042719
3.92500000	-8.84942806	59.84002692	12.62811372	-66.07690316	-16.84027819	11.19549221	5.62855371
3.93333333	-8.93470147	59.60650971	12.38125398	-65.15566199	-16.68099947	10.25638647	5.39916545
3.94166667	-8.98104990	59.29116233	12.08226034	-64.37043088	-16.50897330	9.22762654	5.16808868
3.95000000	-9.00736106	58.92632876	11.76853406	-63.69784905	-16.35910805	8.17190117	4.96025347
3.95833333	-8.81734101	58.28687516	11.19399783	-63.09297404	-16.20604497	6.93113244	4.58250322
3.96666667	-8.93890386	57.99010610	10.99687932	-62.69397760	-16.10978865	6.26354060	4.34220141
3.97500000	-9.05014480	57.62723810	10.82649516	-62.36353696	-16.06209105	5.99039888	4.13110834
3.98333333	-9.15804809	57.17821241	10.63193990	-62.01330437	-15.89531386	5.85201339	3.45554064
3.99166667	-9.26310060	56.71563982	10.45533156	-61.72178901	-15.84114332	6.15549254	2.99874343
4.00000000	-9.40108685	56.24451576	10.32810246	-61.43905033	-15.79535039	6.70067922	2.45920710
4.00833333	-9.58415490	55.79396271	10.27938274	-61.13330471	-15.83179534	7.14075898	2.09565488
4.01666667	-9.83666017	55.32574148	10.22025222	-60.73077043	-15.65764359	8.19512696	1.07146236
4.02500000	-10.05475831	54.81622142	10.26552594	-60.18807442	-15.71755976	8.88046121	0.39722467
4.03333333	-10.25435531	54.24770343	10.25575300	-59.57134138	-15.72038264	9.44399552	-0.57955141
4.04166667	-10.51059096	53.72502518	10.32824463	-58.86322053	-15.77725714	9.97951350	-1.43369100
4.05000000	-10.76622770	53.19439117	10.35021404	-58.14541924	-15.68031281	10.16449443	-2.57155548
4.05833333	-10.98954248	52.65605425	10.52329498	-57.42846966	-15.88692235	10.50106743	-3.65311024
4.06666667	-11.22907660	52.16120526	10.67840860	-56.75211233	-16.05007049	10.63115877	-4.91631457
4.07500000	-11.47100773	51.67999803	10.85499239	-56.08250406	-16.20395039	10.67321723	-6.62943765
4.08333333	-11.66080201	51.15904283	11.05004139	-55.46050518	-16.43630168	10.57679091	-8.26546890
4.09166667	-11.83066271	50.61429129	11.32134932	-54.80147618	-16.80754927	10.50981929	-9.89880227
4.10000000	-11.95589634	49.99342654	11.57601684	-54.12451449	-17.20862152	10.39155756	-11.71468465
4.10833333	-12.02746678	49.34303353	11.93347039	-53.48297158	-17.83546544	10.33649585	-13.47142445
4.11666667	-12.06793124	48.59066636	12.34115849	-52.73067699	-18.56212914	10.30787771	-15.39835171
4.12500000	-12.03152373	47.72509851	12.65197203	-51.96269210	-19.29962269	10.32554220	-17.04518670
4.13333333	-12.04359368	46.91976663	13.34756646	-51.17835007	-20.61097904	10.36536737	-18.49852885
4.14166667	-12.07588719	46.14166381	14.16646746	-50.38085499	-22.11670335	10.40332036	-19.94314175
4.15000000	-12.15098686	45.43532258	15.10570958	-49.63694418	-23.77448744	10.47760905	-20.83889417
4.15833333	-11.97978542	44.45896476	15.99598656	-48.82296756	-25.95336673	10.50941306	-21.54369237
4.16666667	-12.00652482	43.65726784	17.21902450	-47.98257336	-28.33684874	10.54734764	-22.14256549
4.17500000	-11.97610900	42.88257477	18.49418577	-47.25980957	-31.04892846	10.64312846	-22.57941242
4.18333333	-11.67680823	41.73689952	19.75421584	-46.32474544	-34.32501300	10.69897834	-22.50894890
4.19166667	-11.85668607	41.27303452	21.64348236	-45.68529330	-37.66775949	10.75617511	-23.09207610
4.20000000	-11.92083124	40.65853543	23.44416398	-44.95995501	-41.32045052	10.80543799	-23.27573392
4.20833333	-11.85832194	39.84589312	24.89559171	-44.15764708	-44.97973584	10.83837662	-22.80074053
4.21666667	-11.82673525	39.11574785	26.66512195	-43.32193027	-48.72853525	10.66734950	-23.37087103
4.22500000	-11.92099418	38.67207719	28.59561390	-42.69655353	-52.63358319	10.59320646	-23.39452484
4.23333333	-12.07136074	38.30077048	30.62992011	-42.12204095	-56.54393566	10.56121497	-23.20522881
4.24166667	-11.96075774	37.35600436	32.37168814	-41.13883609	-60.32198428	10.47711243	-22.48986669
4.25000000	-12.02411506	36.77056244	34.30422859	-40.33873947	-64.06288615	10.29895111	-21.63373373
4.25833333	-12.02535477	36.20628465	36.10489556	-39.68974419	-67.65495251	10.23677641	-20.11192974
4.26666667	-11.86376688	35.46235690	37.71234967	-39.04941840	-71.06177892	10.13649958	-18.29702300
4.27500000	-12.30293073	35.27505054	40.17331493	-38.34696084	-74.57461422	10.26339306	-15.49493142
4.28333333	-12.05048808	34.37535808	41.60894477	-37.61625176	-77.57393971	10.10379825	-13.11374546
4.29166667	-12.09529306	33.85840874	43.52502328	-36.97308305	-80.70234141	10.29506992	-9.04044521
4.30000000	-12.00625680	33.14797972	45.14524398	-36.28097524	-83.40305850	10.26567077	-5.55793412
4.30833333	-11.83743212	32.40706522	46.56473089	-35.64170845	-85.75375401	10.13300047	-2.70209824
4.31666667	-11.61947299	31.30359257	48.06037126	-34.61346496	-88.09994170	10.20334891	1.41253723
4.32500000	-11.26409082	30.20727731	49.21260265	-33.74601505	-90.01090801	10.12420743	4.80106724
4.33333333	-10.98757315	29.20730558	50.31516379	-32.90046157	-91.59901903	10.04197760	7.89751247
4.34166667	-10.82724549	28.27729804	51.63827552	-31.97707029	-93.06486695	9.92964273	10.76365430
4.35000000	-10.70260563	27.43091121	52.92108026	-31.14824108	-94.16618831	9.81484586	12.83088352
4.35833333	-10.28775413	26.37019566	53.81988401	-30.40929874	-95.12610300	9.83283764	15.54769506
4.36666667	-10.07035564	25.43987264	54.92279323	-29.52075773	-95.78273430	9.61068156	17.11648949
4.37500000	-9.77217904	24.40167594	55.72095714	-28.72896576	-96.18894655	9.60073609	19.27460984
4.38333333	-9.39805839	23.36197454	56.49921028	-27.97208677	-96.40097795	9.57211557	20.81816036
4.39166667	-9.27804820	22.75398364	57.51705072	-27.39352381	-96.40766810	9.42221264	21.85511865
4.40000000	-9.00978126	22.00627038	58.24992817	-26.86200787	-96.24407046	9.47597621	23.21865500
4.40833333	-8.77936039	21.21620827	58.98528077	-26.22203111	-95.88870617	9.41142659	24.25377830
4.41666667	-8.75495544	20.51659926	59.90572470	-25.48128179	-95.36939232	9.33206480	25.07124138
4.42500000	-8.58406420	19.74671043	60.54454880	-24.82653165	-94.67212527	9.36326286	25.85964001
4.43333333	-8.56023048	19.25920320	61.28903420	-24.29689375	-93.80430089	9.25906846	26.23699476
4.44166667	-8.56698505	18.76010292	62.01676468	-23.73378692	-92.83381746	9.24708370	26.48133515
4.45000000	-8.30732337	18.00701149	62.26875629	-23.25143643	-91.72558681	9.35844784	27.28503411
4.45833333	-8.35256413	17.59763519	62.85329539	-22.77386067	-90.49318841	9.29626142	27.38320388
4.46666667	-8.30822697	17.24476374	63.19211882	-22.48663657	-89.12480733	9.28377061	27.49662808
4.47500000	-8.38000943	16.84536043	63.63108771	-21.99025407	-87.74307652	9.30250318	27.49470097
4.48333333	-8.30469284	16.41025446	63.75553147	-21.70372255	-86.24229476	9.53966862	27.46076355
4.49166667	-8.43433879	16.14049017	64.10320794	-21.29705309	-84.78149469	9.48634596	27.26483552
4.50000000	-8.57847501	15.94928733	64.34756610	-20.96509170	-83.24572141	9.42801732	26.82444118
4.50833333	-8.74785693	15.73391305	64.55324515	-20.58768243	-81.76437890	9.44241170	26.41636911
4.51666667	-8.92861098	15.73651087	64.65022044	-20.50086825	-80.20147873	9.63986817	25.44452732
4.52500000	-9.09207391	15.39871612	64.70530127	-19.99731112	-78.77952953	9.55838741	24.54576213
4.53333333	-9.21670663	15.19401034	64.68536020	-19.70031607	-77.41267905	9.50566094	23.26123178
4.54166667	-9.38500197	14.91862414	64.66214090	-19.26931147	-76.18115942	9.52797450	22.26788676
4.55000000	-9.47880682	14.61749514	64.52638887	-18.90887632	-75.01482867	9.45193876	20.43946967
4.55833333	-9.59240650	14.38924398	64.35233007	-18.66701536	-73.95461754	9.45421766	18.73802649
4.56666667	-9.73475499	13.97720239	64.21083570	-18.15135405	-73.05753473	9.44160200	17.32772676
4.57500000	-9.81767401	13.59395822	63.97155068	-17.76526627	-72.28199437	9.37675532	15.95541057
4.58333333	-9.70280796	13.09964493	63.39465770	-17.57025476	-71.50102517	9.46475607	14.39303476
4.59166667	-9.90256364	12.84152469	63.15590786	-17.22202141	-70.90415654	9.36896777	13.36184265
4.60000000	-10.11242509	12.61259716	62.80861364	-16.89110049	-70.32760325	9.19692739	12.38205620
4.60833333	-10.25602341	12.29093198	62.40007798	-16.59847786	-69.79066114	8.95786139	11.41008704
4.61666667	-10.48908500	12.21179098	62.02849342	-16.50226530	-69.29932291	8.92852434	11.29055288
4.62500000	-10.59325712	11.82877298	61.42239277	-16.11978483	-68.72568354	8.32236478	10.82858471
4.63333333	-10.86587450	11.62110979	60.82530307	-15.76605972	-68.01292832	7.96765079	11.03877735
4.64166667	-11.05652920	11.43697600	60.11505216	-15.58009979	-67.23646552	7.32762272	11.84365054
4.65000000	-11.38119804	11.33181356	59.47843709	-15.29632723	-66.39134688	6.74371893	12.85311581
4.65833333	-11.75804126	11.29671452	58.81485848	-15.05666420	-65.47003251	6.02080335	14.23131485
4.66666667	-12.11785673	11.32590243	58.15242562	-14.93041016	-64.45325446	5.48954880	15.19902607
4.67500000	-12.49170960	11.33800438	57.48401532	-14.74538329	-63.41723724	4.58365875	16.53009005
4.68333333	-12.88371353	11.35779541	56.87423838	-14.56522041	-62.43766882	3.48161189	17.75077805
4.69166667	-13.31708971	11.54076285	56.38030336	-14.55594655	-61.45310177	2.41868013	18.31416808
4.70000000	-13.82110058	11.90104539	55.93733472	-14.59783534	-60.47867889	1.31519438	18.77968521
4.70833333	-14.21553734	12.08941414	55.53873994	-14.60954163	-59.66912454	0.09381567	19.14144446
4.71666667	-14.57781655	12.30603753	55.31364984	-14.74061861	-59.03340818	-1.30283074	19.11718170
4.72500000	-14.89075479	12.62983335	54.92048226	-15.04819705	-58.26993367	-2.64848351	18.96451774
4.73333333	-15.08043985	12.81245757	54.52374973	-15.38249258	-57.64313353	-4.07748270	18.61041789
4.74166667	-15.17736212	13.06979366	54.06259112	-15.96613301	-57.04524167	-5.48551392	18.27981762
4.75000000	-15.17785089	13.34717880	53.47311595	-16.72509217	-56.44377507	-6.95488726	18.00172891
4.75833333	-15.12761496	13.71961810	52.75717401	-17.71337346	-55.76882840	-8.46842692	17.81658471
4.76666667	-14.97435421	14.09665781	51.88353198	-18.80632218	-55.00884915	-10.06670053	17.58951654
4.77500000	-14.90624871	14.79504448	51.05393635	-20.37634953	-54.23200052	-11.43793196	17.59518690
4.78333333	-14.78034569	15.66388065	50.08730533	-22.29471732	-53.28166102	-12.73677286	17.57017250
4.79166667	-14.77796892	16.69167943	49.29247053	-24.16692724	-52.40682869	-14.51289359	17.45538644
4.80000000	-14.69133871	17.77458599	48.35028243	-26.45961292	-51.45274676	-15.93419056	17.44768101
4.80833333	-14.50310900	19.00154384	47.22775291	-29.13218745	-50.41743085	-17.19660204	17.43683018
4.81666667	-14.34784079	20.35918063	46.26519558	-32.04902323	-49.46633642	-18.72819873	17.31235044
4.82500000	-14.06409540	21.62741803	45.24972685	-35.15911219	-48.65825308	-19.95683541	17.30070859
4.83333333	-13.94001870	23.17099249	44.31443496	-38.34991094	-47.75818465	-21.71633908	17.24670091
4.84166667	-13.66133876	24.72175163	43.19290814	-41.93990729	-46.75790415	-22.40981511	17.17042109
4.85000000	-13.50142692	26.26986965	42.30252561	-45.28743152	-45.92940959	-24.33609905	17.00402112
4.85833333	-13.22652552	27.73349442	41.16783034	-48.87868553	-44.88874805	-24.64240361	16.90813516
4.86666667	-12.90588285	29.37332611	40.04830200	-52.61951972	-43.89044273	-25.32153511	16.69769914
4.87500000	-12.69455516	30.35873155	39.12631053	-55.47069338	-43.11127621	-28.06137259	16.54596232
4.88333333	-12.73600882	32.26394803	38.58682166	-59.10110499	-42.33942207	-29.18679340	16.35244635
4.89166667	-12.61382746	34.11996557	37.81184665	-62.74420085	-41.52807635	-30.36656617	16.18517824
4.90000000	-12.29488634	35.81546989	36.83104841	-66.40968883	-40.67208286	-29.93366224	15.99332331
4.90833333	-12.08884224	37.42471183	36.04880975	-69.64780372	-39.97318547	-31.56572964	15.78161878
4.91666667	-11.70105172	38.85376193	35.00015095	-72.86156757	-39.19120499	-30.49985697	15.64616829
4.92500000	-11.48899461	40.14260370	34.08097254	-75.70357668	-38.36351413	-29.03609600	15.51106151
4.93333333	-11.55217843	42.02885768	33.65015994	-78.63875127	-37.75071523	-27.77243776	15.39593506
4.94166667	-11.25336779	43.41880557	32.70348397	-81.18219429	-36.99256000	-26.07621948	15.23759588
4.95000000	-11.04633792	44.93279426	31.87181085	-83.62929655	-36.29825448	-22.88489044	15.22011615
4.95833333	-10.81012875	46.36132284	30.99904283	-85.77267573	-35.52119432	-21.18120466	15.04333413
4.96666667	-10.54330704	47.60298060	30.00647008	-87.69994535	-34.66936750	-16.29100180	14.89359085
4.97500000	-10.23448573	48.88296563	28.92861293	-89.37911013	-33.76002538	-13.34315164	14.68825763
4.98333333	-9.95586569	50.11083744	27.91159916	-90.88704283	-32.86827800	-8.96102382	14.51619230
4.99166667	-9.83594671	51.35084033	27.02979871	-91.91006909	-31.89702139	-7.55117537	14.31268258
5.00000000	-9.31092833	52.20681655	25.73403889	-93.03178729	-30.98469384	-1.68690696	14.02742440
5.00833333	-8.98917454	53.14674893	24.65611417	-93.73046763	-30.07695463	1.41958823	13.85522123
5.01666667	-8.61354338	53.97566289	23.48408114	-94.20850077	-29.09975003	4.08981828	13.56199190
5.02500000	-8.54647378	55.02887210	22.78392387	-94.38052436	-28.31735415	5.39700234	13.21326274
5.03333333	-8.07432487	55.54375068	21.53993728	-94.41967471	-27.40096136	7.89962075	13.12675094
5.04166667	-7.89510972	56.36634973	20.67940543	-94.31021390	-26.55223643	9.55635695	12.88823944
5.05000000	-7.82830005	57.22582340	20.01685563	-93.91045439	-25.79454735	10.34289061	12.49602721
5.05833333	-7.57834760	57.70212511	19.12564356	-93.31572677	-25.04246955	11.73677933	12.45711150
5.06666667	-7.50172421	58.40607042	18.47546046	-92.58337009	-24.31421071	12.39880675	12.08275411
5.07500000	-7.52353470	59.17550612	17.90053374	-91.77672764	-23.53797673	12.67045741	12.05851154
5.08333333	-7.10907955	59.31679237	16.82019891	-90.86195494	-22.78730928	14.47422180	11.79090139
5.09166667	-7.19133589	59.96869268	16.36212177	-89.77209202	-22.08651208	14.58866265	11.68328539
5.10000000	-6.97484472	60.13152520	15.66202106	-88.52200190	-21.50987051	15.66406051	11.35041660
5.10833333	-6.96902416	60.56576765	15.16631629	-87.20580788	-20.94659213	15.79812403	11.12894074
5.11666667	-6.93033361	60.82912063	14.65709913	-85.74656611	-20.40727511	16.00274578	10.95397301
5.12500000	-6.96697854	61.04257819	14.30468835	-84.18919934	-19.94580670	16.11862056	10.85633710
5.13333333	-6.92831572	61.11533867	13.83512643	-82.56660072	-19.52554256	16.16281235	10.77846897
5.14166667	-7.07216690	61.36961766	13.57974634	-80.95801121	-19.08519813	15.97287348	10.77273591
5.15000000	-7.14703438	61.38703971	13.32257256	-79.20625641	-18.72524006	15.55889461	10.54003426
5.15833333	-7.27808687	61.44251177	13.10462998	-77.54788683	-18.36570820	15.27541981	10.49843918
5.16666667	-7.37977225	61.41760474	12.85337640	-75.90148999	-18.04400540	14.95390128	10.48527531
5.17500000	-7.47760783	61.34630487	12.63428608	-74.31258059	-17.74741235	14.64193809	10.49804382
5.18333333	-7.59663777	61.14329904	12.50279610	-72.73555311	-17.49128778	14.28038768	10.47471803
5.19166667	-7.66582676	60.96544364	12.40664935	-71.26711734	-17.48489895	13.81461563	10.49063446
5.20000000	-7.52729032	60.50466705	12.02859673	-69.86017135	-17.47669988	13.34781210	10.59918036
5.20833333	-7.58358633	60.32796507	11.89223818	-68.67626168	-17.43324217	12.75650981	10.64698732
5.21666667	-7.56702936	60.03384529	11.69774789	-67.60267545	-17.43765241	11.99746559	10.67426691
5.22500000	-7.33955097	59.45413296	11.25119638	-66.64122479	-17.43484951	11.32389017	10.66947078
5.23333333	-7.40949977	59.24562375	11.12227868	-65.86127892	-17.45427081	10.43674279	10.69957681
5.24166667	-7.37157477	58.89397004	10.96917525	-65.19026840	-17.59303868	9.46183835	10.69096840
5.25000000	-7.29814778	58.44944149	10.79340127	-64.54163516	-17.69002791	8.22589344	10.65586006
5.25833333	-7.21207093	58.02431372	10.61909810	-64.04149013	-17.84864046	7.22714934	10.60539812
5.26666667	-7.20524803	57.64643263	10.55177810	-63.61400006	-18.05566316	6.53413633	10.52631327
5.27500000	-7.26546641	57.32765944	10.52045209	-63.25368092	-18.26111691	6.39406689	10.47869901
5.28333333	-7.15123660	56.74544137	10.39034698	-62.83340887	-18.51700586	6.09296603	10.22227590
5.29166667	-7.21049041	56.35901552	10.47641704	-62.56023142	-18.78416946	6.48189088	10.03254167
5.30000000	-7.30295446	56.00346932	10.61298339	-62.32872400	-19.10936361	7.03515769	9.79497290
5.30833333	-7.48651505	55.71399250	10.74827382	-62.05622561	-19.28900726	7.75994483	9.48397286
5.31666667	-7.65361486	55.37413936	10.85034873	-61.75478201	-19.45924846	8.32800160	9.16220039
5.32500000	-7.90194498	55.07111046	11.00699877	-61.36091211	-19.49720740	9.02211180	8.61360125
5.33333333	-8.25495148	54.90418774	11.28616635	-60.96902686	-19.55716833	9.50738068	7.98854102
5.34166667	-8.57764171	54.76086166	11.44326515	-60.58885793	-19.51636295	9.87434883	7.37993815
5.35000000	-8.90116694	54.61484922	11.57496975	-60.18248303	-19.38889926	10.16042423	6.66261556
5.35833333	-9.22686322	54.44447302	11.68479724	-59.72187071	-19.19426034	10.32975147	5.82034942
5.36666667	-9.52741616	54.31517432	11.75268627	-59.32508763	-18.97362411	10.34812638	4.91675380
5.37500000	-9.81431838	54.17933703	11.75698858	-58.91721485	-18.70960329	10.32041422	3.92741951
5.38333333	-10.06238932	53.97688656	11.72610698	-58.47841403	-18.41987138	10.05227732	2.73525201
5.39166667	-10.30153759	53.73305608	11.66522825	-57.98465958	-18.05911740	10.01812104	1.58162135
5.40000000	-10.53508660	53.42881032	11.63328445	-57.45163966	-17.79380129	9.99547495	0.47866044
5.40833333	-10.81417593	53.12143150	11.60650822	-56.87653331	-17.37862164	9.90941407	-1.25650775
5.41666667	-11.07860159	52.75024012	11.55995891	-56.20623659	-16.98615127	9.84217120	-2.77500723
5.42500000	-11.32120412	52.27098523	11.54227416	-55.41079561	-16.66195779	9.81632060	-4.28918087
5.43333333	-11.51738912	51.69897749	11.51057095	-54.57397588	-16.33780494	9.72218151	-6.04177341
5.44166667	-11.49788041	50.88754458	11.21565573	-53.71056612	-16.03457342	9.46712685	-7.70177776
5.45000000	-11.74023787	50.42364318	11.28578694	-52.92959824	-15.82526723	9.43168074	-9.43854793
5.45833333	-11.82235075	49.82525285	11.17023705	-52.16805260	-15.64554799	9.30661468	-11.26153525
5.46666667	-11.96955405	49.22334760	11.24924185	-51.37547462	-15.57068603	9.25836009	-13.06870083
5.47500000	-12.11555139	48.64402083	11.39440356	-50.60505658	-15.59826487	9.17210862	-14.86464866
5.48333333	-12.21253388	48.05894613	11.50298699	-49.85095512	-15.73357054	9.03906478	-16.58731603
5.49166667	-12.24435463	47.33366549	11.60034403	-49.01120301	-15.97766471	8.90683585	-18.06719937
5.50000000	-12.33741072	46.70723432	11.89590328	-48.22116421	-16.45999398	8.77450885	-19.24945605
5.50833333	-12.39655273	46.04311599	12.22851685	-47.39477596	-17.17827983	8.71707366	-19.59499417
5.51666667	-12.53283427	45.55210759	12.66862966	-46.66647728	-17.90310217	8.49760341	-20.49909375
5.52500000	-12.46956004	44.79263073	13.01038745	-45.82632294	-19.03209609	8.24393230	-20.73262690
5.53333333	-12.61140330	44.26525488	13.76161490	-45.03157414	-20.49149908	8.08717334	-20.79646928
5.54166667	-12.54127405	43.49474009	14.43256448	-44.16389183	-22.35100358	7.94607372	-20.50227799
5.55000000	-12.54915867	42.90661290	15.20965253	-43.44672733	-24.23803090	7.75635393	-20.42954342
5.55833333	-12.43671064	42.18220505	15.86154938	-42.70858584	-26.37935794	7.60313583	-20.12127645
5.56666667	-12.43732945	41.66968341	16.79445572	-42.09093323	-28.79279205	7.46828436	-19.77908178
5.57500000	-12.26366656	40.87398063	17.52317466	-41.34338493	-31.32524546	7.36862321	-19.03758665
5.58333333	-12.33544296	40.42312286	18.65361085	-40.70468149	-33.85958107	7.17870141	-19.10476779
5.59166667	-12.09021826	39.54918141	19.36334198	-39.96253502	-36.48610817	7.11097688	-18.25456239
5.60000000	-12.22709909	39.18129170	20.56509614	-39.32998353	-39.02127819	6.98831234	-18.52124487
5.60833333	-12.01468851	38.39510093	21.33294399	-38.64115067	-41.60038844	6.91282156	-17.74181263
5.61666667	-12.23372242	38.20335669	22.59443622	-38.13186994	-44.10194560	6.82900186	-17.79262353
5.62500000	-12.03291038	37.49856140	23.34689272	-37.53505644	-46.53712050	6.73863880	-16.87711194
5.63333333	-11.94615547	36.91077644	24.20151998	-36.92802285	-48.87076751	6.63756229	-15.94337429
5.64166667	-11.90742366	36.36529414	25.15318694	-36.29659839	-51.09805385	6.52842505	-14.90899844
5.65000000	-11.90436959	35.90266775	26.10848430	-35.73678433	-53.21851821	6.42978120	-13.80128418
5.65833333	-12.08437178	35.59685754	27.28108836	-35.12051280	-55.21059763	6.36741151	-12.33273707
5.66666667	-12.85898417	36.13067917	29.23758763	-34.79518704	-57.31255651	6.46802510	-10.58314929
5.67500000	-12.81943475	35.66744737	29.96438020	-34.27747145	-58.82514339	6.30259356	-9.16400663
5.68333333	-13.01901226	35.49491812	31.03641315	-33.79369646	-60.32524834	6.23396705	-7.44933948
5.69166667	-13.43088653	35.56189939	32.32825664	-33.33952497	-61.68572902	6.24493133	-5.48667075
5.70000000	-13.43760218	35.07514826	33.02661984	-32.71382466	-62.64177645	6.09274354	-4.09115769
5.70833333	-13.66401313	34.88623916	34.04342937	-32.15455954	-63.59493460	6.03138717	-2.24260422
5.71666667	-13.66039245	34.42984226	34.56722481	-31.56092083	-64.09149030	5.89232271	-1.01931611
5.72500000	-13.68434039	34.05973580	35.14441011	-31.02440130	-64.48354851	5.76140863	0.34214524
5.73333333	-13.75762514	33.73192131	35.67525334	-30.49151788	-64.64975173	5.62457366	1.65286106
5.74166667	-13.85068549	33.39510883	36.19569256	-29.91802273	-64.63621201	5.49901366	2.86226602
5.75000000	-13.92446873	33.03493392	36.75944435	-29.38411730	-64.63377346	5.55634607	4.76044017
5.75833333	-13.88337040	32.48399164	36.97566614	-28.74773148	-64.20532722	5.45081574	5.99528489
5.76666667	-13.96625162	32.19301644	37.30124594	-28.23832971	-63.65823649	5.31483175	6.97818426
5.77500000	-13.97473133	31.83918993	37.52231551	-27.75495684	-63.01267022	5.28119461	8.24042392
5.78333333	-14.07462183	31.60515675	37.75653224	-27.28426426	-62.13927748	5.18261072	8.85767005
5.79166667	-14.17211892	31.31164582	37.96485219	-26.75278052	-61.13517443	5.08491827	9.53198578
5.80000000	-14.24953463	31.01090640	38.12876763	-26.23949642	-60.02911966	4.93704365	10.27160493
5.80833333	-14.09798536	30.50200716	38.04144208	-25.80756065	-58.98235661	5.03521008	11.79696994
5.81666667	-14.33322252	30.37893059	38.04675562	-25.35286817	-57.48582167	4.93395117	12.13275447
5.82500000	-14.23093191	29.96164937	37.69381889	-24.97831999	-55.99635519	4.93803782	13.15074992
5.83333333	-14.40940899	29.89217573	37.76685655	-24.64570739	-54.47178179	4.89081747	13.31789183
5.84166667	-14.32792122	29.48912086	37.42952653	-24.25377362	-52.85486082	4.85422574	14.10114296
5.85000000	-14.52852701	29.45377540	37.42835875	-23.94747062	-51.20885456	4.82921367	14.19061209
5.85833333	-14.60050998	29.28861178	37.13055347	-23.66104841	-49.38822960	4.71789389	14.37973354
5.86666667	-14.81029956	29.29151282	37.08665389	-23.39876861	-47.71145001	4.78288321	14.46542794
5.87500000	-14.52306007	28.62947303	36.34615827	-22.98631061	-45.88078429	4.92259818	14.91299817
5.88333333	-14.74317024	28.69296660	36.25496721	-22.79092174	-44.16574079	4.96978938	14.89832765
5.89166667	-14.83038419	28.57047550	35.88797186	-22.56596746	-42.32007644	4.90956638	14.63172536
5.90000000	-15.02747706	28.65431863	35.75204243	-22.44233609	-40.67167449	4.97164499	14.64229531
5.90833333	-14.85650624	28.23715601	35.04789494	-22.19898639	-38.89522232	5.11762833	14.61897705
5.91666667	-15.04202101	28.31886112	34.89744532	-22.10340474	-37.33024198	5.14270792	14.55994725
5.92500000	-15.15429394	28.27946624	34.55013460	-21.95998042	-35.70780367	5.14704816	14.30230899
5.93333333	-15.22045607	28.20664667	34.14974968	-21.85690084	-34.17327687	5.24122908	14.19333618
5.94166667	-15.37163405	28.21977612	33.85709697	-21.72621792	-32.72905172	5.26705474	14.01022651
5.95000000	-15.47475364	28.22568236	33.50784095	-21.67048434	-31.38996817	5.32722543	13.78492684
5.95833333	-15.64160685	28.30397300	33.30590734	-21.60378285	-30.19593959	5.34510609	13.65757079
5.96666667	-15.73084783	28.26755990	32.99948201	-21.48939571	-29.03024268	5.34561031	13.14906741
5.97500000	-15.86447284	28.36321473	32.81253727	-21.50439611	-28.06133243	5.39711032	12.95151691
5.98333333	-15.89624543	28.29816312	32.40908163	-21.42405111	-26.99580906	5.40907549	12.10499194
5.99166667	-15.89233210	28.19627667	31.95290545	-21.35493294	-26.05974819	5.42788082	11.43966722
6.00000000	-16.05810406	28.33338970	31.71676057	-21.37634247	-25.22392812	5.45365837	10.54128899
6.00833333	-16.20221101	28.43548066	31.47148552	-21.38536594	-24.45808130	5.50549191	9.63515304
6.01666667	-16.27710992	28.48602660	31.16879169	-21.42985594	-23.75581934	5.53214744	8.77558180
6.02500000	-16.36784790	28.55418759	30.96018650	-21.44236872	-23.20367365	5.54775995	8.10502140
6.03333333	-16.43680760	28.58589675	30.72528406	-21.45233500	-22.69981527	5.50779366	7.55501900
6.04166667	-16.55139482	28.68512848	30.54745944	-21.49719091	-22.26405083	5.54013839	7.40823216
6.05000000	-16.65795167	28.74176626	30.25774369	-21.48252718	-21.73581935	5.47835447	7.00470238
6.05833333	-16.77721960	28.79945664	30.02230739	-21.44330363	-21.28490276	5.43968418	6.85845793
6.06666667	-16.90395148	28.87237151	29.91285938	-21.40761073	-20.95218720	5.47224889	6.84966686
6.07500000	-16.96034245	28.84735349	29.64672203	-21.32309716	-20.49582577	5.36623781	6.48942995
6.08333333	-17.09549053	28.88917353	29.57713136	-21.21971375	-20.19336050	5.38053723	6.47479463
6.09166667	-17.21298561	28.88763332	29.42893603	-21.06215215	-19.77525260	5.25927653	6.11868413
6.10000000	-17.29448508	28.83701129	29.31118765	-20.89843358	-19.47953037	5.14977827	5.98418519
6.10833333	-17.40563186	28.81560506	29.28798426	-20.72713056	-19.26018415	5.15239538	5.94840509
6.11666667	-17.42195569	28.69584150	29.12483403	-20.55561230	-18.96795785	4.98781366	5.65422981
6.12500000	-17.51089559	28.69642992	29.12131633	-20.43137578	-18.81764953	5.00381644	5.64945623
6.13333333	-17.57450752	28.59153685	29.00122169	-20.21554479	-18.54324179	4.95699428	5.52336459
6.14166667	-17.64936044	28.51270220	28.94281822	-20.01334484	-18.34458783	4.94931178	5.42419432
6.15000000	-17.73466063	28.39564016	28.85668184	-19.75750563	-18.12079314	4.95460619	5.34333123
6.15833333	-17.15068692	27.33246272	27.94797383	-19.17822523	-17.80478243	4.80698902	5.30252974
6.16666667	-17.29507665	27.33788341	27.95409188	-18.98694319	-17.62388163	4.81758933	5.28968721
6.17500000	-17.41288116	27.35335374	27.97824214	-18.83611487	-17.49940832	4.82742356	5.25950547
6.18333333	-17.53201827	27.32412079	27.98111825	-18.62808419	-17.32455629	4.80981082	5.20463778
6.19166667	-17.65606129	27.32306968	28.02022805	-18.45696131	-17.23140515	4.82971316	5.20544708
6.20000000	-17.69205849	27.11323917	27.91320470	-18.15392856	-16.99486546	4.70687219	5.09767911
6.20833333	-17.75199162	27.04375586	28.05135542	-17.94844125	-17.02074656	4.69027793	5.10270415
6.21666667	-17.88689522	27.08138935	28.06550149	-17.81657622	-16.87515307	4.71907159	5.15984568
6.22500000	-17.97812183	27.07755785	27.91306245	-17.71210958	-16.59186242	4.67281290	5.06496671
6.23333333	-18.09743073	27.08632953	27.87362059	-17.56097586	-16.38739526	4.68622390	5.10100884
6.24166667	-18.17938099	27.05396511	27.73505904	-17.42596117	-16.14969975	4.61430648	5.03360656
6.25000000	-18.25019382	26.98738886	27.68086702	-17.25939926	-15.99389616	4.62255178	5.02961301
6.25833333	-18.34381625	26.95133469	27.62462913	-17.11316058	-15.81522373	4.62789353	5.06805591
6.26666667	-18.41417521	26.88019618	27.56937751	-16.94202806	-15.65671247	4.60966204	5.06712232
6.27500000	-18.37743459	26.78347966	27.39994181	-16.87741464	-15.53179404	4.56256941	5.01958848
6.28333333	-18.44111758	26.76617670	27.34697533	-16.78623215	-15.39173350	4.58470055	5.02716731
6.29166667	-18.52273959	26.80519973	27.35024426	-16.73316716	-15.31507821	4.61908338	5.06399904
6.30000000	-18.52415537	26.77769920	27.23457854	-16.71812774	-15.19219562	4.62989038	4.98291165
6.30833333	-18.60625613	26.78867485	27.25535517	-16.62687848	-15.12046294	4.66190876	5.01426675
6.31666667	-18.66626250	26.74450660	27.22246168	-16.49846078	-15.02290020	4.62277031	4.97032484
6.32500000	-18.69583595	26.69903619	27.18762896	-16.43529162	-14.95722242	4.72223447	4.98279470
6.33333333	-18.77767451	26.63383945	27.19115874	-16.26107987	-14.85571603	4.73056674	5.00003934
6.34166667	-18.80355949	26.52167170	27.16577239	-16.08641825	-14.79655333	4.64566054	4.96671343
6.35000000	-18.87370661	26.49028580	27.16514398	-15.96396865	-14.70684730	4.67240142	5.01005229
6.35833333	-18.90624575	26.44714186	27.13743428	-15.85557860	-14.63697528	4.63844985	4.99584310
6.36666667	-18.94730714	26.46761818	27.12018516	-15.82750516	-14.56435100	4.62048950	4.99155756
6.37500000	-19.00392455	26.54443409	27.15142228	-15.83335797	-14.52969503	4.64925043	5.02871890
6.38333333	-19.04798626	26.55863884	27.10280415	-15.80365143	-14.40334063	4.63585113	5.02993578
6.39166667	-19.07442641	26.57102712	27.04966252	-15.78903842	-14.31111527	4.62115331	4.99069478
6.40000000	-19.06013809	26.56331004	26.97592534	-15.81695486	-14.23609394	4.63639194	4.92858919
6.40833333	-19.10149365	26.55174408	26.98491983	-15.77338660	-14.19332669	4.66940906	4.96103157
6.41666667	-19.10367161	26.48967408	26.94934180	-15.70595922	-14.16316838	4.64239051	4.95002264
6.42500000	-19.15263479	26.52126027	26.98507755	-15.70589841	-14.17025817	4.69565176	4.99790287
6.43333333	-19.07743069	26.35917105	26.84164779	-15.63722518	-14.07933987	4.64615339	4.97233937
6.44166667	-19.11753922	26.38682729	26.86757043	-15.65302998	-14.07516188	4.70237879	5.01017512
6.45000000	-19.09717191	26.33672578	26.79505357	-15.64238543	-14.00574348	4.69740748	4.96538191
6.45833333	-19.13689908	26.39676669	26.80520019	-15.69669223	-13.98758533	4.75473689	5.02058626
6.46666667	-19.08932619	26.34781552	26.67376576	-15.74511516	-13.89864008	4.76818031	4.98194379
6.47500000	-19.12900802	26.39778467	26.67139853	-15.78644593	-13.85217877	4.81199204	5.02870402
6.48333333	-19.11986555	26.42827857	26.58461643	-15.86533681	-13.76749068	4.82328310	5.00800933
6.49166667	-19.15980803	26.48392544	26.61101301	-15.90335636	-13.75956229	4.87138034	5.05617331
6.50000000	-19.16329125	26.49313109	26.55853505	-15.93286785	-13.69220854	4.85660218	5.02844308
6.50833333	-19.19555053	26.56973106	26.57504372	-16.00390845	-13.67012106	4.87908904	5.07642000
6.51666667	-19.23088034	26.61476271	26.58039259	-16.03948258	-13.63447029	4.89267620	5.09286502
6.52500000	-19.26846095	26.61232528	26.59799355	-16.00448437	-13.60184486	4.88222883	5.04614396
6.53333333	-19.43087147	26.78068411	26.78814043	-16.00030786	-13.58984972	4.77834947	4.97643286
6.54166667	-19.46346106	26.84648164	26.84144101	-16.05457675	-13.64336005	4.83422736	5.01673791
6.55000000	-19.45775107	26.78112842	26.78681022	-16.01637956	-13.57166257	4.82098027	4.99699001
6.55833333	-19.48462722	26.80714666	26.81566905	-16.03277745	-13.58579462	4.86092770	5.04147142
6.56666667	-19.50748194	26.83600852	26.86012164	-16.04400015	-13.62493228	4.89686572	5.07123964
6.57500000	-19.37686301	26.63915979	26.65192037	-15.97914494	-13.52405096	4.85051611	4.98781160
6.58333333	-19.41955763	26.67696941	26.69255588	-15.98420691	-13.53993177	4.86914780	5.03561551
6.59166667	-19.42589114	26.66687770	26.70089414	-15.95849448	-13.53712633	4.81257851	5.01307773
6.60000000	-19.46775082	26.72812608	26.77266244	-15.98902313	-13.59875673	4.86660303	5.05935056
6.60833333	-19.43487176	26.65504288	26.67353725	-15.94285071	-13.50127007	4.82511292	5.02561833
6.61666667	-19.46087615	26.69151458	26.68730633	-15.97305001	-13.48114718	4.86132036	5.07518100
6.62500000	-19.45004736	26.66977607	26.64557043	-15.94835268	-13.45255953	4.85771137	5.05851267
6.63333333	-19.40269535	26.61283493	26.55519886	-15.94556072	-13.39854081	4.85386982	5.03400144
6.64166667	-19.40622188	26.63150964	26.54202688	-15.96362116	-13.37359309	4.88556463	5.05709507
6.65000000	-19.39656947	26.60466959	26.49678102	-15.95073418	-13.32341070	4.88218097	5.04791536
6.65833333	-19.40399996	26.61538009	26.46567596	-15.96034866	-13.26943888	4.89073389	5.05686787
6.66666667	-19.37694208	26.59178913	26.39397821	-15.95851984	-13.20350427	4.86358801	5.01211200
6.67500000	-19.40086012	26.61208598	26.38620045	-15.96422382	-13.16094363	4.89136894	5.03972001
6.68333333	-19.39160905	26.59630947	26.33014019	-15.95353409	-13.09051038	4.87427738	5.00675581
6.69166667	-19.42812344	26.64553465	26.34454581	-15.98197944	-13.05664434	4.91294266	5.04293039
6.70000000	-19.46928911	26.70559645	26.39704012	-16.00234788	-13.07336784	4.95216513	5.06495827
6.70833333	-19.48001389	26.70394246	26.34755337	-15.98240387	-12.97564130	4.93270036	4.99478320
6.71666667	-19.51750126	26.76214665	26.37965145	-16.02341627	-12.98838572	4.97777033	5.03647207
6.72500000	-19.46959986	26.67900142	26.32876647	-15.96108995	-12.97348747	4.89398838	4.98133478
6.73333333	-19.49301212	26.71280400	26.34119848	-15.98074764	-12.95829300	4.91807522	4.99469673
6.74166667	-19.50610575	26.72097979	26.35671131	-15.98314746	-12.96625584	4.93039826	5.01611686
6.75000000	-19.52491756	26.74994802	26.38605645	-16.00911811	-12.97849149	4.94574782	5.05429404
6.75833333	-19.54744884	26.80664500	26.45283694	-16.05312212	-13.06308128	4.96530737	5.08356672
6.76666667	-19.46685316	26.70527549	26.26661637	-16.03068240	-12.93600231	4.77579421	5.05908591
6.77500000	-19.31355268	26.56094154	26.12958928	-16.06939404	-12.97009433	4.81022531	5.07250968
6.78333333	-19.37658104	26.57351284	26.16232413	-15.99458799	-12.92761063	4.83345698	5.09435394