0.00000000	-19.44171312	26.13859926	25.04542371	-10.64358549	-9.90810708	1.61250830	7.70044842
0.00833333	-19.44797887	26.13625294	25.04031818	-10.64479057	-9.91191711	1.61285751	7.70000496
0.01666667	-19.35436993	26.06686537	24.92736964	-10.73654140	-10.05513314	1.72206340	7.96562661
0.02500000	-19.35277308	26.06591239	24.92978733	-10.73594638	-10.05371643	1.72230880	7.96550311
0.03333333	-19.35458550	26.06527890	24.92889696	-10.73531471	-10.05359093	1.72259161	7.96536804
0.04166667	-19.35646132	26.06633195	24.92657037	-10.73353252	-10.05376647	1.72306410	7.96515894
0.05000000	-19.35544673	26.06990159	24.92520562	-10.72565681	-10.05076861	1.72567949	7.96390001
0.05833333	-19.35708265	26.06976457	24.92395548	-10.72478928	-10.05128186	1.72605236	7.96365362
0.06666667	-19.35875860	26.07025457	24.92179592	-10.72369524	-10.05212962	1.72644589	7.96344015
0.07500000	-19.35961293	26.07770481	24.91447192	-10.71399356	-10.05527931	1.73004717	7.96254598
0.08333333	-19.36244575	26.07631715	24.91331752	-10.71367513	-10.05602879	1.73041219	7.96251245
0.09166667	-19.36402890	26.07627880	24.91136124	-10.71294815	-10.05716418	1.73075039	7.96250649
0.10000000	-19.35669572	26.06889005	24.92241016	-10.69335949	-10.06360482	1.74329713	7.96637277
0.10833333	-19.35656713	26.06971149	24.92176269	-10.69260760	-10.06443671	1.74360404	7.96645256
0.11666667	-19.36218157	26.07156399	24.93578179	-10.68056125	-10.07602891	1.75232910	7.97055730
0.12500000	-19.36114513	26.07171381	24.93646883	-10.68020280	-10.07586693	1.75250835	7.97065892
0.13333333	-19.36313290	26.07368787	24.95867205	-10.67642644	-10.08290923	1.75707962	7.97122497
0.14166667	-19.36245996	26.07404602	24.95875573	-10.67602975	-10.08310396	1.75719969	7.97118919
0.15000000	-19.36402036	26.07894736	24.97425056	-10.67531124	-10.09709171	1.76042961	7.96801855
0.15833333	-19.36480313	26.07855857	24.97357267	-10.67533279	-10.09757028	1.76049001	7.96796607
0.16666667	-19.36428253	26.07911509	24.97336638	-10.67508021	-10.09774243	1.76056477	7.96791665
0.17500000	-18.87489277	25.67159289	24.45922359	-11.02390895	-10.17350939	2.17472369	8.09205562
0.18333333	-18.87458971	25.67188382	24.45926086	-11.02371179	-10.17350352	2.17463855	8.09199721
0.19166667	-18.87208243	25.67454095	24.46026543	-11.02228957	-10.17188492	2.17391654	8.09149621
0.20000000	-18.87203745	25.67450186	24.46045765	-11.02212562	-10.17175543	2.17386030	8.09143855
0.20833333	-18.87040093	25.67450691	24.46491494	-11.01997414	-10.16746080	2.17324247	8.09052500
0.21666667	-18.87040688	25.67382000	24.46581445	-11.01981980	-10.16695305	2.17316974	8.09037524
0.22500000	-18.87035026	25.67218939	24.46788444	-11.01997361	-10.16567685	2.17308124	8.09018080
0.23333333	-18.86744125	25.66864656	24.48581422	-11.01242103	-10.15586329	2.17081222	8.08282533
0.24166667	-18.86761529	25.66815518	24.48679281	-11.01232415	-10.15557962	2.17073313	8.08254074
0.25000000	-18.86768104	25.66686372	24.48895734	-11.01253459	-10.15460310	2.17056693	8.08211871
0.25833333	-18.86563634	25.66700526	24.49583929	-11.01005151	-10.15201742	2.16988784	8.07941064
0.26666667	-18.86644603	25.66693134	24.49575811	-11.00959009	-10.15230375	2.16980757	8.07904438
0.27500000	-18.87204233	25.67450850	24.51398764	-10.98509411	-10.15302091	2.16788308	8.06340588
0.28333333	-18.87207795	25.67489410	24.51403275	-10.98477670	-10.15323259	2.16785066	8.06320671
0.29166667	-18.86939050	25.68109711	24.51620882	-10.98150558	-10.15379208	2.16767301	8.06081096
0.30000000	-18.86997780	25.68124273	24.51609362	-10.98114513	-10.15412528	2.16764656	8.06048662
0.30833333	-18.87061353	25.68161805	24.51615451	-10.98081012	-10.15419179	2.16762452	8.06012198
0.31666667	-18.87464063	25.68204577	24.51914845	-10.97935566	-10.15300674	2.16762678	8.05753497
0.32500000	-18.87550766	25.68192194	24.51940910	-10.97906602	-10.15310448	2.16763746	8.05727043
0.33333333	-18.87780183	25.68072744	24.51941249	-10.97930506	-10.15293786	2.16761699	8.05705250
0.34166667	-18.88452901	25.67747500	24.52164954	-10.97915891	-10.14999233	2.16749830	8.05605427
0.35000000	-18.88365767	25.67770929	24.52266762	-10.97878235	-10.14956663	2.16750129	8.05596022
0.35833333	-18.88284578	25.67765574	24.52428177	-10.97875807	-10.14875596	2.16748349	8.05583346
0.36666667	-18.88503483	25.67976772	24.52782139	-10.97813898	-10.14679002	2.16775141	8.05492816
0.37500000	-18.88508382	25.68058099	24.52808871	-10.97765297	-10.14689025	2.16781595	8.05479384
0.38333333	-18.88631619	25.68136166	24.52786140	-10.97745337	-10.14700871	2.16785819	8.05461566
0.39166667	-18.88628033	25.68208631	24.52782228	-10.97720538	-10.14708631	2.16785963	8.05448179
0.40000000	-18.89378493	25.68456592	24.52569243	-10.97806002	-10.14670951	2.16781365	8.05415087
0.40833333	-18.89378026	25.68493025	24.52556988	-10.97792760	-10.14677556	2.16782198	8.05414737
0.41666667	-18.89764477	25.68666382	24.52595267	-10.97988482	-10.14485658	2.16758863	8.05440422
0.42500000	-18.89667589	25.68697624	24.52680942	-10.97988752	-10.14453384	2.16756811	8.05441683
0.43333333	-18.89839745	25.68702931	24.53048959	-10.98404890	-10.14134393	2.16725879	8.05436008
0.44166667	-18.89668111	25.68801411	24.53138447	-10.98394026	-10.14097949	2.16726138	8.05433128
0.45000000	-18.89532135	25.68894459	24.53264970	-10.98469427	-10.14031487	2.16723828	8.05425809
0.45833333	-18.89855706	25.70992503	24.55522894	-11.02981855	-10.12677183	2.16747205	8.04601612
0.46666667	-18.89841714	25.71023938	24.55531006	-11.02988768	-10.12704612	2.16753452	8.04587164
0.47500000	-18.90504837	25.70982151	24.55202952	-11.03261963	-10.13003108	2.16808030	8.04434729
0.48333333	-18.90515388	25.71004944	24.55200119	-11.03281120	-10.13036068	2.16823134	8.04400679
0.49166667	-18.90668397	25.70977650	24.55163339	-11.03340866	-10.13078514	2.16840630	8.04354515
0.50000000	-18.91493322	25.71023123	24.54910602	-11.03565527	-10.13242455	2.16989152	8.04064133
0.50833333	-18.91462575	25.71091042	24.54916506	-11.03545814	-10.13261157	2.17011590	8.04024910
0.51666667	-18.91604371	25.71168830	24.54834090	-11.03554908	-10.13307389	2.17046120	8.03974597
0.52500000	-18.92581582	25.71193287	24.54627936	-11.03776143	-10.13367211	2.17279445	8.03667598
0.53333333	-18.92543250	25.71217982	24.54701039	-11.03766235	-10.13347086	2.17307982	8.03634703
0.54166667	-18.93912316	25.70700501	24.54704041	-11.04136204	-10.13226865	2.17607808	8.03282106
0.55000000	-18.93867018	25.70743787	24.54794529	-11.04119203	-10.13180423	2.17640892	8.03253661
0.55833333	-18.95404305	25.70253291	24.55487146	-11.03780517	-10.11740142	2.19629261	8.01740956
0.56666667	-18.95028348	25.70127371	24.55720551	-11.03750201	-10.11612188	2.19876289	8.01573542
0.57500000	-18.95091221	25.70139396	24.55672309	-11.03718719	-10.11669597	2.19906907	8.01554562
0.58333333	-18.95196377	25.70157762	24.55576187	-11.03705005	-10.11733354	2.19944693	8.01533464
0.59166667	-18.97005547	25.69624859	24.54814165	-11.03742096	-10.12130793	2.20218322	8.01434429
0.60000000	-18.96933616	25.69668674	24.54900241	-11.03678613	-10.12108599	2.20264564	8.01423999
0.60833333	-18.96946642	25.69672710	24.54922804	-11.03657251	-10.12105956	2.20292812	8.01418233
0.61666667	-18.98034503	25.69020672	24.54898971	-11.03589699	-10.12174352	2.20703519	8.01367759
0.62500000	-18.98057627	25.69018676	24.54924199	-11.03535256	-10.12177323	2.20755335	8.01370883
0.63333333	-19.01969983	25.58506042	24.64254202	-10.84882576	-10.19046597	2.40140699	8.05688090
0.64166667	-19.02210947	25.58496141	24.64212386	-10.84953082	-10.19070905	2.40117380	8.05706760
0.65000000	-19.03317198	25.58379080	24.63953536	-10.85271462	-10.19196622	2.40048192	8.05801670
0.65833333	-19.03354073	25.58432487	24.63965676	-10.85293812	-10.19212712	2.40040871	8.05814656
0.66666667	-19.04347513	25.58492967	24.63744348	-10.85630122	-10.19408337	2.40023632	8.05879597
0.67500000	-19.04321376	25.58593560	24.63776598	-10.85627246	-10.19419856	2.40029777	8.05882077
0.68333333	-19.05390618	25.58637577	24.63553275	-10.86022368	-10.19650581	2.40095190	8.05859497
0.69166667	-19.05394548	25.58691760	24.63608418	-10.86047504	-10.19650984	2.40107383	8.05855555
0.70000000	-19.05624800	25.58720579	24.63562944	-10.86191451	-10.19716980	2.40121424	8.05845438
0.70833333	-19.05700347	25.58739724	24.63547170	-10.86243652	-10.19745089	2.40126387	8.05841351
0.71666667	-19.06769223	25.58777583	24.63439262	-10.87067314	-10.20050921	2.40192132	8.05788831
0.72500000	-19.06683497	25.58825536	24.63532433	-10.87083409	-10.20031286	2.40199132	8.05788764
0.73333333	-19.06739881	25.58818890	24.63568994	-10.87136828	-10.20025429	2.40203433	8.05789635
0.74166667	-19.08177337	25.60760884	24.67744184	-10.91234643	-10.19596111	2.41135410	8.05761879
0.75000000	-19.08243849	25.60731721	24.67732842	-10.91261093	-10.19633487	2.41145411	8.05753896
0.75833333	-19.09204996	25.60281029	24.67534586	-10.91611923	-10.19894473	2.41239730	8.05689531
0.76666667	-19.09227490	25.60313045	24.67538159	-10.91622253	-10.19931864	2.41265590	8.05680355
0.77500000	-19.08979715	25.60818825	24.68840228	-10.92291303	-10.21008986	2.42516211	8.05352153
0.78333333	-19.09116700	25.60884025	24.68768925	-10.92323828	-10.21089479	2.42541793	8.05343545
0.79166667	-19.10139047	25.60710464	24.68373225	-10.92626293	-10.21393835	2.42656006	8.05320360
0.80000000	-19.10120546	25.60766724	24.68396650	-10.92636896	-10.21406172	2.42685359	8.05319079
0.80833333	-19.10217152	25.60871390	24.69039061	-10.93171809	-10.21371320	2.43571654	8.05296296
0.81666667	-19.10359346	25.60855327	24.69010291	-10.93210577	-10.21413255	2.43602117	8.05288736
0.82500000	-19.10982380	25.60872154	24.69262190	-10.93446167	-10.21418356	2.44572016	8.05085251
0.83333333	-19.11033193	25.60906106	24.69263402	-10.93452004	-10.21428442	2.44603130	8.05077266
0.84166667	-19.12053388	25.61395966	24.69371952	-10.93321159	-10.20939318	2.45711449	8.05053463
0.85000000	-19.12101328	25.61463231	24.69369713	-10.93319074	-10.20930327	2.45742899	8.05056373
0.85833333	-19.13289325	25.62271212	24.69569435	-10.93199576	-10.19864867	2.46912763	8.05305463
0.86666667	-19.13306473	25.62304675	24.69578155	-10.93198153	-10.19862832	2.46930204	8.05307373
0.87500000	-19.14631198	25.62134113	24.69240442	-10.93478849	-10.19854516	2.47184403	8.05345940
0.88333333	-19.14610443	25.62148605	24.69292209	-10.93474793	-10.19827228	2.47203161	8.05350050
0.89166667	-19.16054777	25.62151403	24.69650120	-10.93751210	-10.18884082	2.48077973	8.05490250
0.90000000	-19.15964852	25.62208188	24.69734521	-10.93740111	-10.18845741	2.48094684	8.05490108
0.90833333	-19.17006264	25.61768554	24.69651461	-10.94086954	-10.18781067	2.48220717	8.05481916
0.91666667	-19.16988664	25.61812337	24.69678955	-10.94080622	-10.18761366	2.48236569	8.05482607
0.92500000	-19.18302066	25.61612303	24.69280251	-10.94311434	-10.18677092	2.48454069	8.05484365
0.93333333	-19.18285164	25.61704379	24.69282128	-10.94276901	-10.18647710	2.48482125	8.05486385
0.94166667	-19.19706137	25.62202089	24.68444654	-10.94132263	-10.18481887	2.48827229	8.05548307
0.95000000	-19.19497932	25.62377772	24.68508747	-10.94054615	-10.18398987	2.48858114	8.05558262
0.95833333	-19.19545083	25.62502030	24.68463895	-10.94022606	-10.18362565	2.48888586	8.05569786
0.96666667	-19.23058976	25.67364880	24.67210717	-10.92749106	-10.14064204	2.50865684	8.06370792
0.97500000	-19.23092731	25.67385491	24.67246314	-10.92789975	-10.14020221	2.50867000	8.06380180
0.98333333	-19.24099821	25.67365842	24.67089469	-10.93324940	-10.13720031	2.50867761	8.06469445
0.99166667	-19.24208399	25.67366855	24.67061500	-10.93368373	-10.13692771	2.50869369	8.06480137
1.00000000	-19.24385037	25.67346119	24.66992209	-10.93428341	-10.13676510	2.50869016	8.06489832
1.00833333	-19.26047626	25.67719818	24.66222367	-10.94254728	-10.12794764	2.50872817	8.06721403
1.01666667	-19.26054686	25.67840259	24.66143172	-10.94259065	-10.12747703	2.50876463	8.06738737
1.02500000	-19.40651701	26.04281078	24.61263638	-11.27419145	-9.84353303	2.56667392	8.16931422
1.03333333	-19.40676357	26.04319116	24.61213919	-11.27390494	-9.84381038	2.56677743	8.16935118
1.04166667	-19.40871246	26.04401917	24.61010690	-11.27360852	-9.84444714	2.56708152	8.16960513
1.05000000	-19.40918153	26.04416581	24.60969895	-11.27353355	-9.84452687	2.56718957	8.16972505
1.05833333	-19.41219245	26.04336838	24.60834320	-11.27380932	-9.84482083	2.56752306	8.17010977
1.06666667	-19.41266700	26.04312829	24.60824480	-11.27388844	-9.84469897	2.56764393	8.17023067
1.07500000	-19.42589403	26.03767857	24.60272745	-11.27495627	-9.84430609	2.56928620	8.17136993
1.08333333	-19.42474138	26.03872049	24.60268673	-11.27429158	-9.84421128	2.56946273	8.17143732
1.09166667	-19.42565844	26.03927430	24.60131778	-11.27390229	-9.84478669	2.56963963	8.17146334
1.10000000	-19.43336803	26.04149555	24.59141145	-11.27059476	-9.84803168	2.57168671	8.17171275
1.10833333	-19.43403687	26.04114997	24.59110021	-11.27046497	-9.84783188	2.57185471	8.17179802
1.11666667	-19.43427568	26.04124888	24.59087036	-11.27017792	-9.84754474	2.57203012	8.17193915
1.12500000	-19.43540003	26.04085310	24.59038618	-11.27005287	-9.84728593	2.57221149	8.17212128
1.13333333	-19.43558865	26.04092347	24.59029384	-11.26978849	-9.84679052	2.57239158	8.17232302
1.14166667	-19.43672434	26.04029215	24.59007479	-11.26972163	-9.84631117	2.57256578	8.17255186
1.15000000	-19.45852777	26.04210985	24.57338052	-11.24429569	-9.81518881	2.58886045	8.19396402
1.15833333	-19.45878435	26.04186426	24.57339911	-11.24401598	-9.81487702	2.58901152	8.19421279
1.16666667	-19.45764161	26.04265724	24.57331736	-11.24329898	-9.81443450	2.58930214	8.19461427
1.17500000	-19.45726221	26.04290081	24.57335949	-11.24293328	-9.81429724	2.58945480	8.19479322
1.18333333	-19.45800094	26.04327350	24.57290283	-11.24259976	-9.81420370	2.58971659	8.19505488
1.19166667	-19.45954420	26.04282941	24.57203227	-11.24261589	-9.81447911	2.58986284	8.19517980
1.20000000	-19.45994586	26.04289031	24.57168628	-11.24242211	-9.81462895	2.59001264	8.19526672
1.20833333	-19.46046212	26.04272975	24.57156487	-11.24231405	-9.81459857	2.59016229	8.19536390
1.21666667	-19.46178723	26.04198745	24.57129403	-11.24236202	-9.81468188	2.59031014	8.19545643
1.22500000	-19.46305515	26.04086490	24.57146207	-11.24251523	-9.81447958	2.59045145	8.19558556
1.23333333	-19.48422772	26.04324036	24.55999433	-11.22672792	-9.80367355	2.59930469	8.20569227
1.24166667	-19.48420118	26.04254687	24.56083800	-11.22678725	-9.80298894	2.59938176	8.20586999
1.25000000	-19.48537784	26.04098184	24.56137712	-11.22724948	-9.80234051	2.59943375	8.20601095
1.25833333	-19.48606788	26.03993270	24.56196650	-11.22741988	-9.80178824	2.59949630	8.20612985
1.26666667	-19.48724679	26.03887333	24.56215585	-11.22758922	-9.80147340	2.59956030	8.20621731
1.27500000	-19.48751108	26.03833877	24.56276341	-11.22758383	-9.80092543	2.59963109	8.20630047
1.28333333	-19.48784237	26.03818853	24.56305949	-11.22739558	-9.80051245	2.59972214	8.20641538
1.29166667	-19.48802892	26.03849576	24.56309965	-11.22702614	-9.80023166	2.59982037	8.20655395
1.30000000	-19.51002173	26.05257219	24.55917497	-11.21825580	-9.79162599	2.60340368	8.21397560
1.30833333	-19.51003231	26.05290053	24.55919160	-11.21823151	-9.79131256	2.60345901	8.21417102
1.31666667	-19.50983979	26.05331854	24.55925674	-11.21813036	-9.79108763	2.60351207	8.21434988
1.32500000	-19.50932800	26.05400739	24.55952281	-11.21792243	-9.79090942	2.60356249	8.21450304
1.33333333	-19.52960432	26.06528883	24.56365528	-11.21135385	-9.78260216	2.60645583	8.22246690
1.34166667	-19.52818200	26.06608968	24.56442538	-11.21093635	-9.78208863	2.60654131	8.22260527
1.35000000	-19.52826237	26.06595781	24.56463495	-11.21090396	-9.78188813	2.60659687	8.22268697
1.35833333	-19.51834209	26.07118011	24.57066299	-11.20656982	-9.78017111	2.60770371	8.22405384
1.36666667	-19.52005429	26.07094606	24.57026253	-11.20651772	-9.78028515	2.60783774	8.22424215
1.37500000	-19.52236164	26.07067779	24.56954815	-11.20646032	-9.78051178	2.60797466	8.22445254
1.38333333	-19.52346100	26.07031678	24.56921043	-11.20652821	-9.78056075	2.60803077	8.22454334
1.39166667	-19.52528563	26.06945534	24.56857410	-11.20679012	-9.78082474	2.60808292	8.22462111
1.40000000	-19.53623704	26.06714352	24.55880643	-11.20518067	-9.77995171	2.61252752	8.23094324
1.40833333	-19.53437956	26.06778381	24.55951714	-11.20495953	-9.77955109	2.61264419	8.23115966
1.41666667	-19.53347028	26.06803334	24.56008419	-11.20482336	-9.77933030	2.61269929	8.23129717
1.42500000	-19.53286012	26.06807710	24.56057867	-11.20480360	-9.77911409	2.61274173	8.23146538
1.43333333	-19.53231095	26.06809635	24.56108947	-11.20478585	-9.77889519	2.61278113	8.23165923
1.44166667	-19.53164642	26.06765970	24.56304559	-11.20490198	-9.77803432	2.61302292	8.23365680
1.45000000	-19.53232691	26.06749864	24.56290114	-11.20509149	-9.77802272	2.61302363	8.23391027
1.45833333	-19.53312121	26.06737494	24.56243867	-11.20522523	-9.77821786	2.61301485	8.23415439
1.46666667	-19.54606089	26.06576970	24.55410192	-11.20843519	-9.78131776	2.61283337	8.23722108
1.47500000	-19.54520238	26.06639047	24.55416501	-11.20833388	-9.78136985	2.61285138	8.23739124
1.48333333	-19.54547883	26.06656160	24.55354380	-11.20843362	-9.78183519	2.61287509	8.23751407
1.49166667	-19.54510918	26.06720973	24.55299948	-11.20855637	-9.78250281	2.61294764	8.23771808
1.50000000	-19.54521928	26.06718676	24.55279027	-11.20878481	-9.78285620	2.61298982	8.23779534
1.50833333	-19.53605671	26.07020301	24.55345563	-11.21000219	-9.78769805	2.61371346	8.23898853
1.51666667	-19.53654884	26.06993047	24.55322741	-11.21069497	-9.78807985	2.61374975	8.23918609
1.52500000	-19.54290878	26.06702039	24.54777299	-11.21441502	-9.79314589	2.61440955	8.24104517
1.53333333	-19.54073543	26.06779946	24.54806786	-11.21388827	-9.79336183	2.61454815	8.24128697
1.54166667	-19.54080822	26.06795611	24.54749946	-11.21369989	-9.79416636	2.61470731	8.24153553
1.55000000	-19.54166172	26.06755792	24.54675576	-11.21373596	-9.79480473	2.61478404	8.24167864
1.55833333	-19.52668077	26.06043085	24.52642235	-11.20937827	-9.81812071	2.62140996	8.26046953
1.56666667	-19.52724003	26.06081360	24.52606721	-11.20941101	-9.81828457	2.62145740	8.26083942
1.57500000	-19.52887807	26.06111592	24.52487907	-11.20937541	-9.81890122	2.62151654	8.26131930
1.58333333	-19.54080068	26.05785341	24.52017440	-11.20964694	-9.82076902	2.62186186	8.26443900
1.59166667	-19.54009726	26.05846713	24.52037294	-11.20940598	-9.82056205	2.62189873	8.26473393
1.60000000	-19.53961864	26.05884497	24.52049522	-11.20914828	-9.82045080	2.62194952	8.26501146
1.60833333	-19.53917909	26.05952906	24.52067215	-11.20873438	-9.82046843	2.62202427	8.26527856
1.61666667	-19.56190909	26.07276130	24.51879240	-11.19400269	-9.82118833	2.62755048	8.28377339
1.62500000	-19.56242045	26.07263775	24.51862280	-11.19411883	-9.82106976	2.62760171	8.28403519
1.63333333	-19.56256702	26.07292593	24.51846225	-11.19394195	-9.82118827	2.62767222	8.28427036
1.64166667	-19.57024166	26.07288020	24.51361609	-11.19296906	-9.82335923	2.62846584	8.28744407
1.65000000	-19.56968271	26.07308774	24.51410023	-11.19286462	-9.82299899	2.62852135	8.28769838
1.65833333	-19.58061990	26.06590663	24.51070286	-11.19275665	-9.82300772	2.62927396	8.29156797
1.66666667	-19.57895094	26.06653509	24.51124877	-11.19223815	-9.82250448	2.62933985	8.29195843
1.67500000	-19.64259252	26.20284346	24.48357603	-11.25174311	-9.79056156	2.64227085	8.50604767
1.68333333	-19.64249330	26.20303489	24.48366219	-11.25167478	-9.79045660	2.64234572	8.50603344
1.69166667	-19.64330513	26.20268427	24.48339251	-11.25181948	-9.79049849	2.64240910	8.50604018
1.70000000	-19.65148150	26.19842589	24.48039939	-11.25331556	-9.79123598	2.64303908	8.50620765
1.70833333	-19.65261356	26.19813633	24.47966912	-11.25346169	-9.79149697	2.64311066	8.50624750
1.71666667	-19.65974487	26.19630476	24.47484080	-11.25456876	-9.79357687	2.64375979	8.50661707
1.72500000	-19.65998758	26.19661954	24.47436412	-11.25461830	-9.79369383	2.64391791	8.50671439
1.73333333	-19.66080399	26.19700647	24.47330155	-11.25465825	-9.79418291	2.64411440	8.50681712
1.74166667	-19.66089073	26.19746846	24.47280133	-11.25463889	-9.79439803	2.64423049	8.50691500
1.75000000	-19.66685883	26.19617879	24.46766885	-11.25628672	-9.79686034	2.64524399	8.50799447
1.75833333	-19.66579963	26.19686250	24.46788654	-11.25631322	-9.79667222	2.64536634	8.50817591
1.76666667	-19.66573225	26.19707484	24.46754866	-11.25652191	-9.79677548	2.64549511	8.50836563
1.77500000	-19.67218504	26.19376260	24.45952244	-11.26191498	-9.79897254	2.64747713	8.51151218
1.78333333	-19.67087692	26.19407345	24.45996886	-11.26209190	-9.79861630	2.64761964	8.51175722
1.79166667	-19.66776543	26.18470757	24.45160788	-11.27704917	-9.79524836	2.65391307	8.52103523
1.80000000	-19.66594352	26.18491744	24.45271335	-11.27733474	-9.79449256	2.65416533	8.52135321
1.80833333	-19.66582523	26.18425608	24.45310125	-11.27810845	-9.79387342	2.65444099	8.52169165
1.81666667	-19.67175113	26.17486945	24.45024403	-11.28547343	-9.79099740	2.65696271	8.52475357
1.82500000	-19.67045676	26.17544724	24.45041733	-11.28550325	-9.79076105	2.65712333	8.52495332
1.83333333	-19.67069045	26.17528336	24.44995180	-11.28589875	-9.79087573	2.65727017	8.52514300
1.84166667	-19.66017897	26.16843834	24.43989638	-11.30322370	-9.78631747	2.66529242	8.53614049
1.85000000	-19.66040161	26.16861233	24.43941545	-11.30350043	-9.78651707	2.66545071	8.53632526
1.85833333	-19.67068502	26.16604827	24.42980309	-11.30779146	-9.79066150	2.66703793	8.53798720
1.86666667	-19.67017342	26.16594896	24.42969372	-11.30839743	-9.79048773	2.66738131	8.53828764
1.87500000	-19.65828793	26.15719520	24.41532634	-11.32693129	-9.78780265	2.67977155	8.54546390
1.88333333	-19.66782336	26.15155856	24.40848637	-11.33269146	-9.78914086	2.68228850	8.54608122
1.89166667	-19.66700972	26.15157559	24.40851351	-11.33309344	-9.78869539	2.68266922	8.54613511
1.90000000	-19.59087380	26.05110285	24.33023974	-11.32377317	-9.78472963	2.90373013	8.56805267
1.90833333	-19.59148383	26.05072234	24.33006271	-11.32405650	-9.78474359	2.90355465	8.56812994
1.91666667	-19.60364776	26.04395863	24.32367111	-11.32865254	-9.78519972	2.90069131	8.56932041
1.92500000	-19.60298915	26.04464407	24.32361775	-11.32855663	-9.78493693	2.90051458	8.56942540
1.93333333	-19.59812266	26.03021654	24.29828467	-11.34112226	-9.74823465	2.87320656	8.58610484
1.94166667	-19.60060216	26.03119343	24.29527619	-11.33991865	-9.74919831	2.87301887	8.58621769
1.95000000	-19.61111607	26.03113017	24.28577964	-11.33739952	-9.75037237	2.87219091	8.58715178
1.95833333	-19.61238057	26.03140450	24.28475430	-11.33697516	-9.74988318	2.87209979	8.58742643
1.96666667	-19.62315745	26.03086812	24.27693358	-11.33585747	-9.74754013	2.87203149	8.58877043
1.97500000	-19.62594008	26.03056818	24.27538525	-11.33580913	-9.74665149	2.87213457	8.58912966
1.98333333	-19.64729983	26.03051765	24.25973180	-11.32981219	-9.69835538	2.88227309	8.60262558
1.99166667	-19.65626987	26.02817972	24.25306821	-11.32992417	-9.69655550	2.88356922	8.60331613
2.00000000	-19.66610461	26.02733006	24.24517903	-11.33039830	-9.69412706	2.88565061	8.60404512
2.00833333	-19.67443041	26.03030429	24.23556010	-11.33105879	-9.68834819	2.88981380	8.60546595
2.01666667	-19.69712816	26.04764728	24.19978568	-11.36440800	-9.60079340	2.93926188	8.62035204
2.02500000	-19.70413564	26.05020427	24.19103380	-11.36346881	-9.59991083	2.94229727	8.62097214
2.03333333	-19.71505175	26.05291333	24.18108803	-11.36624921	-9.59680172	2.94560796	8.62237630
2.04166667	-19.73159716	26.05765511	24.16697263	-11.37310794	-9.58945831	2.94990171	8.62492140
2.05000000	-19.88116083	26.20596418	24.49401776	-11.34560423	-10.11303186	3.09238376	8.81489732
2.05833333	-19.88824610	26.21026569	24.48336084	-11.34966613	-10.11333400	3.09205154	8.81414587
2.06666667	-19.89931807	26.21407541	24.46994668	-11.35816748	-10.11219919	3.09180007	8.81321155
2.07500000	-19.87116542	26.25960323	24.37643843	-11.55352728	-10.03414295	3.10404302	8.77262505
2.08333333	-19.88605339	26.26271535	24.36285462	-11.55851013	-10.03872772	3.10564546	8.76908365
2.09166667	-19.89326464	26.27815761	24.32925923	-11.61718228	-10.04595448	3.11577108	8.73763406
2.10000000	-19.82405008	26.33074323	24.24630610	-11.90316165	-10.05182625	3.16203539	8.59697803
2.10833333	-19.84755081	26.33831341	24.22104344	-11.91731451	-10.05459290	3.17919609	8.56838974
2.11666667	-19.79367999	26.34729254	24.16265387	-12.10089118	-10.07635779	3.50814618	8.07048558
2.12500000	-19.80499483	26.34728075	24.13901707	-12.11671085	-10.08291308	3.50801850	8.06025360
2.13333333	-19.81375043	26.34845509	24.12885345	-12.12527837	-10.08498482	3.50845787	8.05901852
2.14166667	-19.78184080	26.35095244	24.06950452	-12.26834251	-10.11075200	3.54167356	8.04287825
2.15000000	-19.79885925	26.35740896	24.04927351	-12.29150647	-10.12479545	3.55949290	8.03958748
2.15833333	-19.79914581	26.36636044	24.00888408	-12.37078134	-10.14759774	3.59730045	8.04006495
2.16666667	-19.76119917	26.37556026	23.96296078	-12.53548635	-10.18731244	3.70214194	8.05352267
2.17500000	-19.77936595	26.37652087	23.95157779	-12.54086162	-10.19237086	3.70753430	8.05422691
2.18333333	-19.75800528	26.43634913	23.94724255	-12.75969130	-10.34037677	4.19097610	8.15569437
2.19166667	-19.78063174	26.43730767	23.92313793	-12.77904014	-10.35960487	4.19684779	8.15416582
2.20000000	-19.75724843	26.38938068	23.88223447	-12.87815399	-10.42540464	4.26506151	8.18850530
2.20833333	-19.76347079	26.38653273	23.87313634	-12.90576230	-10.46199304	4.28292593	8.20170963
2.21666667	-19.62117588	26.24734252	23.81413053	-13.00351080	-10.75664767	4.77658216	8.81704187
2.22500000	-19.63708350	26.22482100	23.79574226	-13.04110063	-10.79042954	4.76955603	8.82546241
2.23333333	-19.54478793	26.16802661	23.73042544	-13.19501242	-10.96316310	4.77486438	8.92280469
2.24166667	-19.56236122	26.15268169	23.71480686	-13.22392989	-11.01359454	4.78628522	8.95780505
2.25000000	-19.32362468	25.78615244	23.48171447	-12.96625242	-11.23332167	4.63867486	10.10298592
2.25833333	-19.33649427	25.76824614	23.45892372	-13.00140190	-11.30277633	4.65117163	10.09413524
2.26666667	-19.24878851	25.69984599	23.47637240	-13.12232701	-11.73655691	4.97294454	10.23018593
2.27500000	-19.14801763	25.52383116	23.38401551	-13.11062165	-11.97973157	5.11759087	10.43281843
2.28333333	-19.16672718	25.49532062	23.36111566	-13.14520439	-12.04392491	5.11684781	10.43215636
2.29166667	-18.83217501	25.02468239	23.05840187	-13.03879781	-12.28312643	5.17480618	10.98997222
2.30000000	-18.75751712	24.95088016	23.12528803	-13.16430952	-12.73148149	5.25423321	11.06094304
2.30833333	-18.79373107	24.93323298	23.22886860	-13.14698145	-12.87230395	5.35372210	11.35963618
2.31666667	-18.69190063	24.75878063	23.34955227	-13.17517913	-13.46834220	5.43658590	11.49101663
2.32500000	-18.60428838	24.61491152	23.41700628	-13.17190840	-13.90444387	5.44251868	11.81759051
2.33333333	-18.44758978	24.51022904	23.55164131	-13.39607709	-14.64008338	5.48287028	11.88991505
2.34166667	-18.49399437	24.61102533	23.87360940	-13.54327358	-15.09568255	5.54362227	12.14590285
2.35000000	-18.32494445	24.39603909	24.14622473	-13.57903114	-16.08985249	5.72955461	12.29887557
2.35833333	-18.09197608	24.09892501	24.36423076	-13.63668874	-17.08882067	5.89988028	12.66456570
2.36666667	-17.97831751	23.96310109	24.70342559	-13.71836393	-17.82683314	5.84414294	12.55016272
2.37500000	-17.72833897	23.60388927	25.07710962	-13.70358588	-19.09800064	6.08534040	12.72127367
2.38333333	-17.53124229	23.34781225	25.53778322	-13.76935794	-20.38477747	6.30002415	12.92867894
2.39166667	-17.26132288	22.94520753	25.94819221	-13.72090659	-21.69386581	6.36301982	12.92657298
2.40000000	-17.15537012	22.84853893	26.47269648	-13.86534152	-22.73018170	6.35593952	12.24896784
2.40833333	-16.87994459	22.48327226	26.89950702	-13.89604490	-24.16585036	6.41411980	12.11809746
2.41666667	-16.77588482	22.11895297	27.75628282	-13.58913246	-25.78028826	6.56891433	11.70527293
2.42500000	-16.47509002	21.73106892	28.33468720	-13.64716531	-27.44137645	6.79928822	11.52801458
2.43333333	-16.23737963	21.40864848	28.98566927	-13.64650947	-28.84011687	6.69745932	10.35924276
2.44166667	-15.93891185	20.93532972	29.68939541	-13.52881523	-30.65962451	6.97536836	10.04157480
2.45000000	-15.61864008	20.44794912	30.38260409	-13.41453562	-32.40580606	7.07403801	9.36606635
2.45833333	-15.33691815	20.05877239	31.01733361	-13.42076097	-33.89947375	7.05915552	7.86947229
2.46666667	-14.98417136	19.46385218	31.71271120	-13.22875400	-35.69689000	7.31106244	7.35464298
2.47500000	-14.70291297	19.03996615	32.38955387	-13.22189205	-37.25573178	7.30173695	5.80816880
2.48333333	-14.39404942	18.48312671	33.05160402	-13.02668949	-38.89302253	7.61406382	5.10551929
2.49166667	-14.06064530	17.91326763	33.68538749	-12.83131454	-40.44838578	7.67922221	4.15287326
2.50000000	-13.57980341	17.19799054	34.02003669	-12.74749653	-41.70962194	7.66533840	2.74189923
2.50833333	-13.39087279	16.76097755	34.62954075	-12.55923953	-42.95388103	7.73593766	2.56141405
2.51666667	-13.18582782	16.20527392	35.31940114	-12.21884813	-44.19411931	8.02279938	2.22207655
2.52500000	-13.02241636	15.77191004	35.91211888	-12.01667838	-45.16034950	8.00925604	2.14635116
2.53333333	-12.75566023	15.23131123	36.46317103	-11.77734329	-46.08606483	8.06608362	2.30802353
2.54166667	-12.64389806	14.91892703	36.97794109	-11.65570613	-46.66408941	8.06904412	2.37977567
2.55000000	-12.56360400	14.79042419	37.22967229	-11.87783078	-46.92825874	8.35899127	3.13545617
2.55833333	-12.48210261	14.51113417	37.76652864	-11.75035706	-47.22328053	8.36802089	3.36623637
2.56666667	-12.19243989	14.03000385	37.85469523	-11.81041675	-47.22270976	8.48736526	4.56958808
2.57500000	-12.18303334	13.89642039	38.27203366	-11.83916858	-47.13789488	8.54920417	4.83821009
2.58333333	-12.18033628	13.62524934	38.65216622	-11.65125121	-46.84744074	8.66467904	4.95686597
2.59166667	-12.11583343	13.43589514	38.94105220	-11.67311925	-46.47707473	8.76675536	5.09571447
2.60000000	-12.11457978	13.28832466	39.31632646	-11.63880021	-45.98997982	8.82054439	5.14053691
2.60833333	-11.96538495	13.10860824	39.29795702	-11.79987665	-45.28101618	9.09826131	4.99352766
2.61666667	-11.72845485	12.71842756	39.13486055	-11.96417654	-44.27443577	9.34549213	4.48997805
2.62500000	-11.78705537	12.58879977	39.40090232	-11.90520407	-43.34933359	9.42455485	4.51758050
2.63333333	-11.69111958	12.38939320	39.43528064	-11.99432002	-42.30144673	9.65888245	4.18566123
2.64166667	-11.71858900	12.22470591	39.65311794	-11.95620018	-41.23501132	9.75285279	4.15327970
2.65000000	-11.63274536	11.92452767	39.54562983	-11.93235744	-39.89694488	10.04346647	3.57696467
2.65833333	-11.52177469	11.61494044	39.47977959	-11.94862580	-38.57147361	10.28296141	3.10651483
2.66666667	-11.32729956	11.28093769	39.28425789	-12.03661748	-37.19247179	10.50219635	2.55718257
2.67500000	-11.36902721	11.10305099	39.35534475	-12.03164035	-35.82802376	10.62109434	2.44547405
2.68333333	-11.21201555	10.63502977	39.11666788	-11.91912976	-34.27320272	10.91967625	1.54234221
2.69166667	-10.90422715	10.18759027	38.64648121	-12.04783103	-32.75641100	11.19319412	0.91408673
2.70000000	-10.87659724	9.81062111	38.62542695	-11.88910487	-31.27389774	11.39560215	0.27643203
2.70833333	-10.81944095	9.54858710	38.46770210	-11.94889641	-29.73457874	11.67349214	-0.51941708
2.71666667	-10.73805738	9.25721214	38.25590590	-12.00802258	-28.19103723	11.96168656	-1.35218927
2.72500000	-10.46934410	8.70262038	37.90810401	-12.01664169	-26.74297851	12.24852216	-2.10630359
2.73333333	-10.51726728	8.55974890	37.81028498	-12.10542302	-25.17167651	12.50751710	-2.90291372
2.74166667	-10.54661212	8.32541943	37.74532304	-12.14646758	-23.69432751	12.83424358	-3.68212902
2.75000000	-10.15234938	7.57184371	37.23289152	-11.96479493	-22.46437682	12.96301515	-3.79585100
2.75833333	-10.24715030	7.42890178	37.27938861	-12.06074072	-21.03650891	13.38552967	-4.48378473
2.76666667	-10.26861928	7.29648541	37.19190437	-12.27391908	-19.73585294	13.81108621	-5.11142496
2.77500000	-10.29458750	7.03049221	37.23189769	-12.24170313	-18.67684571	13.97143480	-5.01719737
2.78333333	-10.33446563	6.93229963	37.04900437	-12.49019712	-17.28643181	14.41043821	-5.37582169
2.79166667	-10.42257221	6.79320856	37.11962838	-12.60326165	-16.12546590	14.72163188	-5.62794823
2.80000000	-10.45481851	6.66024484	37.11609588	-12.77114733	-15.32720897	14.90735855	-5.41238257
2.80833333	-10.61958679	6.56819956	37.08388534	-12.87052913	-14.09324877	15.09406988	-5.39491015
2.81666667	-10.73328555	6.59738393	37.01252362	-13.23903031	-12.91954780	15.42022853	-5.53703059
2.82500000	-10.91375261	6.43785656	37.30234947	-13.09832918	-12.51215667	15.65530288	-5.50177444
2.83333333	-11.00453007	6.43582475	37.19902093	-13.45804189	-11.55120174	15.87679674	-5.45777666
2.84166667	-11.02731245	6.14666438	37.12228515	-13.38546357	-11.05619698	16.03789955	-5.35310371
2.85000000	-11.13574238	6.15535818	37.06000208	-13.77039353	-10.36510734	16.27444181	-5.21122579
2.85833333	-11.28495048	6.06422283	37.06684148	-13.83881133	-10.07796269	16.46674064	-4.92339091
2.86666667	-11.35900740	6.05952597	36.95583573	-14.29228982	-9.73251968	16.75912102	-4.67371421
2.87500000	-11.59767982	6.35366873	37.09506018	-14.79183278	-9.76980644	17.05828590	-4.29256757
2.88333333	-11.60980416	6.31189138	36.94131410	-15.27414100	-9.86817297	17.37100019	-3.96240140
2.89166667	-11.57480375	6.08234702	36.87528809	-15.59310359	-10.17807144	17.40308165	-3.96634128
2.90000000	-11.27620517	5.36031021	36.52198336	-15.56588086	-10.75144175	17.43250752	-3.07557241
2.90833333	-11.26219707	5.37212058	36.43899027	-16.22146171	-11.33248987	17.80371181	-3.00770830
2.91666667	-11.20347136	5.14798194	36.39515816	-16.61451720	-12.09865021	17.90770875	-3.06890252
2.92500000	-11.19047559	4.87861699	36.20055263	-16.85016635	-12.40689080	17.54611411	-3.48050602
2.93333333	-11.17817899	4.73386565	36.27178238	-17.33362443	-13.17563227	17.49014152	-4.00098407
2.94166667	-11.45042013	4.90550438	36.41633431	-17.78795632	-13.39050917	17.13194651	-5.01183553
2.95000000	-11.38463930	4.74290231	36.38932558	-18.34551533	-13.94308821	16.95994977	-5.43384173
2.95833333	-11.65348107	5.07134097	36.50504539	-19.03642410	-13.92987877	16.46665413	-7.00392970
2.96666667	-11.55158796	4.98371711	36.48353067	-19.77562494	-14.43586403	16.19303769	-7.42596007
2.97500000	-11.61530361	4.98984581	36.49161167	-20.39772742	-14.61771304	15.36142072	-8.47358946
2.98333333	-11.50408396	5.08443972	36.39496533	-21.42777004	-15.12008677	14.96231331	-8.70135379
2.99166667	-12.01423549	5.83789222	36.99713717	-22.49127880	-15.61061064	13.94012292	-9.07974517
3.00000000	-11.88117994	5.91208569	36.83837763	-23.58751626	-16.27309651	13.32640654	-8.97147154
3.00833333	-11.81855124	6.25505838	36.68583670	-24.91998360	-16.84961245	12.19342296	-8.36253164
3.01666667	-11.71094960	6.52037495	36.52103954	-26.27978397	-17.48953989	11.06471907	-7.72831996
3.02500000	-11.93140600	7.18168441	36.88134197	-27.66834395	-18.37598385	9.40372941	-6.96322593
3.03333333	-11.77236603	7.53196173	36.54676446	-29.27448769	-18.86744490	7.99785558	-6.33941104
3.04166667	-11.74628878	8.13976590	36.50336193	-31.00239221	-19.51418035	6.24578940	-5.38216905
3.05000000	-11.48781603	8.80180383	36.01725964	-33.08402113	-19.90001913	4.59974514	-4.85498978
3.05833333	-11.39235396	9.70842156	35.64571835	-35.17903950	-20.17681573	2.30724637	-4.14331079
3.06666667	-11.35384862	10.79597391	35.41248074	-37.42378069	-20.53996129	0.13194884	-3.37498020
3.07500000	-11.28256603	11.94059244	34.98509385	-39.77999655	-20.62029554	-1.88034665	-2.72394511
3.08333333	-11.62220211	13.68059040	35.04496807	-42.23120881	-20.78523394	-4.25795255	-2.04188048
3.09166667	-11.51481934	14.93986629	34.56273033	-44.64509427	-20.77717444	-6.28816417	-1.46679544
3.10000000	-11.56502320	16.46766198	34.22894546	-47.11072572	-20.75524602	-8.45430015	-0.90664435
3.10833333	-11.65904282	18.05714950	33.93525507	-49.55904397	-20.69696607	-10.37935602	-0.34880927
3.11666667	-11.41146213	19.32183556	33.25780711	-51.98369287	-20.56190271	-11.63442805	-0.05473792
3.12500000	-11.86102011	21.51418564	33.42411561	-54.52352737	-20.62594307	-13.69175740	0.53176361
3.13333333	-11.75303398	23.02393331	32.97675978	-56.98671266	-20.58271853	-14.44787233	1.01815370
3.14166667	-11.91129002	24.86491178	32.80862961	-59.43821552	-20.59317018	-15.06231892	1.59103426
3.15000000	-11.67801207	26.31093250	32.14193845	-61.79038214	-20.43027988	-15.04434362	1.90167169
3.15833333	-11.68187394	28.05496362	31.80270560	-64.16695810	-20.43983531	-14.99057780	2.39968490
3.16666667	-11.36308931	29.40021470	31.12832746	-66.37798817	-20.37262343	-14.28115969	2.62728516
3.17500000	-11.24112086	31.00883773	30.59812159	-68.63309630	-20.24302534	-13.45969437	3.13353161
3.18333333	-10.94486938	32.41922156	29.89989734	-70.71877920	-20.11842600	-12.55249734	3.32860088
3.19166667	-10.96465294	34.19838361	29.63797540	-72.85745084	-20.13697430	-11.47634793	4.01231767
3.20000000	-10.58115309	35.59686666	28.84649979	-74.88323438	-19.98027224	-10.39490794	4.14234154
3.20833333	-10.25787476	36.98019956	28.11885540	-76.80128970	-19.81255761	-9.23121677	4.41327021
3.21666667	-9.94027409	38.35939519	27.25571602	-78.61061981	-19.48623658	-8.13600558	4.72894341
3.22500000	-9.62589150	39.79259780	26.42002714	-80.41617838	-19.20432380	-6.94864273	5.04025720
3.23333333	-9.30038120	41.17887708	25.60006561	-82.10113562	-18.93758361	-5.71469909	5.35329625
3.24166667	-8.94070687	42.54401319	24.78663945	-83.68444331	-18.72067446	-4.46851130	5.65336647
3.25000000	-8.48318400	43.72666239	23.94646535	-85.15481265	-18.74116082	-2.36446569	6.40818259
3.25833333	-8.12883119	45.08530213	23.08032724	-86.51382598	-18.39510256	-1.25235860	6.52797967
3.26666667	-7.72655949	46.24835212	22.22506292	-87.67434391	-18.14579393	0.04665514	6.77289750
3.27500000	-7.26826344	47.43976122	21.30749740	-88.78084536	-17.87938694	1.32312221	7.01760291
3.28333333	-6.94947247	48.71520354	20.49098229	-89.78132812	-17.56230656	2.62390576	7.23815051
3.29166667	-6.43440530	49.66881392	19.43296406	-90.57822840	-17.26636060	4.41287037	7.78696781
3.30000000	-6.21997270	51.05667405	18.73404973	-91.37082714	-16.94509139	5.40391760	7.80483673
3.30833333	-5.90129722	52.21626676	18.12015503	-91.99583213	-16.82158478	6.62664464	8.00196313
3.31666667	-5.46087171	53.20894581	17.16419412	-92.58590545	-16.43818289	8.86876319	8.11269547
3.32500000	-5.28975850	54.44872043	16.65323078	-92.97091333	-16.29412277	9.67597159	8.41465827
3.33333333	-5.03026965	55.60874724	16.02728293	-93.25158776	-16.13649749	10.52837784	8.68991773
3.34166667	-4.76434504	56.59106560	15.47141480	-93.34255327	-16.00534977	11.41985412	8.87981989
3.35000000	-4.35347618	57.41001322	14.71687670	-93.36959190	-15.91429453	12.68567818	9.30855591
3.35833333	-4.22453896	58.52906470	14.25392245	-93.35967341	-15.79811056	13.51017496	9.37045454
3.36666667	-4.03294189	59.45569725	13.78482378	-93.13115406	-15.71279049	14.25623159	9.59732335
3.37500000	-3.92781212	60.51194476	13.24577596	-92.89883555	-15.45806612	14.60049878	9.75303419
3.38333333	-3.83068189	61.45415472	12.77963983	-92.53771031	-15.29951824	15.12466209	9.95767414
3.39166667	-3.56031250	62.14772177	12.39763574	-92.08422792	-15.45240315	16.17426837	10.34418697
3.40000000	-3.53737428	63.06862098	11.91969998	-91.61587821	-15.14132595	16.38937356	10.46263447
3.40833333	-3.40753389	63.80157685	11.54614402	-91.13747760	-15.14920843	18.12639177	10.75218476
3.41666667	-3.37262233	64.59491333	11.14599560	-90.48793568	-14.99500446	18.16177057	10.87222269
3.42500000	-3.38090477	65.30279782	11.02027380	-89.75321942	-15.10390211	18.92360198	11.23806788
3.43333333	-3.21257558	65.75929153	10.62562949	-88.86753905	-15.11020628	18.75370357	11.37207590
3.44166667	-3.25232985	66.39365999	10.27374647	-88.04341014	-14.94860598	18.69138245	11.53209726
3.45000000	-3.19751536	66.84422323	10.06505244	-87.09808451	-15.13612852	18.45941526	11.84549670
3.45833333	-3.11408002	67.17357720	9.83145060	-86.13036288	-15.25506783	18.32550972	12.17937491
3.46666667	-3.14648853	67.57906827	9.53207025	-85.20120669	-15.19473948	18.04481895	12.34180342
3.47500000	-3.11565760	67.89514153	9.28793373	-84.24987020	-15.30607819	17.44430025	12.61326324
3.48333333	-2.90449778	67.90931774	8.84756086	-83.32133989	-15.45732963	17.36664078	13.10253542
3.49166667	-2.93592298	68.09525591	8.62648718	-82.32324486	-15.44304028	16.48382144	13.25300957
3.50000000	-2.92705817	68.24445082	8.43702094	-81.36491854	-15.62074651	15.52667644	13.50086124
3.50833333	-2.93267307	68.36049170	8.17469543	-80.46892998	-15.68822944	14.55622457	13.76273695
3.51666667	-2.91424750	68.35714774	7.92313107	-79.59812858	-15.74637727	13.51016396	14.02140611
3.52500000	-2.85936639	68.27725689	7.66168528	-78.73189278	-15.84663296	12.47394539	14.28562298
3.53333333	-2.85845235	68.20364560	7.39938067	-77.64453265	-16.00060993	10.48525923	14.35148931
3.54166667	-2.86984756	68.12367180	7.09945504	-77.00774252	-15.95949947	9.79540260	14.69934473
3.55000000	-2.87937956	67.97408940	6.84185076	-76.35756508	-15.95560198	9.12839054	14.89577011
3.55833333	-2.90067838	67.78516178	6.54303109	-75.71036356	-15.91277096	8.48242217	15.06063697
3.56666667	-2.98742422	67.65600640	6.21939014	-75.15724030	-15.83904119	7.80282727	15.18418066
3.57500000	-3.05661165	67.42651379	6.01068579	-74.66703267	-15.79960381	7.08174708	15.25090123
3.58333333	-3.09500909	67.10922345	5.87321025	-74.18489284	-15.81902657	6.17383368	15.30451185
3.59166667	-3.25259682	66.88608506	5.67550563	-73.71644122	-15.73179208	5.27839467	15.32111442
3.60000000	-3.40092280	66.59844668	5.45364991	-73.29043660	-15.62602076	4.16083425	15.25529258
3.60833333	-3.60107433	66.31085950	5.26291513	-72.90751370	-15.49284251	2.96729203	15.11963498
3.61666667	-3.85632838	66.03028268	5.10144465	-72.52856684	-15.32612719	1.79909115	14.90168375
3.62500000	-4.13087504	65.70229306	4.98772187	-72.12884546	-15.17010978	0.92383930	14.57351074
3.63333333	-4.44718898	65.33371123	4.87624574	-71.67380540	-14.91334090	0.61139548	14.24961998
3.64166667	-4.76830396	64.91555972	4.79356683	-71.17060314	-14.78509307	0.85555876	13.62891463
3.65000000	-5.09242108	64.43254902	4.60752337	-70.61957557	-14.53656978	1.61616668	13.01924434
3.65833333	-5.51128574	63.98314116	4.53267860	-70.01302651	-14.19998975	2.74421287	12.45164199
3.66666667	-5.92082635	63.47321310	4.48846416	-69.41620707	-13.97311763	4.33608810	11.41645727
3.67500000	-6.38255059	62.97513009	4.49693483	-68.73128858	-13.67034230	5.75953340	10.70672937
3.68333333	-6.86187294	62.51819010	4.56026190	-68.08845864	-13.48759848	7.05409946	9.24848207
3.69166667	-7.38593829	62.14090626	4.76182879	-67.48309576	-13.31638184	8.13651618	8.02513730
3.70000000	-7.96296595	61.90612012	4.93033629	-66.95231095	-13.07929661	8.86227212	6.59877483
3.70833333	-8.58899527	61.84968092	4.95170522	-66.55041132	-12.76194163	9.24862163	5.05707329
3.71666667	-9.01142316	61.64400805	4.98790110	-66.16595768	-12.61793968	9.34568108	3.32552335
3.72500000	-9.37636040	61.38551988	5.07842114	-65.78972248	-12.55132992	9.37135945	1.40918424
3.73333333	-9.59802488	60.97620759	4.95355109	-65.59979620	-12.26618357	10.04602983	-0.40098520
3.74166667	-10.04773431	60.77720987	5.28870133	-65.14111732	-12.45284138	10.00393684	-2.29633576
3.75000000	-10.29243774	60.25896630	5.48499247	-64.54463731	-12.76030865	10.01773760	-4.55602320
3.75833333	-10.50156153	59.58849720	5.74637444	-63.79929042	-13.15431785	10.14278362	-6.78192895
3.76666667	-10.75327227	58.89406510	6.20627990	-62.95529026	-13.69862503	10.28839577	-9.10544228
3.77500000	-10.93246996	58.08360090	6.60742068	-62.03808687	-14.30372485	10.38842064	-11.51404741
3.78333333	-11.00709707	57.14862264	6.94654328	-61.14588395	-14.85349270	10.40688557	-13.89556162
3.79166667	-11.21800940	56.34301550	7.77242137	-60.10352350	-15.90319183	10.52038839	-15.78148650
3.80000000	-11.28752500	55.42966820	8.43921181	-59.23985646	-16.95517739	10.51857732	-17.38458152
3.80833333	-11.22167269	54.41718296	9.19783626	-58.36841686	-18.63750359	10.57722021	-17.87959410
3.81666667	-11.52403043	53.77018794	10.42104833	-57.45844777	-20.24403935	10.58631707	-19.02635014
3.82500000	-11.57113637	52.89688620	11.45108929	-56.56115275	-22.38436488	10.69908897	-18.81195859
3.83333333	-11.51215832	51.93128881	12.76811936	-55.67434074	-24.87540682	10.76092670	-18.41956123
3.84166667	-11.49197185	51.05878852	14.27317803	-54.90700721	-27.66283954	10.90053956	-18.04893130
3.85000000	-11.34751287	49.94686754	15.51951590	-53.86853944	-30.70207725	10.90264260	-17.16094440
3.85833333	-11.43697397	49.16948649	17.21847133	-52.90799785	-33.92234172	10.87482837	-16.08072440
3.86666667	-11.32551991	48.13153029	18.79078332	-51.87768722	-37.29287639	10.82000399	-14.93940665
3.87500000	-11.35761126	47.27798641	20.46256298	-50.89398243	-40.72977335	10.74995053	-13.49158867
3.88333333	-11.25751785	46.23767111	22.12931266	-49.82104096	-44.20801744	10.65722917	-11.89317192
3.89166667	-11.24423984	45.33265064	23.88394030	-48.80406756	-47.73369726	10.57771557	-10.06787769
3.90000000	-11.22688918	44.44721263	25.53575293	-47.79490402	-51.19313790	10.45846180	-7.98023946
3.90833333	-11.24350113	43.64796567	27.20366806	-46.87297632	-54.60070814	10.33898905	-5.47344453
3.91666667	-11.27261139	42.88876755	29.00445078	-45.98459860	-58.03558634	10.23581762	-2.72165390
3.92500000	-11.21651840	42.02636297	30.68770984	-45.05468700	-61.39147882	10.12003936	0.22777995
3.93333333	-11.34388229	41.38957719	32.60046993	-44.25827581	-64.65059535	10.08246457	3.26457324
3.94166667	-11.20346992	40.46662356	34.14012361	-43.32011297	-67.78955779	9.95665541	6.29077711
3.95000000	-11.22046654	39.78304867	35.89589613	-42.54325523	-70.85672975	9.83898899	9.46235728
3.95833333	-11.43841351	39.18936325	37.69795461	-41.67359465	-73.63433626	9.81835912	12.43272484
3.96666667	-11.25895858	38.19812881	39.32443844	-40.71073420	-76.44058354	9.67946626	15.16845291
3.97500000	-11.23284651	37.40120360	41.07176425	-39.85531316	-79.04352047	9.62057829	17.76652709
3.98333333	-11.19847863	36.61188217	42.72906088	-39.02088044	-81.45882110	9.60506575	20.24057299
3.99166667	-10.91823378	35.56930569	43.98789354	-38.10576778	-83.64552925	9.51413597	22.45079476
4.00000000	-10.72746953	34.50089149	45.48051900	-37.10076870	-85.72012944	9.43289026	24.37874497
4.00833333	-10.63553527	33.67364988	46.92458389	-36.26463124	-87.57001715	9.41071068	26.29346738
4.01666667	-10.41727317	32.69669613	48.18600042	-35.38921170	-89.20038506	9.34026834	27.93601540
4.02500000	-10.18739900	31.60857104	49.42888581	-34.38273785	-90.67127646	9.24367581	29.42618662
4.03333333	-10.00634620	30.73265014	50.52481644	-33.60652474	-91.85869117	9.14611905	30.84859746
4.04166667	-9.92778538	29.90208378	51.90258607	-32.72596969	-92.99851605	9.07470394	32.14212165
4.05000000	-9.88249040	29.06114603	53.19110321	-31.89413181	-93.84546274	9.14723024	33.35890327
4.05833333	-9.71424860	28.16643529	54.28642003	-30.98695765	-94.56908551	8.89913021	34.25476623
4.06666667	-9.41523929	27.21609555	55.12934967	-30.27044829	-95.03750491	8.85818694	35.48972774
4.07500000	-9.31210711	26.35307499	56.28415016	-29.38109319	-95.43963540	8.81988235	36.09065570
4.08333333	-9.19333440	25.63303552	57.16631898	-28.74802771	-95.54482414	8.68184232	37.06576110
4.09166667	-8.99183591	24.84799654	57.98159740	-28.09542434	-95.53643475	8.71809779	37.72313026
4.10000000	-8.67787700	23.72265960	58.68673332	-27.21213430	-95.40698074	8.81248301	38.31013244
4.10833333	-8.64188965	23.04068404	59.56947750	-26.46200703	-95.09430563	8.59649417	38.59648957
4.11666667	-8.50382523	22.43186861	60.30492013	-25.94417641	-94.72375373	8.52094296	38.99425250
4.12500000	-8.50217688	21.86916317	61.12838277	-25.29353138	-94.17150282	8.44551216	39.27448532
4.13333333	-8.36444646	21.08493445	61.76750845	-24.65445985	-93.52920096	8.46786921	39.67765746
4.14166667	-8.37326959	20.54912002	62.46650775	-24.04665332	-92.71198447	8.43348118	39.78218117
4.15000000	-8.32133811	20.11891188	62.96569596	-23.68094461	-91.82381635	8.40716327	39.94982854
4.15833333	-8.36511674	19.66609000	63.55481297	-23.14369457	-90.82104891	8.41013467	40.02742086
4.16666667	-8.40511770	19.25602247	64.06466812	-22.81279128	-89.76063816	8.71150916	40.25885831
4.17500000	-8.39990785	18.86707928	64.45194526	-22.41457980	-88.60167572	8.55987060	40.17331191
4.18333333	-8.35609286	18.48332786	64.68703054	-22.09141833	-87.37674222	8.58529346	40.11150208
4.19166667	-8.41563609	18.09974017	65.03726819	-21.64609939	-86.12004251	8.60729673	40.01109455
4.20000000	-8.47528412	17.68357814	65.29687903	-21.20183133	-84.84009658	8.60881750	39.84089127
4.20833333	-8.51195038	17.31386278	65.45287398	-20.83633483	-83.55247474	8.59824055	39.56480556
4.21666667	-8.57387322	17.00596321	65.59605881	-20.51432422	-82.28967988	8.65394130	39.23471047
4.22500000	-8.51394041	16.60699025	65.52093493	-20.31658066	-81.05828718	8.78709423	38.54464211
4.23333333	-8.63360490	16.30148531	65.65443228	-19.95497895	-79.85879412	8.85122613	38.21521393
4.24166667	-8.64510669	16.01144300	65.59205099	-19.72078605	-78.72046188	8.90389763	37.52601840
4.25000000	-8.62912972	15.72682026	65.44740165	-19.52848657	-77.66073870	8.96849974	36.77810670
4.25833333	-8.66522294	15.29057333	65.40324383	-19.20173741	-76.74711305	9.02469011	35.86004274
4.26666667	-8.74655235	15.01246651	65.27870673	-18.95583135	-75.85653489	9.06680658	34.85419046
4.27500000	-8.86651652	14.79416008	65.17488841	-18.70708375	-75.02287619	9.11588675	34.11622023
4.28333333	-8.90155031	14.46375122	64.96134030	-18.49982151	-74.33424891	9.13812766	32.69823502
4.29166667	-8.94982034	14.08061266	64.72658894	-18.18329103	-73.71401400	9.11362721	31.27414779
4.30000000	-9.09596830	13.80839870	64.51271817	-17.86848807	-73.07799345	9.10938719	30.30029344
4.30833333	-9.15425664	13.47505627	64.18511405	-17.59687992	-72.55942950	8.98879411	29.08709992
4.31666667	-9.23108137	13.30754473	63.79060418	-17.49710125	-72.08307257	8.85359073	27.98847183
4.32500000	-9.42816826	13.08228618	63.52395986	-17.18394145	-71.73284614	8.74487147	27.63728428
4.33333333	-9.67741202	12.87641329	63.25813865	-16.84429216	-71.42967717	8.55600104	27.58387897
4.34166667	-9.89064461	12.69320664	62.93769947	-16.58298541	-71.19903435	7.93080154	27.86687757
4.35000000	-10.18231156	12.53942893	62.67453209	-16.25650987	-71.01269630	7.39425315	28.47120433
4.35833333	-10.48355026	12.43588934	62.46397783	-15.93444729	-70.88639515	6.89216554	28.95852344
4.36666667	-10.81661797	12.41548591	62.27417496	-15.66383135	-70.68620313	6.15956892	29.40803067
4.37500000	-11.21526341	12.39214523	62.15826300	-15.33172119	-70.37861120	5.35193930	29.71894137
4.38333333	-11.56500054	12.37907330	61.99459800	-15.06297613	-70.02127080	4.54975736	29.84481893
4.39166667	-11.89261910	12.39966503	61.79147613	-14.86607868	-69.53779307	3.50417085	29.84929070
4.40000000	-12.38187441	12.55228878	61.78814483	-14.93855484	-69.00732525	2.66336874	29.69637880
4.40833333	-12.60047180	12.49066472	61.39672184	-14.77268063	-68.38937206	1.55253435	29.52042855
4.41666667	-12.81023512	12.49053303	61.01038315	-14.71525996	-67.81610860	0.14308771	29.40327163
4.42500000	-13.01159580	12.40424089	60.58572164	-14.61159324	-67.22791490	-1.30915207	29.24476279
4.43333333	-13.13395162	12.40236925	60.01075250	-14.72159371	-66.57898873	-2.88825650	29.08865391
4.44166667	-13.19618393	12.36451496	59.33833035	-14.85465399	-65.92995210	-4.57424972	28.93532910
4.45000000	-13.28003555	12.63284080	58.65092878	-15.35551095	-65.19677756	-6.26342726	28.86680803
4.45833333	-13.33493405	12.78482800	57.89585948	-15.82096288	-64.39548367	-8.09146911	28.79741243
4.46666667	-13.46920942	13.04271112	57.18671182	-16.37443445	-63.54636714	-9.82653138	28.76205196
4.47500000	-13.29974547	13.23111962	56.19041431	-17.12145698	-62.71603862	-11.46678419	28.57886728
4.48333333	-13.28498391	13.91112444	55.32387397	-18.41185174	-61.81264540	-13.08429020	28.54397238
4.49166667	-13.44153321	14.58512249	54.68114711	-19.50633570	-60.95580209	-14.68373011	28.37362148
4.50000000	-13.34353754	15.25237534	53.75641353	-21.03648418	-60.09857403	-16.29823333	28.29849845
4.50833333	-13.38041465	16.28870217	52.99043047	-22.98106605	-59.22610107	-17.53758120	27.98271926
4.51666667	-13.36705804	17.37693262	52.20993513	-25.21516300	-58.49102155	-18.71344532	28.03712362
4.52500000	-13.04502563	18.44911437	51.07620594	-27.95879432	-57.52642099	-19.45628676	27.70867969
4.53333333	-12.89413350	19.69078095	50.13719944	-30.76010103	-56.64326670	-20.72666884	27.34964078
4.54166667	-12.74994082	21.04174140	49.20703350	-33.83977675	-55.74161499	-21.90526711	27.12203840
4.55000000	-12.65511668	22.78709037	48.33909474	-37.36440984	-54.83504407	-23.10624649	26.85064330
4.55833333	-12.26824539	24.09500060	47.19086640	-40.87863288	-53.92553608	-24.27982273	26.59763045
4.56666667	-12.14481356	25.83503679	46.27470148	-44.61297037	-52.95165732	-25.53765496	26.28868869
4.57500000	-11.91876700	27.51341426	45.29945726	-48.35228387	-52.04834776	-26.91702259	25.96828089
4.58333333	-11.70030614	29.23558033	44.27096315	-52.18356198	-51.08869857	-28.00514815	25.76023381
4.59166667	-11.66785671	31.04032798	43.67621231	-55.72118289	-50.36066282	-30.09725770	25.62891718
4.60000000	-11.16741494	32.39577506	42.39146990	-59.38656716	-49.36407985	-30.73707758	25.00187006
4.60833333	-11.02427645	34.16108479	41.55327889	-63.04146251	-48.49701998	-31.25557409	24.65994423
4.61666667	-10.93971168	35.99002655	40.81495039	-66.54887716	-47.70181840	-31.80110621	24.18021132
4.62500000	-10.60318729	37.44525435	39.76873540	-69.95949265	-46.87037993	-30.53859178	23.94033972
4.63333333	-10.34364731	38.80290559	38.77349638	-72.86633525	-46.02170981	-30.98304811	23.86257454
4.64166667	-10.10154684	40.36659333	37.79073983	-76.07909843	-45.10580504	-28.92506882	23.39320745
4.65000000	-10.19579421	42.38281787	37.30374703	-79.30101256	-44.36353086	-26.43884621	23.07818447
4.65833333	-9.93563837	43.83101311	36.32672234	-82.11136526	-43.47563975	-23.91997473	22.72765690
4.66666667	-9.73911715	45.30466782	35.36249936	-84.76554277	-42.54068206	-21.22249721	22.44263278
4.67500000	-9.64890677	47.00583015	34.62322973	-87.43797114	-41.74953384	-16.82161559	22.28053824
4.68333333	-9.38707451	48.37644666	33.60536034	-89.68613928	-40.79479049	-14.36799162	22.00740871
4.69166667	-9.09009933	49.72764434	32.48673170	-91.78935253	-39.78327239	-11.20111725	21.78680509
4.70000000	-8.84365800	50.96665677	31.43598763	-93.60415587	-38.75711442	-7.27068769	21.48301078
4.70833333	-8.62799228	52.25625255	30.45820084	-95.22410745	-37.75852401	-4.08617749	21.11739077
4.71666667	-8.51500015	53.58253709	29.53104493	-96.50465031	-36.72471129	-2.11766459	20.80899339
4.72500000	-8.16943396	54.59694041	28.27999334	-97.67115811	-35.57709862	1.70507454	20.45730728
4.73333333	-8.20632222	55.98805578	27.71438012	-98.53626471	-34.75858067	3.92010560	20.13928781
4.74166667	-8.00785724	57.09466056	26.64796451	-99.27058295	-33.65058650	6.62719003	19.69451261
4.75000000	-7.97990240	58.25560709	25.92316686	-99.61866990	-32.73259787	7.93337942	19.35229922
4.75833333	-7.79614724	59.17502391	24.98997867	-99.85536153	-31.77344411	10.26586632	19.04070611
4.76666667	-7.79469878	60.20749566	24.32144129	-99.77081228	-30.86685547	11.20939942	18.61015047
4.77500000	-7.77272639	61.09847308	23.59662104	-99.57033143	-29.93858250	12.99012276	18.28154107
4.78333333	-7.77632802	62.00725861	22.86834290	-99.10691554	-28.98066157	13.69142114	17.78619324
4.79166667	-7.73276525	62.79742521	22.12968889	-98.48862847	-28.08683278	14.45977769	17.29756641
4.80000000	-7.46533978	63.21233784	21.12248392	-97.75606843	-27.16200987	15.83764872	17.10473427
4.80833333	-7.54376003	63.97683459	20.51240508	-96.80646787	-26.24950008	16.19289270	16.61334368
4.81666667	-7.58893052	64.60963401	19.89114738	-95.72897430	-25.38617777	16.58110191	16.13979385
4.82500000	-7.46202149	64.90526220	19.05966785	-94.51024494	-24.54348936	17.13239612	15.91382960
4.83333333	-7.58900464	65.47788127	18.52831732	-93.23724834	-23.66342564	17.25263100	15.42161871
4.84166667	-7.71467422	65.90882440	18.08024521	-91.79630564	-22.89161750	17.35910132	14.98982071
4.85000000	-7.85824891	66.25798255	17.64544555	-90.26780610	-22.12605500	17.41901339	14.57334868
4.85833333	-7.86539116	66.37949307	17.10090219	-88.64687387	-21.53334435	17.31778914	14.41078401
4.86666667	-8.11003624	66.73035184	16.77397953	-87.06345819	-20.80206660	17.15947742	13.98580435
4.87500000	-8.42112994	67.04074116	16.66405537	-85.36846519	-20.33203364	16.50498742	13.80348218
4.88333333	-8.64850828	67.19569835	16.38415687	-83.70437814	-19.67628541	16.32885874	13.45356317
4.89166667	-8.83780702	67.26052433	16.06473354	-82.06117804	-19.05884870	15.95301160	13.10059999
4.90000000	-8.93355353	67.15914402	15.73490637	-80.45045721	-18.60839730	15.18814031	12.85178575
4.90833333	-9.19935734	67.25131868	15.46163698	-79.04350942	-18.00798110	15.00131186	12.85595175
4.91666667	-9.42826600	67.22842861	15.28732072	-77.57106476	-17.57062203	14.16126687	12.43437659
4.92500000	-9.51095113	67.04183409	14.92627588	-76.22885690	-17.22192319	13.01009661	12.36461453
4.93333333	-9.72977890	66.99017304	14.69447624	-75.09940127	-16.79953960	12.42856799	12.30201831
4.94166667	-9.90142474	66.84409539	14.40605645	-74.10098889	-16.36433565	11.78306438	12.25241419
4.95000000	-10.01789291	66.62388931	14.12283730	-73.21269776	-16.05449150	10.91617933	12.12198060
4.95833333	-10.10275974	66.40440717	13.82961317	-72.52458267	-15.82149740	10.05083733	12.00144875
4.96666667	-9.84492227	65.71914023	13.17608378	-71.85936235	-15.66043404	9.05859344	11.77120322
4.97500000	-10.01201147	65.55569477	12.96086563	-71.57460674	-15.44420635	8.75056426	11.73241696
4.98333333	-10.07163889	65.22884925	12.70590318	-71.33212628	-15.37386300	8.34883930	11.50864346
4.99166667	-10.25278866	65.11857870	12.65775466	-71.38307972	-15.39542608	8.34464755	11.50190161
5.00000000	-10.43005938	64.90197458	12.34776243	-71.47317732	-14.99269303	8.57812858	11.06131183
5.00833333	-10.52009019	64.59077971	12.07654137	-71.71476336	-14.87274379	9.77215247	10.61756194
5.01666667	-10.77863492	64.41132582	11.97736924	-71.71909769	-14.68439744	10.12922300	10.16941037
5.02500000	-11.07410155	64.20546248	12.01418291	-71.58048541	-14.62340936	10.70586273	9.38734738
5.03333333	-11.39499316	63.97239786	12.00974172	-71.25541669	-14.42517988	11.11587148	8.87241407
5.04166667	-11.73757719	63.67105072	12.02851992	-70.73060636	-14.28841899	11.68762890	7.80158960
5.05000000	-12.04855535	63.30085951	12.00803337	-70.08202806	-14.04955893	12.15052296	6.87590520
5.05833333	-12.37953453	62.89999289	12.05560416	-69.37329236	-13.89306694	12.57468824	5.65622679
5.06666667	-12.64804264	62.42003227	12.02977441	-68.67056499	-13.75025957	12.87687384	4.14974651
5.07500000	-12.81143646	61.84236022	11.90089516	-67.96795101	-13.58708849	13.10318019	2.56246477
5.08333333	-13.03181686	61.28305118	11.90795897	-67.23304955	-13.49720962	13.24048945	0.99390029
5.09166667	-13.18346853	60.65966284	11.93875980	-66.49137549	-13.52285033	13.29899409	-0.87027308
5.10000000	-13.30946005	60.04811469	11.93920357	-65.81678190	-13.57040935	13.33312184	-2.82089809
5.10833333	-13.33626860	59.35988703	11.84733603	-65.12875463	-13.71743582	13.31596325	-4.82129390
5.11666667	-13.34903778	58.63722606	11.91843179	-64.39268483	-14.08617728	13.26264259	-6.91089569
5.12500000	-13.47005356	57.98156715	12.36192892	-63.64947445	-14.75566415	13.23691992	-8.97552280
5.13333333	-13.27799852	56.90138510	12.45467110	-62.71920499	-15.37492452	13.27382063	-11.27588883
5.14166667	-13.17774210	55.95583532	12.93002191	-61.85743132	-16.50309009	13.25386270	-13.04346118
5.15000000	-12.99310759	55.05309689	13.24187566	-61.17094260	-17.45193569	13.28006205	-14.92434518
5.15833333	-12.87291241	53.98970023	14.04800688	-60.10131315	-19.31098840	13.24837820	-15.92061249
5.16666667	-12.80682981	53.04565619	14.96324176	-59.15260808	-21.06607416	13.10556414	-17.33190388
5.17500000	-12.69962847	52.10762329	16.02516624	-58.22547047	-23.47888042	13.01936138	-17.95130508
5.18333333	-12.49455357	51.09201201	17.13333096	-57.28450593	-26.32100722	12.93167557	-18.15398129
5.19166667	-12.38721263	50.25074079	18.52413241	-56.50015923	-29.44644423	12.77820339	-18.41974983
5.20000000	-12.12032354	49.13666411	19.89041365	-55.48807733	-33.02229101	12.72563327	-18.18777127
5.20833333	-12.11630302	48.43983216	21.73239876	-54.70869377	-36.90870713	12.67619774	-18.04601019
5.21666667	-11.79001101	47.32661417	23.12486154	-53.78407182	-40.85246910	12.57260827	-17.23044133
5.22500000	-11.59708911	46.48990081	24.75228786	-53.01933899	-44.96289885	12.45840813	-16.32686801
5.23333333	-11.35255808	45.44989044	26.41284098	-52.05830327	-49.11099251	12.34556781	-15.46567237
5.24166667	-11.22390801	44.53692876	28.16939807	-51.11457923	-53.23143007	12.24182450	-14.32920309
5.25000000	-11.13471513	43.77894021	29.94415190	-50.29266820	-57.33048104	12.10052170	-13.06432692
5.25833333	-11.07177220	43.05904848	31.77950313	-49.47260522	-61.37009117	11.95608202	-11.44530597
5.26666667	-11.15926888	42.47172126	33.77194871	-48.63105079	-65.32412494	11.83740834	-9.28570275
5.27500000	-11.08416902	41.75716425	35.46185785	-47.83132266	-69.08043720	11.66644930	-6.89112285
5.28333333	-11.03033009	41.05502369	37.19566421	-46.98857438	-72.70499686	11.51959863	-4.46251249
5.29166667	-11.11180053	40.55016807	39.08902053	-46.27532622	-76.23005163	11.46320116	-1.13755866
5.30000000	-11.05022764	39.80648467	40.77325042	-45.43639092	-79.49140055	11.31249151	1.94830105
5.30833333	-11.07843620	39.20012663	42.45423845	-44.62946234	-82.51599193	11.20341948	5.38685973
5.31666667	-10.96250710	38.46871230	44.00635155	-43.86191932	-85.37308078	11.11331721	8.71424200
5.32500000	-10.79216465	37.57548055	45.49139820	-42.97047952	-87.98576033	11.00015762	11.85963469
5.33333333	-10.62649206	36.58630770	46.91507312	-41.97082458	-90.36628586	10.90651828	14.95681314
5.34166667	-10.39321351	35.60409857	48.25321409	-41.07407635	-92.51128165	10.81344083	17.88433694
5.35000000	-10.13190367	34.55393466	49.62788257	-40.08839989	-94.52541355	10.72268565	20.59360122
5.35833333	-9.71641131	33.36911551	50.79590333	-39.12419846	-96.27792798	10.58753562	23.14089483
5.36666667	-9.63158386	32.52204537	51.86029167	-38.17515921	-97.60349658	10.53628062	25.48574370
5.37500000	-9.37696145	31.51618162	52.95214734	-37.23542702	-98.85315313	10.34549265	27.64524246
5.38333333	-9.12833484	30.52091913	54.02966604	-36.29160991	-99.87409101	10.25035552	29.51800693
5.39166667	-8.87054218	29.57692223	55.12944975	-35.43708655	-100.77234237	10.12387763	31.21120988
5.40000000	-8.65926845	28.69927866	56.14427971	-34.59799971	-101.41583883	10.02211620	32.78328001
5.40833333	-8.47991710	27.80728948	57.18216687	-33.69233974	-101.87517455	9.80286022	34.11282257
5.41666667	-8.18539051	26.86578769	58.01848226	-32.87538427	-102.13566149	9.91074164	35.47749957
5.42500000	-8.05194347	26.08935764	59.06712963	-32.08037510	-102.28686064	9.63269877	36.56226360
5.43333333	-7.90713143	25.36344558	59.92839840	-31.33485949	-102.23242751	9.59779952	37.56248932
5.44166667	-7.69262162	24.51204938	60.72886688	-30.52326192	-102.00259653	9.42090530	38.40338492
5.45000000	-7.45256462	23.62481925	61.43959611	-29.72078217	-101.65642811	9.36396420	39.11158248
5.45833333	-7.37977283	23.01107562	62.22760645	-29.00757347	-101.13855275	9.28449532	39.49711296
5.46666667	-7.28766546	22.38613958	62.99268213	-28.37396745	-100.58310057	9.22842319	40.04409965
5.47500000	-7.22177931	21.78901475	63.68800099	-27.68774154	-99.80502026	9.16888559	40.29359582
5.48333333	-6.80859146	20.84304669	63.89236491	-27.08912272	-98.92508563	9.47623007	40.67290330
5.49166667	-6.85210124	20.33607044	64.60245296	-26.38841534	-97.98226091	9.34987307	40.73605270
5.50000000	-6.80520748	19.88352620	65.10920425	-25.86862288	-96.89081520	8.99644637	40.81111292
5.50833333	-6.78639772	19.43167129	65.59295428	-25.39655265	-95.76698070	9.04733750	40.87684370
5.51666667	-6.86967085	19.05472986	66.13698806	-24.82111386	-94.57034402	9.06934708	40.85365183
5.52500000	-6.87401279	18.72263890	66.48803579	-24.43783207	-93.28454777	8.94913300	40.68498733
5.53333333	-7.01008315	18.41293468	66.96132087	-23.91972374	-91.99597731	8.96789158	40.58115309
5.54166667	-7.04193603	18.19927849	67.23798843	-23.65751365	-90.63708794	8.89285865	40.17127015
5.55000000	-7.01208756	17.77675314	67.42627805	-23.33538570	-89.24540905	9.15713810	39.64014547
5.55833333	-7.06504758	17.54931361	67.59958071	-23.04556670	-87.87090075	9.08115265	39.32264564
5.56666667	-7.15880568	17.26980840	67.76757041	-22.65411646	-86.50134564	9.09388944	39.00644236
5.57500000	-7.16104122	17.00506127	67.78432709	-22.44239433	-85.17759951	9.10451457	38.29977691
5.58333333	-7.18877408	16.73935535	67.77327661	-22.18941968	-83.87768462	9.16630864	37.70859385
5.59166667	-7.29804401	16.48339891	67.81164989	-21.86120809	-82.62202741	9.21340865	37.30068951
5.60000000	-7.27382768	16.23430921	67.68503603	-21.74784493	-81.49644377	9.29436880	36.48442228
5.60833333	-7.37200763	15.97924471	67.62743401	-21.47705645	-80.36166196	9.37424885	35.93650079
5.61666667	-7.24544708	15.65093824	67.32561321	-21.42783693	-79.39591922	9.49568755	34.77232602
5.62500000	-7.15940427	15.25465643	67.01767219	-21.27849689	-78.45909621	9.62615795	33.62268918
5.63333333	-7.11510527	14.95861042	66.71795575	-21.17401279	-77.59548996	9.75636962	32.40471261
5.64166667	-7.07920534	14.66979445	66.41204059	-21.08909662	-76.84799238	9.88335265	30.91165555
5.65000000	-7.09129878	14.41651163	66.14181830	-21.00457130	-76.17496319	10.01282827	29.21024706
5.65833333	-7.12575055	14.28153655	65.82349091	-20.98574036	-75.52474613	10.16911609	27.41655377
5.66666667	-7.15094586	14.02061460	65.49817593	-20.90383012	-74.94279532	10.27693848	25.51666746
5.67500000	-7.20614121	13.94519832	65.12018175	-20.94276080	-74.36532457	10.42136023	24.07482534
5.68333333	-7.36018524	13.82904301	64.82070713	-20.84439394	-73.79024950	10.49976051	23.44141228
5.69166667	-7.45201223	13.71097360	64.44122558	-20.81127237	-73.33823155	10.58583370	22.80965587
5.70000000	-7.61781280	13.68740085	64.14499977	-20.79776710	-72.92152506	10.63471731	22.88535824
5.70833333	-7.78920519	13.62457881	63.81822158	-20.72911659	-72.58020920	10.67980321	23.32104958
5.71666667	-7.93829655	13.70038211	63.38921427	-20.82022115	-72.22036529	10.71655499	24.60251129
5.72500000	-8.16261949	13.66332493	63.10113058	-20.74004326	-71.96192052	10.66613288	25.73794408
5.73333333	-8.37459524	13.63767100	62.85075080	-20.60821631	-71.80246099	10.64254199	26.45076720
5.74166667	-8.63487635	13.77868529	62.62745226	-20.68814824	-71.56511560	10.55054426	27.57430336
5.75000000	-8.89854245	13.75404862	62.51736822	-20.51768470	-71.45623403	10.41644714	28.23098412
5.75833333	-9.14072412	13.76213085	62.41160602	-20.38205021	-71.33562204	10.18007275	28.70210631
5.76666667	-9.36157187	13.68642320	62.36750632	-20.15679073	-71.28131744	10.02047262	28.88124310
5.77500000	-9.62910909	13.69181757	62.35416275	-20.02522241	-71.07088003	9.48699881	29.04587332
5.78333333	-9.78256840	13.64020374	62.25573311	-19.96840880	-70.96563559	9.41306558	29.05019132
5.79166667	-10.11188577	13.69593620	62.27163663	-19.69286507	-70.62727152	8.40948603	29.00938672
5.80000000	-10.38192462	13.59723497	62.22179632	-19.39241539	-70.30845082	7.88748981	28.93570112
5.80833333	-10.70160351	13.62966351	62.15019368	-19.17320563	-69.93506616	7.03498225	28.83588486
5.81666667	-10.96224484	13.64561273	61.95524815	-18.97993831	-69.50862007	6.22096752	28.77463403
5.82500000	-11.21644660	13.58895137	61.73609034	-18.69250456	-69.13769259	5.37980330	28.81730292
5.83333333	-11.48063574	13.57427444	61.43929033	-18.48272479	-68.60438318	4.29190410	28.83112384
5.84166667	-11.69610160	13.45078353	61.03977953	-18.21237741	-68.07774129	3.15247715	28.85874728
5.85000000	-11.96872036	13.43079459	60.69830577	-17.97542248	-67.52827783	1.96927671	28.92110037
5.85833333	-12.17085497	13.40494005	60.22615253	-17.77838361	-66.92255097	0.75822003	28.94187054
5.86666667	-12.35009565	13.40313696	59.73261382	-17.68025236	-66.28950546	-0.62559384	28.95278770
5.87500000	-12.48019149	13.32766474	59.17987817	-17.54579525	-65.66565269	-2.10333532	28.92644276
5.88333333	-12.61287306	13.25205112	58.60593858	-17.44491670	-64.99896740	-3.57028575	28.86765664
5.89166667	-12.66796166	13.15144991	57.97256997	-17.41503339	-64.35140920	-5.12531697	28.73527982
5.90000000	-12.74696071	13.07599169	57.38206662	-17.41127096	-63.74315260	-6.64536678	28.58477063
5.90833333	-12.80093696	13.10849037	56.72333972	-17.55348268	-63.05271430	-8.10893016	28.39510306
5.91666667	-12.87461732	13.27735836	56.04990035	-17.85384205	-62.30028957	-9.56174025	28.20736829
5.92500000	-12.95873101	13.53943696	55.43039874	-18.30831801	-61.59739934	-10.85783034	28.01330458
5.93333333	-12.70545761	13.35632970	54.36854019	-18.78121062	-60.68481764	-11.75058238	27.74666674
5.94166667	-12.94379275	13.86983971	53.96879215	-19.48446090	-59.98886456	-12.92009947	27.50601372
5.95000000	-12.95776479	14.37789680	53.28660833	-20.47855595	-59.17275351	-13.93384284	27.27737683
5.95833333	-13.18815641	15.19814770	52.80647164	-21.82951452	-58.42575220	-13.06251657	27.41970347
5.96666667	-13.11742311	15.79963544	52.00692831	-23.26007394	-57.62920378	-13.85422555	27.03150647
5.97500000	-13.09349512	16.48132770	51.29336108	-24.67544614	-56.78365787	-14.83850013	26.57302834
5.98333333	-13.11862453	17.34022698	50.70869359	-26.47152287	-56.07689057	-15.69480922	26.37410103
5.99166667	-13.05710511	18.24428480	49.99824037	-28.53615618	-55.32576698	-16.51736233	26.11504631
6.00000000	-12.92716512	19.24861741	49.17992865	-30.89782982	-54.48721024	-17.24414271	25.80349162
6.00833333	-13.14159207	20.77988128	48.77784536	-33.91466312	-53.79998766	-13.94084461	26.01859678
6.01666667	-12.75609025	21.59506528	47.76759528	-36.63071924	-53.07003147	-13.99105736	25.69576667
6.02500000	-12.69935895	22.93052752	47.02836350	-39.33598192	-52.21788422	-14.74481283	24.96918559
6.03333333	-12.31318646	23.84454991	46.12059642	-42.23555502	-51.56919610	-14.54503599	24.79414726
6.04166667	-12.02265988	24.78143344	45.18482653	-45.01624492	-50.78017327	-14.26314992	24.46602823
6.05000000	-11.85055565	25.60450872	44.33780481	-47.27823199	-49.92136842	-15.70397547	23.75777450
6.05833333	-11.81120943	26.92376530	43.72388967	-50.11418061	-49.16933537	-15.25408555	23.52525576
6.06666667	-11.62702803	27.84894783	42.92660328	-52.59489678	-48.41558373	-14.65397066	23.12052386
6.07500000	-11.43906363	28.68588710	42.09165204	-54.98649872	-47.64821015	-13.20368978	22.83714671
6.08333333	-11.23641671	29.67322862	41.29319074	-57.40159749	-46.88407417	-12.10839896	22.62022947
6.09166667	-11.53494773	31.34792153	41.17375172	-59.85861813	-46.27066230	-10.59549491	21.90865297
6.10000000	-11.33817576	32.28336523	40.42297795	-61.98779757	-45.57627761	-8.96789471	21.67549138
6.10833333	-11.21806367	33.26306910	39.74419540	-63.93760428	-44.87022819	-7.38401706	21.39610735
6.11666667	-11.41709817	34.73546917	39.49544081	-65.98365444	-44.23644008	-4.99527105	20.96922826
6.12500000	-11.38006127	35.31364157	38.95588728	-67.24468958	-43.59237274	-3.73917068	20.75127690
6.13333333	-11.14949650	36.19790813	38.08857194	-68.69875922	-42.65263517	-3.70307347	20.18814529
6.14166667	-11.25109904	37.08467377	37.74333399	-69.53341318	-42.09269229	-4.54865010	19.94847304
6.15000000	-11.22107084	37.93956090	37.23413345	-70.46785675	-41.46859360	-3.60420252	19.63428807
6.15833333	-11.18123524	38.72534643	36.63971888	-71.18990405	-40.68334034	-1.95233897	19.19535381
6.16666667	-11.31963411	39.57492704	36.35712663	-71.62462874	-40.17757169	-0.79753367	19.07919543
6.17500000	-11.09434338	39.83447063	35.47304318	-71.60445007	-39.23371504	-0.41269999	18.59776939
6.18333333	-11.33708360	40.71419010	35.29787345	-71.66811842	-38.69847883	0.77411690	18.45021090
6.19166667	-11.46351751	41.37120219	34.91395777	-71.48223349	-37.99064259	1.78671941	18.09360919
6.20000000	-11.33928277	41.71810936	34.24884460	-71.16969007	-37.22488033	3.81206558	17.88243236
6.20833333	-11.18213178	41.88704961	33.50436894	-70.52413682	-36.44631195	4.85260632	17.56308610
6.21666667	-11.29707809	42.31292825	33.19987891	-69.64365360	-35.82154621	4.86471200	17.21238157
6.22500000	-11.25750765	42.31503505	32.63936303	-68.47583928	-35.16628279	5.58876670	16.92161724
6.23333333	-11.41389771	42.60742660	32.37506780	-67.30954974	-34.53966545	5.85359977	16.80028278
6.24166667	-11.13701270	42.30191084	31.55065070	-65.95383645	-33.80225576	7.26130058	16.33037188
6.25000000	-11.34021792	42.47883508	31.33371280	-64.45219040	-33.17516278	7.41059922	16.24223385
6.25833333	-11.05973001	41.99142598	30.54384471	-62.73371290	-32.53295469	8.30723240	15.80108526
6.26666667	-11.24947003	41.96132328	30.29427581	-60.92886253	-31.89271476	8.48537980	15.45976362
6.27500000	-11.29547393	41.74022902	29.90270705	-59.11826876	-31.22828330	9.15001233	15.24870082
6.28333333	-11.15785117	41.10009148	29.21093112	-56.99161432	-30.47090649	9.20530666	14.95197865
6.29166667	-11.38668365	40.86384355	29.04435987	-54.88996491	-29.90729212	9.00223508	14.68649243
6.30000000	-11.65821113	40.72790320	28.89977028	-52.86569748	-29.26527740	8.77872353	14.56144407
6.30833333	-11.68189132	40.16589847	28.55112967	-50.68208821	-28.77117203	8.40937816	14.21544011
6.31666667	-11.66784677	39.54942201	28.10626614	-48.54053306	-28.16068935	8.07312999	13.99501424
6.32500000	-11.76174924	39.05053140	27.80797221	-46.46794809	-27.58004269	7.71029400	13.83878146
6.33333333	-11.81811199	38.39979310	27.48908788	-44.37237797	-27.05473007	7.39663855	13.67413242
6.34166667	-11.93032474	37.76178478	27.28147877	-42.32087228	-26.58943852	7.09906728	13.56262817
6.35000000	-12.14771797	37.36064360	27.14486384	-40.44654520	-26.04550940	6.79087830	13.48755385
6.35833333	-11.84187563	36.32604267	26.43956258	-38.58502528	-25.56491157	6.60174657	13.28260025
6.36666667	-12.08429743	35.97386332	26.43162194	-36.95181705	-25.21187386	6.17625376	13.26555432
6.37500000	-12.28983757	35.52377325	26.39868262	-35.37220605	-24.87446228	5.48788808	13.22316221
6.38333333	-12.42703983	34.97312500	26.32523481	-33.89580075	-24.61887878	4.74599517	13.23089053
6.39166667	-12.61550204	34.54073505	26.33234993	-32.57386142	-24.39161570	3.93559094	13.20576471
6.40000000	-12.73701084	34.00699563	26.26576447	-31.33467922	-24.19454354	3.28214962	13.21141342
6.40833333	-12.86120997	33.51061943	26.23635852	-30.22163451	-24.01395158	2.62563801	13.21468484
6.41666667	-12.97590276	32.93677677	26.18124427	-29.14384062	-23.83167223	2.22124636	13.19681506
6.42500000	-13.24817190	32.64656290	26.48802367	-28.47766736	-23.97011838	2.90142788	13.31224813
6.43333333	-13.37384035	32.10571087	26.41992966	-27.54837227	-23.75687511	2.70166774	13.28746762
6.44166667	-13.76349306	32.00990837	26.83620909	-27.12267712	-23.82914239	4.07560057	13.18961205
6.45000000	-13.91567792	31.59093143	26.86991920	-26.36953971	-23.74509107	4.31364084	13.18833370
6.45833333	-14.04461457	31.43866126	26.91205134	-26.01087280	-23.72333282	4.33762009	13.19787900
6.46666667	-14.58626319	31.60627289	27.44477367	-25.44556451	-23.62285284	4.16700647	12.85568363
6.47500000	-14.69719526	31.43115167	27.42731796	-25.05500837	-23.50193981	4.08181442	12.87329349
6.48333333	-14.82076849	31.38450625	27.37500844	-24.81435318	-23.27379457	3.98773775	12.87580324
6.49166667	-14.84784907	31.38418786	27.34791256	-24.78583462	-23.26103049	3.97660416	12.87243957
6.50000000	-14.98730079	31.35802946	27.16176521	-24.54909977	-22.79976606	3.71996827	12.80447283
6.50833333	-15.00471620	31.19811845	26.90834973	-24.33318861	-22.49803023	3.58057958	12.74123245
6.51666667	-15.10991741	31.25409197	26.72716352	-24.30647582	-22.14795810	3.49334674	12.64744563
6.52500000	-15.03626621	31.00127679	26.27527782	-24.12283792	-21.68553552	3.50538159	12.40576933
6.53333333	-15.16617945	30.98909194	26.15311509	-23.94808337	-21.37653034	3.54389307	12.43882489
6.54166667	-15.07798585	30.77632068	25.58726062	-23.84280327	-20.71628179	3.62089488	12.16881621
6.55000000	-15.17717397	30.70065893	25.38954365	-23.62297443	-20.32869434	3.66055225	12.16984145
6.55833333	-15.17351767	30.55199661	25.02278988	-23.42751589	-19.83637270	3.70075015	11.88445264
6.56666667	-15.31320992	30.49073248	24.91409183	-23.13209718	-19.49369862	3.74859755	11.89582368
6.57500000	-15.42975358	30.40037336	24.76694840	-22.81417443	-19.12009000	3.72581754	11.75447061
6.58333333	-15.53210496	30.30969798	24.60841369	-22.52092098	-18.77342098	3.71862247	11.53294061
6.59166667	-15.66210303	30.27017424	24.61986789	-22.25841414	-18.63580282	3.75879692	11.52157964
6.60000000	-15.79691219	30.09826068	24.51528958	-21.83807964	-18.30478474	3.73733629	11.21923454
6.60833333	-15.92454538	30.03098173	24.48978741	-21.55602693	-18.10160458	3.77465145	11.25053062
6.61666667	-16.04589330	29.94889668	24.44416171	-21.27375936	-17.87267565	3.75949106	11.19674510
6.62500000	-16.08297596	29.91383133	24.43442732	-21.23122095	-17.84914369	3.76544997	11.19361653
6.63333333	-16.23269700	29.76862265	24.38016525	-20.83260062	-17.60054954	3.76707876	11.03010655
6.64166667	-16.26274823	29.73706302	24.35850560	-20.81201761	-17.57245477	3.77683233	11.04005457
6.65000000	-16.38213735	29.67164645	24.23682057	-20.58024018	-17.24475807	3.84619785	11.09441965
6.65833333	-16.39771797	29.64965792	24.21802538	-20.57272877	-17.23674415	3.85029010	11.09218066
6.66666667	-16.43054230	29.51046451	24.05709335	-20.39831167	-17.02276981	3.93060899	11.00337495
6.67500000	-16.45606288	29.48813920	24.03600231	-20.38832352	-16.99603425	3.93695670	11.01453723
6.68333333	-16.45484091	29.26184924	23.87651201	-20.15586225	-16.81334156	3.98883896	11.04986654
6.69166667	-16.47175943	29.24177327	23.85830411	-20.15269990	-16.79323988	3.99172280	11.05743158
6.70000000	-16.49529815	29.21540605	23.82965447	-20.12741587	-16.75655153	3.99773676	11.06547139
6.70833333	-16.18873468	28.61785193	23.24384201	-19.83318937	-16.50456895	4.33220352	11.37900431
6.71666667	-16.21288492	28.59600807	23.23085951	-19.81588274	-16.47624326	4.33460807	11.37366758
6.72500000	-16.36068270	28.56734005	23.20480804	-19.55774201	-16.20809078	4.25924336	11.13079415
6.73333333	-16.38734814	28.54331768	23.19587788	-19.53269725	-16.18158249	4.26490063	11.13660190
6.74166667	-16.52100773	28.46055026	23.14183461	-19.23341359	-15.90234516	4.27236644	11.11822900
6.75000000	-16.55171708	28.43729726	23.14134103	-19.19802860	-15.88073899	4.27663987	11.11469855
6.75833333	-16.68769133	28.32264627	23.10021283	-18.85223849	-15.61273930	4.24012032	10.99417708
6.76666667	-16.70283509	28.31236740	23.10312284	-18.83428968	-15.60426722	4.24192394	10.99327542
6.77500000	-16.76284370	28.34883264	23.11098481	-18.75083694	-15.55018097	4.24484270	10.98567584
6.78333333	-16.78223387	28.34660964	23.10834394	-18.74092841	-15.50576960	4.24216051	10.98617261
6.79166667	-16.95320097	28.43736873	23.09251441	-18.62284074	-15.24733816	4.16632939	10.82133236
6.80000000	-16.97608324	28.42651993	23.09433560	-18.60414160	-15.22130586	4.17489972	10.82910043
6.80833333	-17.16861070	28.48012617	23.24481338	-18.40039621	-15.17207632	4.23739611	10.88010243
6.81666667	-17.18567697	28.46492449	23.24183181	-18.37997065	-15.14876193	4.24259941	10.88825643
6.82500000	-17.27364549	28.45133623	23.24215851	-18.21844708	-15.03416252	4.26294331	10.91098878
6.83333333	-17.28863699	28.43451870	23.24163235	-18.20597910	-15.01303803	4.26234263	10.91262446
6.84166667	-17.31181668	28.41636537	23.24744501	-18.15091014	-14.97896216	4.26553463	10.91292618
6.85000000	-17.63258215	28.59314162	23.63625131	-17.96992578	-15.12850422	4.49707441	11.17592637
6.85833333	-17.64961608	28.58223892	23.62962158	-17.97316372	-15.12958442	4.49570267	11.17593070
6.86666667	-17.65308618	28.56496686	23.62709257	-17.95559047	-15.12454637	4.49464576	11.17618163
6.87500000	-17.61734023	28.46783120	23.56254348	-17.86859539	-15.15194616	4.42346756	11.16852711
6.88333333	-17.63251736	28.45684178	23.55366819	-17.87303480	-15.15704520	4.42336492	11.16761035
6.89166667	-17.62640467	28.43745116	23.54759445	-17.87221735	-15.16644780	4.42701451	11.16590032
6.90000000	-17.63906830	28.42806802	23.54005043	-17.87640523	-15.17397451	4.42806528	11.16552932
6.90833333	-17.62563655	28.40357869	23.53118684	-17.88073514	-15.19953952	4.43903112	11.16625291
6.91666667	-17.63745361	28.39478541	23.52390082	-17.88617380	-15.20834392	4.44114565	11.16659160
6.92500000	-17.55526534	28.22859502	23.42491564	-17.81126628	-15.26972207	4.67196300	11.32524045
6.93333333	-17.56577180	28.22295804	23.42019242	-17.81680174	-15.27384557	4.67074843	11.32445827
6.94166667	-17.57491562	28.21661095	23.41668836	-17.82300255	-15.27828591	4.67001789	11.32389529
6.95000000	-17.55817985	28.19958850	23.42585707	-17.85228327	-15.31401371	4.67055675	11.32107115
6.95833333	-17.56758250	28.19315954	23.42479686	-17.85826863	-15.32344472	4.67118327	11.32095780
6.96666667	-17.52513080	28.06769185	23.50061323	-17.78089042	-15.55264171	4.73735668	11.52350384
6.97500000	-17.61919429	28.22341104	23.70772147	-17.87622474	-15.69164770	4.65809693	11.54668515
6.98333333	-17.60713552	28.15822326	23.61197646	-17.79775681	-15.63990278	4.69080811	11.60830125
6.99166667	-17.67850684	28.31550865	23.70327028	-17.92853132	-15.68943930	4.65537799	11.59820173
7.00000000	-17.68313013	28.31395364	23.70043141	-17.93012063	-15.69129176	4.65561877	11.59839536
7.00833333	-17.68270585	28.31430257	23.70034809	-17.93038616	-15.69164092	4.65570620	11.59845826
7.01666667	-17.69091992	28.31152052	23.69364655	-17.93645820	-15.69623959	4.65659394	11.59917749
7.02500000	-17.57454698	28.23222719	23.60429321	-18.05379049	-15.78223898	4.68985137	11.61586882
7.03333333	-17.57526700	28.23283177	23.60438159	-18.05290659	-15.78165395	4.69025639	11.61612828
7.04166667	-17.68606956	28.38775768	23.61833338	-18.11737740	-15.63639202	4.79736415	11.67670068
7.05000000	-17.68280982	28.38797074	23.61763166	-18.11651436	-15.63678246	4.79744278	11.67665731
7.05833333	-17.69765615	28.38521087	23.61224528	-18.11321245	-15.63831012	4.79840187	11.67666622
7.06666667	-17.71077123	28.38759657	23.61764068	-18.09299605	-15.62784180	4.80374793	11.67768277
7.07500000	-17.71176798	28.38738635	23.61746043	-18.09272284	-15.62764731	4.80389618	11.67769281
7.08333333	-17.71223157	28.38740535	23.61718299	-18.09266066	-15.62763067	4.80398708	11.67770806
7.09166667	-17.72796600	28.39269566	23.61729491	-18.09471142	-15.62174719	4.81135975	11.68038581
7.10000000	-17.72721794	28.39318847	23.61719213	-18.09477409	-15.62168605	4.81157410	11.68044630
7.10833333	-17.73254271	28.39332886	23.61349193	-18.11465326	-15.62630515	4.82509221	11.68621163
7.11666667	-17.73326074	28.39290988	23.61283655	-18.11502241	-15.62674305	4.82535378	11.68631412
7.12500000	-17.68130895	28.24958705	23.53572064	-18.04657124	-15.66385686	4.96022167	11.76976585
7.13333333	-17.68152378	28.25011111	23.53507712	-18.04650834	-15.66400180	4.96009696	11.76984196
7.14166667	-17.68177920	28.25105416	23.53450529	-18.04666782	-15.66411214	4.95974411	11.77004252
7.15000000	-17.64280217	28.14212133	23.41498007	-17.98429896	-15.59445222	4.94092666	11.88473629
7.15833333	-17.73326460	28.30711569	23.51742788	-18.07593907	-15.63066034	4.90555117	11.86503952
7.16666667	-17.73327956	28.30679754	23.51794677	-18.07570675	-15.63051066	4.90570775	11.86513648
7.17500000	-17.67211957	28.13622560	23.45826885	-17.94208534	-15.66266636	5.00272344	11.91416794
7.18333333	-17.67200246	28.13657501	23.45867964	-17.94227299	-15.66280727	5.00266366	11.91412939
7.19166667	-17.78702703	28.24975961	23.52329896	-17.91939582	-15.60808263	4.99800015	11.91852778
7.20000000	-17.78664022	28.24964111	23.52358629	-17.91976916	-15.60819819	4.99793641	11.91851378
7.20833333	-17.79065274	28.25244105	23.52225626	-17.93115184	-15.62094160	4.99591976	11.91787884
7.21666667	-17.79112833	28.25238235	23.52185920	-17.93138844	-15.62118351	4.99587265	11.91788157
7.22500000	-17.78870462	28.26038372	23.53440426	-17.94965073	-15.62923247	4.99399062	11.91848740
7.23333333	-17.80546732	28.25499054	23.52806863	-17.95025063	-15.63322282	4.99461521	11.91838642
7.24166667	-17.80512975	28.25572540	23.52796317	-17.94918367	-15.63285401	4.99475196	11.91842621
7.25000000	-17.91435204	28.22956929	23.50196721	-17.75495890	-15.47438780	4.99356426	11.86743110
7.25833333	-17.91692519	28.23070059	23.49952296	-17.75394130	-15.47515212	4.99362415	11.86762244
7.26666667	-17.92458232	28.24678559	23.52694558	-17.75199184	-15.46230780	4.99084971	11.87392671
7.27500000	-17.92473782	28.24653986	23.52727620	-17.75181694	-15.46231563	4.99079741	11.87395716
7.28333333	-17.93723398	28.25461917	23.53994923	-17.74550452	-15.45896015	4.98716137	11.87456968
7.29166667	-17.97227207	28.25689876	23.52422314	-17.72480313	-15.44176828	4.98384949	11.87679243
7.30000000	-17.97420857	28.25644936	23.52315603	-17.72444775	-15.44092104	4.98374032	11.87688764
7.30833333	-18.06026422	28.29422824	23.41728459	-17.63970153	-15.14300036	4.94136368	11.88360123
7.31666667	-18.05142062	28.30131926	23.41806702	-17.63729036	-15.14271452	4.94121891	11.88244990
7.32500000	-18.05183058	28.30153962	23.41713671	-17.63732282	-15.14289539	4.94123939	11.88231518
7.33333333	-18.05551194	28.31231489	23.40517614	-17.63763484	-15.13775482	4.94299285	11.87957204
7.34166667	-18.05608990	28.31214760	23.40402089	-17.63765883	-15.13720303	4.94308225	11.87953562
7.35000000	-18.06669746	28.31732563	23.37389300	-17.63872101	-15.10988963	4.94551006	11.87956251
7.35833333	-18.07622619	28.31971558	23.27811906	-17.62116656	-14.93491138	4.97014687	11.89067349
7.36666667	-18.08512087	28.32807587	23.27122478	-17.62385048	-14.92465514	4.97163053	11.88957837
7.37500000	-18.09406471	28.33169220	23.26121626	-17.65058176	-14.88494552	4.95240479	11.88682765