0.00000000	-16.72421876	24.02554233	24.19847054	-11.29106157	-11.60364259	2.52858518	4.78970659
0.00833333	-16.82981025	24.15837316	24.36483968	-11.29419945	-11.69164314	2.55229263	4.83242097
0.01666667	-16.84044140	24.16269899	24.35975631	-11.26935071	-11.70922865	2.45316501	4.82049561
0.02500000	-16.86372815	24.22889477	24.39412289	-11.37563028	-11.72253334	2.52786373	4.85296879
0.03333333	-16.87842192	24.24062195	24.40737595	-11.38349294	-11.72938948	2.56370920	4.86299440
0.04166667	-16.87205606	24.22882784	24.39303927	-11.38617745	-11.73361583	2.57280668	4.86906860
0.05000000	-16.80024788	24.14074514	24.29790578	-11.37135460	-11.71637752	2.55304650	4.84928947
0.05833333	-16.83148517	24.19179776	24.33547714	-11.39842044	-11.76331789	2.60302564	4.90117190
0.06666667	-16.80780520	24.15737370	24.30025898	-11.38263860	-11.76089226	2.58835550	4.90739704
0.07500000	-16.82600935	24.19185148	24.32969640	-11.42500386	-11.80008583	2.61734590	4.94407393
0.08333333	-16.81365276	24.16093126	24.29348213	-11.39852467	-11.79526137	2.60708768	4.94853469
0.09166667	-16.78584058	24.11618585	24.23546986	-11.37966696	-11.79543458	2.59454634	4.94351095
0.10000000	-16.84223030	24.19017190	24.34576985	-11.43070939	-11.89206045	2.66642544	4.99219687
0.10833333	-16.87130876	24.15583354	24.33751428	-11.36022923	-11.84451500	2.68644898	5.01841033
0.11666667	-16.86888607	24.14019305	24.33368152	-11.34801929	-11.85637126	2.67271136	5.02267776
0.12500000	-16.71463982	23.95384903	24.11956730	-11.31138350	-11.80464017	2.61699385	4.96982946
0.13333333	-16.75593314	24.00021171	24.16333763	-11.33163454	-11.82704543	2.66823891	5.01361896
0.14166667	-16.80893054	24.06219333	24.18294927	-11.35955403	-11.81571733	2.69213340	5.05662153
0.15000000	-16.84850183	24.10930726	24.21403918	-11.37007570	-11.83024610	2.70810137	5.07976344
0.15833333	-16.81498068	24.05449473	24.19895492	-11.33553000	-11.85795801	2.66736120	5.05288932
0.16666667	-16.80084998	24.03682937	24.18272583	-11.33127455	-11.86785504	2.66075721	5.06111375
0.17500000	-16.82725856	24.04399217	24.17614724	-11.32205682	-11.85447479	2.68587986	5.09101722
0.18333333	-16.83364356	24.03849599	24.16956604	-11.31079999	-11.84556045	2.68466857	5.08865141
0.19166667	-16.75924148	23.94419393	24.03512087	-11.29740280	-11.80523967	2.66369680	5.06662816
0.20000000	-16.80401895	24.07202983	24.17495732	-11.43169069	-11.95384517	2.73060803	5.11008572
0.20833333	-16.84184055	24.04513974	24.13384734	-11.35227762	-11.85388566	2.74786842	5.14557563
0.21666667	-16.81109080	23.98977704	24.08521253	-11.31920539	-11.84450131	2.70126372	5.12310650
0.22500000	-16.84850789	24.03742328	24.11629476	-11.35550348	-11.86093649	2.73963796	5.17367755
0.23333333	-16.86549071	24.05238741	24.13377261	-11.34823934	-11.87294685	2.74704379	5.19344765
0.24166667	-16.67591644	23.79718743	23.88627211	-11.29942910	-11.82622518	2.74595056	5.17190411
0.25000000	-16.74497300	23.88523089	23.97215528	-11.33345452	-11.86203811	2.79616854	5.22302401
0.25833333	-16.78790065	23.90590329	24.00398002	-11.30200806	-11.85157107	2.78134762	5.21790537
0.26666667	-16.83333560	23.96486922	24.05823779	-11.32665237	-11.87783938	2.80157378	5.24449516
0.27500000	-16.84149210	23.95805369	24.06570447	-11.30517260	-11.89027793	2.78467729	5.22526426
0.28333333	-16.79428780	23.89851729	23.99381907	-11.28476933	-11.87294582	2.74877337	5.18708076
0.29166667	-16.84489220	23.94674390	24.04743774	-11.30038073	-11.87876544	2.79238528	5.22114834
0.30000000	-16.72655734	23.78755461	23.89165035	-11.25964982	-11.85443006	2.76067600	5.21822439
0.30833333	-16.77678565	23.85254100	23.95963266	-11.28873076	-11.87731874	2.79720947	5.24139677
0.31666667	-16.82866918	23.91723292	24.02149731	-11.31772969	-11.89971811	2.81843991	5.26218195
0.32500000	-16.85424048	23.93910274	24.03990542	-11.30861420	-11.89434172	2.79906301	5.24239087
0.33333333	-16.89915428	23.97380406	24.08824078	-11.31781009	-11.90317092	2.82803495	5.26075223
0.34166667	-16.90663717	23.94994276	24.09834261	-11.27519938	-11.89989446	2.80859326	5.23405526
0.35000000	-16.93019058	23.98518034	24.11302177	-11.29374228	-11.89957958	2.81958802	5.25136981
0.35833333	-16.96522809	24.01612773	24.14484519	-11.30022936	-11.90173348	2.84343776	5.26870668
0.36666667	-16.98698948	24.03416050	24.16640436	-11.30304849	-11.90897697	2.85287139	5.27616839
0.37500000	-16.82099347	23.81169713	23.92487941	-11.24254688	-11.82804308	2.81213421	5.20762225
0.38333333	-16.88272450	23.86028151	23.99654196	-11.23988620	-11.84317126	2.85349816	5.24719836
0.39166667	-16.92937743	23.91283191	24.04697311	-11.26090899	-11.85592916	2.86106332	5.27120333
0.40000000	-16.92914826	23.88043086	24.04415853	-11.21183674	-11.85054114	2.82751169	5.24662147
0.40833333	-16.98753661	23.93921059	24.10722945	-11.22948968	-11.86856823	2.87847690	5.29390505
0.41666667	-16.71892058	23.59271892	23.73778671	-11.13875359	-11.73936328	2.80370763	5.20876493
0.42500000	-16.80198753	23.69618614	23.85263563	-11.18516237	-11.80343979	2.87463449	5.25502981
0.43333333	-16.86238325	23.71589606	23.89379786	-11.13880218	-11.76605240	2.86178887	5.24441571
0.44166667	-16.92424315	23.79991848	23.96342675	-11.18658588	-11.78547415	2.89310565	5.28381137
0.45000000	-16.96324885	23.82934569	23.99374774	-11.17930008	-11.78345401	2.88545108	5.27644879
0.45833333	-16.97305788	23.83136739	23.98030879	-11.17692592	-11.76493197	2.88224593	5.27162987
0.46666667	-17.03326256	23.95614464	24.11278576	-11.28743033	-11.88536631	2.94817932	5.31810999
0.47500000	-17.07253832	23.92440744	24.07526758	-11.20657589	-11.77907710	2.95868782	5.33600320
0.48333333	-17.08800223	23.91958367	24.06647413	-11.19118450	-11.75782405	2.94326263	5.32874428
0.49166667	-17.14178206	24.04476931	24.18892552	-11.30754765	-11.87831464	3.00139647	5.36914981
0.50000000	-17.13075542	23.96991914	24.08405378	-11.22266360	-11.75411359	2.96406936	5.35166437
0.50833333	-17.12333249	23.95898382	24.07679198	-11.23216258	-11.75969319	2.97898159	5.36557010
0.51666667	-17.12050506	23.92652951	24.02272317	-11.20419277	-11.71735371	2.95534353	5.35716805
0.52500000	-17.16518743	24.04934387	24.14189545	-11.32258813	-11.84423199	3.01530723	5.40237207
0.53333333	-17.13861977	23.94023218	24.01827869	-11.21102815	-11.71658080	2.95235206	5.37339822
0.54166667	-17.18656270	24.00218831	24.07464081	-11.25235365	-11.74802664	3.00389579	5.42296777
0.55000000	-17.06817611	23.80976310	23.88449651	-11.13194923	-11.67474346	2.89884144	5.35477910
0.55833333	-17.13656388	23.94029142	24.02236669	-11.23850467	-11.79455735	2.96451479	5.40164061
0.56666667	-17.17231899	23.91158449	23.98635101	-11.15284652	-11.69302090	2.93951099	5.40565250
0.57500000	-17.23271498	24.03969284	24.12031736	-11.26665860	-11.82129443	2.99902291	5.44904479
0.58333333	-17.16414057	23.88754530	23.93456085	-11.15909529	-11.67283551	2.91535471	5.40253125
0.59166667	-17.22618102	23.94934816	24.00595538	-11.17477272	-11.69981907	2.97303727	5.44963912
0.60000000	-17.27054655	23.97947134	24.04441811	-11.17055003	-11.70071780	2.98860317	5.47263134
0.60833333	-17.20020328	23.87257605	23.95817337	-11.13407574	-11.70177831	2.94438943	5.46804646
0.61666667	-17.24772501	23.92462714	24.01148902	-11.14933538	-11.72490459	2.97955137	5.49158582
0.62500000	-17.30248856	23.98421039	24.08030174	-11.17621514	-11.76189612	3.01936049	5.53011786
0.63333333	-17.32062229	23.99631007	24.10324786	-11.17557914	-11.77955796	3.00077146	5.53097236
0.64166667	-17.36824635	24.12782373	24.23940716	-11.30493698	-11.92781677	3.05664202	5.57097976
0.65000000	-17.39279060	24.08441390	24.20964775	-11.21658345	-11.85425072	3.05329407	5.60433650
0.65833333	-17.32390781	23.98363590	24.13199459	-11.18862790	-11.86720722	2.99711029	5.58782655
0.66666667	-17.36400253	24.10306650	24.26074545	-11.31597342	-12.01713645	3.06049952	5.62742660
0.67500000	-17.39446618	24.08880891	24.25937689	-11.26055405	-11.98189486	3.09227367	5.67542900
0.68333333	-17.39684400	24.08405663	24.27981678	-11.26021755	-12.01534323	3.09017766	5.69406156
0.69166667	-17.41609893	24.11849555	24.32676623	-11.28758855	-12.08237472	3.11409245	5.72263673
0.70000000	-17.29380922	23.95888980	24.19528406	-11.26019984	-12.09971469	3.04435118	5.70498613
0.70833333	-17.32927835	24.07824278	24.33273089	-11.39701618	-12.26386883	3.11000858	5.74403520
0.71666667	-17.36412388	24.07189323	24.32298132	-11.34059717	-12.21886485	3.14705210	5.80239682
0.72500000	-17.34063735	23.97484920	24.30921299	-11.26549503	-12.24528668	3.14223157	5.80482642
0.73333333	-17.36090345	24.12209577	24.44809026	-11.47382222	-12.42537369	3.18903309	5.83872124
0.74166667	-17.37093870	24.08902262	24.37449687	-11.41889331	-12.31395929	3.19519178	5.89105987
0.75000000	-17.35781512	24.10066243	24.34109574	-11.45367573	-12.31079334	3.18957478	5.90878305
0.75833333	-17.38871321	24.21957402	24.47134265	-11.59493887	-12.47557946	3.23856666	5.92911341
0.76666667	-17.42806039	24.18194123	24.43607624	-11.50425948	-12.38877668	3.26857020	5.96050825
0.77500000	-17.39058050	24.14857146	24.34939281	-11.51818481	-12.32928420	3.22036438	5.94365713
0.78333333	-17.31999989	24.08458679	24.24459112	-11.53987709	-12.32102537	3.21820696	5.93251593
0.79166667	-17.04220691	23.74183202	23.91170626	-11.51587462	-12.31307108	3.25353218	6.02446576
0.80000000	-17.09334179	23.83455271	23.95436604	-11.60460173	-12.31585431	3.31103873	6.05225359
0.80833333	-17.06810710	23.89056592	23.88874304	-11.71640725	-12.28096399	3.30468483	6.02753226
0.81666667	-17.09597152	23.95500911	23.90870465	-11.77751191	-12.28038548	3.34865074	6.05284340
0.82500000	-17.15461222	24.03766163	23.97335373	-11.80846456	-12.31820846	3.39330274	6.08215191
0.83333333	-17.18654669	24.04512237	23.97861070	-11.79594977	-12.26878231	3.39428604	6.08771209
0.84166667	-17.19799249	24.05187741	23.96987319	-11.79562629	-12.25736541	3.37976277	6.07214859
0.85000000	-17.15430718	24.01237293	23.86974285	-11.79323137	-12.19026575	3.33088261	6.03535661
0.85833333	-17.19387165	24.03139674	23.89987278	-11.79916809	-12.18396217	3.37591655	6.05334170
0.86666667	-17.21130309	24.05260004	23.90281682	-11.80099343	-12.15101969	3.37400350	6.04865174
0.87500000	-17.25805780	24.10688632	23.96802363	-11.81604528	-12.19347635	3.41327981	6.06712044
0.88333333	-17.29551181	24.14886153	24.00260439	-11.83595410	-12.19068414	3.42661277	6.07834051
0.89166667	-17.31750857	24.16822859	24.01236815	-11.84179201	-12.17035086	3.42582093	6.07875797
0.90000000	-17.36615074	24.25169904	24.10519191	-11.90352009	-12.24231475	3.45797756	6.09483594
0.90833333	-17.03574954	23.78188445	23.59529727	-11.76576952	-11.99641534	3.37633199	5.99999374
0.91666667	-17.10807046	23.87722372	23.67556176	-11.79484966	-12.00221176	3.43700465	6.02811664
0.92500000	-17.15960378	23.91494194	23.72807086	-11.78819692	-11.98289555	3.43694913	6.02007425
0.93333333	-17.21267709	23.96432517	23.77829644	-11.78523454	-11.97185428	3.43181239	6.01406482
0.94166667	-17.23916360	24.00503511	23.80192789	-11.79831539	-11.96721831	3.40263515	5.99428050
0.95000000	-17.29362468	24.06642463	23.85190619	-11.82233912	-11.96638233	3.42691544	6.01333070
0.95833333	-17.32030728	24.09712906	23.89637595	-11.82934613	-11.96939994	3.43013775	6.00358299
0.96666667	-17.34673999	24.11388648	23.93180542	-11.81501274	-11.97485074	3.43039044	5.99390477
0.97500000	-17.39716681	24.17709846	23.99772469	-11.83078402	-12.00430755	3.46292699	6.01685056
0.98333333	-17.22106629	23.92769530	23.74169718	-11.74037493	-11.87855170	3.38718601	5.90808756
0.99166667	-17.29282159	24.01625769	23.83359833	-11.76684232	-11.90317411	3.42132432	5.94889341
1.00000000	-17.35595254	24.09157179	23.92858073	-11.77584031	-11.94591870	3.45293934	5.97192292
1.00833333	-17.40134256	24.11516457	23.96149189	-11.76260780	-11.91726055	3.43295420	5.96437890
1.01666667	-17.41598419	24.11920711	23.99392705	-11.74587261	-11.92345894	3.41584167	5.94077290
1.02500000	-17.42848427	24.12085098	24.02164881	-11.73012980	-11.93046969	3.41503800	5.92625131
1.03333333	-17.48476977	24.17843982	24.09930636	-11.74212554	-11.95923765	3.45692949	5.95783457
1.04166667	-17.26030000	23.86186590	23.79708133	-11.62240979	-11.83956196	3.35464415	5.86791744
1.05000000	-17.32044919	23.93365079	23.86730142	-11.64852311	-11.85326442	3.39491914	5.89961038
1.05833333	-17.37095780	23.98552948	23.95039841	-11.64577511	-11.88777934	3.37408364	5.89460021
1.06666667	-17.43242657	24.05701360	24.03575121	-11.66409179	-11.92255965	3.42203324	5.93023672
1.07500000	-17.47133733	24.08938217	24.08991433	-11.65928722	-11.92535257	3.41963928	5.93212465
1.08333333	-17.51564506	24.20778652	24.21364149	-11.75418794	-12.04395715	3.45872072	5.95744219
1.09166667	-17.52815199	24.18761684	24.19159099	-11.70733333	-11.97619272	3.42640326	5.95862476
1.10000000	-17.49129013	24.14553153	24.14152471	-11.69367810	-11.96221637	3.36894118	5.92003049
1.10833333	-17.52139529	24.19730924	24.19657543	-11.72924053	-11.99678159	3.41164858	5.95395687
1.11666667	-17.54778153	24.23549684	24.24415765	-11.74125139	-12.02831635	3.43399005	5.96706379
1.12500000	-17.56971875	24.26234965	24.24263732	-11.74949106	-11.99262010	3.42034255	5.97341227
1.13333333	-17.46894913	24.13777612	24.15257883	-11.70868555	-11.99593932	3.34935887	5.90692353
1.14166667	-17.23965992	23.85050491	23.87525861	-11.64359870	-11.96452807	3.33217627	5.94667953
1.15000000	-17.29120569	23.97804970	24.01513860	-11.74954814	-12.08892495	3.38929195	5.97909732
1.15833333	-17.30774682	23.94618220	23.98871406	-11.68219269	-12.01169454	3.36039493	5.96292096
1.16666667	-17.34397449	24.00531422	24.03569868	-11.71786794	-12.02350756	3.38312879	5.99638097
1.17500000	-17.35819658	24.04463836	24.07926097	-11.74784300	-12.05289924	3.38622403	6.00736900
1.18333333	-17.36797517	24.08135826	24.11165534	-11.78110028	-12.07545166	3.39040169	6.01821637
1.19166667	-17.36657058	24.06925338	24.11055175	-11.76244328	-12.07826555	3.36861532	6.00342353
1.20000000	-17.38174375	24.09575682	24.13037860	-11.77964950	-12.08451794	3.38016502	6.01675244
1.20833333	-17.04764523	23.67274919	23.68709415	-11.66669399	-11.96615230	3.27520796	5.96203467
1.21666667	-17.10313244	23.73356135	23.78747739	-11.68378910	-12.01341851	3.32928127	5.96597007
1.22500000	-17.15752812	23.82074579	23.86694601	-11.72284355	-12.04779286	3.36057217	5.99630899
1.23333333	-17.19566077	23.88791019	23.93141864	-11.75833435	-12.07337452	3.37040916	6.00881364
1.24166667	-17.20130096	23.90120862	23.93805221	-11.75748830	-12.07243287	3.33755045	5.97786284
1.25000000	-17.24450692	23.99125566	24.01881224	-11.82211845	-12.12236783	3.38637166	6.01359391
1.25833333	-17.21976352	23.95703428	23.97671305	-11.80210427	-12.08737797	3.34116370	5.96710874
1.26666667	-17.26534822	24.04284996	24.05190777	-11.85641466	-12.12951329	3.39221691	6.00789561
1.27500000	-17.28964104	24.06926088	24.07035009	-11.86391042	-12.11439145	3.39598264	6.01244385
1.28333333	-17.30444452	24.09370943	24.08368395	-11.87146809	-12.09551577	3.38597451	6.00649354
1.29166667	-17.31215691	24.11344846	24.09318266	-11.88122668	-12.08733302	3.37742257	5.99758910
1.30000000	-17.33849474	24.14104139	24.13494642	-11.88331678	-12.09910426	3.39038387	6.00299911
1.30833333	-17.07115145	23.76427711	23.78490411	-11.74894189	-12.00150488	3.31092875	5.95756768
1.31666667	-17.13109516	23.87670977	23.89122162	-11.81630372	-12.05624881	3.35798778	5.99821151
1.32500000	-17.17313837	23.93389765	23.93445861	-11.82046379	-12.04726177	3.34132400	5.98266977
1.33333333	-17.22158950	23.99770708	23.99814121	-11.83956048	-12.06043308	3.36474980	6.00077937
1.34166667	-17.27802436	24.09195568	24.10929875	-11.87728803	-12.14436764	3.40705071	6.02143396
1.35000000	-17.29712232	24.05045801	24.09391914	-11.79384310	-12.07322167	3.33876262	5.97106070
1.35833333	-17.34252104	24.13471741	24.18464333	-11.84933021	-12.13869374	3.37969694	6.00544188
1.36666667	-17.30588752	24.06903748	24.10191864	-11.78664232	-12.04481663	3.29628213	5.95156275
1.37500000	-17.35959574	24.11162875	24.16438233	-11.77688524	-12.04982832	3.33737103	5.97814421
1.38333333	-17.37489614	24.12010412	24.18238431	-11.75164207	-12.03448856	3.31619034	5.96640389
1.39166667	-17.29613175	24.02587354	24.06307108	-11.72890887	-11.97138007	3.28982549	5.92246847
1.40000000	-17.34541817	24.07945690	24.12337790	-11.72635188	-11.97597855	3.30278697	5.93353907
1.40833333	-17.39893629	24.15222331	24.19840588	-11.73803905	-11.98550704	3.33425791	5.96792640
1.41666667	-17.39317072	24.14171765	24.20389873	-11.72271375	-11.99084385	3.29248295	5.93547378
1.42500000	-17.40050683	24.16048684	24.18940334	-11.73420339	-11.96237073	3.26856973	5.91705338
1.43333333	-17.44565892	24.22176796	24.24864173	-11.75611706	-11.97447513	3.30733451	5.94669682
1.44166667	-17.44533110	24.20940945	24.24339779	-11.72199812	-11.95492891	3.26393413	5.90401041
1.45000000	-17.48720279	24.34361260	24.38746509	-11.86174629	-12.11193951	3.31711775	5.93484533
1.45833333	-17.49097760	24.27480149	24.29539971	-11.72836040	-11.94725967	3.25192286	5.89619310
1.46666667	-17.26062719	23.98765529	23.98602649	-11.65442210	-11.85819966	3.23030398	5.83945335
1.47500000	-17.32998359	24.08604469	24.06822945	-11.69051633	-11.85552400	3.26738473	5.88002712
1.48333333	-17.37709027	24.13888583	24.12903201	-11.68938818	-11.86847431	3.24623794	5.87155468
1.49166667	-17.43047313	24.20858153	24.19369220	-11.70990163	-11.87365059	3.26649948	5.89856816
1.50000000	-17.47756854	24.26409859	24.24634611	-11.71204659	-11.86030347	3.26619625	5.90622546
1.50833333	-17.40943318	24.19205828	24.16101174	-11.69745202	-11.84979073	3.20567716	5.83817075
1.51666667	-17.46116905	24.31195202	24.29444709	-11.79403352	-11.95586125	3.26267045	5.87418780
1.52500000	-17.50817361	24.28969256	24.27436913	-11.68073445	-11.83192077	3.25264397	5.88283464
1.53333333	-17.53872880	24.33620702	24.32266095	-11.70569272	-11.84506858	3.25431940	5.89223971
1.54166667	-17.55391544	24.34359592	24.32651866	-11.68806326	-11.82289523	3.22732002	5.87237035
1.55000000	-17.56487676	24.35279117	24.33147666	-11.67601436	-11.81298078	3.21869927	5.85662182
1.55833333	-17.45634066	24.22159578	24.18072912	-11.65909341	-11.75043812	3.18888449	5.79919903
1.56666667	-17.50895077	24.34550406	24.32159859	-11.76132239	-11.88444179	3.24505739	5.82982832
1.57500000	-17.56336029	24.34102343	24.30914751	-11.66670432	-11.76199268	3.23803836	5.83775489
1.58333333	-17.56399744	24.33736199	24.29164142	-11.64355261	-11.72773580	3.18600307	5.80072480
1.59166667	-17.58708285	24.36478316	24.31420693	-11.65449401	-11.72687325	3.20758696	5.81393203
1.60000000	-17.62298906	24.50331619	24.46829610	-11.81241040	-11.89638613	3.25513170	5.83857902
1.60833333	-17.66543920	24.47999579	24.41387844	-11.70591434	-11.74189546	3.24687774	5.85255352
1.61666667	-17.63844785	24.43334383	24.36281000	-11.66963346	-11.70254891	3.18756597	5.79446317
1.62500000	-17.60671022	24.39401716	24.30915174	-11.65922501	-11.67036712	3.18871342	5.77811897
1.63333333	-17.62524983	24.43012795	24.34174379	-11.69161939	-11.69231618	3.22359935	5.80650241
1.64166667	-17.66402045	24.49543597	24.40169384	-11.71110877	-11.72371682	3.26156756	5.83155364
1.65000000	-17.63442855	24.43822766	24.33655876	-11.68398882	-11.66010353	3.21001315	5.78424194
1.65833333	-17.44954592	24.21838164	24.09015481	-11.65321092	-11.59442318	3.18627948	5.74830259
1.66666667	-17.51938704	24.34668504	24.22691214	-11.72913592	-11.69226275	3.25077320	5.79768291
1.67500000	-17.55238386	24.35339953	24.22372294	-11.68434632	-11.61869630	3.20152224	5.77366716
1.68333333	-17.57046785	24.37896618	24.24747688	-11.69297622	-11.62122204	3.21640048	5.78845224
1.69166667	-17.61209063	24.44224122	24.30726218	-11.72794818	-11.63793120	3.24249962	5.81798899
1.70000000	-17.66649363	24.55533708	24.43678739	-11.80043467	-11.75479451	3.29458650	5.85009715
1.70833333	-17.69614211	24.55506371	24.42473144	-11.76015983	-11.67188331	3.26045724	5.83562846
1.71666667	-17.70784193	24.57729275	24.44140161	-11.77361634	-11.67403619	3.25609295	5.83204673
1.72500000	-17.30051970	24.02812254	23.89715198	-11.59747065	-11.50979462	3.21376811	5.73160931
1.73333333	-17.37856945	24.15396626	24.01237040	-11.65337897	-11.56391758	3.18719634	5.75706589
1.74166667	-17.45853927	24.27017117	24.13401344	-11.70696269	-11.63798650	3.25050900	5.80609680
1.75000000	-17.47990242	24.29229026	24.15867227	-11.69813222	-11.61833830	3.21530949	5.78151167
1.75833333	-17.39243298	24.18272258	24.05519129	-11.68975110	-11.60126212	3.19246582	5.77880189
1.76666667	-17.45972942	24.28032939	24.16145935	-11.73493264	-11.64603196	3.24174859	5.81410687
1.77500000	-17.48457118	24.32158770	24.19095426	-11.73979352	-11.64753586	3.22000299	5.79569572
1.78333333	-17.51152002	24.35234909	24.23078306	-11.75272097	-11.65945393	3.24181809	5.81268651
1.79166667	-17.55657837	24.48766244	24.38351009	-11.88270518	-11.82261905	3.29044940	5.83872657
1.80000000	-17.40533081	24.21142467	24.09614678	-11.70159504	-11.61432297	3.21361305	5.74053423
1.80833333	-17.30967471	24.10817435	23.96067063	-11.70084294	-11.57551344	3.19497296	5.72016601
1.81666667	-17.35646732	24.15679984	24.03392856	-11.69929400	-11.60019013	3.20843678	5.73837898
1.82500000	-17.41848412	24.23193858	24.11849136	-11.72350506	-11.62533232	3.24380745	5.77345799
1.83333333	-17.43462156	24.26428774	24.14422609	-11.73481116	-11.63616595	3.22344551	5.76496618
1.84166667	-17.32169577	24.12046531	23.97935115	-11.70437020	-11.58468177	3.21310372	5.72559153
1.85000000	-17.36594854	24.16373256	24.05715608	-11.69633454	-11.61723641	3.23082110	5.75310721
1.85833333	-17.40903467	24.23341923	24.13689920	-11.73805243	-11.65608096	3.25409856	5.79517568
1.86666667	-17.45375798	24.26477642	24.19796946	-11.72146422	-11.66836354	3.26101075	5.81679419
1.87500000	-17.46802490	24.28717548	24.24302588	-11.73506505	-11.70422759	3.24936060	5.81816258
1.88333333	-17.14846545	23.87979710	23.81324994	-11.65286733	-11.55709100	3.23770861	5.73130396
1.89166667	-17.24568729	24.00048906	23.94820308	-11.69230712	-11.59409269	3.29833999	5.77819780
1.90000000	-17.31881072	24.08822026	24.06388885	-11.70709656	-11.64245132	3.32471124	5.80377785
1.90833333	-17.38452881	24.20388351	24.21316108	-11.75879544	-11.75745755	3.37375270	5.83783482
1.91666667	-17.33513920	24.09965547	24.15020480	-11.70316640	-11.72184983	3.29727057	5.80691028
1.92500000	-17.38933361	24.16175227	24.25630856	-11.71986629	-11.78699889	3.35187016	5.84687365
1.93333333	-17.42150809	24.28275430	24.38578038	-11.82204008	-11.92891647	3.38503543	5.87877132
1.94166667	-17.08056157	23.84166536	23.91762290	-11.72752353	-11.74567919	3.33518452	5.78617977
1.95000000	-17.14153062	23.92504799	24.05086099	-11.77129741	-11.86466441	3.37451386	5.83894254
1.95833333	-17.19407098	23.96456406	24.16214829	-11.77552806	-11.95572792	3.39825110	5.88132954
1.96666667	-17.20633426	23.97269624	24.23057462	-11.79073561	-12.03665254	3.38537733	5.92653182
1.97500000	-17.15676698	23.92011707	24.27274833	-11.80739160	-12.17171399	3.35171596	5.98753577
1.98333333	-17.17120308	23.90293002	24.37097739	-11.81422594	-12.31220359	3.42571445	6.04807449
1.99166667	-17.18661740	23.89534728	24.48339792	-11.83795834	-12.46845411	3.49234483	6.12574845
2.00000000	-17.15718678	23.90585504	24.56005956	-11.92550819	-12.63276613	3.53069484	6.23137232
2.00833333	-17.10785547	23.88213053	24.62843044	-12.00347536	-12.80964303	3.57862350	6.32510237
2.01666667	-17.09509668	24.00773285	24.79128224	-12.26055972	-13.08122012	3.62491791	6.34516540
2.02500000	-16.85992156	23.69554557	24.56086704	-12.18009984	-13.06493891	3.61197669	6.48059718
2.03333333	-16.83699355	23.82316661	24.71590036	-12.44302430	-13.32367509	3.65960223	6.48519167
2.04166667	-16.75839764	23.73682098	24.61364093	-12.46490234	-13.29969317	3.73914310	6.55822135
2.05000000	-16.56360618	23.50746920	24.44834120	-12.35709586	-13.30878457	3.49709381	6.42658885
2.05833333	-16.50438576	23.52656269	24.50218435	-12.55250569	-13.46917464	3.64067336	6.50132874
2.06666667	-16.42177931	23.50606239	24.54710962	-12.74242186	-13.65327140	3.79011666	6.60581524
2.07500000	-16.32338983	23.48807985	24.57500276	-12.95995317	-13.83760948	3.91841836	6.71454842
2.08333333	-16.13391101	23.31075662	24.46096963	-13.03047024	-13.91569125	3.81865345	6.66780744
2.09166667	-16.07701162	23.37188879	24.53638270	-13.29910566	-14.11815945	3.99828969	6.79144293
2.10000000	-16.02268525	23.50224952	24.65709289	-13.68061990	-14.40068805	4.03816866	6.80100422
2.10833333	-15.86392932	23.30522328	24.47228959	-13.62180596	-14.40413016	3.92689759	6.97287456
2.11666667	-15.78924717	23.44279608	24.59641033	-14.04364912	-14.70155261	3.96825059	6.97769713
2.12500000	-15.52345931	23.20211083	24.34862705	-14.18166627	-14.71035336	4.01145927	7.11494523
2.13333333	-15.44265587	23.34397210	24.44191704	-14.63386540	-15.00712615	4.05275985	7.11980439
2.14166667	-15.27182767	23.34767783	24.30806330	-15.08758296	-15.06549784	4.46826523	7.37312706
2.15000000	-15.17287061	23.47636751	24.38057641	-15.56054868	-15.36853739	4.48951396	7.37285168
2.15833333	-14.76547503	23.11151701	23.90662075	-15.70485369	-15.30581772	4.26809446	7.51425788
2.16666667	-14.64553859	23.24344606	23.86147167	-16.28979205	-15.45775999	4.56230984	7.64597393
2.17500000	-14.40492301	23.19353062	23.64840614	-16.70828819	-15.54855183	4.41618014	7.69837733
2.18333333	-14.26600969	23.38436773	23.56234500	-17.41775164	-15.70132517	4.68944486	7.86354417
2.19166667	-14.09395480	23.52818555	23.46178891	-17.96780543	-15.86388144	4.39242457	8.00963285
2.20000000	-13.90326497	23.73331067	23.26632397	-18.78623622	-15.95432789	4.59689364	8.11076592
2.20833333	-13.60894659	23.79645796	22.94793758	-19.48312220	-16.02828917	4.38308033	8.18472754
2.21666667	-13.44747083	24.13677992	22.83670138	-20.44971319	-16.19138456	4.54599268	8.33262007
2.22500000	-13.15559358	24.26669194	22.49419409	-21.27284447	-16.27542155	4.30984158	8.39116125
2.23333333	-12.88481759	24.46359751	22.21598901	-22.14720495	-16.41551061	4.08351100	8.56643736
2.24166667	-12.68966228	24.81513648	22.00237203	-23.21351736	-16.54232185	4.15270616	8.78711286
2.25000000	-12.45490771	25.14112569	21.75439337	-24.31202417	-16.66905349	4.10596181	8.94552596
2.25833333	-12.21542127	25.44916258	21.40553430	-25.30368998	-16.66325389	3.49580194	8.94113531
2.26666667	-12.06892389	25.96968468	21.19928611	-26.51676239	-16.71391742	3.38860924	9.09151051
2.27500000	-11.80505426	26.37882877	20.85515908	-27.71043567	-16.75718789	2.68510296	9.13870738
2.28333333	-11.52723713	26.81253398	20.58568476	-28.99060507	-16.87751819	2.39836902	9.26890783
2.29166667	-11.20810570	27.29862984	20.20972890	-30.36730613	-16.92633389	1.69167712	9.42977368
2.30000000	-10.86341909	27.76975636	19.90215124	-31.72981925	-17.04336527	1.27896606	9.47571141
2.30833333	-10.50383785	28.28891465	19.53996599	-33.19232268	-17.14997616	0.63793623	9.61094845
2.31666667	-10.00105681	28.63604254	18.84500132	-34.56123670	-17.05445987	-0.72690234	9.75575843
2.32500000	-9.52215894	29.00687755	18.28064565	-35.89068651	-17.08172057	-1.82297838	9.85720047
2.33333333	-9.19219532	29.55525869	17.89187530	-37.28887189	-17.07508261	-2.23192190	9.88541625
2.34166667	-8.67774547	29.88082663	17.31606299	-38.53707893	-17.23907957	-3.98077975	10.22715011
2.35000000	-8.40861126	30.49937014	17.00533293	-39.96420135	-17.29943928	-4.61501497	10.32399619
2.35833333	-8.11180247	31.08778854	16.68788942	-41.32524560	-17.38221470	-5.24144913	10.40397273
2.36666667	-7.74537751	31.59339566	16.27566472	-42.58881636	-17.41485918	-5.86557667	10.47778880
2.37500000	-7.17414181	31.78434549	15.63325883	-43.63688606	-17.46114302	-6.72576897	10.59158491
2.38333333	-6.87629771	32.29240571	15.30233220	-44.72307174	-17.53270441	-6.98287649	10.69455815
2.39166667	-6.58397757	32.73707363	14.99228858	-45.64782299	-17.61489831	-7.10326348	10.75553314
2.40000000	-6.24523283	33.03436798	14.58858534	-46.38655687	-17.62183203	-7.38989248	10.88127284
2.40833333	-6.02405537	33.43999174	14.32330350	-46.99928932	-17.64007537	-7.37446600	10.90099029
2.41666667	-5.54140156	33.41543651	13.85153580	-47.24319323	-17.79882973	-8.54327325	11.10198373
2.42500000	-5.35561550	33.71313194	13.69212665	-47.55912098	-17.92535919	-8.59867483	11.23869229
2.43333333	-5.20561909	33.98211789	13.55689827	-47.69450707	-18.02185150	-8.86014682	11.36305825
2.44166667	-5.06389244	34.32120345	13.37025784	-47.87093483	-18.06018137	-8.77957651	11.37820536
2.45000000	-4.85157280	34.37577138	13.24213262	-47.64467323	-18.29279958	-9.97585461	11.52063093
2.45833333	-4.72746839	34.57451860	13.10651900	-47.51887372	-18.38604382	-9.83233679	11.57187458
2.46666667	-4.68029786	34.83647437	13.00075616	-47.23715571	-18.39967901	-9.78916561	11.59924345
2.47500000	-4.34756679	34.57965307	12.69363734	-46.71130452	-18.48150732	-10.32707562	11.81217562
2.48333333	-4.22182139	34.65236721	12.51380147	-46.23145965	-18.52258162	-10.49744980	11.83069825
2.49166667	-3.92652917	34.39137880	12.14369690	-45.47882630	-18.47960201	-11.28283667	11.91724159
2.50000000	-3.69076815	34.21191653	11.77779147	-44.70851081	-18.41500068	-12.06208575	11.93593484
2.50833333	-3.70501725	34.31070152	11.68481150	-43.95902961	-18.38362673	-12.20273586	12.01311032
2.51666667	-3.69082636	34.32624588	11.55859365	-43.12498650	-18.36232508	-12.49891060	12.10666442
2.52500000	-3.42241386	33.95156169	11.07352165	-42.08797834	-18.20445498	-13.33562445	12.21530472
2.53333333	-3.47871447	33.97970508	11.02979520	-41.13219225	-18.23912728	-13.62792846	12.31304735
2.54166667	-3.40910273	33.85684450	10.84123716	-40.14472880	-18.24726282	-14.52322383	12.50556031
2.55000000	-2.96251523	33.18363463	10.20157133	-38.95669801	-18.16062996	-15.60679054	12.57126601
2.55833333	-2.96613755	33.09057261	10.13741264	-37.88590010	-18.25457926	-16.38838020	12.74150661
2.56666667	-3.00066902	32.95755381	10.11941993	-36.77292935	-18.37844167	-17.12638329	12.91524421
2.57500000	-3.10536269	32.80701933	10.15252454	-35.59217838	-18.48429337	-18.08993300	13.15719795
2.58333333	-3.13337421	32.63722801	10.17752011	-34.41484080	-18.69067289	-19.00430632	13.38942765
2.59166667	-3.14681431	32.39968145	10.18663496	-33.19795155	-18.89474821	-19.97900917	13.63503269
2.60000000	-3.14205135	32.11378416	10.21681967	-31.95910925	-19.18454168	-20.91070071	13.87134359
2.60833333	-3.12017056	31.81529827	10.22553947	-30.72532915	-19.47107802	-21.83686968	14.13578517
2.61666667	-3.09023890	31.42876197	10.11666834	-29.48198038	-19.58545143	-22.70729847	14.18471531
2.62500000	-3.16508229	31.23144094	10.21198238	-28.30917309	-19.92137504	-23.49851468	14.49168682
2.63333333	-3.21927470	30.98707410	10.32536218	-27.15518328	-20.31148204	-24.26531664	14.83925085
2.64166667	-3.26314600	30.70526676	10.48764934	-26.03716079	-20.79601795	-24.94835928	15.18171355
2.65000000	-3.25268096	30.36582741	10.59564797	-25.03279125	-21.19919422	-25.09534526	15.29399768
2.65833333	-3.28985330	30.10041014	10.80778143	-24.01988150	-21.80698104	-25.60441303	15.70409100
2.66666667	-3.30815967	29.82645072	11.03973697	-23.04595325	-22.47567529	-26.00353672	16.14846528
2.67500000	-3.34900515	29.58024893	11.24750347	-22.14745100	-23.08867197	-26.15641459	16.35843496
2.68333333	-3.36260590	29.34517821	11.53498901	-21.32360955	-23.87592976	-26.45028410	16.77156389
2.69166667	-3.70413054	29.50170359	12.30372657	-20.85482999	-24.77478405	-25.47977994	17.38396445
2.70000000	-3.70826870	29.25968809	12.63812162	-20.13242930	-25.62531903	-25.69760191	17.92648798
2.70833333	-3.73575968	29.01541881	12.87726553	-19.44462385	-26.33495652	-25.77401500	18.16515597
2.71666667	-4.21166910	29.39535930	13.84689472	-19.07558107	-27.40778992	-25.25086832	19.00764133
2.72500000	-4.44488777	29.44230768	14.37873838	-18.63856053	-28.22311485	-24.98331487	19.47928013
2.73333333	-4.42550659	29.16377735	14.66195810	-18.07490179	-29.07182870	-25.12084662	20.07332851
2.74166667	-4.76071981	29.34695963	15.38736926	-17.75570275	-30.03043624	-24.64226072	20.56904496
2.75000000	-5.07934354	29.51217242	16.04073184	-17.39831527	-30.96659929	-24.46365918	21.17506083
2.75833333	-5.08551788	29.26889429	16.34446820	-16.92387021	-31.85107083	-24.59131839	21.75492566
2.76666667	-5.16807401	29.10700091	16.81513303	-16.52229139	-32.85986962	-24.56412380	22.35691228
2.77500000	-5.70858005	29.52428996	17.91295878	-16.38682828	-34.08195278	-24.07983682	22.93036555
2.78333333	-5.66634298	29.20532608	18.15806694	-15.98880493	-35.01088188	-24.20434331	23.26893596
2.79166667	-6.01361731	29.44642551	18.98176519	-15.78303133	-36.18404477	-23.97346132	24.10374139
2.80000000	-6.07757909	29.21708644	19.49326199	-15.45084444	-37.29793584	-24.12250662	24.75920098
2.80833333	-6.16349091	29.09814534	20.02636045	-15.20624424	-38.43624828	-24.18102286	25.36424879
2.81666667	-6.39397160	29.14168769	20.63009181	-14.99855332	-39.51888496	-24.17932426	26.01024948
2.82500000	-7.04801409	29.71646758	21.95338779	-15.00187205	-40.94383123	-24.04534851	26.73504216
2.83333333	-6.97396176	29.35267182	22.22802561	-14.78232101	-41.97812165	-24.23991598	27.01220577
2.84166667	-7.07794856	29.24126073	22.68924167	-14.59421529	-43.02504736	-24.52788851	27.87276174
2.85000000	-7.78103419	29.90222722	23.96507190	-14.62734458	-44.36316464	-24.53368013	28.62330531
2.85833333	-7.79109063	29.63329815	24.25789097	-14.44899588	-45.34120430	-24.85575786	29.17122742
2.86666667	-8.06942718	29.71196220	25.04968205	-14.41130126	-46.56795319	-25.04224536	29.74340433
2.87500000	-8.02157943	29.39184513	25.26944921	-14.28839589	-47.55885464	-25.25520184	30.02437507
2.88333333	-8.05661031	29.14682345	25.56738039	-14.13319727	-48.56351905	-25.60290140	30.54571402
2.89166667	-8.56207824	29.51049462	26.48473903	-14.15573946	-49.71797676	-26.06656351	31.52076658
2.90000000	-8.55079978	29.22080466	26.77572226	-14.07032097	-50.74574198	-26.26603489	31.79066064
2.90833333	-8.57288224	28.94250669	27.07080672	-13.98869081	-51.75807696	-26.52090253	32.17673030
2.91666667	-9.16450167	29.41753620	27.97096839	-14.09144448	-52.79939916	-27.13486296	33.12038149
2.92500000	-9.50907864	29.50327236	28.64419970	-14.09366508	-53.84278937	-27.52484448	33.68654119
2.93333333	-9.51576803	29.16498123	28.88194043	-14.02949980	-54.83408052	-27.62575091	33.87611258
2.94166667	-9.66265270	29.02082872	29.22299807	-14.09750727	-55.75824835	-28.10583010	34.56845855
2.95000000	-9.74572155	28.73633035	29.44334098	-14.03205648	-56.68505480	-28.20956079	34.74396782
2.95833333	-10.67863383	29.55265639	30.96538405	-14.24558058	-58.03862757	-28.93460919	35.38638061
2.96666667	-10.66699311	29.17445035	31.14806559	-14.24197355	-59.01244127	-29.02135135	35.54600777
2.97500000	-10.74691780	28.95933594	31.50093547	-14.39920370	-60.08356736	-29.14405644	36.09578278
2.98333333	-10.84804965	28.72311183	31.86863894	-14.41866576	-61.17474129	-28.84716564	36.31127180
2.99166667	-11.25154698	28.92024933	32.67839426	-14.64263043	-62.40785509	-27.56946256	36.67511259
3.00000000	-11.83284541	29.38901332	33.84458277	-15.01633368	-63.84553302	-25.86521020	36.94529809
3.00833333	-11.92959701	29.25901444	34.34373136	-15.28060352	-65.08049576	-23.71852063	37.05213886
3.01666667	-12.11147045	29.29392771	34.99031433	-15.53255927	-66.42333379	-21.42833567	37.21423918
3.02500000	-12.15136448	29.21097901	35.45131185	-15.74106151	-67.73287684	-19.34351592	37.25746326
3.03333333	-12.19071637	29.19127454	35.98244723	-16.02755764	-69.11308868	-17.32852762	37.24027653
3.04166667	-12.57786636	29.70219053	36.97551216	-16.49274098	-70.61349042	-15.15790829	37.27438538
3.05000000	-12.46173193	29.61271498	37.42379004	-16.83823949	-72.04569149	-13.40954180	37.07726072
3.05833333	-12.27671178	29.56423734	37.78401116	-17.25750346	-73.47445220	-11.79669762	36.79743609
3.06666667	-12.13481259	29.60416883	38.23708162	-17.73139182	-74.96845154	-10.15908233	36.46761914
3.07500000	-12.01377939	29.74294585	38.68840164	-18.27754158	-76.44708692	-8.66634308	36.04953681
3.08333333	-11.80884766	29.82340016	39.10742864	-18.90135296	-77.95374390	-7.17332973	35.46352246
3.09166667	-11.55274039	29.88150311	39.52676388	-19.60718339	-79.52515147	-5.83823285	34.76403832
3.10000000	-11.26560366	29.83213264	39.99204109	-20.25311592	-81.11673636	-4.55063823	33.90532518
3.10833333	-10.78669655	29.67712955	40.32782503	-20.99210943	-82.71162573	-3.44360591	32.81463705
3.11666667	-10.56493626	29.77908764	40.65600699	-21.64744423	-84.19802692	-2.39274345	31.67530049
3.12500000	-10.80670096	30.55558587	41.82011136	-22.44676545	-85.96039618	-1.93266826	30.39927758
3.13333333	-10.30207928	30.31289695	42.11709683	-23.15080970	-87.48208119	-1.17185256	28.97433464
3.14166667	-10.09953609	30.40375522	42.73609817	-23.97725521	-88.96675490	-0.40808272	27.41045047
3.15000000	-9.75282912	30.48625374	43.30050316	-24.92041500	-90.47255549	0.12852221	25.93415146
3.15833333	-9.29108716	30.42263306	43.86324579	-25.72033771	-91.98218028	0.70861636	23.98525008
3.16666667	-8.96612798	30.51814221	44.34663117	-26.61077403	-93.35349214	1.09762280	22.53928431
3.17500000	-8.80090334	30.62326858	44.97892144	-27.16930680	-94.59241076	1.67758756	20.24281845
3.18333333	-8.41240278	30.39574288	45.46084202	-27.76001132	-95.68635410	2.12589215	18.13232198
3.19166667	-7.94539066	29.97049804	45.83031651	-28.13559884	-96.73003478	2.63575178	16.81973914
3.20000000	-7.04933720	28.98173575	45.69991987	-28.41954584	-97.48758714	2.96962099	15.32774316
3.20833333	-6.80696879	28.74530341	46.22707907	-28.71173408	-98.28415396	3.21632952	15.23767490
3.21666667	-6.57541796	28.45079817	46.67159078	-28.85283296	-98.79912165	3.70348308	14.19062160
3.22500000	-6.49535506	28.25908189	47.27609043	-28.99123530	-99.24626797	4.12582663	14.56944931
3.23333333	-6.58016693	28.38311495	47.99150849	-29.29241805	-99.43350901	4.50663803	13.97118522
3.24166667	-6.46816870	28.19588049	48.47469458	-29.45902150	-99.52869263	4.72143597	14.47365088
3.25000000	-6.43439185	28.08386734	48.92781949	-29.58194612	-99.35219089	5.03229929	13.84042323
3.25833333	-6.35920122	27.85690909	49.40078751	-29.65633636	-99.14098097	5.21248018	14.03308922
3.26666667	-6.23703944	27.57350805	49.82879676	-29.71398880	-98.78943369	5.59378348	14.18343308
3.27500000	-6.15579468	27.30560157	50.26433461	-29.76060457	-98.26101771	5.64555476	14.18428393
3.28333333	-6.10656552	27.04666576	50.67810406	-29.75107274	-97.57224901	5.72576297	14.15236845
3.29166667	-5.85026464	26.45455656	50.76736017	-29.45001216	-96.75530371	6.10507826	13.96087090
3.30000000	-5.38574548	25.64744579	50.65224454	-29.23171468	-95.81946959	6.16938264	14.44153535
3.30833333	-5.28356902	25.26565680	50.96274317	-29.08252926	-94.71493335	6.27218706	13.90292896
3.31666667	-5.22588699	24.90120533	51.21940003	-28.96674316	-93.50455422	6.43749208	13.50088059
3.32500000	-5.20213648	24.54611250	51.39881836	-28.81275141	-92.18052560	6.73942575	13.90035135
3.33333333	-5.18329652	24.16671052	51.60893219	-28.62811540	-90.63304098	6.88725707	13.07939465
3.34166667	-4.86679527	23.41599446	51.43148202	-28.34225684	-89.00626759	7.10797265	12.76623490
3.35000000	-4.68396629	22.98812047	51.29784556	-28.22684431	-87.21433572	7.28173156	11.90830262
3.35833333	-4.71380843	22.74848170	51.38061593	-28.11516229	-85.30424086	7.42140547	10.59869225
3.36666667	-4.74412069	22.50476756	51.35525362	-27.99390882	-83.23098582	7.59280066	9.31742827
3.37500000	-4.69203630	22.24938864	51.25126139	-28.03254493	-81.12082424	7.83503576	7.48065057
3.38333333	-4.62628338	21.89519406	51.00398769	-27.96861463	-78.82811506	8.08455297	5.60970182
3.39166667	-4.31777829	21.32075200	50.39147312	-27.95958992	-76.33734675	8.41819275	3.39762907
3.40000000	-4.41638769	21.24181095	50.21039877	-28.01148671	-73.86552813	8.65475658	1.36386269
3.40833333	-4.58941233	21.37876157	49.98267284	-28.25176181	-71.28134990	8.92625719	-1.23221891
3.41666667	-4.71972950	21.41608801	49.68788151	-28.43813290	-68.60454040	9.20440005	-3.67601370
3.42500000	-4.54482741	21.17786693	48.99786479	-28.70619484	-65.75063196	9.47939698	-6.55716558
3.43333333	-4.61373625	21.19508882	48.52991949	-28.98955239	-62.94231709	9.80858905	-9.01503416
3.44166667	-4.67323141	21.19813968	47.97811381	-29.31830660	-60.08205717	10.18262667	-11.50141578
3.45000000	-4.63796630	21.13827675	47.30269094	-29.72403940	-57.17163010	10.57506894	-13.96329062
3.45833333	-4.60689126	21.09144417	46.51218168	-30.18552106	-54.21095768	10.99005326	-16.30440824
3.46666667	-4.56200925	21.06295740	45.63828814	-30.71541140	-51.22866580	11.45853306	-18.41759128
3.47500000	-4.49911178	21.02708579	44.77079087	-31.24346217	-48.27156742	11.97405027	-20.26087049
3.48333333	-4.37210529	20.97991172	43.74362906	-31.87362329	-45.36075126	12.52057583	-22.00098686
3.49166667	-4.31492858	21.01516651	42.78004848	-32.51174915	-42.61353198	13.09273713	-23.30877198
3.50000000	-3.71317232	20.35291514	41.23326630	-33.02117810	-39.94074855	13.60014225	-24.28806669
3.50833333	-3.89099536	20.64100579	40.62457824	-33.76403845	-37.55692806	14.26365507	-25.23100936
3.51666667	-4.01189279	20.89224491	39.90981102	-34.57313741	-35.26012296	14.93353175	-25.96214646
3.52500000	-4.04241121	21.07050916	39.15278241	-35.43849500	-33.14344517	15.62777000	-26.66716932
3.53333333	-4.18012181	21.36334851	38.55577487	-36.36548410	-31.26107617	16.35320934	-27.20017905
3.54166667	-4.19382699	21.55407529	37.79665854	-37.30966540	-29.46007040	17.00738552	-27.82736933
3.55000000	-4.15432745	21.72216397	37.00120952	-38.28601474	-27.79819873	17.72623341	-28.33406865
3.55833333	-4.18426484	21.99055088	36.29896996	-39.34552894	-26.26122341	18.43747414	-28.81285525
3.56666667	-4.23769217	22.28218714	35.59270373	-40.39636468	-24.77723072	19.17249381	-29.22555765
3.57500000	-4.35217178	22.66710165	34.97436121	-41.50799994	-23.40552714	19.80863800	-29.63323426
3.58333333	-4.62011229	23.20031553	34.49193503	-42.63475957	-22.05339209	20.57446460	-29.96833221
3.59166667	-4.74150170	23.59426070	33.92017934	-43.71526932	-20.84848937	21.31613962	-30.18637021
3.60000000	-4.90026093	23.98596203	33.28807815	-44.77575603	-19.59171071	22.13009680	-30.40157536
3.60833333	-5.07882854	24.30867895	32.74167046	-45.72083180	-18.46183701	22.66211692	-30.38812200
3.61666667	-5.38240632	24.83852583	32.28604527	-46.79316521	-17.40654378	23.54463069	-30.61233862
3.62500000	-5.76053723	25.45897793	32.06562862	-47.87020911	-16.58645133	24.30803232	-30.76128435
3.63333333	-6.00713208	25.80985281	31.68647610	-48.79566189	-15.76674688	25.01596203	-30.85341333
3.64166667	-6.49389464	26.55739579	31.59865960	-49.87536940	-15.19875627	25.71850440	-30.97000182
3.65000000	-6.69293836	26.91135241	31.23317328	-50.84335770	-14.67311342	26.45294875	-31.00603788
3.65833333	-7.06324638	27.49618338	31.14807555	-51.84643475	-14.36179174	26.99410039	-31.09407913
3.66666667	-7.15940492	27.67252931	30.67353583	-52.74628111	-14.05351929	27.69321622	-31.04033550
3.67500000	-7.24886486	27.92732917	30.30221946	-53.72621239	-13.93125907	28.39171576	-30.94930503
3.68333333	-7.36215220	28.12807361	29.84056950	-54.64301402	-13.72819954	28.91075858	-30.80814204
3.69166667	-7.81510543	28.87272803	29.95637926	-55.77496417	-13.84018532	29.85437183	-30.72445747
3.70000000	-7.88648449	29.05109524	29.59236692	-56.70012620	-13.87122654	30.54866741	-30.59861279
3.70833333	-7.97422294	29.26117270	29.16875259	-57.65025335	-13.85050076	31.01249953	-30.48446739
3.71666667	-8.08692079	29.50183332	28.90700419	-58.58968026	-13.99902952	31.90252764	-30.33444584
3.72500000	-8.26348511	29.82868697	28.61793957	-59.56447038	-14.05988242	32.56240791	-29.96156804
3.73333333	-8.45215432	30.17888061	28.38184760	-60.56291067	-14.13626031	33.24968182	-29.21147449
3.74166667	-8.72335271	30.62886246	28.23484148	-61.57060911	-14.21744858	33.93247990	-27.82450500
3.75000000	-9.40330073	31.57538055	28.71788467	-62.66609470	-14.65443558	34.43033119	-25.65609566
3.75833333	-9.86389019	32.22750471	28.88295859	-63.67615898	-14.99708471	35.09045571	-23.18751478
3.76666667	-9.96618496	32.50456539	28.71379640	-64.67536531	-15.22608097	35.58956186	-20.60115739
3.77500000	-10.10852744	32.78831617	28.51318971	-65.67109671	-15.39858250	36.18772003	-18.02284653
3.78333333	-10.30379072	33.15396589	28.47862306	-66.71314512	-15.70618669	36.62807814	-15.47534150
3.79166667	-10.46176088	33.52332798	28.62122261	-67.78573587	-16.22298407	37.00304966	-13.13166975
3.80000000	-10.58071069	33.84935187	28.82813299	-68.86464524	-16.80457172	37.29118330	-11.02512429
3.80833333	-10.74058893	34.24027984	29.05067239	-70.00190226	-17.40522131	37.46059141	-9.14128583
3.81666667	-10.95715137	34.76202265	29.47999889	-71.22542506	-18.12585948	37.44878351	-7.15740036
3.82500000	-11.49958846	35.78673312	30.43672044	-72.61987690	-19.09539561	37.10588195	-5.49851677
3.83333333	-11.27541069	35.96197285	30.56067309	-74.00634465	-19.99572623	36.77592351	-3.83113551
3.84166667	-11.19396554	36.34700618	30.69044999	-75.52586354	-20.81393527	36.20382242	-2.22333544
3.85000000	-11.10936513	36.80852228	30.73695005	-77.17043775	-21.57313030	35.34470534	-0.65252050
3.85833333	-10.99850307	37.32410323	30.71325776	-78.92313503	-22.29674296	34.22213772	0.84015753
3.86666667	-10.75424855	37.80984704	30.62136603	-80.76099238	-23.05490098	32.84394760	2.16311799
3.87500000	-10.59363879	38.48190215	30.49933953	-82.68540061	-23.62069523	31.04102144	3.39416819
3.88333333	-10.38344184	39.13753418	30.26666046	-84.61376809	-24.12620011	29.15508820	4.41785490
3.89166667	-10.19220286	39.92435317	30.03381381	-86.57781863	-24.54122320	27.02428450	5.26977543
3.90000000	-10.06013422	40.78992581	29.85747848	-88.48401418	-24.94639792	24.77189268	5.93201472
3.90833333	-10.13662444	42.03465809	30.09105354	-90.29351432	-25.54853131	21.46452225	6.36077102
3.91666667	-9.90530616	42.87964364	29.81187748	-92.05052433	-25.94663280	19.45780602	6.84219138
3.92500000	-9.47060902	43.45671815	29.41649103	-93.63367984	-26.35941174	17.29990696	7.14095646
3.93333333	-9.10491315	44.10269595	28.99970698	-95.07928387	-26.75441687	15.72977690	7.52430180
3.94166667	-8.38544604	44.30317857	28.13060705	-96.31904023	-26.97837928	14.11536933	7.76069134
3.95000000	-8.12593824	44.94412824	27.77210337	-97.41243466	-27.25726296	13.72891634	7.94187710
3.95833333	-7.60617288	45.26989799	27.03939698	-98.33384218	-27.37577508	13.18808762	8.54724750
3.96666667	-7.41525974	45.87683165	26.59262023	-98.99270328	-27.38980335	13.21922827	8.66703086
3.97500000	-7.03711219	46.18586527	25.88605066	-99.37711803	-27.32342507	13.54995565	9.13791224
3.98333333	-6.45339801	46.19297506	24.83058918	-99.47837837	-26.95647321	14.07483349	9.15435830
3.99166667	-6.40963298	46.78069484	24.43240509	-99.39229098	-26.76543225	14.29992629	9.37045388
4.00000000	-6.34935094	47.31422280	23.95457538	-99.07880740	-26.41756462	14.41843945	9.47987551
4.00833333	-5.99247774	47.42516591	23.10707966	-98.43966740	-26.00388510	13.65924934	9.53551550
4.01666667	-5.99073576	47.90644845	22.58230015	-97.74309547	-25.50773769	13.73051949	9.62772216
4.02500000	-5.67164083	47.94248989	21.75516565	-96.68791648	-24.98822487	12.12017863	9.59628522
4.03333333	-5.77984415	48.45966484	21.33456340	-95.67032641	-24.49215167	12.22678570	9.70580867
4.04166667	-5.73733502	48.71778583	20.86444892	-94.29940872	-24.09586197	10.13742160	9.73004266
4.05000000	-5.89530624	49.16518100	20.51176437	-92.98641309	-23.63336895	10.09479611	9.86067155
4.05833333	-5.77259109	49.11604975	19.84463820	-91.30799787	-23.10685006	8.68019918	9.86053194
4.06666667	-5.90773148	49.37999000	19.58770810	-89.58425171	-22.76075539	6.87223889	9.96892519
4.07500000	-6.11864647	49.64261572	19.31469522	-87.81402972	-22.34740469	6.42976183	10.08922979
4.08333333	-6.31700874	49.76511389	19.20126847	-85.75278421	-22.21709291	3.99734418	10.29174229
4.09166667	-6.39743961	49.71692857	18.93874844	-83.69326275	-21.98628345	3.02078067	10.38970040
4.10000000	-6.53387333	49.65225981	18.63920486	-81.53183952	-21.68727114	1.81360099	10.50262515
4.10833333	-6.28442317	49.02946815	17.99206256	-79.04887401	-21.45973275	-1.11025562	10.63763951
4.11666667	-6.45826342	48.84920812	17.88997176	-76.62740254	-21.36164954	-2.40388224	10.83240763
4.12500000	-6.55522750	48.49437720	17.77322848	-74.08807458	-21.40053905	-4.09552839	11.07807469
4.13333333	-6.61486577	47.99431713	17.67051133	-71.43425583	-21.45704273	-5.95185270	11.36207118
4.14166667	-6.38804715	47.00157101	17.23504564	-68.45795879	-21.51570605	-10.06781832	11.54968986
4.15000000	-6.42962262	46.31639341	17.22036597	-65.57004360	-21.82265976	-12.36871154	12.01192958
4.15833333	-6.53083871	45.72626445	17.24751158	-62.77894581	-22.16674810	-14.22835491	12.41048370
4.16666667	-6.50650774	45.03688037	17.13523459	-59.95653142	-22.58350438	-16.34543270	12.92684706
4.17500000	-6.45750333	44.14201548	17.10454724	-57.00841429	-23.10004513	-18.39954841	13.43413884
4.18333333	-5.50249822	42.02746594	15.90189945	-53.63696030	-23.44557722	-22.11412507	14.05785040
4.19166667	-5.64226078	41.20770184	16.12093117	-50.67659271	-24.16049765	-23.88097317	14.69801336
4.20000000	-5.66643571	40.17258923	16.36721391	-47.66780302	-25.04223392	-25.46955006	15.49847148
4.20833333	-5.80820613	39.21767021	16.65813408	-44.66779480	-25.93439262	-27.09864021	16.21907924
4.21666667	-5.82104993	38.08855442	16.90005566	-41.78637197	-26.97430653	-27.32553562	17.11823315
4.22500000	-5.94050973	37.12484676	17.32292146	-38.92737012	-28.12479578	-28.81412446	17.94793283
4.23333333	-5.91096814	36.06982759	17.55138226	-36.36018836	-29.28195475	-28.63518735	18.93722490
4.24166667	-5.38271885	34.53027834	17.12407644	-33.75694472	-30.32032940	-29.10048961	19.88516234
4.25000000	-5.71658220	33.95068717	17.87696618	-31.52983762	-31.72248923	-29.21144229	20.88521548
4.25833333	-6.26062682	33.57844021	18.87075628	-29.55623669	-33.09603343	-29.05435942	21.76980190
4.26666667	-6.68318126	33.08123435	19.69753142	-27.71388843	-34.45631444	-28.85693645	22.65777218
4.27500000	-6.81501010	32.36995760	20.25457644	-25.86919768	-35.92363789	-29.39083355	23.71855432
4.28333333	-7.24988281	32.09798834	21.07892251	-24.50735699	-37.33987363	-28.92602796	24.66691710
4.29166667	-7.45204060	31.51749369	21.57761487	-23.00781475	-38.66746487	-29.44588831	25.70932179
4.30000000	-8.08862462	31.55062584	22.73007114	-21.97373168	-40.22889915	-29.20798905	26.61788480
4.30833333	-8.43181628	31.24705753	23.44052405	-20.86534976	-41.65326986	-29.33664990	27.63034038
4.31666667	-8.63814931	30.75944074	23.96155711	-19.79762535	-42.99626442	-29.81771040	28.64784647
4.32500000	-9.47590769	31.14367064	25.30668637	-19.24187149	-44.52375883	-29.64465010	29.43379439
4.33333333	-9.67072773	30.56876073	25.81780843	-18.29921556	-45.89938202	-29.91801381	30.41004975
4.34166667	-10.26893429	30.58195872	26.92910758	-17.73566493	-47.49717258	-29.78657784	31.26297530
4.35000000	-10.40237849	30.10007580	27.34115143	-17.17317514	-48.80965803	-29.93989651	32.18089080
4.35833333	-11.01164018	30.08535321	28.47143575	-16.79429886	-50.45732856	-29.86656255	33.04394920
4.36666667	-11.21760176	29.74769169	29.02246475	-16.56622112	-51.84269356	-30.00814597	33.92593790
4.37500000	-11.55288299	29.64210754	29.72324598	-16.54661416	-53.26262835	-30.05273958	34.75076526
4.38333333	-11.76810197	29.50073793	30.11841866	-16.64008229	-54.52119472	-29.93082037	35.61646885
4.39166667	-12.51813607	30.05038697	31.14634881	-16.98220996	-55.86848499	-29.18157500	36.39752185
4.40000000	-12.80157564	29.79371023	31.94030817	-17.22326736	-57.46832767	-27.74109783	37.11098802
4.40833333	-12.87544185	29.44917634	32.26810673	-17.54494896	-58.81777417	-25.71673087	37.92963915
4.41666667	-13.46222699	29.85756558	33.32016222	-18.23652319	-60.37291629	-22.62126871	38.52142007
4.42500000	-13.51283580	29.52020657	33.61941952	-18.59834065	-61.74460804	-19.71064940	39.23920833
4.43333333	-14.19648149	29.93117589	34.54547447	-19.19558685	-63.12456140	-16.05193035	39.68677009
4.44166667	-14.16283423	29.57581686	34.90721982	-19.49099536	-64.73438887	-13.09190636	40.13978133
4.45000000	-14.32167387	29.53091759	35.47150595	-19.89012025	-66.38117844	-10.30753612	40.35898618
4.45833333	-14.42786403	29.54366684	36.15769795	-20.39735971	-68.23088017	-7.89803481	40.33643106
4.46666667	-15.37672671	30.54375830	37.94384334	-21.03414132	-70.38266962	-5.62993118	39.78629306
4.47500000	-15.20726706	30.33507931	38.49790947	-21.46016179	-72.53836582	-3.61065639	39.27516737
4.48333333	-14.99875644	30.27801089	39.18258822	-22.18876482	-74.88634870	-1.85015186	38.51065949
4.49166667	-15.67610063	31.03919165	41.02404668	-22.67528179	-77.43430022	-0.20290651	36.78543770
4.50000000	-15.23984894	30.77112963	41.65593981	-23.45615346	-79.95966295	1.16076525	35.78273051
4.50833333	-15.24219886	30.83493495	43.02298816	-23.83567351	-82.71094196	2.74592510	33.66198896
4.51666667	-14.71798806	30.39138378	43.55853750	-24.50528174	-85.12738857	4.33007968	32.15736861
4.52500000	-14.35944455	30.00025681	44.29013673	-25.07727623	-87.49667891	5.81708559	30.43728441
4.53333333	-13.83963270	29.56172059	44.94009114	-25.76402092	-89.75751063	7.02611583	28.61243103
4.54166667	-13.35209188	29.13056355	45.57459645	-26.39818508	-91.86058435	8.07741119	26.69678297
4.55000000	-12.74269846	28.66757893	46.08956893	-27.17457894	-93.74760339	8.84842036	24.77766964
4.55833333	-12.56324742	28.61955728	47.03766855	-27.91889160	-95.44116400	9.08165752	22.44799287
4.56666667	-11.97630256	28.23529227	47.38425503	-28.84527143	-96.83960542	9.84068346	21.20070067
4.57500000	-11.61335890	28.13197153	47.87056309	-29.83226068	-97.95864853	10.22866225	19.90096260
4.58333333	-10.99090271	27.69030350	48.05409026	-30.69971632	-98.84727055	10.73992691	19.15691607
4.59166667	-10.53490975	27.34042919	48.30753594	-31.50544017	-99.44690227	11.23368720	18.71380729
4.60000000	-10.24293330	27.09563875	48.73608762	-32.20186537	-99.84611015	11.45027988	18.64845430
4.60833333	-10.00341496	26.72999022	49.06917565	-32.62597064	-99.96361512	12.11249429	18.49056129
4.61666667	-9.53761992	26.00205966	49.10393381	-32.82660838	-99.75556449	12.28613613	18.15524057
4.62500000	-9.47314677	25.67366844	49.52126110	-32.99640437	-99.39266948	12.35223902	18.12890589
4.63333333	-9.44785137	25.27784635	49.93099507	-32.99121445	-98.78473979	12.95516014	17.62391691
4.64166667	-9.40481028	24.90053286	50.26349897	-33.09206754	-98.02050475	13.46067868	17.34136606
4.65000000	-9.49058183	24.48558362	50.61705768	-32.86411177	-97.01173953	13.70124788	16.96238207
4.65833333	-9.52152930	24.06340415	50.96149579	-32.70107691	-95.87311658	14.04677107	16.28871557
4.66666667	-9.37219917	23.44285743	50.99808875	-32.58863536	-94.59179803	14.61063000	16.01937056
4.67500000	-9.45730143	23.04366959	51.19602306	-32.39737169	-93.07374273	14.82351428	15.16537404
4.68333333	-9.54454526	22.66674488	51.32523652	-32.22459575	-91.38624920	15.00588999	14.24862586
4.69166667	-9.64680435	22.37322160	51.36847583	-32.16776370	-89.56316629	15.18682129	13.27943988
4.70000000	-9.58879252	21.90301640	51.24496951	-32.09355160	-87.65674481	15.35522165	12.58066359
4.70833333	-9.71075427	21.63584005	51.16059316	-32.05558692	-85.47961479	15.50383349	11.32481830
4.71666667	-9.78633031	21.35851507	50.92293504	-32.10017555	-83.15992419	15.65740544	10.00380784
4.72500000	-9.50726125	20.65842442	50.30250498	-32.06750260	-80.72147528	15.86349467	8.85813786
4.73333333	-9.57759251	20.43683062	49.94765883	-32.17368723	-78.14929528	16.03496113	7.18060885
4.74166667	-9.69465689	20.23157397	49.53547961	-32.26904689	-75.42549220	16.20789840	5.56185360
4.75000000	-9.79322533	20.02500152	49.07857812	-32.42211387	-72.60114105	16.43001386	3.88012875
4.75833333	-9.87752530	19.81969896	48.51665403	-32.60839405	-69.67227995	16.68179443	2.05045580
4.76666667	-9.87669636	19.56500230	47.75665566	-32.84555849	-66.61553504	16.96178850	0.01317135
4.77500000	-9.93336318	19.31817099	47.00622940	-33.08347650	-63.47927222	17.27452303	-1.90856213
4.78333333	-9.39851989	18.42250692	45.44913433	-33.34132444	-60.11033280	17.82029375	-4.06567460
4.79166667	-9.57694561	18.33547431	44.82823118	-33.59088298	-56.92593605	18.15106480	-6.15799058
4.80000000	-9.60359372	18.14463851	43.99443488	-33.95192883	-53.65505968	18.54314639	-8.43128670
4.80833333	-9.19059595	17.44131739	42.50388908	-34.32585768	-50.26869156	19.00115028	-10.53568196
4.81666667	-9.29612100	17.39118333	41.69959235	-34.82741646	-47.01474363	19.46138713	-12.61131771
4.82500000	-9.38699195	17.33194604	40.83598608	-35.39603150	-43.76714066	19.94994681	-14.50682943
4.83333333	-9.42128238	17.25157606	39.89977260	-36.05408096	-40.60549001	20.53876948	-16.42153818
4.84166667	-9.53992072	17.28373108	39.03741929	-36.73436824	-37.49436916	21.11148994	-17.98402667
4.85000000	-9.62306374	17.31601279	38.17503429	-37.52730656	-34.52224107	21.71609499	-19.51539076
4.85833333	-9.64321612	17.29598880	37.29616832	-38.39485602	-31.72814206	22.39623178	-20.95453314
4.86666667	-9.71415432	17.37028871	36.43563010	-39.32476310	-29.08846839	23.13893075	-22.17366251
4.87500000	-9.85111199	17.47110863	35.74067270	-40.23010142	-26.68757277	23.83795427	-23.15582699
4.88333333	-9.94732466	17.54324084	35.06290342	-41.20449169	-24.53757014	24.76435352	-23.92276601
4.89166667	-10.09357553	17.72012600	34.50350654	-42.25209431	-22.58134876	25.42860371	-24.89999984
4.90000000	-10.31062865	17.97870189	34.09016744	-43.34226415	-20.87263583	26.20644909	-25.72809846
4.90833333	-10.56532324	18.30144109	33.66420365	-44.49396014	-19.27536782	26.97856384	-26.52097544
4.91666667	-10.81297035	18.63536206	33.30524069	-45.71707291	-17.90057652	27.70311895	-27.26713755
4.92500000	-11.10684388	19.10980137	33.00915043	-47.08845417	-16.70176298	28.46696402	-27.98547634
4.93333333	-11.42821355	19.57820873	32.74682134	-48.45314340	-15.63016201	29.15643221	-28.58957575
4.94166667	-11.57871928	19.75217324	32.33621269	-49.64659847	-14.72703537	29.38789552	-28.63739214
4.95000000	-11.98621018	20.40648031	32.09080430	-51.19820437	-13.88321090	30.26060178	-29.54631982
4.95833333	-12.59021313	21.29794149	32.22794983	-52.80830800	-13.38097366	30.95028216	-29.77301362
4.96666667	-12.65680638	21.39305024	31.81526610	-54.07976340	-13.10260033	31.11105517	-29.84430568
4.97500000	-13.03771453	21.92786476	31.70355875	-55.53664730	-12.79772620	31.81411134	-29.96522564
4.98333333	-13.26123299	21.96514895	31.62419894	-56.56395072	-13.06296567	32.25443366	-29.22242807
4.99166667	-13.41923995	22.22494364	31.35800339	-57.99497957	-13.38829887	32.54058931	-28.05504148
5.00000000	-13.96244728	22.93527728	31.75847562	-59.51704644	-14.29395235	33.14090639	-25.49671273
5.00833333	-14.05146934	23.06454952	31.53221435	-60.88913467	-15.10421656	33.40827393	-22.64932652
5.01666667	-14.43106075	23.49768534	31.83928774	-62.28857891	-16.27651412	33.73683480	-19.16399515
5.02500000	-14.45634543	23.47871951	31.69032335	-63.65488416	-17.34320669	33.76113557	-15.70685943
5.03333333	-14.51920295	23.61693451	31.60540809	-65.12507134	-18.35695482	33.61171969	-12.22801828
5.04166667	-14.63174673	23.81329425	31.67762489	-66.63743544	-19.43627771	33.27207447	-9.11186841
5.05000000	-14.77725329	24.23076916	31.75468375	-68.36850662	-20.38232862	32.61718771	-6.29320587
5.05833333	-15.26181544	25.22785823	32.27781322	-70.36668269	-21.32409034	31.69002436	-3.49907136
5.06666667	-15.26362898	25.81491816	32.32990840	-72.42743031	-22.31194745	30.18779527	-1.49016782
5.07500000	-16.59209067	28.28825992	33.98214158	-74.99184474	-23.37826256	28.08986253	0.65282074
5.08333333	-16.36624610	28.94172920	33.70129655	-77.32814608	-24.19516100	25.88017408	2.55253617
5.09166667	-16.66630526	30.40968054	34.04447252	-79.84672732	-24.96268699	23.04410115	4.36462661
5.10000000	-16.68493897	31.60701306	34.04161415	-82.34230635	-25.70789005	20.37810488	5.96376937
5.10833333	-16.45328821	32.61649441	33.66730432	-84.88118193	-26.34426144	18.11336329	7.62483422
5.11666667	-16.12845641	33.60613925	33.22602145	-87.34093440	-26.95712952	16.09037500	9.06130624
5.12500000	-15.92058067	34.78027195	32.75069840	-89.76145976	-27.35406735	14.31720519	10.37961923
5.13333333	-15.96156651	36.17563488	32.58579955	-91.91509049	-27.76965016	12.74162712	11.23407588
5.14166667	-15.69280213	37.19595235	32.04567848	-93.84635702	-28.19736005	12.04620656	12.32108368
5.15000000	-15.41450996	38.18937365	31.40229475	-95.48245608	-28.37929918	11.54053569	13.23239090
5.15833333	-15.14167475	39.23049446	30.69434661	-96.82761164	-28.47424603	11.16446865	13.83387147
5.16666667	-14.86583368	40.07092500	29.97776339	-97.64657862	-28.51976986	10.48619831	14.11721958
5.17500000	-14.59868508	40.91988141	29.24283969	-98.25435477	-28.52772257	10.99523696	14.57958702
5.18333333	-13.80628394	41.09106636	27.76289701	-98.27989380	-28.21455049	9.80098508	14.66105057
5.19166667	-13.64737681	41.90415562	27.07517439	-98.20437035	-28.10934043	10.43594627	14.85438615
5.20000000	-12.99700396	42.09899680	25.82547456	-97.55428014	-27.93298856	8.63714487	14.95299070
5.20833333	-12.53837360	42.47426151	24.77114664	-96.77108974	-27.71489540	7.93504368	14.94317033
5.21666667	-12.06667025	42.83268343	23.67924854	-95.77887977	-27.42407759	7.24256251	14.85217211
5.22500000	-12.02422137	43.61342886	22.99823538	-94.65323854	-27.06267315	7.57954102	14.69629517
5.23333333	-11.34599628	43.55789809	21.66438039	-93.14267209	-26.71829947	6.94029798	14.47409649
5.24166667	-11.38838272	44.32081068	21.09355937	-91.61345507	-26.34192270	7.13127242	14.34879667
5.25000000	-10.79451830	44.20656772	19.66473986	-89.74619982	-25.78331657	7.55077461	14.00277630
5.25833333	-10.74364795	44.65618431	19.13876488	-87.74244432	-25.55713303	7.77507695	13.69312162
5.26666667	-10.39478168	44.66922892	18.07820951	-85.57052319	-25.08084118	8.63488509	13.56385881
5.27500000	-10.30854179	44.88741346	17.37450866	-83.16271691	-24.66867929	8.83385442	13.16786450
5.28333333	-10.21409346	45.01698417	16.74163784	-80.60712192	-24.36317781	9.10243113	12.89055915
5.29166667	-10.20205280	45.14524975	16.14349286	-77.82632791	-23.97804842	9.04785629	12.47710456
5.30000000	-10.34170336	45.39873313	15.69091391	-74.97996098	-23.65041726	8.97605462	12.38080139
5.30833333	-9.30384124	44.09134928	13.66099832	-71.69082688	-22.78803457	8.59263829	11.65675221
5.31666667	-9.36115408	44.01040822	13.23299021	-68.46597396	-22.55231790	8.15350271	11.18802915
5.32500000	-8.63679968	42.91954067	11.69763199	-64.99387630	-22.00754028	7.02174465	10.87124313
5.33333333	-8.71859741	42.73998505	11.12429982	-61.63808398	-21.62477006	6.36903917	10.42206144
5.34166667	-8.06984082	41.57910290	9.74021429	-57.98681569	-21.23450028	4.66237035	10.33211694
5.35000000	-8.11361131	41.25464362	9.27567666	-54.55189720	-21.04094154	3.81708239	10.10085473
5.35833333	-7.36994989	39.91928001	7.63709986	-50.88503965	-20.43859586	2.07680750	9.92293191
5.36666667	-7.53545224	39.68259343	7.13641978	-47.48911742	-20.10408014	0.86741401	9.82448505
5.37500000	-6.85083202	38.38039189	5.55951246	-43.87985860	-19.53687680	-1.31782653	9.70844588
5.38333333	-6.97562070	38.08240364	5.03992223	-40.61455982	-19.25516258	-2.77081557	9.72601907
5.39166667	-6.37733007	36.87263414	3.58905921	-37.27239089	-18.72544447	-4.37680022	9.66487004
5.40000000	-6.48336407	36.57489714	3.05575351	-34.23930029	-18.48115780	-5.83199327	9.67724184
5.40833333	-5.98723096	35.56915292	1.65009532	-31.27818637	-17.90619773	-6.55760618	9.58729851
5.41666667	-5.87802417	35.07354459	0.75925154	-28.57593861	-17.49746913	-6.97153929	9.54702807
5.42500000	-5.86046683	34.69265491	0.01927891	-26.03374273	-17.17470611	-7.38741126	9.46617173
5.43333333	-5.63200235	34.17746737	-0.99396034	-23.75810757	-16.82236085	-7.37569650	9.43014723
5.44166667	-5.59757930	33.87208945	-1.73075259	-21.71110124	-16.59486706	-7.33023776	9.41691331
5.45000000	-5.44056093	33.54272444	-2.57710591	-19.96083057	-16.42933059	-7.37098777	9.41818853
5.45833333	-5.24250861	33.20592781	-3.40513421	-18.48345277	-16.35773922	-7.41891295	9.41981490
5.46666667	-5.15130350	33.09354061	-4.12040982	-17.37136555	-16.30973033	-7.48565395	9.36045638
5.47500000	-5.08464814	33.03972160	-4.78647988	-16.52617113	-16.31119866	-7.55153155	9.27778959
5.48333333	-5.13074895	33.09119860	-5.25130921	-15.76467301	-16.42982902	-8.02965851	9.19171389
5.49166667	-4.90212113	32.88563468	-6.05416367	-15.46679004	-16.47128328	-7.75114625	8.96136133
5.50000000	-4.98009582	32.91058302	-6.37046323	-15.11581848	-16.78434287	-7.94798992	8.77472626
5.50833333	-5.00050538	32.84433539	-6.65290082	-14.92234618	-17.27781001	-8.10963946	8.53368783
5.51666667	-4.81136493	32.53985575	-7.20659787	-15.02509786	-17.70029347	-8.09278504	8.12107821
5.52500000	-4.84387262	32.38771056	-7.31756488	-15.10803048	-18.45466290	-8.45486899	7.76883411
5.53333333	-4.91683192	32.26239036	-7.30925869	-15.29560397	-19.34213458	-9.01341184	7.24637708
5.54166667	-4.90625123	32.09015853	-7.30802075	-15.72275129	-20.38001443	-9.34147313	6.77621818
5.55000000	-5.51721866	32.45229043	-6.37101834	-15.90349048	-21.74724166	-10.28600021	5.87547026
5.55833333	-5.98110221	32.75411918	-5.51069366	-16.29681417	-23.33196672	-10.78989661	4.88757100
5.56666667	-6.03909524	32.60976054	-4.75668897	-16.76057021	-25.27192683	-10.74720994	3.48276010
5.57500000	-6.87798193	33.36890861	-2.80342305	-17.22240411	-27.74202102	-11.13221609	2.02620739
5.58333333	-7.44380781	33.91900701	-1.08225916	-17.87565701	-30.29726022	-10.98992137	0.03708298
5.59166667	-7.76587682	34.18708376	0.60871788	-18.53431434	-33.03094798	-10.70596999	-2.24760360
5.60000000	-8.07357912	34.50131292	2.25200347	-19.32060631	-35.71595255	-10.33537690	-4.78959990
5.60833333	-7.91402784	34.24781976	3.52143158	-20.08699548	-38.37445482	-9.51815432	-7.32928443
5.61666667	-8.13597503	34.46271726	5.26345295	-20.90727149	-40.97884067	-9.21017356	-9.99244826
5.62500000	-7.90891380	34.07691700	6.45550816	-21.59658734	-43.44235014	-8.24930209	-12.01882396
5.63333333	-8.15890721	34.22050571	8.33108179	-22.27546549	-45.93855053	-7.77222308	-13.89559663
5.64166667	-7.99569794	33.76885354	9.62839273	-22.73426605	-48.24512400	-6.81936265	-14.85414508
5.65000000	-8.54698049	34.13431426	11.84057490	-23.24302086	-50.60854389	-6.21216049	-15.67068394
5.65833333	-8.44496732	33.58726945	13.32753674	-23.38075986	-52.82464753	-5.37125511	-15.39514821
5.66666667	-9.34781460	34.26699236	16.15629839	-23.68329971	-55.13170798	-4.84745380	-15.67257937
5.67500000	-9.40010865	33.75051919	17.73592960	-23.56138754	-56.99798608	-4.15704160	-14.82515048
5.68333333	-10.52082667	34.52911258	20.71886927	-23.61347992	-58.93826590	-3.74891593	-14.97819059
5.69166667	-11.13238245	34.63405779	23.02248760	-23.46703159	-60.56708397	-3.28011028	-14.58288877
5.70000000	-11.50889440	34.42663736	25.03043903	-23.21843467	-61.92846208	-2.81911228	-14.33314380
5.70833333	-11.50657325	33.68669556	26.46139822	-22.80173583	-62.98141503	-2.41536248	-13.58323156
5.71666667	-12.02656640	33.64991121	28.42524674	-22.62297656	-63.82789040	-2.04122035	-13.94019873
5.72500000	-12.05163142	32.90078152	29.71059358	-22.15722971	-64.44550973	-1.66144175	-13.13653321
5.73333333	-12.04836656	32.14932477	30.91284658	-21.74146067	-64.83211131	-1.31641749	-12.45374518
5.74166667	-12.12027212	31.49598396	32.06666105	-21.39902235	-64.98656093	-0.84327725	-11.94889444
5.75000000	-12.16853805	30.87031851	33.26210870	-21.13660520	-65.00287051	-0.19922487	-11.48362054
5.75833333	-12.09408395	30.02948825	34.26233441	-20.69590935	-64.84250668	0.11994050	-10.59458601
5.76666667	-11.84347621	28.99682450	34.80240020	-20.37876421	-64.40462697	0.93768540	-8.88446812
5.77500000	-11.85253498	28.21816092	35.72585314	-19.91878304	-63.88416641	1.28303866	-7.79661577
5.78333333	-11.78802122	27.38900910	36.38627924	-19.55816710	-63.08319627	1.75767865	-6.37749573
5.79166667	-11.43643252	26.18200987	36.75368324	-19.13269656	-62.25435809	2.60334677	-4.25566312
5.80000000	-11.13548793	25.06519819	37.14516802	-18.68349791	-61.22745356	3.18507862	-2.78106935
5.80833333	-10.96720574	24.02028707	37.64667913	-18.16773651	-60.06005901	3.74186296	-1.51331202
5.81666667	-10.45899886	22.54288118	37.66945040	-17.52034631	-58.68831450	4.24946703	-0.30396262
5.82500000	-10.54334527	21.88344072	38.41122191	-17.11049650	-57.29802707	4.70957758	0.36726836
5.83333333	-9.98302570	20.42025971	38.10101713	-16.64013122	-55.52831775	5.31467007	1.24671857
5.84166667	-10.08218623	19.81633124	38.78090409	-16.27966517	-53.87038310	5.55500683	1.42740818
5.85000000	-9.48290890	18.24401994	38.39198403	-15.70453651	-51.98665924	6.10173148	2.09419785
5.85833333	-9.58821815	17.49467574	38.89441791	-15.16597556	-50.05859746	6.32755813	2.13227315
5.86666667	-8.83606621	15.91529677	38.30654752	-14.80728697	-47.97420570	6.89524674	2.19176173