0.00000000	-17.93425621	25.75838413	23.18839792	-13.10555144	-8.66932501	2.20573353	3.18404770
0.00833333	-17.94677362	25.65353983	23.01627689	-13.00000804	-8.46359629	2.15635339	3.15156093
0.01666667	-17.94696225	25.59533394	22.88640092	-12.94288024	-8.33231144	2.15530083	3.13802774
0.02500000	-18.10776933	25.75905709	22.94815956	-12.97478540	-8.30226718	2.22000432	3.24231972
0.03333333	-18.06200629	25.61010269	22.74213410	-12.89575076	-8.15965519	2.18188846	3.26551600
0.04166667	-18.28751113	25.84551159	22.97633391	-12.98410810	-8.29960828	2.30373086	3.40665402
0.05000000	-18.21942893	25.63680051	22.75699814	-12.85539137	-8.15348027	2.30137168	3.44671211
0.05833333	-18.20413151	25.51301652	22.64091816	-12.77377541	-8.09280512	2.28740248	3.51763409
0.06666667	-18.24749327	25.50512074	22.60657880	-12.77033690	-8.05723707	2.31402398	3.60373142
0.07500000	-18.48543814	25.78806838	22.88577068	-12.93672913	-8.17878496	2.51364308	3.72040713
0.08333333	-18.39453016	25.58768827	22.67451919	-12.82460436	-8.07889148	2.53048734	3.77540017
0.09166667	-18.37839683	25.55805375	22.60141905	-12.84540724	-8.10556748	2.60246749	3.85297183
0.10000000	-18.31529157	25.41777673	22.51065131	-12.83324211	-8.16507193	2.69277073	3.95876792
0.10833333	-18.24514378	25.23405737	22.36605394	-12.69366035	-8.12902226	2.67965427	3.98361367
0.11666667	-18.27484958	25.18801463	22.35837970	-12.61234111	-8.15671315	2.68876064	4.04230329
0.12500000	-18.23469981	25.01934899	22.27598584	-12.44699986	-8.15921167	2.68608419	4.07040461
0.13333333	-18.22090047	24.89314025	22.22998123	-12.29749876	-8.19291731	2.65872045	4.13285713
0.14166667	-18.49934362	25.13719584	22.61258413	-12.29464382	-8.40455311	2.71585202	4.26392924
0.15000000	-18.42062064	24.88237072	22.51127181	-12.05836481	-8.43144127	2.71170810	4.28844022
0.15833333	-18.56537374	24.94164742	22.75909274	-11.97414173	-8.62077006	2.66225241	4.44962385
0.16666667	-18.48135644	24.70056301	22.63170425	-11.78463857	-8.60439821	2.66510067	4.46175699
0.17500000	-18.63949526	24.85718184	22.86007351	-11.87347567	-8.69042866	2.73172154	4.53443549
0.18333333	-18.55911600	24.67893156	22.77214786	-11.75000890	-8.74144860	2.67990853	4.59752235
0.19166667	-18.46310531	24.50047011	22.66946443	-11.64525486	-8.78514713	2.65166492	4.64634808
0.20000000	-18.65572604	24.72759433	23.00915457	-11.72985755	-9.03210649	2.70295506	4.78814260
0.20833333	-18.57904988	24.58917100	22.94451703	-11.65184673	-9.11702782	2.67519063	4.88243229
0.21666667	-18.56243706	24.54252908	22.94602453	-11.63071089	-9.19751584	2.69926175	4.97482790
0.22500000	-18.46980092	24.38397235	22.85908477	-11.55931735	-9.25575099	2.72257250	5.02038884
0.23333333	-18.61225757	24.56401225	23.18452856	-11.62237840	-9.53827991	2.75237330	5.17027216
0.24166667	-18.51016706	24.39649822	23.14089429	-11.53883348	-9.66386436	2.76553516	5.23466451
0.25000000	-18.43106011	24.26974020	23.04031355	-11.49314546	-9.69945480	2.75222411	5.32070088
0.25833333	-18.52410470	24.38237575	23.22677982	-11.51381382	-9.92088811	2.74713446	5.46162353
0.26666667	-18.41868094	24.24785782	23.11959090	-11.50070157	-9.98996599	2.77700206	5.59579557
0.27500000	-18.32079523	24.12864165	23.00257642	-11.48702376	-10.02643185	2.81349860	5.64011913
0.28333333	-18.25231686	24.05791476	22.97034554	-11.50027617	-10.18489694	2.78300450	5.86836452
0.29166667	-18.30872889	24.10156836	23.16589875	-11.45643993	-10.52761369	2.75885607	6.12491195
0.30000000	-18.17834932	23.94293496	23.02172683	-11.42918988	-10.57292453	2.76533746	6.19735739
0.30833333	-18.06101335	23.80497615	22.91573664	-11.41454532	-10.65298532	2.74174450	6.31440521
0.31666667	-17.99817127	23.71467982	22.87504097	-11.38000246	-10.72761823	2.74818336	6.37006515
0.32500000	-17.90630434	23.60921934	22.79891844	-11.36968667	-10.79545300	2.73746994	6.45269502
0.33333333	-17.87567240	23.55976651	22.81001207	-11.34830902	-10.90261760	2.74214033	6.53339381
0.34166667	-17.86330693	23.53823303	22.85778053	-11.34461284	-11.02619230	2.74418174	6.62277359
0.35000000	-17.87010606	23.54508927	22.92880756	-11.35665821	-11.15321170	2.74341386	6.71319088
0.35833333	-17.81762978	23.45957526	22.90238444	-11.32074675	-11.21301178	2.78087605	6.73304518
0.36666667	-17.88471034	23.52569882	23.07470389	-11.32854222	-11.39209689	2.75380551	6.85748829
0.37500000	-17.80188880	23.41645738	23.01816638	-11.30334350	-11.45688054	2.81080187	6.82314365
0.38333333	-17.78563308	23.35545302	23.06493135	-11.24665099	-11.55898882	2.76328145	6.91289576
0.39166667	-18.19996613	23.87891722	23.66943088	-11.39078420	-11.74257583	2.79418092	6.86842143
0.40000000	-18.08765068	23.68508361	23.57829609	-11.28426792	-11.78903794	2.76847321	6.91456712
0.40833333	-17.99034785	23.52840729	23.47612734	-11.22050270	-11.78859082	2.78681391	6.91360569
0.41666667	-17.92477316	23.44262296	23.48170109	-11.19268887	-11.91041188	2.73104629	6.97403218
0.42500000	-17.83115138	23.33743760	23.37276225	-11.16767481	-11.88750335	2.74867791	6.94339434
0.43333333	-17.77838135	23.22020974	23.36974570	-11.09241382	-11.96652774	2.74498040	6.94913590
0.44166667	-17.86902691	23.33191160	23.58621491	-11.13102121	-12.14630511	2.70903542	7.01543888
0.45000000	-17.80464762	23.22502878	23.54839855	-11.08325973	-12.18737001	2.74195411	6.97431562
0.45833333	-17.74346268	23.12883135	23.50245154	-11.02889866	-12.21178894	2.73155306	6.94044593
0.46666667	-18.19890731	23.73155304	24.21171509	-11.25718417	-12.54783340	2.89230631	6.99931870
0.47500000	-17.97678842	23.42564046	23.92060198	-11.15044281	-12.46617461	2.77706494	6.96286715
0.48333333	-17.98457632	23.42234590	23.98603434	-11.13964566	-12.55411763	2.80460404	6.95411899
0.49166667	-18.05989149	23.46802073	24.10537265	-11.09036476	-12.61182613	2.82370758	6.96188967
0.50000000	-18.00339633	23.36959641	24.09696030	-11.00723459	-12.72843321	2.73975319	6.96165483
0.50833333	-17.90711882	23.20454479	23.95456181	-10.90427941	-12.66026837	2.72004567	6.91613085
0.51666667	-17.86666325	23.14196526	23.91666779	-10.86915123	-12.68216772	2.65322584	6.89655609
0.52500000	-17.80085074	23.01107640	23.79429950	-10.77659321	-12.60372646	2.65801110	6.86250683
0.53333333	-17.76006852	22.91897719	23.71218320	-10.71115900	-12.55053900	2.63606264	6.84218013
0.54166667	-17.92037020	23.13309305	23.94344921	-10.79823709	-12.67083904	2.58608413	6.88994523
0.55000000	-17.88461955	23.05507878	23.86339240	-10.74904034	-12.60898223	2.59723923	6.86101282
0.55833333	-17.98303475	23.18256464	23.98811435	-10.80764467	-12.66251018	2.58080808	6.88738336
0.56666667	-17.90355478	23.03979770	23.84319399	-10.71680315	-12.56020368	2.60404021	6.84236029
0.57500000	-17.98345705	23.15346872	23.96019868	-10.79040388	-12.63579809	2.59255131	6.86217892
0.58333333	-17.94488785	23.11273827	23.93496403	-10.84299558	-12.71540209	2.70944050	6.95307367
0.59166667	-17.85878955	22.97194226	23.77648227	-10.77055928	-12.59924305	2.70642436	6.90481394
0.60000000	-17.83408072	22.93370104	23.71383653	-10.75935872	-12.54543529	2.69034052	6.85909959
0.60833333	-17.78992640	22.84416963	23.61362385	-10.69454062	-12.45182399	2.71034154	6.82849298
0.61666667	-17.88225580	22.96749660	23.72812465	-10.75737767	-12.49250163	2.70048182	6.83655319
0.62500000	-17.84402569	22.90172126	23.65159740	-10.73503155	-12.42865203	2.72905371	6.81497613
0.63333333	-17.82977729	22.86429107	23.62194798	-10.71007286	-12.40928409	2.71958960	6.79101900
0.64166667	-18.03179115	23.14446609	23.97226036	-10.84355930	-12.67610979	2.80202730	6.91568415
0.65000000	-17.85522687	22.90103250	23.75116265	-10.80653144	-12.65925780	2.82300953	6.95096155
0.65833333	-17.85407863	22.79538795	23.73610356	-10.71728268	-12.57734288	2.80895518	6.90382024
0.66666667	-17.79748768	22.69348048	23.62703765	-10.66098370	-12.48537824	2.81724904	6.87683253
0.67500000	-17.80243455	22.76965259	23.68736720	-10.74234848	-12.63772190	2.79766526	6.93741603
0.68333333	-17.74285610	22.65662572	23.57193560	-10.66749580	-12.53020828	2.80903317	6.92120018
0.69166667	-17.69381853	22.55184478	23.47604094	-10.59791198	-12.44697196	2.75917578	6.88459312
0.70000000	-17.69675218	22.53327967	23.45809382	-10.56620128	-12.40832705	2.70086653	6.84608918
0.70833333	-17.67431344	22.47283186	23.38907517	-10.51881840	-12.31924242	2.68855123	6.81376538
0.71666667	-18.02449380	22.91691809	23.89035402	-10.68847058	-12.51496344	2.79250481	6.86833013
0.72500000	-17.95707153	22.78305926	23.74405207	-10.58525844	-12.38112475	2.80381387	6.83884579
0.73333333	-17.87254610	22.61440690	23.57264021	-10.46569949	-12.23819220	2.73538414	6.76612040
0.74166667	-18.03941374	22.81452786	23.79835648	-10.53056731	-12.29422327	2.71892518	6.75893673
0.75000000	-18.03060243	22.78945206	23.79502994	-10.55003468	-12.29908239	2.82889597	6.83726050
0.75833333	-17.95139818	22.65630658	23.61925002	-10.46339014	-12.12288719	2.71010979	6.70051071
0.76666667	-17.90005876	22.58786996	23.50744359	-10.39586184	-12.03387657	2.73253681	6.66171039
0.77500000	-18.24354630	22.97224516	23.98965060	-10.47420983	-12.21126263	2.74459502	6.69219584
0.78333333	-18.13833430	22.78113776	23.79149192	-10.33150369	-12.06263114	2.68558193	6.63645676
0.79166667	-18.30323785	22.97946445	24.03003105	-10.39130265	-12.16234507	2.68375300	6.68268833
0.80000000	-18.18341221	22.77365632	23.81173781	-10.25931901	-11.99621072	2.66367764	6.60372193
0.80833333	-18.12700189	22.62354563	23.67817361	-10.12541557	-11.86301992	2.61993217	6.54162471
0.81666667	-18.11395555	22.57658878	23.62121246	-10.07486561	-11.77608242	2.59074702	6.50541667
0.82500000	-18.52505169	23.13755524	24.20988322	-10.29585098	-12.03989284	2.68531063	6.59239727
0.83333333	-18.41443981	22.97220008	24.02230817	-10.20786664	-11.92407753	2.61522436	6.55404557
0.84166667	-18.34179330	22.83294046	23.89286018	-10.10961348	-11.81517880	2.63196177	6.51907125
0.85000000	-18.29713268	22.75627657	23.80068668	-10.04907441	-11.74024543	2.58869752	6.48829632
0.85833333	-18.37907297	22.86106607	23.92666246	-10.09222488	-11.79575216	2.55946122	6.49933343
0.86666667	-18.51979173	23.05450247	24.12432304	-10.16877055	-11.88476770	2.62002476	6.52802571
0.87500000	-18.47241105	22.97368128	24.04225242	-10.10365883	-11.82656329	2.57639780	6.51603442
0.88333333	-18.40658323	22.85215287	23.91481555	-10.00894493	-11.71217022	2.59266686	6.48649995
0.89166667	-18.40633363	22.86584729	23.91544311	-10.01017582	-11.71985933	2.51482124	6.46552871
0.90000000	-18.52277144	23.02458139	24.07017739	-10.05749165	-11.77858398	2.52974934	6.47752307
0.90833333	-18.60019948	23.12242043	24.17549975	-10.08022669	-11.82574833	2.55347898	6.48701941
0.91666667	-18.63449914	23.16532696	24.22492058	-10.11926507	-11.83830381	2.60449828	6.51644718
0.92500000	-18.56287916	23.06974234	24.09656090	-10.06685096	-11.76341054	2.56321819	6.48600689
0.93333333	-18.47573520	22.93232564	23.94815233	-9.98747702	-11.67094659	2.57539203	6.47079192
0.94166667	-18.40035968	22.80413090	23.82411757	-9.90695237	-11.58531591	2.55095540	6.43660021
0.95000000	-18.39993284	22.79524552	23.80055400	-9.87813986	-11.56062169	2.51448157	6.43164543
0.95833333	-19.00940153	23.63931547	24.62094120	-10.15874131	-11.85064616	2.59961846	6.45831132
0.96666667	-18.87256499	23.44349240	24.40214136	-10.05320435	-11.71115291	2.60037300	6.40434321
0.97500000	-19.08814597	23.73271106	24.72360163	-10.18404298	-11.87425556	2.62756417	6.43976782
0.98333333	-18.96206092	23.55054193	24.54581673	-10.08045971	-11.78314920	2.59592739	6.39988558
0.99166667	-18.76498643	23.24610938	24.30332441	-9.93481616	-11.70110069	2.42622591	6.38929413
1.00000000	-19.16005228	23.78544625	24.83135931	-10.12980866	-11.90528857	2.59022705	6.44592443
1.00833333	-18.93296229	23.41025749	24.48983794	-9.91991062	-11.71190914	2.55959672	6.37383849
1.01666667	-18.82794563	23.22455913	24.31230505	-9.79315284	-11.58744646	2.49263516	6.33214817
1.02500000	-18.94547496	23.49109193	24.61328422	-10.09519514	-11.88505429	2.56471706	6.47705426
1.03333333	-18.94487535	23.47810335	24.58465817	-10.05183266	-11.83115840	2.49560838	6.45805215
1.04166667	-18.82958391	23.31811160	24.46064883	-9.96662118	-11.81625460	2.42890153	6.36438360
1.05000000	-19.00526355	23.55964990	24.69129594	-10.07253169	-11.90446404	2.51356329	6.47856075
1.05833333	-18.95280145	23.47890817	24.60744517	-10.03570971	-11.85198656	2.54552633	6.45932671
1.06666667	-18.91549197	23.44389617	24.58296806	-10.05806826	-11.88548737	2.52825776	6.44647301
1.07500000	-18.97520286	23.51304242	24.65544119	-10.07406741	-11.87925557	2.58019348	6.42148747
1.08333333	-18.87694020	23.32485581	24.51369513	-9.95157557	-11.81441149	2.52260153	6.39604195
1.09166667	-18.91382619	23.39277971	24.52612785	-9.98329124	-11.75368395	2.46846507	6.35618193
1.10000000	-18.91594565	23.42893351	24.59438865	-10.01551345	-11.90870840	2.52171923	6.44964235
1.10833333	-18.81160855	23.26689448	24.43310583	-9.92579975	-11.82752806	2.52486738	6.42845267
1.11666667	-18.76111562	23.19839271	24.34972166	-9.89623669	-11.78492990	2.47954823	6.42056968
1.12500000	-18.86963624	23.35655061	24.54857606	-9.96817609	-11.93681276	2.52167420	6.48954326
1.13333333	-18.79327877	23.25250351	24.41152671	-9.92926231	-11.85396122	2.52762925	6.45864313
1.14166667	-18.85398650	23.33296210	24.50278004	-9.96099543	-11.88575338	2.52216294	6.44989112
1.15000000	-18.80621155	23.25331492	24.41670017	-9.92118473	-11.82575359	2.52520553	6.43225432
1.15833333	-18.75913537	23.19172323	24.33368155	-9.89862194	-11.76662541	2.54320305	6.42508203
1.16666667	-18.84382343	23.31490183	24.44841706	-9.94612747	-11.82347542	2.49499361	6.43194694
1.17500000	-18.90531920	23.40430401	24.56450071	-9.99431094	-11.91790459	2.55744849	6.47539123
1.18333333	-18.89830307	23.39163355	24.54417541	-9.97100287	-11.89606038	2.50459785	6.46251661
1.19166667	-18.90105418	23.38989205	24.52892046	-9.96447974	-11.86474975	2.49612204	6.46264550
1.20000000	-18.84486201	23.30053465	24.42667052	-9.91189167	-11.79800409	2.50052333	6.43546913
1.20833333	-18.79172764	23.23790108	24.34311272	-9.89387492	-11.76270041	2.45137588	6.40730061
1.21666667	-19.12441143	23.66726385	24.83214311	-10.05192285	-11.97906389	2.57613009	6.48705267
1.22500000	-19.03966726	23.53395095	24.67420896	-9.97980080	-11.87265601	2.56831393	6.46897697
1.23333333	-19.05994683	23.56832110	24.69712921	-9.99741034	-11.88262722	2.55994844	6.43976587
1.24166667	-18.95816763	23.43534032	24.52939101	-9.95113123	-11.78956115	2.49860400	6.42169296
1.25000000	-18.90881116	23.34518443	24.42322121	-9.88806692	-11.70839080	2.48842457	6.40032823
1.25833333	-19.06680404	23.57125899	24.65630498	-9.98822015	-11.82685711	2.49324005	6.43204104
1.26666667	-19.11547419	23.64321195	24.74868896	-10.05590256	-11.89928346	2.58034345	6.46888425
1.27500000	-19.03926752	23.53813507	24.62250358	-10.00879875	-11.82658850	2.55508255	6.45674340
1.28333333	-18.98364495	23.43779230	24.49813949	-9.95009595	-11.72141776	2.54577803	6.44154997
1.29166667	-19.11559247	23.62189161	24.68999309	-10.01985744	-11.80872387	2.56606072	6.44374251
1.30000000	-19.06442409	23.53550759	24.58156011	-9.96992927	-11.70648320	2.57625463	6.42524931
1.30833333	-18.95280651	23.40821521	24.38733212	-9.94954727	-11.59332172	2.48801897	6.36595928
1.31666667	-18.92228620	23.33163347	24.30175875	-9.87930711	-11.50102181	2.51794986	6.33808597
1.32500000	-19.08680218	23.54189878	24.60784879	-9.95778889	-11.72847779	2.54023983	6.41036965
1.33333333	-19.00839723	23.46218886	24.44264012	-9.95581428	-11.58788702	2.51104230	6.36370352
1.34166667	-19.18854352	23.68427503	24.69753598	-10.01285356	-11.67545640	2.58389742	6.38084091
1.35000000	-19.13316719	23.58947142	24.58583622	-9.94806596	-11.59037580	2.55256408	6.35773520
1.35833333	-19.03258413	23.43129247	24.40588725	-9.85774115	-11.45898225	2.55352362	6.32302460
1.36666667	-19.36319399	23.88214298	24.90310982	-10.03039808	-11.70826890	2.54146855	6.40294434
1.37500000	-19.31149424	23.80413034	24.82931692	-9.98523428	-11.67257714	2.53559838	6.36839334
1.38333333	-19.23437618	23.66930738	24.69014947	-9.90050286	-11.56488198	2.54371029	6.34104288
1.39166667	-19.14972715	23.53584211	24.54487539	-9.82300325	-11.46392471	2.51792918	6.30928965
1.40000000	-19.41329052	23.89889929	24.93848961	-9.96674611	-11.64043686	2.53300103	6.33713938
1.40833333	-19.38367615	23.82877748	24.86401920	-9.90377843	-11.55900101	2.55360705	6.33568686
1.41666667	-19.35282581	23.79732206	24.80881891	-9.89740569	-11.52203471	2.48358836	6.28600077
1.42500000	-19.30760935	23.71590049	24.72950929	-9.82913084	-11.46120087	2.53885650	6.26901703
1.43333333	-19.49306734	23.96740420	24.98331975	-9.93363323	-11.55497483	2.52267018	6.24349036
1.44166667	-19.69385633	24.28198712	25.27276316	-10.05822739	-11.70803083	2.53808803	6.31467373
1.45000000	-19.53359483	23.98988177	25.01590653	-9.87527586	-11.53476077	2.50285027	6.25246081
1.45833333	-19.72620151	24.29605517	25.25697992	-10.01826941	-11.62287993	2.48617000	6.27386914
1.46666667	-19.75510747	24.27626978	25.33311238	-10.00402065	-11.64673667	2.51762188	6.27721922
1.47500000	-19.71647647	24.21503299	25.25528528	-9.98255887	-11.57600577	2.53865052	6.23111363
1.48333333	-19.57139945	23.99073198	25.00606098	-9.85103159	-11.41963478	2.49471934	6.17969787
1.49166667	-19.62657148	24.07331191	25.08091769	-9.88208813	-11.44435590	2.44381634	6.15287320
1.50000000	-19.76827827	24.22069047	25.28683683	-9.91161057	-11.50018312	2.44841394	6.17466801
1.50833333	-20.04413202	24.64704614	25.62722316	-10.12064603	-11.58083814	2.51305838	6.23622406
1.51666667	-19.93867167	24.45109547	25.49542476	-9.98043385	-11.54182295	2.48440863	6.15862791
1.52500000	-19.85647416	24.31512084	25.33625723	-9.88913637	-11.41209191	2.47966248	6.11810471
1.53333333	-19.87190761	24.34263671	25.31555834	-9.91750881	-11.35621132	2.40942597	6.07509047
1.54166667	-19.84379397	24.24981366	25.23152294	-9.80682453	-11.25817933	2.42570446	6.04149033
1.55000000	-20.08841054	24.56577026	25.57053579	-9.91219996	-11.38054499	2.43519580	6.05776129
1.55833333	-20.24207521	24.75295622	25.79425985	-9.97605791	-11.48428567	2.48500971	6.09813534
1.56666667	-20.11860204	24.55554975	25.58354873	-9.84758722	-11.34248907	2.46576736	6.04964851
1.57500000	-20.16095634	24.58118044	25.59578702	-9.79981832	-11.28373697	2.35392640	6.01610433
1.58333333	-20.22672330	24.67017039	25.67372627	-9.84799354	-11.29049963	2.33622115	6.01186988
1.59166667	-20.26280703	24.65934943	25.66736297	-9.75384964	-11.18702277	2.37865500	5.99343134
1.60000000	-20.33621309	24.79757338	25.82526071	-9.87576074	-11.33273904	2.38222713	6.04419574
1.60833333	-20.12762675	24.47092579	25.47127125	-9.69888599	-11.12060893	2.40366502	5.99585287
1.61666667	-20.54205024	25.01269573	26.05179296	-9.88543035	-11.30899610	2.37370186	6.04940800
1.62500000	-20.43185303	24.84162880	25.85216138	-9.77158515	-11.16092955	2.36859618	6.00179979
1.63333333	-20.65226548	25.12609327	26.17023411	-9.88599991	-11.30361640	2.39179281	6.02701746
1.64166667	-20.56537582	25.01081411	26.01465213	-9.82644023	-11.20646864	2.31792633	5.98892939
1.65000000	-20.67962520	25.13995614	26.14421642	-9.82729711	-11.22264207	2.31949625	5.97041644
1.65833333	-20.68210413	25.13154466	26.15598281	-9.81769623	-11.25174795	2.31421885	5.99116344
1.66666667	-20.82914918	25.28881381	26.31729343	-9.80704330	-11.25292955	2.24578090	6.01773086
1.67500000	-20.83922117	25.27741265	26.30873024	-9.75711151	-11.23925685	2.27255696	5.96729212
1.68333333	-20.83068982	25.27824873	26.29175646	-9.79809450	-11.22114600	2.28279688	5.97369637
1.69166667	-20.86866147	25.28588302	26.31961673	-9.72331440	-11.19568694	2.25159814	5.95539237
1.70000000	-20.93626006	25.35475917	26.41059120	-9.70474590	-11.25212913	2.26671564	5.96240372
1.70833333	-20.83340846	25.18970471	26.21529708	-9.59641110	-11.09423748	2.21562067	5.90648204
1.71666667	-20.93388324	25.35193106	26.38156377	-9.74964760	-11.20526480	2.29638363	5.95805772
1.72500000	-20.86026321	25.23904069	26.27231367	-9.68507066	-11.15620547	2.25975405	5.91342574
1.73333333	-20.81301258	25.16450155	26.17109874	-9.63275164	-11.08249280	2.24092309	5.89679526
1.74166667	-20.74940202	25.06946702	26.05802243	-9.57932063	-10.99767439	2.26163255	5.88490393
1.75000000	-21.13029014	25.58681125	26.62457496	-9.78809421	-11.26090518	2.27135710	5.96325817
1.75833333	-21.06235819	25.49541425	26.53040512	-9.77692136	-11.21748685	2.21524071	5.97090542
1.76666667	-20.96569930	25.34990651	26.36126333	-9.70248997	-11.10768857	2.25408205	5.94838823
1.77500000	-21.13609642	25.60104759	26.60865838	-9.81505071	-11.23142297	2.25417905	5.96317572
1.78333333	-21.04813866	25.48751644	26.48348262	-9.77342360	-11.18264746	2.23919991	5.94057310
1.79166667	-20.96169996	25.35724047	26.34690670	-9.71424493	-11.11862363	2.25923391	5.92762483
1.80000000	-21.13438191	25.59706712	26.56609622	-9.80148855	-11.15977080	2.21281791	5.92252153
1.80833333	-20.98783735	25.39060246	26.34829485	-9.72148319	-11.06033970	2.24278988	5.90686381
1.81666667	-20.99077623	25.42679337	26.45109065	-9.79678095	-11.27056020	2.26167505	6.03368317
1.82500000	-20.90534220	25.28740188	26.29075374	-9.71232840	-11.16238519	2.26420201	6.01914378
1.83333333	-20.92147500	25.31502378	26.31048264	-9.72638506	-11.17993892	2.22502269	6.04109822
1.84166667	-20.90533501	25.27989942	26.28387682	-9.70532099	-11.17628749	2.22439888	6.07827926
1.85000000	-21.11390592	25.53911551	26.58175865	-9.79575753	-11.30216216	2.27417393	6.12216047
1.85833333	-21.07191878	25.46670217	26.51527053	-9.75711354	-11.30608505	2.25017747	6.19923108
1.86666667	-21.18571671	25.63634732	26.67854822	-9.89565896	-11.34364746	2.33731888	6.20365009
1.87500000	-21.22750986	25.68279593	26.76583190	-9.90342843	-11.41544060	2.34978942	6.27085119
1.88333333	-21.36520825	25.86196232	26.99924029	-9.98746270	-11.56189340	2.36195138	6.37483636
1.89166667	-21.23551929	25.69705078	26.87425539	-9.92912771	-11.57587814	2.37623147	6.32109629
1.90000000	-21.15917519	25.61091162	26.82978488	-9.93737621	-11.68490328	2.32882889	6.55776789
1.90833333	-21.41074819	25.96463874	27.26065898	-10.10398884	-11.94168445	2.35962026	6.75085617
1.91666667	-21.24869390	25.75782921	27.10890883	-10.07144576	-12.00445220	2.38351645	6.84119739
1.92500000	-21.42921706	26.03401455	27.44562490	-10.25833409	-12.22592778	2.45430278	6.94742903
1.93333333	-21.33192907	25.83420104	27.40235560	-10.18318971	-12.36137633	2.48833127	7.10277382
1.94166667	-21.15649464	25.71255931	27.25333981	-10.27452416	-12.46744270	2.49514669	7.23130812
1.95000000	-21.21411314	25.82268715	27.42957368	-10.40356222	-12.66769799	2.56711179	7.30884180
1.95833333	-21.03173712	25.61660253	27.27508843	-10.42348056	-12.77759317	2.61291774	7.38918742
1.96666667	-20.91484689	25.47772544	27.19783357	-10.48298895	-12.87154674	2.66231172	7.46889698
1.97500000	-20.98632022	25.59881920	27.36406430	-10.63247370	-12.99058755	2.72851170	7.48044608
1.98333333	-20.77929470	25.37225524	27.16307805	-10.68586435	-13.06701320	2.78044806	7.60957079
1.99166667	-20.80881885	25.46801259	27.24891794	-10.81473756	-13.14626656	2.80397355	7.62839535
2.00000000	-20.62478677	25.31470412	27.08024193	-10.91774709	-13.24425973	2.89241691	7.69927269
2.00833333	-20.48757696	25.22481169	26.97494808	-11.03785108	-13.36180185	2.95756390	7.80849834
2.01666667	-20.31797514	25.11662958	26.82809810	-11.19909637	-13.46297771	3.00989041	7.90649789
2.02500000	-20.19223056	25.03948135	26.75250382	-11.32245873	-13.59134915	3.07075189	8.05062315
2.03333333	-20.25724085	25.13739750	26.94602061	-11.34753892	-13.81294133	2.99684010	8.16086442
2.04166667	-20.05450203	24.97342341	26.69133100	-11.50284189	-13.80636691	3.06402304	8.22896256
2.05000000	-19.86650086	24.81266355	26.49809767	-11.66827943	-13.86292719	3.17352762	8.37494760
2.05833333	-19.70786792	24.67305463	26.30779262	-11.83093405	-13.87094718	3.25051915	8.44379624
2.06666667	-19.54737438	24.54998532	26.10666101	-12.00544213	-13.85931851	3.32626716	8.47868509
2.07500000	-19.37071674	24.43229462	25.96504520	-12.17300896	-13.97117997	3.32679092	8.35952590
2.08333333	-19.58884547	24.73978335	26.27244976	-12.25466120	-14.08893290	3.23677042	8.55469136
2.09166667	-19.39091147	24.64026980	25.97223272	-12.55246719	-14.00173640	3.33629710	8.56582852
2.10000000	-19.28019902	24.62337652	25.85637178	-12.74928566	-14.06525007	3.33256481	8.64908104
2.10833333	-19.09567348	24.57457296	25.57841487	-13.14604892	-13.98173264	3.47712898	8.62395178
2.11666667	-18.94632584	24.59456516	25.35904803	-13.62323817	-13.94466810	3.74536430	8.65854318
2.12500000	-18.73351057	24.53648472	25.09796205	-14.05063121	-13.93528721	3.79099520	8.57368611
2.13333333	-18.84150837	24.85053364	25.24321571	-14.33204668	-14.01669017	3.56971331	8.64201256
2.14166667	-18.57967221	24.83233772	25.00574515	-14.87839018	-14.13953394	3.60863267	8.53612427
2.15000000	-18.29966749	24.95787548	24.49310217	-15.76263705	-13.91101729	4.13051278	8.73537978
2.15833333	-18.22933181	25.20737869	24.47444488	-16.23541484	-14.09559473	3.58738153	8.79764644
2.16666667	-17.98772739	25.38071222	24.13485970	-17.11564289	-14.08182877	3.83948561	8.86838113
2.17500000	-17.68452633	25.47185764	23.73267386	-17.83402162	-14.06510805	3.46680714	8.91262887
2.18333333	-17.35077733	25.64199962	23.27838924	-18.80613796	-14.02808420	3.34298307	8.97213708
2.19166667	-17.14809672	26.05302200	22.98969828	-20.03628103	-14.00213539	3.49046480	9.08138926
2.20000000	-16.90047974	26.36707366	22.64484178	-21.03834731	-13.97798394	2.87753980	9.14094053
2.20833333	-16.65103637	26.82913284	22.28773615	-22.39550755	-13.94062739	2.92232791	9.26193548
2.21666667	-16.18588186	27.00800037	21.65912324	-23.47707810	-13.89614333	2.10149189	9.34542543
2.22500000	-15.90918049	27.49138384	21.27069329	-24.89536658	-13.86684242	2.00188581	9.49494867
2.23333333	-15.47429551	27.72710843	20.70258904	-26.06885934	-13.85542299	1.08311042	9.62661567
2.24166667	-15.16776877	28.29059929	20.26513466	-27.58107729	-13.80520213	0.77670619	9.74571286
2.25000000	-14.85623032	28.82261197	19.85608518	-29.06456415	-13.78224749	0.48440833	9.83895487
2.25833333	-14.32140843	29.03972061	19.15015750	-30.29703171	-13.75818788	-0.79430451	10.01967251
2.26666667	-13.99437275	29.58560128	18.66458973	-31.77290299	-13.67273535	-1.12707446	10.12566421
2.27500000	-13.68941517	30.09846611	18.21705233	-33.13191794	-13.57835160	-1.40331880	10.17725954
2.28333333	-12.98024030	30.05606777	17.19631291	-34.18747596	-13.34231098	-2.39960970	10.20171542
2.29166667	-12.73062339	30.56770082	16.83088496	-35.34360380	-13.28098933	-2.50162512	10.25297253
2.30000000	-12.11316021	30.55893647	15.99158372	-36.22127033	-13.17350243	-3.15528059	10.40072287
2.30833333	-11.91091898	31.00491861	15.64536580	-37.10812925	-13.09569432	-3.17166375	10.42753293
2.31666667	-11.74961077	31.45086853	15.32654321	-37.88163479	-12.97746283	-3.15237401	10.48223578
2.32500000	-11.55030056	31.78073288	15.01146994	-38.46515490	-12.93083208	-3.22871718	10.64650013
2.33333333	-11.14440050	31.85480654	14.47265742	-38.76809516	-12.92175833	-4.00925449	10.81227744
2.34166667	-11.03680562	32.30149064	14.20302024	-39.14508023	-12.79139793	-3.97042003	10.85956184
2.35000000	-10.96520209	32.64522494	13.96806338	-39.28668878	-12.67781354	-3.93581142	10.89909107
2.35833333	-10.92701200	32.89185601	13.82166361	-39.21302668	-12.60849103	-3.82006783	11.05689833
2.36666667	-10.88958462	33.25189568	13.63057393	-39.12352540	-12.50355190	-3.79472828	11.09912429
2.37500000	-10.85369120	33.61391892	13.40705357	-38.94267585	-12.33183996	-3.75170442	11.14362015
2.38333333	-10.84223202	33.91629819	13.24734331	-38.61680560	-12.25901786	-3.72559539	11.16808197
2.39166667	-10.72306941	33.89888564	13.00235130	-38.02720431	-12.16291722	-3.71747742	11.22290391
2.40000000	-10.75221013	34.20374509	12.84719457	-37.51039156	-12.06115114	-3.68507128	11.28009376
2.40833333	-10.77043647	34.48340465	12.65725552	-36.90925246	-11.92982580	-3.65908943	11.35667068
2.41666667	-10.33784336	33.96513616	11.92920327	-35.91730663	-11.68802474	-3.83607600	11.57041912
2.42500000	-10.41318350	34.11373617	11.68527467	-35.05890645	-11.46685671	-3.82045345	11.67616913
2.43333333	-9.91212751	33.64206035	10.96300892	-34.02657101	-11.58703121	-4.20772634	11.94134585
2.44166667	-9.98759299	33.87174624	10.76864524	-33.13657796	-11.42118350	-4.28959337	12.05596438
2.45000000	-9.91535747	33.77020343	10.40358596	-32.08170167	-11.19901612	-4.57698332	12.15837892
2.45833333	-10.01339650	34.02303697	10.25349666	-31.16517077	-11.09545642	-4.60193908	12.24279380
2.46666667	-10.06760520	34.18890033	10.07151726	-30.15044392	-11.00175481	-4.73228934	12.37085638
2.47500000	-9.23778251	33.08733691	8.69364173	-28.83021287	-10.57173654	-5.07301933	12.60391240
2.48333333	-9.16295477	33.00310382	8.40926282	-27.69907330	-10.54540158	-5.35755985	12.83502327
2.49166667	-9.22944870	33.17528161	8.20304637	-26.68393010	-10.46762848	-5.63308136	13.00004758
2.50000000	-8.91027207	32.87526446	7.49482404	-25.68279198	-10.25923707	-5.58267422	13.20153833
2.50833333	-8.97559757	33.02678723	7.32644518	-24.65770458	-10.24465836	-6.08696180	13.43053938
2.51666667	-9.02909228	33.08833270	7.11423455	-23.56247763	-10.20404677	-6.46781989	13.60259441
2.52500000	-8.74036937	32.80389994	6.51935311	-22.64470008	-10.11478699	-6.18749837	13.85070027
2.53333333	-8.54708660	32.75539292	5.96318855	-21.71267129	-10.03633792	-6.47261037	14.10531836
2.54166667	-8.59822182	32.74035973	5.83330853	-20.59200657	-10.10995406	-7.21185748	14.43081444
2.55000000	-8.59152427	32.79132264	5.61943493	-19.61879119	-10.20175790	-7.68043155	14.76092740
2.55833333	-8.37324722	32.64123687	5.06042205	-18.85394716	-10.13576048	-7.26308097	14.99575305
2.56666667	-8.45950626	32.82778324	4.93191633	-18.03983985	-10.20053718	-7.50309799	15.24941253
2.57500000	-8.51848099	32.90574783	4.78535415	-17.05604238	-10.29387122	-8.02413384	15.46732523
2.58333333	-8.58666885	32.96859874	4.66770565	-16.08380961	-10.42582545	-8.60463906	15.74760475
2.59166667	-8.66321877	33.06559033	4.56009767	-15.16606379	-10.55595566	-9.08816304	16.07913911
2.60000000	-8.64105896	33.17720489	4.30846422	-14.72992002	-10.62880711	-8.32110261	16.41707368
2.60833333	-8.61991097	33.15854269	4.03832909	-13.92660396	-10.69371183	-8.51798535	16.74751063
2.61666667	-8.82815655	33.45836327	4.05887206	-13.30287027	-10.82654760	-8.59966950	17.06812283
2.62500000	-8.92311355	33.49966612	3.94365378	-12.47763224	-10.93891040	-8.86977990	17.37055815
2.63333333	-8.97792883	33.60283348	3.78687444	-11.96431808	-11.07331553	-8.69046323	17.79193336
2.64166667	-9.10377117	33.68352540	3.64046140	-11.27096212	-11.10448437	-8.83308264	17.98809999
2.65000000	-9.21037380	33.76081672	3.51584450	-10.66503134	-11.20056345	-8.92590814	18.26663376
2.65833333	-9.22519413	33.87916280	3.28072400	-10.58146245	-11.25489618	-8.26472736	18.58402074
2.66666667	-9.30358167	34.05381778	3.09922167	-10.35131112	-11.31884395	-8.25197692	18.62454729
2.67500000	-9.32948803	33.99034495	2.82279461	-9.99552724	-11.36274167	-7.86189627	19.03096111
2.68333333	-9.40470281	34.12610767	2.62749786	-9.87273675	-11.43265979	-7.83616570	19.06429861
2.69166667	-9.51231495	34.14655473	2.38372115	-9.62432819	-11.40017923	-7.57726271	19.34862348
2.70000000	-9.48709565	34.10622052	2.13312154	-9.64390100	-11.59442960	-7.13332480	19.67025965
2.70833333	-9.28621856	33.94155336	1.59928772	-9.88755936	-11.60866690	-6.88576408	19.69198320
2.71666667	-9.34882413	33.98623715	1.39392561	-10.02222916	-11.75178928	-6.85541491	19.71264353
2.72500000	-9.33250255	33.89631586	1.20517345	-10.19209508	-12.00799782	-6.76061821	19.91510329
2.73333333	-9.29462775	33.81663779	0.94727714	-10.46792343	-12.23051481	-6.98141797	20.00065987
2.74166667	-9.27568535	33.71966788	0.70394301	-10.74777726	-12.45997202	-7.41054041	20.01185669
2.75000000	-9.30047936	33.69101460	0.46903361	-11.15131202	-12.69254584	-7.57921988	19.97370033
2.75833333	-9.47635309	33.69233281	0.54896715	-11.22904504	-13.05304302	-8.95967008	19.93899156
2.76666667	-9.47899563	33.61632589	0.33051189	-11.67013770	-13.36411442	-9.17173538	19.86577277
2.77500000	-9.46727329	33.50491396	0.35639582	-11.98970084	-13.91676488	-10.54069734	19.60700952
2.78333333	-9.90095931	33.84880700	0.73142814	-12.18250745	-14.31620266	-11.37421255	19.29066598
2.79166667	-9.90064897	33.78107260	0.75883668	-12.50111273	-14.97177874	-11.88281322	18.87706759
2.80000000	-9.84791718	33.71566880	0.73233479	-12.94280159	-15.67640723	-12.05087405	18.59170622
2.80833333	-10.17145430	33.88669344	1.19669780	-12.98259896	-16.43577041	-12.56772496	17.95595468
2.81666667	-10.30264707	34.01608271	1.47105819	-13.41662932	-17.35747343	-12.49486274	17.41827692
2.82500000	-10.20064712	33.90766883	1.56978708	-13.94411651	-18.39068563	-12.39054391	16.91887110
2.83333333	-10.24358038	33.86608169	1.93083700	-14.33271718	-19.57403566	-11.83659272	15.97436254
2.84166667	-10.09331832	33.70541684	2.07300261	-15.00234846	-20.78971542	-11.62761757	15.36477459
2.85000000	-10.58891427	34.17642007	3.03748051	-15.50351944	-22.10997230	-11.16585306	13.82624196
2.85833333	-10.46298924	33.96653270	3.40920320	-16.06752874	-23.64087179	-10.60917804	12.53331957
2.86666667	-10.23457678	33.62936066	3.83708029	-16.62537637	-25.45049276	-9.89905661	11.27559647
2.87500000	-10.20101016	33.48178632	4.51049724	-17.11348314	-27.23763480	-9.61811246	9.59310260
2.88333333	-9.95886562	33.02577244	5.13232092	-17.49222324	-29.36018995	-8.95548611	8.04576390
2.89166667	-10.14573053	33.05222684	6.40610071	-17.86081570	-31.61159473	-8.69014086	6.06922295
2.90000000	-10.14698004	32.85349177	7.59400603	-18.17771426	-34.01781194	-8.30277668	4.08084456
2.90833333	-10.10085559	32.47098874	8.85491036	-18.28698967	-36.52183304	-7.79770047	2.16899622
2.91666667	-10.69539931	33.01520127	11.06831577	-18.72086634	-39.27620778	-7.45070439	0.05403736
2.92500000	-10.67523418	32.68324970	12.52871322	-18.80813723	-41.89409586	-7.03117054	-1.74168619
2.93333333	-10.57963698	32.25708027	13.97416607	-18.84655603	-44.53186686	-6.52993353	-3.29244453
2.94166667	-11.48919308	33.19422942	16.75986041	-19.32657003	-47.44202962	-6.18173999	-4.96465378
2.95000000	-11.96739501	33.54108854	19.09750238	-19.59977712	-50.33037583	-5.74060597	-5.98788955
2.95833333	-11.56273621	32.78531948	20.23626823	-19.59486014	-52.89328060	-5.54106540	-6.24894846
2.96666667	-12.41503024	33.61338417	23.21904901	-19.92730684	-55.97177543	-4.90479756	-6.67387108
2.97500000	-12.61796507	33.59090387	25.33751088	-20.03564063	-58.77960966	-4.49744777	-6.39305312
2.98333333	-12.32028476	32.91932639	26.69276920	-20.02647093	-61.27106818	-4.18331274	-5.87227138
2.99166667	-12.80629838	33.31401816	29.18891067	-20.26145178	-64.07803815	-3.73651426	-5.07473641
3.00000000	-12.53878934	32.69230284	30.74466071	-20.24504096	-66.57114201	-3.37864530	-4.17188423
3.00833333	-12.72026852	32.65243155	32.78755982	-20.35940811	-69.04581792	-2.99023505	-3.27528622
3.01666667	-12.45056410	32.09162100	34.26396802	-20.40778814	-71.33691838	-2.66950921	-2.24671051
3.02500000	-12.58375315	31.99161935	36.32358223	-20.54127732	-73.68131053	-2.14984147	-1.00888674
3.03333333	-12.26823465	31.33639494	37.69147699	-20.53680142	-75.75375358	-1.71965952	0.31688513
3.04166667	-11.94790691	30.63185559	39.11207766	-20.45842960	-77.76815698	-1.31230554	1.91384417
3.05000000	-11.57564968	29.89319625	40.46820058	-20.41869539	-79.68739869	-0.93202193	3.67174403
3.05833333	-11.20580168	29.19270623	41.75749880	-20.40048725	-81.42617158	-0.66659649	5.15326110
3.06666667	-10.74840230	28.25732203	42.96245593	-20.22872427	-83.13881229	-0.25067605	7.45621613
3.07500000	-10.36265759	27.46448838	44.23847185	-20.11382334	-84.65395735	-0.05554135	8.89801852
3.08333333	-9.82154306	26.40728022	45.33474015	-19.87113319	-86.12115139	0.33178166	11.24982390
3.09166667	-9.33575656	25.46950456	46.41365596	-19.68801415	-87.40959610	0.62278733	13.06722277
3.10000000	-8.91836837	24.52957657	47.59421977	-19.40643525	-88.59787632	0.90924206	14.79744908
3.10833333	-8.39635649	23.49978377	48.62773437	-19.14306083	-89.64999027	1.17995246	16.44317913
3.11666667	-8.08090772	22.68561304	49.89823465	-18.84569434	-90.58884101	1.36614099	17.64824083
3.12500000	-7.46103756	21.48947659	50.66343508	-18.51251064	-91.35756101	1.70130329	19.29783919
3.13333333	-7.16884765	20.68110450	51.89270979	-18.18397267	-92.05500589	1.87099276	20.31969721
3.14166667	-6.67355767	19.64644727	52.78779812	-17.90806928	-92.61935616	2.26399243	21.65331579
3.15000000	-6.42156670	18.90276747	53.95255873	-17.60375375	-93.06813757	2.43965293	22.51504998
3.15833333	-6.20764393	18.24958644	55.12711894	-17.33014747	-93.38095429	2.52811617	22.81654063
3.16666667	-5.91593652	17.54921630	56.05247363	-17.12446628	-93.57044089	2.86628173	24.12258462
3.17500000	-5.40907351	16.56985680	56.74095881	-16.91306170	-93.64919879	3.21446238	25.12811247
3.18333333	-5.23064869	15.99046338	57.80208956	-16.72082757	-93.62022806	3.28376021	25.30678417
3.19166667	-4.94978284	15.26239392	58.56753389	-16.50669969	-93.40357414	3.69556023	26.34629479
3.20000000	-4.78849468	14.74812483	59.53687222	-16.34677003	-93.12099884	3.76174807	26.48152071
3.20833333	-4.65175273	14.15086422	60.36529960	-16.05464843	-92.64232966	4.02018650	27.08619692
3.21666667	-4.53086799	13.68124935	61.23395425	-15.89613657	-92.15432187	4.10506085	27.21112371
3.22500000	-4.44299396	13.20597210	62.04605983	-15.70347069	-91.54037862	4.21723897	27.37016075
3.23333333	-4.11995844	12.48656531	62.40561515	-15.58681608	-90.79951780	4.73655502	28.40853031
3.24166667	-4.06047097	12.06918598	63.11472564	-15.45310027	-89.99543467	4.81585479	28.45251284
3.25000000	-4.03097867	11.65051819	63.71122249	-15.19241048	-89.04609366	5.06094884	28.49371324
3.25833333	-3.93102675	11.22848203	64.09119916	-15.16880089	-88.06033441	5.44639823	28.75928464
3.26666667	-3.92560157	10.88492172	64.61826012	-15.05640207	-87.02915251	5.52823788	28.73493169
3.27500000	-3.80910437	10.40735226	64.85337654	-14.91253327	-85.85702695	5.93382996	28.44509077
3.28333333	-3.81858763	10.08976959	65.26768526	-14.82762519	-84.74580042	6.01776712	28.36934824
3.29166667	-3.75276812	9.65260810	65.44824238	-14.67382266	-83.52063956	6.37542742	27.53716080
3.30000000	-3.70022287	9.31866243	65.57085099	-14.61803482	-82.30036671	6.59958844	26.93352361
3.30833333	-3.49230834	8.69483634	65.46405206	-14.50445835	-81.11519099	6.85779285	26.39912435
3.31666667	-3.50555252	8.40097797	65.56969723	-14.44095504	-79.93446944	7.02512034	25.37390237
3.32500000	-3.52569985	8.07143181	65.61449012	-14.35016865	-78.80460500	7.25242811	24.15457035
3.33333333	-3.48832520	7.80498198	65.55002120	-14.40716756	-77.72414173	7.47346626	22.79121027
3.34166667	-3.50753488	7.42689552	65.49531495	-14.28448724	-76.70834209	7.69214877	21.49451843
3.35000000	-3.46868393	7.15302097	65.33634243	-14.35459682	-75.76090377	7.89006490	20.08120746
3.35833333	-3.43640175	6.78745662	65.13222710	-14.28804552	-74.87865379	8.11612258	18.69965217
3.36666667	-3.40939910	6.43499589	64.90089415	-14.25587679	-74.11742730	8.30845298	17.42703173
3.37500000	-3.42954685	6.10467607	64.65646577	-14.18812813	-73.41921715	8.50266274	16.28535408
3.38333333	-3.45392080	5.81075431	64.34946765	-14.16996592	-72.74751561	8.71297961	15.03530070
3.39166667	-3.51244304	5.54477148	64.08978660	-14.14820516	-72.22244265	8.92231300	13.83641191
3.40000000	-3.67026968	5.39155176	63.89766456	-14.13228877	-71.81110525	9.08441727	12.77329586
3.40833333	-3.81824689	5.34396555	63.64370174	-14.22805235	-71.44912216	9.25861317	11.75260911
3.41666667	-4.04509869	5.15114120	63.43003069	-14.10299479	-71.14838281	9.36870108	11.16521030
3.42500000	-4.27656190	4.97966137	63.23485597	-14.00963776	-70.99169248	9.41470868	10.82791140
3.43333333	-4.55456924	4.96146778	63.05573229	-14.04728978	-70.95872417	9.41981778	11.20166050
3.44166667	-4.77792546	4.84192374	62.76189381	-14.00652853	-70.88453288	9.31313401	11.79465368
3.45000000	-5.07768717	4.75534576	62.56351548	-13.93741221	-70.99489720	9.12165926	12.89963791
3.45833333	-5.33861168	4.63265283	62.28622486	-13.81578702	-71.03948039	8.81554650	13.89552862
3.46666667	-5.59274436	4.54344689	62.03344330	-13.74788418	-71.10004639	8.37723651	14.93794781
3.47500000	-5.91783677	4.45180531	61.87213987	-13.62667323	-71.13582184	7.87348645	15.73114198
3.48333333	-6.24431631	4.38813885	61.73267285	-13.48133232	-71.11693530	7.29383980	16.29183104
3.49166667	-6.56830534	4.40016141	61.60692174	-13.43955665	-71.03196779	6.48086191	16.71147230
3.50000000	-6.91582548	4.43703800	61.50081146	-13.37967040	-70.85961893	5.65153211	16.91361665
3.50833333	-7.26571793	4.45737764	61.40031140	-13.35743524	-70.60870874	4.60094295	16.90657274
3.51666667	-7.56848892	4.54742932	61.15337277	-13.39168059	-70.27706409	3.64722064	17.05631240
3.52500000	-7.95098663	4.70986779	60.95130300	-13.47433332	-69.90741516	2.34835669	17.25222900
3.53333333	-8.32150043	4.90966452	60.67936076	-13.61619462	-69.38141916	1.00060157	17.15716294
3.54166667	-8.64055299	5.20252915	60.25482999	-13.92748806	-68.84066822	-0.53842026	17.47320927
3.55000000	-9.06524042	5.55794807	59.88145170	-14.24236351	-68.17429193	-2.25484446	17.75074080
3.55833333	-9.49845075	6.15555684	59.49144759	-14.82263714	-67.47463121	-4.04237616	17.94631221
3.56666667	-9.82464884	6.76426025	58.93441472	-15.53457714	-66.68158658	-5.89544980	18.15378862
3.57500000	-10.52912246	7.70001003	58.84520919	-16.17899906	-65.90226007	-7.89450258	17.99381282
3.58333333	-10.66178504	8.37716241	58.04768564	-17.21005601	-65.05200745	-9.89000336	18.20967991
3.59166667	-10.93449814	9.13852192	57.44708621	-18.19757179	-64.22259564	-11.90549200	18.21374247
3.60000000	-11.25253508	10.16744741	56.92952089	-19.42516640	-63.40588670	-13.70205083	18.15037130
3.60833333	-11.26546836	11.02275019	56.01447393	-20.98059765	-62.50869862	-15.25017369	18.22896188
3.61666667	-11.37303802	11.96575723	55.25778667	-22.45529225	-61.66208312	-16.96640817	18.09789101
3.62500000	-11.32977653	13.01655559	54.25570415	-24.37724055	-60.68040461	-18.26951644	18.08787317
3.63333333	-11.41953663	14.27434992	53.38539343	-26.48388672	-59.66900670	-19.48983859	18.04601088
3.64166667	-11.60164124	15.76730639	52.69154948	-28.66848344	-58.75401929	-20.99145010	17.84526267
3.65000000	-11.48791040	17.07135378	51.53363957	-31.17426482	-57.60724859	-22.04654474	17.78225608
3.65833333	-11.41527331	18.41745802	50.56620412	-33.88075344	-56.57913086	-22.97972673	17.63912449
3.66666667	-11.39380485	20.02411208	49.64118841	-36.77197755	-55.51091243	-24.16564955	17.38233969
3.67500000	-11.35720970	21.55623887	48.71769716	-39.66442848	-54.52659480	-25.39660091	17.23837265
3.68333333	-11.21621263	23.09555365	47.55478819	-42.87208281	-53.32378717	-25.62518864	17.10046922
3.69166667	-11.18096790	24.75043006	46.67671673	-45.99542379	-52.36723349	-26.83489961	16.90593589
3.70000000	-10.98116668	26.30082881	45.50267295	-49.35237312	-51.20245642	-26.62215838	16.71818042
3.70833333	-10.84894530	27.91596512	44.44794070	-52.65299176	-50.10823978	-26.64867967	16.50638134
3.71666667	-10.70367525	29.55755437	43.45169403	-55.86783920	-49.14559253	-27.86964090	16.33986704
3.72500000	-10.70076828	31.25444209	42.64250678	-59.12782112	-48.18636851	-27.74606732	16.13546145
3.73333333	-10.41222874	32.73732534	41.38378889	-62.38463058	-47.07413382	-26.46868964	15.93896559
3.74166667	-10.42834667	34.58618775	40.58197297	-65.59072299	-46.12371185	-26.52555175	15.84687572
3.75000000	-10.16123864	35.98370395	39.40545697	-68.64219050	-45.05892209	-24.72568600	15.62122209
3.75833333	-9.94715007	37.55890246	38.29273929	-71.71957114	-43.99401698	-22.76305508	15.42191131
3.76666667	-9.76741731	39.07111712	37.26771397	-74.61523173	-42.98876622	-20.68380913	15.20801037
3.77500000	-9.85990260	41.03229890	36.62034763	-77.54581961	-42.07619694	-18.80840683	15.10425405
3.78333333	-9.62712896	42.58649531	35.55593410	-80.19385926	-41.11571574	-16.55209065	14.89847835
3.79166667	-9.54616646	44.27726124	34.64688707	-82.77265559	-40.17010311	-13.74892467	14.80243745
3.80000000	-9.31154517	45.72181005	33.61912070	-85.03605716	-39.22087302	-11.58803997	14.59961237
3.80833333	-9.15978087	47.22722940	32.57188919	-87.13163415	-38.14982715	-9.32125869	14.41430532
3.81666667	-8.84147127	48.54925534	31.41186653	-89.18267412	-37.21064375	-5.10972051	14.31955252
3.82500000	-8.70550612	49.98853607	30.44639615	-90.85360411	-36.23590466	-3.40794114	14.14121224
3.83333333	-8.32510235	51.10107321	29.17903421	-92.44679531	-35.23338022	0.51026962	14.00229727
3.84166667	-8.08822786	52.34304700	28.16329010	-93.81418650	-34.31405494	2.98237060	13.84714282
3.85000000	-7.74208008	53.38112368	26.96646005	-94.91279217	-33.34844073	5.31449777	13.68358830
3.85833333	-7.59905661	54.61077091	26.17339102	-95.82055635	-32.53686171	6.47259371	13.37603850
3.86666667	-7.26604617	55.50547755	24.96988486	-96.56715711	-31.53380618	9.32119469	13.25112995
3.87500000	-6.99198611	56.47630834	23.80818837	-97.10364829	-30.56895795	10.88879440	13.13290496
3.88333333	-6.66657139	57.25921971	22.61812388	-97.41193672	-29.57133624	12.48033267	12.90984884
3.89166667	-6.47679424	58.15036716	21.65883836	-97.55159536	-28.70393344	13.68333124	12.77012147
3.90000000	-6.38362689	59.09616711	20.85442665	-97.50597111	-27.89222318	14.55500299	12.48563131
3.90833333	-6.02797153	59.63961050	19.67768699	-97.26489306	-26.98585366	15.71609106	12.39581210
3.91666667	-6.04737935	60.59150975	19.00346016	-96.87395988	-26.16222775	15.93063363	12.24692996
3.92500000	-5.79758957	61.10412878	18.04760415	-96.33756089	-25.36041651	17.15454487	12.06439592
3.93333333	-5.81972236	61.84669698	17.41259995	-95.61030375	-24.59346640	17.45172256	11.72932011
3.94166667	-5.89676288	62.63834164	16.83162539	-94.82024791	-23.84640899	17.62673362	11.70139732
3.95000000	-5.68501688	62.98455241	15.94647922	-93.87567644	-23.16134653	18.41636029	11.53212641
3.95833333	-5.79876553	63.56609361	15.51294536	-92.77772320	-22.53161510	18.60836507	11.26155373
3.96666667	-5.91104746	64.14438689	15.07892442	-91.67411315	-21.93361352	18.69697440	11.29782944
3.97500000	-6.06675862	64.67730106	14.68981298	-90.46037049	-21.34323376	18.81176933	11.23958596
3.98333333	-6.19536081	65.08658092	14.32291658	-89.11310680	-20.83849755	18.90650304	11.10865430
3.99166667	-6.33911735	65.43094679	13.98915143	-87.76673537	-20.37449376	18.93508057	11.04430321
4.00000000	-6.39787871	65.54784160	13.64739287	-86.23260972	-20.04630851	18.85106079	10.74923306
4.00833333	-6.56411978	65.78255759	13.33509298	-84.81565176	-19.61383918	18.73940797	10.80682515
4.01666667	-6.54609623	65.67479304	12.94103301	-83.19664498	-19.35824579	18.12216545	10.65258320
4.02500000	-6.69468992	65.75342088	12.71832438	-81.72463019	-19.07664765	17.45312427	10.58665472
4.03333333	-6.82988119	65.79171081	12.45775706	-80.36468038	-18.77510614	17.14678583	10.61855948
4.04166667	-6.87121076	65.60340659	12.11475276	-78.92691492	-18.47552256	16.34883946	10.41996213
4.05000000	-7.00732571	65.54183849	11.84492323	-77.70048003	-18.17222327	15.92319049	10.41103408
4.05833333	-7.13760002	65.43402737	11.56858897	-76.57092145	-17.85651621	15.21245705	10.28675440
4.06666667	-7.17202893	65.15971757	11.25189854	-75.47930428	-17.63597280	14.31807028	9.99989101
4.07500000	-7.02102576	64.59204407	10.66266626	-74.41665983	-17.39063859	13.37490238	9.84620529
4.08333333	-7.18003954	64.39457021	10.43000486	-73.61031059	-17.14387846	12.85599351	9.75508011
4.09166667	-7.34716108	64.16182553	10.15270108	-72.90700628	-16.79463554	12.04842839	9.48197402
4.10000000	-7.44583787	63.80607180	9.85763056	-72.31458720	-16.51572953	11.33302758	8.97085995
4.10833333	-7.62211754	63.49461069	9.60317020	-71.84737340	-16.22832313	11.06690269	8.78043165
4.11666667	-7.79270208	63.12066889	9.33134458	-71.43654617	-15.85172974	10.79545888	8.25433734
4.12500000	-7.83584897	62.59035619	8.98436749	-71.12304656	-15.57354531	10.74760051	7.38191809
4.13333333	-8.03421375	62.22112106	8.73434014	-70.89018145	-15.23232541	10.98738714	6.90338671
4.14166667	-8.27062568	61.84279030	8.52078806	-70.66013002	-14.88803405	11.41063053	6.09208106
4.15000000	-8.52560826	61.48126208	8.37682982	-70.41083299	-14.59509691	11.84351522	5.10875451
4.15833333	-8.81143616	61.13772776	8.30623019	-70.07771800	-14.32363221	12.22347858	4.02712320
4.16666667	-9.12317183	60.82928701	8.27828771	-69.67501385	-14.09695732	12.48746686	2.84220154
4.17500000	-9.42806870	60.51120264	8.23492164	-69.21182553	-13.87076908	12.66672464	1.46548984
4.18333333	-9.68687909	60.13571949	8.19974450	-68.69894927	-13.71462596	12.74685627	0.00621105
4.19166667	-9.88904641	59.67510673	8.06481028	-68.12996262	-13.53031083	12.76548161	-1.59354278
4.20000000	-10.06226268	59.10988522	7.99988757	-67.49771926	-13.43894998	12.80045509	-3.28199035
4.20833333	-10.17933931	58.46687797	7.94837321	-66.83056502	-13.43543176	12.78402535	-5.11406995
4.21666667	-10.29713455	57.77046325	7.89443641	-66.10401182	-13.47099685	12.80573297	-7.05992812
4.22500000	-10.36632682	56.98980517	7.92941644	-65.33704170	-13.64317504	12.82192782	-9.08982370
4.23333333	-10.23798731	55.92019430	7.69393471	-64.49083233	-13.71484848	12.92269466	-11.09766066
4.24166667	-10.46105606	55.26864316	8.24484178	-63.63854488	-14.40464211	12.95711862	-13.11986474
4.25000000	-10.60765447	54.49995339	8.75798780	-62.69213458	-15.12752222	12.93792333	-15.25996378
4.25833333	-10.73840589	53.73581759	9.28974256	-61.79406133	-15.90761649	12.94923177	-17.10374780
4.26666667	-10.86979226	53.00027987	10.04282548	-60.93408740	-16.96794913	12.95687349	-18.50980861
4.27500000	-11.00198666	52.25935758	10.97317121	-60.03299149	-18.47079538	12.97908835	-19.82772241
4.28333333	-10.87070003	51.16091455	11.80758817	-58.95481374	-20.46331334	12.91223448	-20.75691071
4.29166667	-10.95821448	50.45921440	12.99948112	-58.13466047	-22.57023319	12.83950064	-21.64797204
4.30000000	-10.74961308	49.31128335	14.10001727	-57.06602646	-25.32477075	12.77553508	-21.97016342
4.30833333	-10.77730959	48.47886474	15.57495514	-56.10991582	-28.15018008	12.68808913	-22.74449518
4.31666667	-10.71464191	47.60622833	17.12611702	-55.17428351	-31.53767693	12.63233454	-22.81173469
4.32500000	-10.44901468	46.45162043	18.52064498	-54.08400716	-35.14614470	12.49199908	-22.72309916
4.33333333	-10.68165507	46.04219926	20.65591818	-53.30219630	-38.90328385	12.28053321	-23.47187606
4.34166667	-10.30459834	44.81164150	22.12551969	-52.21132731	-42.88273802	12.11800481	-22.91581904
4.35000000	-10.67176158	44.41879174	24.41304659	-51.27089811	-46.74604576	11.90263349	-23.56198291
4.35833333	-10.40725014	43.35518966	25.90486698	-50.23507305	-50.63909894	11.67857856	-23.38085782
4.36666667	-10.11518205	42.29571234	27.39866344	-49.29807014	-54.49759553	11.49376563	-22.64443839
4.37500000	-10.60685557	42.21974144	29.98205691	-48.53614979	-58.50993603	11.37872158	-22.59223901
4.38333333	-10.47280798	41.29311008	31.74664534	-47.54041067	-62.31622287	11.24390937	-21.66224633
4.39166667	-10.25995553	40.34830726	33.32759254	-46.63339252	-65.97967196	11.08446716	-20.17298517
4.40000000	-10.17878602	39.59113425	35.06628803	-45.80117950	-69.56107274	10.94668948	-18.45639536
4.40833333	-10.68834775	39.60660565	37.70673077	-45.11990482	-73.36821152	10.92774607	-15.91255030
4.41666667	-10.75827174	39.04014498	39.68963040	-44.31200153	-76.82872339	10.75850543	-12.99969829
4.42500000	-10.58140005	38.13084384	41.24145007	-43.45386856	-79.87483028	10.60951848	-10.84541204
4.43333333	-10.96000433	37.94977383	43.64165282	-42.70644360	-83.20445823	10.60529907	-7.00335495
4.44166667	-10.72399660	37.03092453	45.05185236	-41.88898777	-85.87722996	10.41907591	-4.40719896
4.45000000	-10.61626839	36.23093737	46.71479081	-41.06524718	-88.60014321	10.41970970	-0.55619479
4.45833333	-10.42779447	35.35305123	48.11170717	-40.27514530	-90.84077944	10.28444348	1.92349842
4.46666667	-10.05482164	34.20854064	49.31894958	-39.33737384	-93.06321389	10.27652057	5.70457002
4.47500000	-9.62086096	33.02959551	50.35539806	-38.46743174	-94.90227412	10.17155642	8.65273865
4.48333333	-9.48041692	32.22172398	51.67338527	-37.69145133	-96.54715424	10.14454218	11.30065592
4.49166667	-9.33013437	31.32165359	52.90603040	-36.81612730	-97.84621311	10.00607874	13.20235021
4.50000000	-8.97157700	30.30801376	53.87084241	-36.06152409	-99.05168565	10.07844557	15.96173843
4.50833333	-8.72020499	29.34649452	54.92230937	-35.19397956	-100.01566639	9.89352120	17.85626279
4.51666667	-8.01901915	27.77018842	55.46578953	-34.17199355	-100.74861793	9.86636371	20.03585183
4.52500000	-8.00268830	27.11074791	56.59924360	-33.38529210	-101.27781339	9.72113855	21.56148379
4.53333333	-7.96873160	26.51772006	57.70709058	-32.71734825	-101.69282503	9.74510223	23.37348761
4.54166667	-7.99518979	25.89658551	58.76176157	-31.94081179	-101.80101414	9.55221831	24.55316256
4.55000000	-7.89953900	25.05675524	59.79834993	-31.14559168	-101.79023128	9.60304064	25.65404264
4.55833333	-7.76251698	24.30874464	60.65209662	-30.34479169	-101.53171064	9.47694762	26.22762579
4.56666667	-7.69376097	23.78449582	61.59759386	-29.79051860	-101.18299724	9.47378683	26.44163074
4.57500000	-7.16593102	22.57535711	61.69152786	-29.05135858	-100.57226159	9.60431175	27.87347354
4.58333333	-7.16078526	21.96858851	62.50642981	-28.31424638	-99.90437596	9.46186358	28.15150721
4.59166667	-7.18024403	21.46467100	63.30203235	-27.68446847	-99.15247115	9.40058773	28.34105659
4.60000000	-7.01629172	20.90637559	63.63621975	-27.20847889	-98.15473384	9.35529601	28.92365069
4.60833333	-7.08031045	20.44182656	64.27413880	-26.57915116	-97.11807770	9.23111151	29.04389351
4.61666667	-7.14016395	19.95512499	64.83652953	-25.98774716	-95.99671896	9.18727036	29.21015004
4.62500000	-7.28162227	19.52976039	65.36648459	-25.34373786	-94.73439342	9.16246293	29.22736029
4.63333333	-7.41404541	19.15859247	65.83000460	-24.75543377	-93.41182341	9.10166059	29.17921993
4.64166667	-7.55359763	19.03834060	66.18586784	-24.56726140	-91.97081093	9.40801009	29.03277387
4.65000000	-7.72398500	18.71147446	66.57460967	-24.00949181	-90.56802247	9.31537629	28.84746356
4.65833333	-7.92266140	18.44619945	66.90110260	-23.50540224	-89.10182610	9.21046362	28.53858944
4.66666667	-8.10933762	18.27724942	67.12130557	-23.16512296	-87.58777594	9.20017538	28.03322982
4.67500000	-8.29563079	18.03019888	67.32508979	-22.70490067	-86.13506747	9.21889365	27.79852279
4.68333333	-8.57414088	18.03434667	67.53359446	-22.55497791	-84.62493671	9.43191363	26.85727070
4.69166667	-8.75954918	17.74683450	67.58346981	-22.07193118	-83.23583300	9.41599630	26.40929948
4.70000000	-8.89803102	17.57057239	67.54611440	-21.82498835	-81.86387399	9.46474672	25.29734227
4.70833333	-9.04990823	17.27306004	67.50238209	-21.42254173	-80.64084383	9.42117896	24.31819350
4.71666667	-9.14841615	16.97883639	67.33209624	-21.07999422	-79.46309413	9.43228202	23.00881699
4.72500000	-9.28520967	16.63053073	67.15479194	-20.67875138	-78.32422517	9.53424969	21.58456941
4.73333333	-9.47096703	16.29495519	66.97573866	-20.19139594	-77.34970101	9.52416840	20.57357801
4.74166667	-9.59553415	15.98550806	66.69284130	-19.80034349	-76.47685224	9.47020497	19.41635341
4.75000000	-9.66251196	15.61799387	66.30061597	-19.43427714	-75.71858711	9.40269292	18.44729840
4.75833333	-9.90096354	15.31037769	66.08796672	-18.94242222	-75.17825616	9.36557158	18.19159370
4.76666667	-10.14106973	15.03025856	65.83638186	-18.48277075	-74.80930568	9.26053392	18.11590851
4.77500000	-10.27534840	14.71423710	65.42699097	-18.13808660	-74.59643773	8.97025846	18.50969199
4.78333333	-10.55827607	14.53106373	65.16826290	-17.73348271	-74.48473515	8.78534846	18.98051653
4.79166667	-10.82680177	14.35153771	64.88287093	-17.40737617	-74.48573845	8.48779426	19.94110466
4.80000000	-11.17144932	14.24030514	64.63582280	-17.02574229	-74.34865931	8.07604439	20.60801304
4.80833333	-11.49572175	14.09873396	64.37235877	-16.64856920	-74.11741567	7.51939909	21.28699704
4.81666667	-11.81867722	13.93445215	64.07474432	-16.23711924	-73.74648045	6.86506144	21.86256949
4.82500000	-12.11389212	13.88598073	63.74904714	-16.02158751	-73.24046738	6.00414194	22.31444534
4.83333333	-12.39978728	13.77582114	63.42924920	-15.74821913	-72.71033295	5.13106447	22.50040530
4.84166667	-12.69998419	13.64085786	63.10663528	-15.39990735	-72.11223423	4.30088185	22.62068579
4.85000000	-12.94460355	13.54034074	62.76233355	-15.19501103	-71.53519724	2.99884662	22.65684717
4.85833333	-13.02431157	13.37286020	62.17955616	-15.17972042	-70.84014734	1.86610581	22.24821511
4.86666667	-13.28077951	13.36821537	61.78976549	-15.07099551	-70.23323512	0.54313637	22.29189651
4.87500000	-13.51809270	13.43846880	61.38056119	-15.12377368	-69.60401924	-1.04089187	22.27864177
4.88333333	-13.76240802	13.56102504	60.93679439	-15.23472993	-68.91882815	-2.68659483	22.21640550
4.89166667	-13.95021924	13.75375016	60.38356683	-15.54292268	-68.13463391	-4.38412379	22.08449364
4.90000000	-14.19280275	14.14031519	59.82892731	-16.00700086	-67.27172537	-6.11440924	22.05391107
4.90833333	-14.33737985	14.50966011	59.15466030	-16.59396616	-66.38978219	-7.91625925	21.96638632
4.91666667	-14.39631086	14.95294190	58.37164584	-17.39579694	-65.46915630	-9.63561486	21.88525841
4.92500000	-14.41627513	15.45178422	57.53738801	-18.36940854	-64.53341529	-11.29772114	21.80649242
4.93333333	-14.40274029	15.98451852	56.70602341	-19.26326616	-63.60988726	-13.26865780	21.50641982
4.94166667	-14.38088026	16.77391579	55.80486628	-20.75548361	-62.64320937	-14.65028338	21.48086302
4.95000000	-14.33689511	17.60961335	54.85545314	-22.35072770	-61.65106074	-16.15259637	21.37848374
4.95833333	-14.52980708	18.57913579	54.18886534	-23.81400482	-60.72124928	-18.09952959	21.20863164
4.96666667	-14.30305717	19.37057933	53.13436262	-25.90716606	-59.73608841	-19.48393827	21.06607838
4.97500000	-14.05751022	20.18627169	52.10134323	-28.06040049	-58.82150078	-21.33948327	20.81497251
4.98333333	-13.86162236	21.49438149	50.95314084	-30.88645055	-57.68423094	-22.65263589	20.66287123
4.99166667	-13.74870002	22.97724412	49.97568199	-33.88035261	-56.63747702	-24.35947302	20.45082580
5.00000000	-13.43900138	24.15585257	48.74938716	-36.98395409	-55.57877569	-25.12705291	20.36527042
5.00833333	-13.39849514	25.85535401	47.88566001	-40.36670810	-54.50324443	-27.26359415	20.07402145
5.01666667	-13.22456087	27.46065249	46.85332226	-43.86422133	-53.44179671	-28.63839178	19.87540863
5.02500000	-12.91583671	29.14504803	45.62777158	-47.70188489	-52.22279315	-29.36538774	19.60881926
5.03333333	-12.64054465	30.59668986	44.54165660	-51.23550597	-51.18282674	-30.24664178	19.35634234
5.04166667	-12.43056327	32.19648552	43.41178962	-54.93134529	-49.99505302	-30.23037414	19.12718921
5.05000000	-12.12041379	33.74065947	42.27621294	-58.42155063	-48.96983516	-31.49489235	18.89000309
5.05833333	-11.87250472	35.34477051	41.16151748	-62.07140791	-47.86050424	-30.65196339	18.64489476
5.06666667	-11.58370342	36.80475000	40.07164552	-65.40842172	-46.83753499	-31.17096873	18.44810678
5.07500000	-11.32653462	38.35709668	39.02469897	-68.86038292	-45.82462072	-29.70688561	18.19065630
5.08333333	-11.22205300	40.08199336	38.16139125	-72.16827512	-44.86181231	-28.80574653	18.01168694
5.09166667	-10.93171484	41.56715846	37.04441698	-75.35187295	-43.79277237	-26.60562295	17.72619104
5.10000000	-10.65835180	43.09440684	36.01299578	-78.44907678	-42.81186358	-24.22528919	17.44520795
5.10833333	-10.50700201	44.85055558	35.08666423	-81.51023830	-41.81114497	-21.74955187	17.27986513
5.11666667	-10.28971786	46.30981928	34.01367387	-84.13608295	-40.70024892	-19.36843676	17.01342344
5.12500000	-10.06713425	47.75198666	33.07558685	-86.68048044	-39.82006356	-15.64161198	16.97508891
5.13333333	-9.84307570	49.24336012	32.05637140	-88.98002327	-38.78516140	-13.33625682	16.63476810
5.14166667	-9.42740290	50.39646268	30.78173954	-91.04728758	-37.71681365	-9.21371998	16.54592421
5.15000000	-9.15346473	51.88043603	29.65001206	-93.00978888	-36.62657063	-6.32374857	16.20954530
5.15833333	-8.86276976	52.99387102	28.57389824	-94.54398979	-35.59453001	-2.42572744	16.00394529
5.16666667	-8.66604082	54.25219318	27.63080973	-95.89307718	-34.59669917	0.66328526	15.72931381
5.17500000	-8.35485220	55.37128113	26.52980123	-97.02122858	-33.58264986	3.55454577	15.47362448
5.18333333	-8.09498551	56.51849442	25.46965990	-97.92560828	-32.56628830	6.01316414	15.18201695
5.19166667	-7.84024237	57.61659812	24.46044645	-98.62044689	-31.58123508	8.18288552	14.89630681
5.20000000	-7.51832198	58.57538503	23.40019147	-99.02472975	-30.62867502	9.68177882	14.63105077
5.20833333	-7.19357296	59.54357136	22.33432881	-99.33336640	-29.73162664	11.50113007	14.43378651
5.21666667	-6.98877784	60.41945504	21.42430737	-99.32308717	-28.81132841	12.96123031	14.14545340
5.22500000	-6.64856778	61.12528386	20.39370238	-99.10288327	-27.95738351	14.10793237	13.92284203
5.23333333	-6.69864732	61.95285890	19.97067707	-98.55437778	-27.23570284	14.82706191	13.63803190
5.24166667	-6.51124305	62.67926936	19.13513412	-98.00586290	-26.45058593	15.88568139	13.42978406
5.25000000	-6.52213501	63.57498056	18.55995603	-97.27979764	-25.68838572	16.04492959	13.28967592
5.25833333	-6.06954892	63.83377684	17.50578614	-96.38142076	-24.99540053	17.07771812	12.95339543
5.26666667	-6.06510668	64.50590624	16.96400880	-95.33015104	-24.31957923	17.22952652	12.66025979
5.27500000	-5.87513817	64.84447506	16.26893262	-94.19783480	-23.71627463	17.87577826	12.53871390
5.28333333	-5.87032043	65.36315104	15.80779240	-92.89959912	-23.13517982	17.86030679	12.27494277
5.29166667	-5.86238803	65.72930320	15.33284596	-91.51778939	-22.54803457	17.97376459	12.04474486
5.30000000	-5.83183705	66.00825736	14.83669618	-90.07436791	-22.01477508	18.16562139	11.87802017
5.30833333	-5.93079708	66.36917019	14.54341963	-88.58551073	-21.53286485	18.14777604	11.82833478
5.31666667	-5.98394340	66.50251211	14.31703835	-86.95389226	-21.22378914	18.27779459	11.62206546
5.32500000	-6.07318566	66.66700899	14.00753410	-85.34153621	-20.80481554	18.07498033	11.42164958
5.33333333	-6.19492150	66.76645469	13.75680773	-83.74541894	-20.38284488	17.93434999	11.40020860
5.34166667	-6.08666783	66.51687245	13.44625760	-82.04345704	-20.25930087	17.45815489	11.26027159
5.35000000	-6.23174179	66.55461869	13.20840904	-80.53203575	-19.85127062	17.17119860	11.24039756
5.35833333	-6.37227748	66.50413880	12.99849699	-79.06370610	-19.50580239	16.82208101	11.18867594
5.36666667	-6.38568351	66.29102592	12.71026246	-77.57144608	-19.27880127	15.74287680	10.98943895
5.37500000	-6.53243306	66.23545444	12.49007407	-76.31893113	-18.90735253	15.19696630	10.98069044
5.38333333	-6.51272680	65.91585784	12.20003550	-75.08556368	-18.64792768	14.12783764	10.81530169
5.39166667	-6.49555631	65.61251621	11.80349284	-74.00903566	-18.32742094	12.97230699	10.77273118
5.40000000	-6.58192739	65.42822103	11.51297717	-73.10334829	-18.00632862	11.98929957	10.76670762
5.40833333	-6.56785769	65.10845649	11.20401209	-72.31981945	-17.81949813	10.63741447	10.63999030
5.41666667	-6.64947178	64.83803920	10.95024331	-71.64289175	-17.56327540	9.74834481	10.65520503
5.42500000	-6.63049255	64.45598113	10.67449960	-70.96220734	-17.43521101	8.11631712	10.50378152
5.43333333	-6.73859024	64.21787039	10.50351484	-70.45075644	-17.30785295	7.41279664	10.47619169
5.44166667	-6.86055389	63.94945010	10.42904935	-70.06903485	-17.30642808	7.30115176	10.46289975
5.45000000	-6.83604612	63.40918917	10.15872136	-69.64361329	-17.10742795	6.92552789	10.07429906
5.45833333	-6.98755119	63.13627057	10.09579305	-69.42339591	-17.08025160	7.05118368	10.04639131
5.46666667	-7.09474069	62.77762797	9.90917394	-69.25693618	-16.87751672	7.66998981	9.60386026
5.47500000	-7.29047887	62.53123527	9.83358791	-69.14804944	-16.75578027	8.31311357	9.35302453
5.48333333	-7.51091042	62.31355762	9.82754332	-69.05936582	-16.64606786	8.86717919	8.81556871
5.49166667	-7.73955713	62.12373038	9.79993232	-68.95495488	-16.46427217	9.35832461	8.38030107
5.50000000	-7.93952448	61.93369232	9.78009987	-68.81310185	-16.40210003	9.48948304	8.17668273
5.50833333	-8.28532950	61.93102020	9.75761025	-68.65972443	-16.04522311	9.89562242	6.84461573
5.51666667	-8.63393818	61.92452093	9.75541054	-68.41490456	-15.76081259	9.85531750	6.05471292
5.52500000	-8.94567195	61.83531157	9.75805565	-68.11392108	-15.45749797	9.91656145	5.00652805
5.53333333	-9.24452123	61.70438932	9.66979952	-67.70901974	-15.04165025	9.92500017	3.97419872
5.54166667	-9.48759630	61.49706513	9.54124044	-67.28488317	-14.68349422	9.85781752	2.57923760
5.55000000	-9.67556121	61.10683482	9.37320353	-66.71944590	-14.28988878	9.82739453	1.21978351
5.55833333	-9.90133363	60.72714627	9.27390838	-66.17304387	-13.94004205	9.81115196	-0.32698347
5.56666667	-9.80561670	59.92841504	8.71198301	-65.49635073	-13.48054361	9.65218025	-1.97354620
5.57500000	-10.07752193	59.48457056	8.78122402	-64.77463518	-13.23961188	9.67930901	-3.77307574
5.58333333	-10.36543333	59.01308785	8.88856385	-64.02846306	-13.02639264	9.70885847	-5.72520128
5.59166667	-10.58696657	58.43387591	8.95697713	-63.20128791	-12.85583870	9.68299217	-7.68576986
5.60000000	-10.74890627	57.82309969	8.96015649	-62.42692531	-12.75485172	9.67057284	-9.75099497
5.60833333	-10.91396926	57.21754227	9.19073502	-61.60407801	-12.85415968	9.59445750	-11.81123239
5.61666667	-11.07684065	56.60731544	9.47623073	-60.82823453	-13.07643774	9.56057001	-13.73902298
5.62500000	-11.25090553	55.97788810	9.82150622	-59.96817185	-13.30362949	9.52407836	-15.98667264
5.63333333	-11.37335468	55.29402366	10.18217519	-59.10589083	-13.69971150	9.46891884	-17.88089624
5.64166667	-11.45967585	54.55338739	10.53951031	-58.21651427	-14.17704452	9.41943819	-19.59626697
5.65000000	-11.50671684	53.77572751	11.01732654	-57.26160486	-14.99891108	9.33309234	-20.80605235
5.65833333	-11.54661166	53.05425857	11.46154234	-56.36224863	-15.91887039	9.17097363	-21.61038223
5.66666667	-11.48973893	52.24765921	11.89194427	-55.48958282	-17.08119278	8.99763782	-21.80680543
5.67500000	-11.58569465	51.59887873	12.65326138	-54.66068392	-18.42599468	8.88217742	-21.85143341
5.68333333	-11.45624074	50.61181845	13.44280357	-53.61016639	-20.44247838	8.78263870	-21.32782243
5.69166667	-11.39950977	49.86711643	14.30274246	-52.79234291	-22.45655215	8.53834681	-21.02297236
5.70000000	-11.20796684	48.93110716	15.09873887	-51.90152316	-24.99450558	8.46325108	-19.90505674
5.70833333	-11.23316934	48.28426951	16.18638022	-51.09258972	-27.38009506	8.23264980	-19.63841802
5.71666667	-11.11033090	47.48415960	17.24473904	-50.26401413	-30.11452002	8.13730988	-18.80362620
5.72500000	-11.07986022	46.84278572	18.32522302	-49.53622259	-32.88938065	7.94530145	-17.92367906
5.73333333	-10.75113128	45.77239804	19.20132556	-48.60879518	-35.71409023	7.74111051	-16.89948900
5.74166667	-10.46664813	44.81618000	20.02811527	-47.82953902	-38.52125270	7.62968394	-15.38988692
5.75000000	-10.67024612	44.49924056	21.51091787	-47.18790449	-41.33966366	7.49736133	-14.53556880
5.75833333	-10.37151977	43.54930841	22.38771425	-46.38973452	-44.13088873	7.36001708	-12.89976546
5.76666667	-10.46602366	43.10354424	23.77394057	-45.70312724	-46.95894519	7.20309587	-11.13716488
5.77500000	-10.25768611	42.32296267	24.69963518	-45.01187643	-49.53969349	7.06090694	-9.35162096
5.78333333	-10.12357452	41.65435592	25.68021606	-44.36078737	-52.01954596	6.93007187	-7.51981236
5.79166667	-10.50177947	41.61191204	27.51156083	-43.79083315	-54.79296734	6.86817691	-4.76442528
5.80000000	-10.39664595	40.93471503	28.45402467	-43.11982433	-56.91024907	6.73858755	-2.82401449
5.80833333	-10.77372489	40.87567524	30.13581971	-42.56537817	-59.22610896	6.67672167	-0.18214617
5.81666667	-10.83744396	40.41702555	31.34818138	-41.91064485	-61.16446955	6.55057135	1.99167056
5.82500000	-10.76393200	39.95002328	32.17722441	-41.44083340	-62.69895184	6.40788972	3.69109944
5.83333333	-11.13788030	40.02989104	33.68154713	-41.04803074	-64.32895632	6.39569169	5.84308028
5.84166667	-11.07323862	39.46370306	34.43427591	-40.43561179	-65.37263919	6.25705191	7.23951944
5.85000000	-11.12141405	39.06814689	35.40032292	-39.85899537	-66.41199934	6.16426672	9.13845558
5.85833333	-11.12642167	38.60412484	36.14223835	-39.24124287	-66.99676759	6.01239362	10.18680028
5.86666667	-11.18613037	38.23065204	36.90346637	-38.70965009	-67.39553366	5.89732876	11.48840315
5.87500000	-11.25300502	37.76896412	37.64774867	-38.01177280	-67.55551570	5.77781923	12.54769625
5.88333333	-11.25285756	37.35686201	38.14189235	-37.45114651	-67.43528472	5.59978761	13.71017452
5.89166667	-11.26435702	36.84586369	38.66225790	-36.75780854	-67.12338386	5.43987527	14.70956654
5.90000000	-11.26306409	36.31386873	39.04681341	-36.06635845	-66.50316302	5.28685911	15.61092428
5.90833333	-11.30252308	35.88193720	39.42173644	-35.43574900	-65.76268027	5.17341431	16.53741076
5.91666667	-11.37995709	35.47902907	39.70097247	-34.77911823	-64.70811978	5.07001665	16.88893622
5.92500000	-11.36739262	34.97636726	39.83865203	-34.12591181	-63.48421827	4.81853793	17.66565504
5.93333333	-11.54122765	34.68395727	40.04003225	-33.48601093	-62.02165952	4.75217622	17.84004075
5.94166667	-11.50994340	34.22757795	39.95570223	-32.94767373	-60.45805857	4.67834927	18.53665245
5.95000000	-11.63950249	33.88076733	40.01796671	-32.29960130	-58.74375819	4.50738543	18.71837484
5.95833333	-11.57361779	33.31083819	39.70297321	-31.61102326	-56.82667265	4.45117202	19.00864972
5.96666667	-11.79488848	33.11486760	39.72714223	-31.01428617	-54.86563371	4.27134733	18.86584013
5.97500000	-12.00229602	32.87216289	39.58802503	-30.42355129	-52.73396921	4.12922103	18.73224652
5.98333333	-12.19455883	32.69691680	39.42096655	-29.94079012	-50.58993172	4.04337481	18.55935421
5.99166667	-12.21639419	32.29994461	39.02558406	-29.40981249	-48.41340127	3.90589550	18.18595928
6.00000000	-11.78530388	31.30555719	38.02746695	-28.75842442	-46.18748470	4.04791056	18.27149907
6.00833333	-11.99515939	31.16811963	37.82552799	-28.28187108	-44.08663367	3.97013926	17.69387679
6.01666667	-11.82106146	30.50914128	36.97086794	-27.72355114	-41.85672960	3.99071162	17.17023264
6.02500000	-12.11030049	30.46613352	36.69998826	-27.34034614	-39.78218103	3.95354331	16.64710841
6.03333333	-12.25520858	30.27516602	36.22954123	-26.93586656	-37.76787201	3.86826662	15.48804561
6.04166667	-12.41264097	30.07294024	35.83922408	-26.51334011	-35.94064205	3.88162122	14.67703261
6.05000000	-12.53039375	29.91102969	35.44144380	-26.22261833	-34.27948137	3.90194803	13.84220194
6.05833333	-12.64093035	29.72446765	34.91894156	-25.87644350	-32.65315963	3.87825984	12.36156888
6.06666667	-12.65520590	29.45220332	34.25498584	-25.63296427	-31.13666327	3.95513366	11.11079001
6.07500000	-12.79823537	29.27837223	33.84471450	-25.28310053	-29.85616146	3.99743211	9.94524192
6.08333333	-12.91585759	29.19962672	33.37644504	-25.11971591	-28.69564001	4.02958360	8.73856959
6.09166667	-12.91226069	28.99155831	32.64019554	-24.97435300	-27.54120972	4.14616757	7.81070047
6.10000000	-13.11016750	28.99386398	32.29674620	-24.81340215	-26.70517407	4.17680790	7.22044806
6.10833333	-13.28294109	28.98644262	32.00045058	-24.67266061	-26.06696608	4.21805196	6.90336298
6.11666667	-13.51241373	29.04788242	31.61909547	-24.57439019	-25.40165916	4.25231812	6.86600245
6.12500000	-13.70663759	29.10852139	31.38175461	-24.50602781	-24.98198127	4.32179450	6.94189407
6.13333333	-13.94706067	29.17416849	31.17591250	-24.37937658	-24.52463905	4.36280981	7.01043022
6.14166667	-14.13474274	29.20866929	30.85988775	-24.29483004	-24.04181627	4.44320175	6.93299066
6.15000000	-14.35554579	29.27022411	30.62967346	-24.16403379	-23.52954916	4.43910553	6.83326944
6.15833333	-14.53365937	29.29869912	30.55817541	-24.01203692	-23.19168990	4.45950437	6.78678564
6.16666667	-14.69549761	29.27237466	30.47063502	-23.80793053	-22.79955012	4.42676718	6.59011645
6.17500000	-14.83258717	29.20831362	30.32593545	-23.58455897	-22.34739715	4.32985235	6.24819041
6.18333333	-14.58471747	28.69534015	29.65564759	-23.32097287	-21.85039976	4.31894872	6.01483857
6.19166667	-14.77783300	28.68218756	29.55742342	-23.09326097	-21.48939772	4.27512049	5.89441252
6.20000000	-14.93902705	28.67807689	29.55995221	-22.90660349	-21.30682626	4.27969193	5.85135800
6.20833333	-14.59215572	27.96098932	28.86596251	-22.51064723	-20.97575807	4.28224705	5.65410614
6.21666667	-14.70429928	27.70211549	28.80043643	-22.09540681	-20.77711125	4.21279748	5.62420917
6.22500000	-14.66509831	27.25802103	28.49898516	-21.66122704	-20.51654711	4.31105277	5.67893129
6.23333333	-14.81626942	27.10323382	28.39974894	-21.30938087	-20.27893742	4.21707099	5.66170536
6.24166667	-15.05940820	27.14386279	28.45260745	-21.07057534	-20.08919646	4.24045365	5.69927535
6.25000000	-15.22180621	27.02750795	28.38850929	-20.74164466	-19.83105525	4.21897043	5.69702775
6.25833333	-15.22527982	26.78120817	28.19589777	-20.43768108	-19.54040176	4.07965760	5.55966037
6.26666667	-15.36892794	26.75883916	28.16214904	-20.23962448	-19.32094253	4.09802896	5.55801113
6.27500000	-15.53008538	26.71673108	28.04295100	-19.98956438	-18.98468878	4.04853825	5.49179223
6.28333333	-15.55163950	26.44560714	27.74888333	-19.75365634	-18.56738624	4.27661328	5.40747925
6.29166667	-15.75056259	26.44806307	27.76150456	-19.54348136	-18.36474158	4.31616891	5.45533510
6.30000000	-15.89874742	26.51300790	27.76211351	-19.44369716	-18.20863950	4.32207962	5.48265109
6.30833333	-16.01356046	26.46204029	27.63470883	-19.27648517	-17.94185927	4.29887696	5.50269859
6.31666667	-16.22633494	26.67163786	27.73910656	-19.29530797	-17.88263330	4.32318993	5.49037558
6.32500000	-16.36633673	26.69738705	27.73720396	-19.19670585	-17.79905208	4.38811136	5.56478794
6.33333333	-16.44521620	26.65093003	27.64374647	-19.09569363	-17.71563310	4.43728656	5.63802877
6.34166667	-16.54464095	26.66086475	27.70845652	-19.03162467	-17.75730042	4.50091803	5.71438485
6.35000000	-16.37199615	26.40052693	27.45105865	-19.02247716	-17.78648871	4.72494954	5.84250925
6.35833333	-16.39606395	26.33875698	27.54372438	-18.95690922	-17.97832092	4.74896193	5.96605489
6.36666667	-16.50437788	26.44846245	27.72587805	-18.98579516	-18.15470870	4.77485999	5.99106764
6.37500000	-16.53477832	26.37243939	27.74521974	-18.87201095	-18.25145365	4.77772999	6.14395078
6.38333333	-16.60700517	26.41445966	27.84478264	-18.86765053	-18.37503705	4.81003189	6.18509716
6.39166667	-16.62639392	26.33881517	27.80376180	-18.76373519	-18.39511499	4.80881296	6.33164108
6.40000000	-16.66915665	26.28144237	27.80759901	-18.66972320	-18.42419688	4.81731037	6.38411977
6.40833333	-16.70041583	26.21903209	27.81292906	-18.59301465	-18.45822293	4.82650066	6.43456993
6.41666667	-16.77559231	26.20510391	27.82484588	-18.51175493	-18.43296591	4.85332751	6.48819998
6.42500000	-16.76538829	26.10759985	27.75246928	-18.43353227	-18.39774941	4.83391162	6.49943661
6.43333333	-16.77064385	26.03284084	27.70018710	-18.36357598	-18.35245593	4.84273848	6.50309594
6.44166667	-16.82041411	26.02903310	27.68752982	-18.30982916	-18.30027640	4.85996845	6.48448718
6.45000000	-16.91429191	26.09344277	27.77145748	-18.28338387	-18.30331328	4.89474218	6.52814420
6.45833333	-16.98007962	26.10487128	27.80507223	-18.23195676	-18.27347092	4.84951802	6.59918917
6.46666667	-17.08408330	26.16813869	27.88108957	-18.20191544	-18.23779110	4.85354175	6.62159504
6.47500000	-17.17033480	26.23491598	27.95723592	-18.17996966	-18.23324626	4.85484451	6.64456365
6.48333333	-17.24579272	26.30461877	28.18407724	-18.18542365	-18.39630081	4.83990273	6.68311659
6.49166667	-17.32327750	26.35132736	28.09397351	-18.18208945	-18.22428355	4.86027546	6.68096026
6.50000000	-17.40495207	26.42867093	28.17444640	-18.20467254	-18.25027627	4.90239242	6.69747888
6.50833333	-17.33862474	26.28076672	27.92812276	-18.13093375	-18.06492724	4.91997553	6.67193693
6.51666667	-17.40781085	26.33708986	27.99150890	-18.15924418	-18.09171491	4.95673445	6.69017348
6.52500000	-17.42370594	26.22514018	27.86114140	-18.02659899	-17.92132968	4.97101058	6.71448230
6.53333333	-17.21342784	25.91433731	27.47181601	-17.95798024	-17.72241368	5.00706911	6.69524705
6.54166667	-17.27367303	25.95442558	27.45363986	-17.96859521	-17.64317182	5.03995716	6.74759971
6.55000000	-17.33206901	26.00455067	27.45649585	-17.97296553	-17.58346435	5.07728765	6.76645848
6.55833333	-17.33257065	25.96211060	27.35202590	-17.95592376	-17.44701576	5.09352534	6.74055782
6.56666667	-17.36283914	26.08292198	27.44544117	-18.12390339	-17.58326003	5.12000844	6.74267652
6.57500000	-17.25196158	25.84947579	27.08331647	-17.96221487	-17.24501763	5.14923071	6.66508768
6.58333333	-17.31822203	25.92153008	27.11003410	-18.00131646	-17.20869303	5.18270242	6.68674970
6.59166667	-17.37104627	25.95616592	27.08854506	-17.99457118	-17.11920622	5.19028587	6.64632423
6.60000000	-17.43256664	26.01638977	27.09957788	-18.01329432	-17.06643863	5.21371702	6.63847765
6.60833333	-17.47969183	26.04869848	27.07501005	-18.00691829	-16.98013982	5.21732346	6.60968926
6.61666667	-17.52473607	26.15177601	27.16873087	-18.11024010	-17.07307819	5.24355677	6.61841320
6.62500000	-17.58939726	26.14027734	27.10146011	-18.01459408	-16.88250993	5.25007471	6.62655319
6.63333333	-17.61268210	26.11371899	27.04770055	-17.96049152	-16.79529678	5.23260674	6.57829019
6.64166667	-17.64903300	26.13822562	27.04612943	-17.95661105	-16.75381561	5.24473441	6.59460482
6.65000000	-17.70544502	26.18437573	27.08100749	-17.93798176	-16.73176096	5.26602775	6.61160098
6.65833333	-17.74401799	26.24593958	27.14984917	-17.99973457	-16.79586513	5.28206372	6.61593464
6.66666667	-17.71121759	26.08990700	26.95773641	-17.83068643	-16.56747918	5.20866050	6.53628320
6.67500000	-17.76440014	26.13200510	26.97786502	-17.81456298	-16.52855028	5.23081389	6.56173369
6.68333333	-17.81494889	26.14830439	26.97736997	-17.77179949	-16.46108061	5.23270625	6.55850068
6.69166667	-17.85788333	26.16605631	26.98349433	-17.73129786	-16.40802024	5.21928133	6.53505980
6.70000000	-17.87096429	26.14047162	26.94361884	-17.67530555	-16.33861465	5.17828082	6.48693943
6.70833333	-17.91760780	26.16468375	26.96875117	-17.66149708	-16.30861454	5.19322884	6.50755244
6.71666667	-17.96771711	26.18106968	26.99122717	-17.60546024	-16.26735024	5.18074876	6.50636266
6.72500000	-18.02001407	26.20877178	27.02130892	-17.57201614	-16.23906696	5.16614246	6.50612315
6.73333333	-18.09288506	26.28935828	27.10569732	-17.56140339	-16.26502280	5.18089585	6.51533181
6.74166667	-17.86629306	25.90070367	26.74043537	-17.38569712	-16.10008151	5.26190422	6.51487805
6.75000000	-17.97951322	26.01024435	26.83499206	-17.35165401	-16.07012417	5.09621377	6.47663070
6.75833333	-18.06361721	26.09447582	26.91676556	-17.34090988	-16.07435734	5.12662498	6.50077557
6.76666667	-18.18827861	26.21429515	27.03782126	-17.31822274	-16.06300242	5.14469592	6.52368608
6.77500000	-18.24067642	26.21130554	27.00964635	-17.22427549	-15.93771381	5.03089101	6.43192629
6.78333333	-18.32674380	26.27765758	27.06927447	-17.19845687	-15.90131241	5.05529833	6.45656887
6.79166667	-18.38801737	26.33259077	27.11433258	-17.17228498	-15.89781412	5.06541930	6.47005333
6.80000000	-18.46091715	26.41948925	27.22434977	-17.17697149	-15.94863963	5.08318360	6.48284091
6.80833333	-18.49836514	26.39776706	27.20126156	-17.09118250	-15.86008841	5.05262166	6.48437022
6.81666667	-18.11052108	25.91416618	26.64126498	-17.01935569	-15.66251933	5.08817414	6.40097627
6.82500000	-18.19799714	25.99705801	26.73065127	-17.00708255	-15.66811970	5.11287952	6.42870166
6.83333333	-18.27311609	26.07767996	26.80732259	-17.00608461	-15.67890292	5.11582157	6.44553139
6.84166667	-18.33842834	26.11731421	26.86227096	-16.95873069	-15.67807529	5.08236902	6.43659681
6.85000000	-18.39964176	26.17516176	26.91364304	-16.95288687	-15.67985388	5.09558183	6.46482856
6.85833333	-18.42940456	26.19112930	26.92297374	-16.92621361	-15.66590963	5.05866048	6.44795202
6.86666667	-18.45209626	26.20104047	26.96210388	-16.91502630	-15.71056056	5.10329539	6.49163611
6.87500000	-18.53046011	26.33362169	27.11845623	-16.99516834	-15.82966445	5.12511098	6.50241922
6.88333333	-18.55174463	26.27120870	27.04876208	-16.86820301	-15.70336620	5.09084155	6.54083720
6.89166667	-18.63187578	26.40795164	27.19344314	-16.93194374	-15.81960849	5.10837403	6.54522976
6.90000000	-18.66097849	26.47871057	27.28172030	-16.99257551	-15.90908283	5.12422892	6.55531489
6.90833333	-18.36660588	26.02666805	26.78406650	-16.80825460	-15.65104854	5.12323787	6.47376270
6.91666667	-18.40096872	26.12434337	26.90636565	-16.91039762	-15.79503323	5.14637420	6.48708557
6.92500000	-18.47069383	26.13589299	26.91832381	-16.80314736	-15.70613452	5.12074991	6.53174907
6.93333333	-18.50780746	26.23294022	27.03718309	-16.89297117	-15.83480506	5.14664344	6.54136560
6.94166667	-18.54948198	26.22055875	27.00424537	-16.79379272	-15.73111055	5.09457873	6.53060691
6.95000000	-18.58910702	26.32421457	27.11503808	-16.89085137	-15.83912010	5.13283089	6.55217962
6.95833333	-18.63629964	26.38364712	27.17677123	-16.88851116	-15.85188334	5.15901844	6.56935403