0.00000000	-20.77212241	28.08888942	26.69801397	-10.71782830	-9.56165593	0.80413150	6.76454941
0.00833333	-20.75346576	28.06720411	26.73385547	-10.72747737	-9.54406307	0.80588139	6.76327261
0.01666667	-20.75159640	28.06939785	26.73412047	-10.72631208	-9.54404482	0.80646528	6.76293270
0.02500000	-20.76132861	28.07901372	26.71605759	-10.72156622	-9.55890569	0.80906354	6.76125128
0.03333333	-20.76335147	28.07869992	26.71451750	-10.72161541	-9.56113388	0.80947014	6.76106168
0.04166667	-20.76734865	28.08450218	26.70589317	-10.71818103	-9.58045058	0.81235427	6.76056798
0.05000000	-20.76966107	28.08412261	26.70417430	-10.71825855	-9.58317698	0.81265822	6.76064479
0.05833333	-20.39138692	27.72845020	26.48036268	-10.86646985	-10.07196644	1.03681411	7.36076686
0.06666667	-20.39266770	27.72830996	26.47877078	-10.86614796	-10.07342282	1.03691089	7.36073660
0.07500000	-20.39159734	27.73035483	26.47612751	-10.86299754	-10.07930691	1.03717952	7.36083981
0.08333333	-20.39148258	27.73023394	26.47604956	-10.86248228	-10.08034908	1.03723153	7.36091251
0.09166667	-20.38779017	27.72888730	26.47974537	-10.85788435	-10.08759558	1.03784344	7.36139883
0.10000000	-20.38801348	27.72796292	26.48034350	-10.85775302	-10.08827530	1.03786391	7.36146568
0.10833333	-20.38731526	27.72426645	26.48428219	-10.85372255	-10.09708215	1.03797938	7.36205208
0.11666667	-20.38814763	27.72412333	26.48380086	-10.85360919	-10.09787899	1.03799039	7.36211735
0.12500000	-20.38532297	27.72796257	26.48343425	-10.84865307	-10.10653547	1.03831156	7.36319375
0.13333333	-20.38611013	27.72777601	26.48307529	-10.84834450	-10.10754891	1.03836137	7.36340202
0.14166667	-20.38396184	27.73184790	26.48358586	-10.84378070	-10.11328380	1.03875954	7.36521569
0.15000000	-20.38473315	27.73207555	26.48319400	-10.84347596	-10.11395484	1.03883977	7.36550230
0.15833333	-20.38732503	27.74041589	26.49494300	-10.82948084	-10.12486270	1.04421564	7.37724371
0.16666667	-20.38690683	27.74054915	26.49550498	-10.82911217	-10.12511220	1.04438174	7.37751968
0.17500000	-20.38465544	27.74045485	26.49927799	-10.82618776	-10.12853410	1.04551401	7.37921007
0.18333333	-20.38444867	27.74033753	26.49993071	-10.82583401	-10.12911718	1.04571688	7.37947809
0.19166667	-20.35884268	27.74919231	26.54932365	-10.82517984	-10.32644502	1.09292989	7.57450273
0.20000000	-20.35978528	27.74356478	26.55245884	-10.82575761	-10.32516643	1.09340141	7.57504107
0.20833333	-20.36001110	27.74251675	26.55304488	-10.82582028	-10.32489060	1.09349245	7.57517270
0.21666667	-20.35809867	27.73830173	26.55736976	-10.82421863	-10.32418626	1.09405949	7.57598273
0.22500000	-20.35871315	27.73790714	26.55719029	-10.82403451	-10.32430752	1.09411879	7.57607251
0.23333333	-20.36175197	27.73632603	26.55980744	-10.81147957	-10.32928787	1.09482458	7.57891396
0.24166667	-20.36183398	27.73618845	26.56003458	-10.81141945	-10.32918392	1.09477328	7.57898752
0.25000000	-20.36216397	27.73513912	26.56092379	-10.81142714	-10.32906000	1.09467327	7.57905765
0.25833333	-20.36026925	27.73427651	26.56491122	-10.80865535	-10.32975788	1.09396843	7.57946511
0.26666667	-20.36097831	27.73374106	26.56504310	-10.80878596	-10.32983708	1.09388555	7.57951658
0.27500000	-20.37741151	27.72378975	26.56439641	-10.80807168	-10.33294126	1.09283119	7.58037029
0.28333333	-20.36273361	27.72867703	26.57316687	-10.80315066	-10.33151782	1.09163396	7.58144011
0.29166667	-20.36281410	27.72934322	26.57283117	-10.80218720	-10.33261252	1.09134432	7.58161914
0.30000000	-20.36558186	27.81454011	26.58237048	-10.86401316	-10.37743448	0.95597370	7.68146725
0.30833333	-20.36509837	27.81480185	26.58224436	-10.86368443	-10.37753474	0.95602226	7.68148150
0.31666667	-20.36286029	27.81613091	26.58111208	-10.86036640	-10.37952399	0.95629373	7.68158501
0.32500000	-20.36264127	27.81649200	26.58096607	-10.85993319	-10.37960033	0.95628733	7.68162089
0.33333333	-20.36288590	27.81680338	26.58047359	-10.85936165	-10.37988448	0.95629782	7.68165712
0.34166667	-20.37032152	27.81951343	26.57893805	-10.83345350	-10.38854317	0.95431850	7.68456957
0.35000000	-20.36894049	27.82038640	26.57937983	-10.83279264	-10.38827790	0.95427325	7.68462348
0.35833333	-20.36540082	27.82527916	26.57964956	-10.82718550	-10.38838612	0.95385011	7.68507488
0.36666667	-20.36573820	27.82545099	26.57969684	-10.82691971	-10.38828614	0.95380082	7.68513273
0.37500000	-20.38192280	27.83305889	26.58510922	-10.81068933	-10.38409926	0.95183090	7.68804808
0.38333333	-20.38171265	27.83320661	26.58535397	-10.81041623	-10.38381676	0.95180167	7.68810998
0.39166667	-20.38175905	27.83311956	26.58567621	-10.81016020	-10.38367665	0.95174255	7.68817378
0.40000000	-20.38306283	27.83158358	26.58859868	-10.80852299	-10.38228183	0.95078607	7.68888144
0.40833333	-20.38370343	27.83136975	26.58857249	-10.80851833	-10.38214021	0.95063839	7.68895689
0.41666667	-20.38480888	27.83093925	26.58835481	-10.80859468	-10.38205817	0.95049094	7.68903402
0.42500000	-20.40436165	27.82460560	26.58201469	-10.80827461	-10.38037431	0.94905903	7.69000010
0.43333333	-20.40377809	27.82518541	26.58223424	-10.80763619	-10.37994531	0.94899244	7.69007149
0.44166667	-20.40504047	27.82468922	26.58177599	-10.80745870	-10.37976981	0.94889704	7.69013351
0.45000000	-20.42167508	27.82033233	26.57903230	-10.79585092	-10.36318201	0.94503301	7.69263551
0.45833333	-20.42200045	27.82039557	26.57873084	-10.79565832	-10.36262508	0.94493568	7.69270012
0.46666667	-20.42025948	27.82092003	26.57986569	-10.79520572	-10.36154383	0.94482500	7.69274449
0.47500000	-20.41086874	27.82373112	26.58480047	-10.79175948	-10.35260165	0.94297786	7.69297008
0.48333333	-20.41124900	27.82385129	26.58459351	-10.79172773	-10.35219663	0.94285606	7.69298599
0.49166667	-20.41109877	27.82432748	26.58449533	-10.79153037	-10.35181251	0.94277989	7.69300029
0.50000000	-20.41188751	27.82459093	26.58367292	-10.79151186	-10.35182832	0.94270806	7.69301274
0.50833333	-20.41329374	27.82506131	26.58210748	-10.79148742	-10.35232476	0.94264955	7.69303338
0.51666667	-20.43499582	27.83042646	26.55903317	-10.79405993	-10.35104922	0.94090923	7.69604046
0.52500000	-20.43269392	27.83133817	26.55992506	-10.79377527	-10.35013263	0.94087583	7.69624222
0.53333333	-20.43232828	27.83156190	26.55986327	-10.79381338	-10.34996218	0.94084723	7.69634998
0.54166667	-20.43266088	27.83147445	26.55952698	-10.79411461	-10.34994770	0.94080072	7.69645920
0.55000000	-20.43340007	27.83120622	26.55900592	-10.79457289	-10.35008481	0.94072711	7.69657326
0.55833333	-20.44525839	27.82801290	26.54045063	-10.80623544	-10.34899755	0.93895279	7.70212925
0.56666667	-20.44455172	27.82823322	26.54058268	-10.80635843	-10.34842086	0.93890714	7.70233220
0.57500000	-20.44450774	27.82802606	26.54044661	-10.80668336	-10.34816604	0.93882044	7.70252253
0.58333333	-20.44450815	27.82803995	26.54018324	-10.80710735	-10.34797670	0.93872044	7.70271002
0.59166667	-20.43705015	27.82532960	26.49860012	-10.84039540	-10.33445748	0.93085554	7.72222172
0.60000000	-20.43674935	27.82561854	26.49853444	-10.84054680	-10.33419769	0.93083257	7.72239831
0.60833333	-20.44227806	27.82155284	26.49298979	-10.84555470	-10.33260637	0.93057037	7.72463397
0.61666667	-20.44109100	27.82197855	26.49332607	-10.84555414	-10.33226715	0.93056485	7.72480057
0.62500000	-20.44157815	27.82150583	26.49307927	-10.84603781	-10.33214553	0.93053749	7.72497095
0.63333333	-20.44795436	27.81574986	26.48880557	-10.85157278	-10.33142317	0.93025709	7.72688187
0.64166667	-20.44739866	27.81580720	26.48887734	-10.85175383	-10.33126346	0.93024987	7.72707511
0.65000000	-20.44794281	27.81530001	26.48852504	-10.85230403	-10.33131862	0.93023451	7.72726582
0.65833333	-20.45594870	27.80799216	26.48269473	-10.86072408	-10.33202497	0.93020951	7.73031422
0.66666667	-20.45508957	27.80836801	26.48272455	-10.86077194	-10.33205729	0.93027948	7.73051785
0.67500000	-20.45169634	27.80050720	26.46249927	-10.88042260	-10.33652699	0.93631867	7.74369577
0.68333333	-20.45156983	27.80025969	26.46258944	-10.88071040	-10.33654509	0.93642637	7.74390133
0.69166667	-20.45101597	27.79457541	26.45045720	-10.89713292	-10.34117687	0.94654944	7.75778303
0.70000000	-20.45005754	27.79497508	26.45084665	-10.89712473	-10.34105569	0.94670991	7.75798577
0.70833333	-20.45455313	27.79254402	26.44804275	-10.89999708	-10.34225749	0.94833731	7.75964301
0.71666667	-20.45457275	27.79262449	26.44780642	-10.90010648	-10.34247379	0.94874310	7.75998355
0.72500000	-20.46839148	27.78253587	26.44132580	-10.90370200	-10.34491320	0.95157163	7.76251213
0.73333333	-20.46531360	27.78302357	26.44204416	-10.90332786	-10.34440623	0.95218968	7.76304081
0.74166667	-20.45256446	27.76986386	26.43813592	-10.90373597	-10.34625690	0.96331512	7.77210342
0.75000000	-20.45341101	27.76926514	26.43748822	-10.90393700	-10.34685093	0.96376760	7.77244415
0.75833333	-20.46038180	27.76313803	26.43323216	-10.90632261	-10.34953586	0.96566871	7.77411106
0.76666667	-20.46031431	27.76293063	26.43278475	-10.90628016	-10.34991437	0.96604955	7.77445520
0.77500000	-20.46687392	27.75610660	26.42662741	-10.90814611	-10.35275034	0.96909710	7.77714975
0.78333333	-20.46580918	27.75634659	26.42681544	-10.90781648	-10.35273308	0.96938656	7.77737508
0.79166667	-20.47268499	27.74882800	26.42185831	-10.90913541	-10.35412057	0.97227215	7.77997258
0.80000000	-20.47212472	27.74902086	26.42129209	-10.90861650	-10.35412414	0.97284733	7.78046694
0.80833333	-20.47339173	27.73106010	26.40546624	-10.90165217	-10.35084023	0.98799451	7.79463390
0.81666667	-20.47211266	27.73078046	26.40549164	-10.90122587	-10.35062074	0.98850728	7.79512731
0.82500000	-20.47243686	27.73068240	26.40478876	-10.90090079	-10.35064848	0.98898723	7.79560797
0.83333333	-20.48168759	27.72531577	26.39565660	-10.90036972	-10.35113882	0.99236928	7.79923621
0.84166667	-20.48136190	27.72533617	26.39512451	-10.89988313	-10.35088350	0.99281027	7.79970965
0.85000000	-20.48195618	27.70834273	26.37715613	-10.88592723	-10.33620983	1.00859905	7.81667618
0.85833333	-20.48285579	27.70800646	26.37637898	-10.88548995	-10.33610101	1.00902036	7.81710033
0.86666667	-20.49175172	27.70460505	26.36989100	-10.88373535	-10.33570471	1.01101440	7.81916775
0.87500000	-20.49158914	27.70482902	26.36976604	-10.88316885	-10.33535796	1.01128418	7.81941239
0.88333333	-20.50275771	27.68960303	26.36100618	-10.86285103	-10.31473219	1.02364237	7.83188153
0.89166667	-20.50154383	27.69026847	26.36136002	-10.86187275	-10.31405164	1.02400034	7.83222574
0.90000000	-20.51266661	27.68330087	26.35568852	-10.85799147	-10.31002874	1.02716465	7.83540760
0.90833333	-20.51259674	27.68288621	26.35564713	-10.85721572	-10.30900785	1.02760569	7.83585180
0.91666667	-20.51403980	27.66957304	26.35409919	-10.84004517	-10.28480275	1.03799689	7.84603852
0.92500000	-20.51605237	27.66910291	26.35288242	-10.83958130	-10.28462723	1.03841181	7.84636774
0.93333333	-20.52697218	27.66440058	26.34677453	-10.83743859	-10.28259662	1.04070926	7.84824083
0.94166667	-20.52736121	27.66468736	26.34617091	-10.83639514	-10.28167335	1.04133628	7.84869615
0.95000000	-20.50785995	27.52702074	26.24135035	-10.66359528	-10.10750325	1.27588396	7.97201967
0.95833333	-20.50887239	27.52699572	26.24087001	-10.66396896	-10.10748892	1.27574189	7.97203156
0.96666667	-20.51924019	27.52175584	26.23651371	-10.66839943	-10.10659030	1.27505699	7.97223005
0.97500000	-20.51861012	27.52187837	26.23700539	-10.66857462	-10.10607693	1.27502475	7.97225794
0.98333333	-20.51544717	27.51511074	26.24203570	-10.67746819	-10.09053609	1.27467834	7.97329113
0.99166667	-20.51662560	27.51482100	26.24157538	-10.67792327	-10.09050861	1.27464473	7.97322043
1.00000000	-20.52502010	27.51031065	26.23750228	-10.68142604	-10.08883683	1.27422787	7.97281282
1.00833333	-20.52386925	27.51104008	26.23785870	-10.68124375	-10.08841571	1.27422792	7.97277706
1.01666667	-20.52170522	27.50698252	26.23686861	-10.68397290	-10.07595302	1.27480503	7.97141305
1.02500000	-20.52217441	27.50703381	26.23654985	-10.68400454	-10.07574509	1.27484677	7.97130177
1.03333333	-20.53077365	27.50316458	26.23080728	-10.68511590	-10.07380133	1.27567986	7.97058817
1.04166667	-20.53000448	27.50363012	26.23069071	-10.68480646	-10.07320013	1.27589112	7.97048991
1.05000000	-20.52931455	27.49733953	26.22509082	-10.68247772	-10.05252913	1.28324933	7.96865249
1.05833333	-20.53048862	27.49740615	26.22397855	-10.68233188	-10.05232306	1.28358611	7.96849791
1.06666667	-20.53882354	27.49435823	26.21755449	-10.68285006	-10.05033495	1.28514519	7.96788469
1.07500000	-20.53915404	27.49431977	26.21708385	-10.68279677	-10.05006535	1.28528597	7.96784530
1.08333333	-20.53692329	27.48632183	26.20209172	-10.68149007	-10.00800189	1.29550350	7.96621127
1.09166667	-20.53730955	27.48660709	26.20151702	-10.68137378	-10.00795598	1.29561599	7.96614764
1.10000000	-20.53813966	27.48666835	26.20072544	-10.68139142	-10.00795086	1.29570545	7.96608982
1.10833333	-20.54647637	27.48441825	26.19424986	-10.68229218	-10.00620110	1.29651569	7.96572453
1.11666667	-20.54653139	27.48430351	26.19427377	-10.68236012	-10.00558338	1.29657611	7.96572207
1.12500000	-20.54678040	27.48420114	26.19409241	-10.68239375	-10.00504502	1.29663690	7.96569364
1.13333333	-20.54567746	27.47841990	26.18377602	-10.68262897	-9.97010293	1.30023086	7.96350022
1.14166667	-20.54578741	27.47859032	26.18344723	-10.68266658	-9.96976898	1.30026270	7.96341039
1.15000000	-20.54601244	27.47887393	26.18293561	-10.68258609	-9.96957012	1.30031327	7.96331439
1.15833333	-20.54708369	27.47876225	26.18193763	-10.68266445	-9.96961663	1.30037060	7.96320545
1.16666667	-20.54559236	27.47750524	26.16510857	-10.68277901	-9.93535337	1.30764487	7.95609966
1.17500000	-20.54640090	27.47749227	26.16444256	-10.68291609	-9.93535443	1.30771708	7.95597045
1.18333333	-20.54736616	27.47742073	26.16372473	-10.68298762	-9.93551297	1.30781560	7.95585424
1.19166667	-20.54847253	27.47722173	26.16299296	-10.68313404	-9.93568708	1.30790088	7.95573828
1.20000000	-20.54930405	27.47713158	26.16245396	-10.68325546	-9.93578276	1.30799387	7.95563341
1.20833333	-20.56006029	27.47216898	26.15757400	-10.68591547	-9.93508981	1.30881144	7.95466276
1.21666667	-20.55810600	27.47312473	26.15837702	-10.68552908	-9.93437392	1.30889731	7.95462327
1.22500000	-20.55864741	27.47277598	26.15811095	-10.68570560	-9.93411285	1.30895513	7.95457566
1.23333333	-20.55886432	27.47246518	26.15815892	-10.68585194	-9.93373371	1.30900634	7.95453824
1.24166667	-20.55560409	27.47049058	26.15251500	-10.68663880	-9.91429960	1.31336932	7.95194427
1.25000000	-20.55562344	27.47067212	26.15244058	-10.68671156	-9.91401886	1.31342649	7.95188499
1.25833333	-20.55612135	27.47058745	26.15214562	-10.68675351	-9.91394785	1.31348830	7.95181202
1.26666667	-20.55667109	27.47040541	26.15188522	-10.68683641	-9.91384267	1.31354565	7.95173050
1.27500000	-20.55737610	27.46968354	26.15192018	-10.68706835	-9.91359503	1.31357919	7.95163693
1.28333333	-20.52195777	27.43598715	26.05336242	-10.71035457	-9.78341365	1.30844104	7.79474832
1.29166667	-20.52182175	27.43584901	26.05379020	-10.71023254	-9.78313143	1.30847552	7.79481089
1.30000000	-20.52182687	27.43559188	26.05420276	-10.71009873	-9.78289967	1.30853340	7.79486684
1.30833333	-20.52226750	27.43515437	26.05436585	-10.71001060	-9.78282658	1.30859949	7.79491747
1.31666667	-20.52246706	27.43521541	26.05433583	-10.70969626	-9.78290295	1.30869678	7.79497621
1.32500000	-20.52365873	27.43503844	26.05352840	-10.70946097	-9.78342525	1.30879164	7.79504283
1.33333333	-20.52448405	27.43554751	26.05244049	-10.70895049	-9.78415926	1.30891326	7.79512663
1.34166667	-20.52980346	27.43853161	26.04653277	-10.70444732	-9.78928117	1.30993315	7.79641445
1.35000000	-20.52895622	27.43896747	26.04708708	-10.70397996	-9.78911259	1.31000270	7.79656429
1.35833333	-20.52994256	27.43837160	26.04686837	-10.70394810	-9.78931946	1.31002573	7.79669967
1.36666667	-20.52997753	27.43825677	26.04708201	-10.70371750	-9.78936964	1.31003207	7.79683807
1.37500000	-20.53057476	27.43769550	26.04723121	-10.70365950	-9.78951454	1.30999835	7.79697824
1.38333333	-20.53083630	27.43726175	26.04762610	-10.70356866	-9.78960075	1.30995555	7.79711095
1.39166667	-20.53111031	27.43691806	26.04799864	-10.70340971	-9.78978065	1.30994501	7.79724255
1.40000000	-20.53113604	27.43685703	26.04845190	-10.70314477	-9.78995416	1.30996112	7.79736981
1.40833333	-20.53137109	27.43683328	26.04870278	-10.70282655	-9.79027998	1.31001374	7.79749073
1.41666667	-20.53127645	27.43722092	26.04898662	-10.70231664	-9.79058362	1.31010773	7.79761771
1.42500000	-20.53139949	27.43758827	26.04909927	-10.70177483	-9.79095980	1.31021289	7.79774427
1.43333333	-20.53154398	27.43816369	26.04906122	-10.70112004	-9.79136293	1.31033667	7.79787906
1.44166667	-20.55454477	27.44824914	26.05773672	-10.67197242	-9.80684243	1.31526431	7.80777856
1.45000000	-20.55431292	27.44853258	26.05774177	-10.67160973	-9.80679933	1.31529339	7.80796997
1.45833333	-20.56528028	27.46069300	26.07527785	-10.65403944	-9.80492613	1.31699103	7.82192554
1.46666667	-20.56562500	27.46051547	26.07523021	-10.65404380	-9.80486602	1.31698622	7.82207401
1.47500000	-20.56541791	27.46066558	26.07562021	-10.65384908	-9.80470855	1.31696204	7.82221932
1.48333333	-20.57895622	27.46930964	26.08361522	-10.65028857	-9.80337294	1.31415185	7.82932792
1.49166667	-20.57929054	27.46904697	26.08361477	-10.65038378	-9.80325471	1.31408152	7.82945739
1.50000000	-20.57925848	27.46903673	26.08374367	-10.65030556	-9.80308817	1.31402837	7.82958092
1.50833333	-20.57969478	27.46870303	26.08377872	-10.65044539	-9.80287465	1.31396009	7.82971367
1.51666667	-20.57977401	27.46872233	26.08384832	-10.65039129	-9.80268168	1.31391020	7.82984836
1.52500000	-20.57999107	27.46887536	26.08377213	-10.65028298	-9.80251195	1.31387914	7.82998505
1.53333333	-20.58046919	27.46906821	26.08357464	-10.65005750	-9.80245559	1.31386034	7.83011903
1.54166667	-20.58093708	27.46926125	26.08345226	-10.64984095	-9.80233387	1.31381787	7.83025890
1.55000000	-20.60239065	27.48375591	26.09603909	-10.63448220	-9.78626225	1.30770766	7.84235775
1.55833333	-20.60303905	27.48321597	26.09591819	-10.63457141	-9.78617245	1.30757756	7.84249037
1.56666667	-20.60300268	27.48312345	26.09631944	-10.63442414	-9.78585529	1.30744827	7.84262780
1.57500000	-20.60347762	27.48273248	26.09655435	-10.63444840	-9.78558730	1.30731727	7.84275688
1.58333333	-20.60354466	27.48285271	26.09698350	-10.63427962	-9.78522253	1.30723445	7.84289227
1.59166667	-20.60380890	27.48308571	26.09718494	-10.63403253	-9.78494922	1.30720267	7.84302322
1.60000000	-20.60397410	27.48366483	26.09721324	-10.63360688	-9.78475754	1.30722069	7.84314164
1.60833333	-20.62647815	27.49938257	26.10619478	-10.62155597	-9.77421578	1.30962752	7.84914802
1.61666667	-20.62648501	27.49949317	26.10619739	-10.62142962	-9.77402673	1.30968023	7.84924786
1.62500000	-20.62596403	27.49998095	26.10644060	-10.62108509	-9.77378843	1.30975801	7.84935862
1.63333333	-20.62593183	27.50020403	26.10656028	-10.62080333	-9.77362565	1.30982886	7.84947423
1.64166667	-20.62635820	27.50004907	26.10661741	-10.62071485	-9.77347004	1.30986859	7.84959617
1.65000000	-20.65611084	27.47938219	26.12666765	-10.60514916	-9.73055869	1.31482089	7.86653850
1.65833333	-20.63938551	27.48373635	26.13046133	-10.60007479	-9.73155880	1.31579551	7.86686837
1.66666667	-20.64080418	27.48310168	26.12979857	-10.60028166	-9.73206816	1.31580890	7.86687012
1.67500000	-20.64064997	27.48331089	26.12967904	-10.60010604	-9.73240699	1.31581728	7.86684864
1.68333333	-20.64098903	27.48347610	26.12929380	-10.60004305	-9.73283133	1.31581554	7.86682008
1.69166667	-20.64083638	27.48407744	26.12899410	-10.59980307	-9.73318724	1.31582818	7.86678493
1.70000000	-20.64033858	27.48506535	26.12870474	-10.59943858	-9.73350051	1.31585025	7.86674929
1.70833333	-20.64019369	27.48583350	26.12821799	-10.59915319	-9.73387499	1.31585702	7.86671602
1.71666667	-20.64043272	27.48617798	26.12782925	-10.59911175	-9.73419796	1.31582076	7.86668765
1.72500000	-20.64104597	27.48627425	26.12735394	-10.59924760	-9.73456622	1.31579301	7.86666288
1.73333333	-20.64141350	27.48641619	26.12707516	-10.59939991	-9.73488240	1.31575768	7.86664244
1.74166667	-20.64251229	27.48610257	26.12665229	-10.59985676	-9.73527784	1.31571014	7.86662141
1.75000000	-20.64340065	27.48590448	26.12636644	-10.60032705	-9.73562194	1.31564658	7.86660447
1.75833333	-20.64420904	27.48594993	26.12596852	-10.60072009	-9.73600473	1.31561076	7.86659590
1.76666667	-20.64481340	27.48610894	26.12564378	-10.60104300	-9.73632664	1.31557145	7.86659305
1.77500000	-20.64557852	27.48625171	26.12523588	-10.60138919	-9.73664154	1.31555086	7.86659888
1.78333333	-20.64683606	27.48600191	26.12477008	-10.60192869	-9.73692663	1.31550225	7.86661239
1.79166667	-20.67702841	27.48336534	26.11342877	-10.61069542	-9.72885533	1.31633004	7.87119156
1.80000000	-20.67694202	27.48339444	26.11341959	-10.61062082	-9.72865099	1.31638568	7.87127437
1.80833333	-20.66180323	27.49119719	26.11594719	-10.60920606	-9.72450217	1.31774439	7.87241745
1.81666667	-20.66346588	27.49076562	26.11517003	-10.60985303	-9.72470701	1.31786534	7.87249833
1.82500000	-20.66330629	27.49131633	26.11493773	-10.60981318	-9.72476451	1.31796597	7.87253671
1.83333333	-20.66416230	27.49131669	26.11424234	-10.61004880	-9.72494364	1.31803897	7.87257490
1.84166667	-20.66462159	27.49157482	26.11364822	-10.61012543	-9.72507750	1.31812799	7.87260934
1.85000000	-20.66571527	27.49149437	26.11280821	-10.61042849	-9.72524415	1.31820192	7.87263870
1.85833333	-20.66502824	27.50021601	26.09929676	-10.62583014	-9.71477061	1.32395370	7.87580473
1.86666667	-20.66515777	27.50055450	26.09906541	-10.62603843	-9.71495028	1.32399001	7.87582067
1.87500000	-20.68512096	27.49514403	26.09026157	-10.63132907	-9.71715704	1.32447737	7.87631601
1.88333333	-20.68404984	27.49581298	26.09055911	-10.63133513	-9.71649829	1.32457652	7.87640855
1.89166667	-20.68447696	27.49595212	26.09028626	-10.63161296	-9.71618127	1.32463622	7.87646231
1.90000000	-20.69157313	27.49442664	26.08529491	-10.63594965	-9.71391791	1.32498489	7.87678307
1.90833333	-20.69205609	27.49433018	26.08499394	-10.63660371	-9.71372414	1.32500677	7.87679661
1.91666667	-20.69431614	27.49455915	26.08281741	-10.63885079	-9.71343192	1.32507202	7.87678002
1.92500000	-20.67805982	27.50885403	26.07676011	-10.65990743	-9.70874413	1.32510391	7.87592462
1.93333333	-20.65597225	27.69479461	26.00509354	-11.03468535	-9.65439099	1.37419015	7.86513037
1.94166667	-20.65770267	27.69690479	26.00199154	-11.03453072	-9.65515599	1.37447877	7.86512736
1.95000000	-20.66326319	27.70423638	25.99006644	-11.03575296	-9.65592493	1.37602916	7.86513234
1.95833333	-20.66431451	27.70598501	25.98779986	-11.03672778	-9.65536051	1.37645302	7.86516785
1.96666667	-20.65988134	27.71885675	25.95704994	-11.12094446	-9.59213560	1.40009592	7.86339263
1.97500000	-20.65880240	27.72974049	25.94789372	-11.12318822	-9.59007904	1.40494245	7.86160654
1.98333333	-20.66598482	27.73868716	25.93623677	-11.13327834	-9.58667560	1.40888335	7.86015026
1.99166667	-20.81444986	28.02194958	26.12145296	-11.39535076	-9.66009416	1.89199613	7.55506087
2.00000000	-20.82333735	28.02897879	26.10981439	-11.39577793	-9.65812073	1.88857714	7.55744230
2.00833333	-20.82464443	28.05579436	26.09744155	-11.44925182	-9.59490214	1.85942745	7.57766598
2.01666667	-20.83650702	28.06418403	26.08189471	-11.45270640	-9.59518454	1.85758211	7.57844446
2.02500000	-20.83891503	28.13341473	26.02516418	-11.61811132	-9.47450640	1.82183437	7.59264812
2.03333333	-20.84597134	28.14430191	26.00962780	-11.61878003	-9.47485151	1.82177659	7.59205401
2.04166667	-20.91860241	28.26953752	26.31026216	-11.64567658	-10.07774003	1.70990511	7.73796358
2.05000000	-20.92383514	28.28018463	26.29533739	-11.64876066	-10.07583848	1.71074954	7.73793450
2.05833333	-20.90530814	28.31436907	26.24705626	-11.80119475	-9.99042075	1.72157655	7.73400827
2.06666667	-20.90734000	28.33077167	26.22616850	-11.81373981	-9.98952621	1.72468471	7.73186741
2.07500000	-20.86334076	28.39604441	26.13143612	-12.09891171	-9.88917267	1.76085104	7.70876923
2.08333333	-20.86722486	28.41320191	26.10902494	-12.11088334	-9.88770515	1.76706388	7.70572632
2.09166667	-20.76632864	28.51367873	25.89205237	-12.59372690	-9.63617535	2.41094140	7.36602627
2.10000000	-20.77272028	28.52880614	25.87394258	-12.59963070	-9.63605259	2.40914784	7.36606025
2.10833333	-20.74944890	28.68564990	25.75163604	-12.97613847	-9.44573183	2.49396484	7.30768691
2.11666667	-20.74161665	28.69971716	25.72196183	-13.05863299	-9.44438159	2.49567539	7.30310368
2.12500000	-20.71696129	28.72080498	25.68670871	-13.20558159	-9.42183438	2.51960661	7.30172661
2.13333333	-20.68767978	28.77462335	25.61780130	-13.43305680	-9.39354609	2.60769541	7.30015776
2.14166667	-20.70391939	28.79753319	25.58916317	-13.49145838	-9.39209852	2.64069606	7.30209449
2.15000000	-20.67203816	28.82556627	25.53950618	-13.68877895	-9.37297422	2.71177172	7.31312870
2.15833333	-20.75193943	28.89903411	25.62305289	-13.58102085	-9.45517590	2.96031541	7.26319245
2.16666667	-20.74173118	28.91641808	25.60047658	-13.67622591	-9.47562068	2.96198414	7.28217213
2.17500000	-20.70796634	28.92914701	25.56521201	-13.83583100	-9.53348093	2.98792740	7.31057245
2.18333333	-20.65916427	28.99864555	25.56706686	-14.09300046	-9.70892599	3.33351997	7.49603079
2.19166667	-20.66249703	28.98388890	25.52955529	-14.14480949	-9.72853893	3.33817609	7.50452596
2.20000000	-20.61623424	28.93558298	25.48201592	-14.26709313	-9.78848609	3.36959644	7.53137168
2.20833333	-20.49161211	28.74475737	25.48557587	-14.27025133	-10.07825018	3.86078761	7.85460195
2.21666667	-20.50243731	28.73463032	25.45268666	-14.31114585	-10.09530133	3.85215596	7.86076264
2.22500000	-20.50415279	28.70746494	25.40961688	-14.37165019	-10.13973161	3.85227706	7.87342723
2.23333333	-20.39409546	28.58639264	25.31976565	-14.50326753	-10.29831682	3.90734358	7.94938107
2.24166667	-20.02694346	27.96307989	24.87703391	-14.11705575	-10.25724127	3.96595566	8.63691546
2.25000000	-20.04807539	27.94881951	24.86217507	-14.14918393	-10.30894168	3.97013468	8.63428532
2.25833333	-19.96453705	27.87428915	24.82585795	-14.29709738	-10.60088663	4.00919782	8.65790630
2.26666667	-19.81303780	27.55156815	24.64925118	-14.09907588	-10.69162498	4.08266312	8.90978954
2.27500000	-19.83861656	27.50711698	24.63770312	-14.12719364	-10.77491797	4.08974185	8.90349339
2.28333333	-19.67210844	27.22580464	24.78818830	-14.05769219	-11.47427103	4.33521580	9.29387520
2.29166667	-19.63230744	27.11832290	24.79215120	-14.08903650	-11.77227734	4.33594220	9.29337741
2.30000000	-19.42755734	26.60189438	24.89759094	-13.77180250	-12.42045265	4.48824905	9.80463940
2.30833333	-19.39861757	26.63702204	24.92137883	-13.92361544	-12.60146374	4.62116794	9.95464969
2.31666667	-19.25656020	26.51027293	25.09711708	-14.08713508	-13.34746544	4.64258122	9.98539912
2.32500000	-19.29915482	26.53048255	25.41445685	-14.16792811	-13.82202301	4.77328036	9.98610048
2.33333333	-19.15313031	26.29879868	25.70689973	-14.15482686	-14.79130424	4.97945650	10.02247676
2.34166667	-18.90731585	25.95778648	25.96890038	-14.15496944	-15.83286268	5.18705826	10.15011739
2.35000000	-18.73049971	25.64275107	26.26939793	-14.06917758	-16.61145339	5.19520554	9.86972084
2.35833333	-18.49997684	25.40728815	26.67669026	-14.23779825	-17.90216869	5.49502168	9.91572515
2.36666667	-18.41947542	25.22718485	27.24276601	-14.19051765	-18.95548977	5.54863950	9.47629434
2.37500000	-18.11346813	24.90132972	27.68257775	-14.34371625	-20.40717422	5.82861050	9.52623317
2.38333333	-17.83266906	24.52164609	28.11521364	-14.37494206	-21.79250877	5.86648018	9.39272740
2.39166667	-17.61981748	24.06473047	28.73632791	-14.09074123	-23.09475748	6.01487671	9.00657245
2.40000000	-17.29693539	23.74837137	29.20431818	-14.32508928	-24.68183252	6.31742886	8.96605448
2.40833333	-17.06798092	23.33269006	29.77864116	-14.17125259	-26.01770926	6.38744370	8.01462377
2.41666667	-16.72289920	22.97613028	30.30451009	-14.34413132	-27.67481915	6.66374777	7.88640009
2.42500000	-16.46291010	22.60284895	30.85465688	-14.33262788	-29.06089122	6.70430219	6.67004750
2.43333333	-16.15039134	22.13900459	31.46200137	-14.27452842	-30.77138372	6.98455197	6.41709555
2.44166667	-15.89896605	21.72213995	32.03677750	-14.18409984	-32.18175080	6.95720765	5.03960216
2.45000000	-15.65563734	21.28102761	32.69069771	-14.02725548	-33.77671895	7.16904182	4.37135514
2.45833333	-15.35131269	20.89304081	33.27977438	-14.10346470	-35.34305494	7.26443237	4.00788706
2.46666667	-15.12262846	20.44878604	33.83059635	-13.96082190	-36.72749230	7.24638571	3.72195332
2.47500000	-14.73613737	19.80408992	34.20384743	-13.75005688	-37.90038898	7.23236248	1.87903729
2.48333333	-14.52704746	19.39414078	34.74864450	-13.66355863	-39.13040183	7.26737043	1.76880690
2.49166667	-14.26433102	18.95823032	35.35995251	-13.60281830	-40.38420796	7.52267413	1.62429846
2.50000000	-14.08299852	18.60744215	35.90650054	-13.54262812	-41.36859451	7.50265804	1.50119517
2.50833333	-13.89986548	18.28912076	36.45333228	-13.52436176	-42.23913369	7.53986414	1.46716534
2.51666667	-13.74575920	18.02518851	36.78125110	-13.60505166	-42.78297043	7.75131395	1.50807399
2.52500000	-13.62972539	17.76894168	37.25987263	-13.58407589	-43.24137454	7.77059151	1.46124735
2.53333333	-13.53312993	17.61601718	37.63827282	-13.71505597	-43.46574195	8.00496620	1.72612012
2.54166667	-13.46956496	17.40049679	38.07766694	-13.67483325	-43.56831922	8.03626633	1.75784085
2.55000000	-13.43992898	17.32782538	38.41795755	-13.84111418	-43.47628627	8.30981618	2.24476346
2.55833333	-13.40327247	17.14600968	38.81721656	-13.81088008	-43.28774864	8.33765765	2.29263227
2.56666667	-13.34803719	16.97516265	39.04232246	-13.89819574	-42.91442167	8.53826777	2.79371832
2.57500000	-13.32512877	16.82828307	39.40057838	-13.89717013	-42.51371172	8.58468231	2.87879149
2.58333333	-13.15243474	16.63126215	39.46234241	-14.10070384	-41.96400902	8.83873505	3.38340588
2.59166667	-13.14368777	16.47086463	39.82225018	-14.05834078	-41.40685566	8.90199341	3.44067067
2.60000000	-12.93416707	16.01415688	39.77522561	-13.94403070	-40.63830103	9.29379096	3.79672141
2.60833333	-12.92369302	15.81788278	39.96896784	-13.90456789	-39.76121385	9.37930569	3.90635469
2.61666667	-12.59470591	15.22863678	39.70740243	-13.78844236	-38.79075967	9.68385633	3.94002551
2.62500000	-12.05386562	14.38485062	39.22394462	-13.68002785	-37.75073174	9.85489587	3.96404327
2.63333333	-12.11066777	14.20639710	39.44139069	-13.56264633	-36.70273263	9.98107129	3.91621294
2.64166667	-11.86078635	13.66561906	39.31482722	-13.42894231	-35.64766048	10.23134813	3.46988655
2.65000000	-11.88131269	13.45809059	39.41464400	-13.35849518	-34.45204271	10.36412394	3.12439749
2.65833333	-11.74275077	13.02437082	39.36947364	-13.15963277	-33.30509937	10.55134814	2.48313300
2.66666667	-11.74137411	12.70797153	39.39910943	-13.05696775	-32.03519785	10.71742268	2.09734127
2.67500000	-11.63402668	12.24492091	39.29335536	-12.83924140	-30.76389424	10.93665024	1.34315142
2.68333333	-11.48373767	11.73449372	39.11240583	-12.65251338	-29.46099428	11.15867652	0.73732705
2.69166667	-11.17290634	11.09444757	38.78283212	-12.52915971	-28.30365089	11.35405178	0.40642653
2.70000000	-11.01503959	10.54073851	38.55665917	-12.33762788	-27.05017337	11.55616985	0.03418230
2.70833333	-11.06198343	10.25896873	38.47671330	-12.19752411	-25.72379347	11.77784291	-0.47818606
2.71666667	-10.85686532	9.74042278	38.14344428	-12.16699691	-24.55164890	12.05200417	-0.86954779
2.72500000	-10.95511364	9.51430486	38.15554969	-12.06059160	-23.33400414	12.27137725	-1.25776137
2.73333333	-10.91977746	9.25344087	38.06128864	-12.17680908	-22.37817205	12.63586120	-1.35528308
2.74166667	-10.97139682	9.06734492	38.01716053	-12.24138822	-21.21872066	12.80525730	-1.62404830
2.75000000	-10.68952423	8.44900652	37.63827278	-12.20645731	-20.30958952	13.18654959	-1.82926099
2.75833333	-10.79721915	8.31796870	37.63766572	-12.27456394	-19.29310966	13.33207677	-1.93006681
2.76666667	-10.76051991	8.09743611	37.48090645	-12.43450795	-18.47662011	13.79947377	-1.95804937
2.77500000	-10.81832761	7.88356849	37.41922627	-12.48529595	-17.61775989	13.91514782	-2.08439313
2.78333333	-10.79928529	7.60125448	37.31443588	-12.56104623	-17.06534403	14.35013290	-1.84967971
2.79166667	-10.90579379	7.51598052	37.27819883	-12.70227367	-16.35550223	14.44075938	-1.88869584
2.80000000	-11.04160272	7.47413170	37.11783562	-12.92556343	-15.64122105	14.80502473	-1.89158426
2.80833333	-11.23568621	7.46293173	37.39893787	-12.99327191	-15.66280153	14.96202254	-1.32643909
2.81666667	-11.27665895	7.28319429	37.31922017	-13.16171857	-15.27546172	15.25431618	-1.29258373
2.82500000	-11.31875570	7.15808619	37.23214077	-13.43867908	-15.04337886	15.69371772	-1.12180875
2.83333333	-11.41030753	7.01147319	37.29642324	-13.52644095	-15.01558066	15.69481278	-1.11983280
2.84166667	-11.23596974	6.44274272	36.97340505	-13.39839224	-15.02444011	15.94286693	-0.54728838
2.85000000	-11.33260443	6.43802138	37.02729054	-13.79955808	-15.21383922	16.36148997	-0.32431840
2.85833333	-11.39093629	6.31716810	36.98850146	-14.08924313	-15.42396260	16.69485782	-0.02819455
2.86666667	-11.43099510	6.23271723	36.86754748	-14.45896884	-15.65814289	16.96328453	0.23706241
2.87500000	-11.66203940	6.26489131	36.91368723	-14.62939974	-15.85419959	16.84842886	0.27801084
2.88333333	-11.70588259	6.15135799	36.88531193	-15.00790161	-16.30743628	17.06287774	0.01144061
2.89166667	-11.84095909	6.19919291	36.76919467	-15.37215801	-16.40131457	16.90543121	-0.78868149
2.90000000	-11.84478063	6.12775465	36.69844089	-15.92807408	-16.81368745	17.02398083	-1.14262386
2.90833333	-12.42118433	6.81880323	37.05534125	-16.62115084	-16.86025546	16.84307713	-2.19201222
2.91666667	-12.58374534	7.02553620	37.07353518	-17.35141516	-17.04824803	16.82776997	-2.85245357
2.92500000	-12.71862601	7.28085719	37.11064651	-18.19865740	-17.16363448	16.37586451	-3.82516915
2.93333333	-12.63603537	7.44974258	36.92106433	-19.30938826	-17.44103459	16.16850093	-4.08133185
2.94166667	-12.86181901	7.92425376	37.13672958	-20.33069636	-17.76956718	15.38797834	-4.60358280
2.95000000	-12.68938545	8.13488305	36.96359149	-21.69038457	-18.27277992	14.93881742	-4.46547967
2.95833333	-12.71665096	8.57718847	36.94394970	-23.06658424	-18.79382671	14.05885198	-4.25324647
2.96666667	-12.66164225	8.97215063	36.97614864	-24.50010072	-19.45357207	12.85172106	-4.12548822
2.97500000	-12.42729588	9.26516604	36.93330918	-26.16182147	-20.27945262	11.80135636	-3.63975077
2.98333333	-12.15763529	9.70415474	36.66406303	-28.07909725	-20.88647793	10.54002373	-3.03482214
2.99166667	-12.00771216	10.42022521	36.26775963	-30.19524902	-21.19207461	9.11118576	-2.49031261
3.00000000	-11.94664902	11.30425097	36.16861630	-32.37513244	-21.61244352	7.18204387	-2.06704600
3.00833333	-11.71364828	12.20804570	35.56525817	-34.82564506	-21.69552582	5.51702808	-1.61085676
3.01666667	-11.97313873	13.86077283	35.62915753	-37.45279562	-21.88414249	3.11077196	-0.92001372
3.02500000	-11.70006584	14.95590573	34.92892475	-40.09890879	-21.81418805	1.28596782	-0.54181652
3.03333333	-11.84879033	16.59938287	34.75720811	-42.79795263	-21.74845939	-1.09728051	0.17518248
3.04166667	-11.87072435	18.18035169	34.23514922	-45.45578011	-21.49439996	-3.51248092	0.61760053
3.05000000	-11.87780256	19.74114801	33.87341710	-48.01707083	-21.35752599	-5.98508044	1.09259150
3.05833333	-11.66875625	21.19261545	33.00240604	-50.65811383	-20.88809972	-7.71042435	1.47965465
3.06666667	-11.72281362	22.85405985	32.67691487	-53.12959995	-20.77741785	-9.98821890	1.98969701
3.07500000	-11.44656400	24.21574170	31.81876385	-55.62611326	-20.38489118	-11.01125891	2.22162791
3.08333333	-11.60404160	26.12984292	31.55626856	-58.12414311	-20.18239572	-12.62819447	2.73283881
3.09166667	-11.41795293	27.61640715	30.78358821	-60.55648744	-19.75928057	-12.96030073	3.01828363
3.10000000	-11.24870771	29.17132061	30.11941882	-62.96378889	-19.41772097	-13.12976769	3.27377773
3.10833333	-11.38025694	31.13020324	29.92788601	-65.33233331	-19.40510907	-13.75820258	3.72973373
3.11666667	-11.07979280	32.45540891	29.16123291	-67.47841304	-19.07395515	-13.12267307	3.77890782
3.12500000	-10.85299828	33.96813807	28.44305171	-69.66123976	-18.77909813	-12.58339409	4.09982568
3.13333333	-10.62287190	35.44042622	27.84412387	-71.75766493	-18.59407073	-11.97591502	4.35543478
3.14166667	-10.33278878	36.85721394	27.06585420	-73.72789362	-18.27112065	-11.12921442	4.47469239
3.15000000	-10.09989713	38.32816020	26.44195442	-75.70344787	-18.09180750	-10.22257974	4.88004580
3.15833333	-9.86602866	39.81924588	25.81442486	-77.61302921	-17.87774160	-9.12138273	5.15075840
3.16666667	-9.56273456	41.27026016	25.00667926	-79.38690771	-17.54231505	-8.04445148	5.27865126
3.17500000	-9.26395635	42.58820727	24.19204664	-81.00896444	-17.17447257	-6.75373206	5.49177494
3.18333333	-8.70379611	43.73116332	23.15369312	-82.62509982	-17.09801755	-4.89925898	6.20820110
3.19166667	-8.37591776	45.01789056	22.35820952	-84.05513254	-16.75072812	-3.66342902	6.24442654
3.20000000	-7.80710091	46.07993903	21.28371869	-85.44322673	-16.54146791	-1.71606553	6.61371723
3.20833333	-7.54927122	47.43860136	20.52249879	-86.68544681	-16.13999946	-0.61582272	6.66865891
3.21666667	-7.22218998	48.72899600	19.74909309	-87.85521202	-15.89844791	0.69929532	6.84146151
3.22500000	-6.85562116	49.82089476	18.95777876	-88.76756538	-15.61353754	2.02542945	6.98352074
3.23333333	-6.24472630	50.72971030	17.70317945	-89.65959978	-15.24098318	3.75386467	7.34472484
3.24166667	-6.05671434	51.94429739	17.00493584	-90.34055476	-14.84630406	4.71832858	7.37003326
3.25000000	-5.57166228	52.84294637	16.13486811	-90.91659493	-14.77188607	6.27580982	7.70304323
3.25833333	-5.34895747	53.98616111	15.53992294	-91.40757333	-14.50707338	7.14273700	7.73900311
3.26666667	-4.96357987	54.89791118	14.85349866	-91.81593608	-14.43869715	9.00081257	7.99179898
3.27500000	-4.80446296	56.03203227	14.28759386	-92.09624993	-14.18213150	9.63606228	8.06294761
3.28333333	-4.64143849	57.06777521	13.87690575	-92.21472061	-14.12555318	10.41930061	8.18924469
3.29166667	-4.37651574	58.01838062	13.33063250	-92.34995258	-14.18573014	12.00032507	8.50616592
3.30000000	-4.18338648	58.87124577	12.88260773	-92.20609236	-14.08853901	12.54868521	8.57702349
3.30833333	-3.95667906	59.73874989	12.41232865	-92.06398889	-14.09454114	13.24102800	8.80912760
3.31666667	-3.71226051	60.52916061	11.84958147	-91.93316715	-14.06370420	14.73291192	9.08557953
3.32500000	-3.55840435	61.29402792	11.47749000	-91.55550726	-14.07690073	15.20391130	9.24480287
3.33333333	-3.45658605	62.14062360	11.02252377	-91.15724198	-13.98677751	15.47201377	9.43871879
3.34166667	-3.23423555	62.73184773	10.74578797	-90.69712436	-14.23403861	16.13575908	9.85958384
3.35000000	-3.09698640	63.40895862	10.33729835	-90.17968220	-14.30391904	16.63838600	10.25459901
3.35833333	-2.98264903	63.99723476	10.02679548	-89.57993502	-14.36404024	16.83243585	10.47808364
3.36666667	-3.07855284	64.76890324	10.01195253	-89.01382665	-14.55438905	17.56453634	10.97017282
3.37500000	-2.98690470	65.34305627	9.70626146	-88.37851599	-14.72582997	17.47415941	11.16584596
3.38333333	-2.90398377	65.78872895	9.39305231	-87.67316718	-14.87080351	17.32862389	11.49584340
3.39166667	-2.80101179	66.19431752	9.12583334	-86.93705200	-15.13447529	17.16268201	11.75666192
3.40000000	-2.62552917	66.40220071	8.86334800	-86.15118252	-15.38765643	16.77817966	12.29177615
3.40833333	-2.52817646	66.63983235	8.61878597	-85.30818102	-15.58393629	16.55226031	12.73321368
3.41666667	-2.40632474	66.84116876	8.38409519	-84.51986542	-15.89725210	16.20089770	13.18144643
3.42500000	-2.35835304	67.02734379	8.18987591	-83.70835810	-16.11502416	15.86223213	13.64705935
3.43333333	-2.19036260	67.07360562	7.76657930	-82.97610300	-16.17438162	15.83713315	14.00908073
3.44166667	-2.20034296	67.23328758	7.58639241	-82.20288961	-16.35368046	15.74172801	14.07722830
3.45000000	-2.19737311	67.35006941	7.49128126	-81.44398632	-16.70459002	15.14559323	14.51152446
3.45833333	-2.18543301	67.39201574	7.31857982	-80.65478452	-16.98848701	14.80272403	14.87585334
3.46666667	-2.17784953	67.37651331	7.15984037	-79.93568399	-17.23567403	14.41829075	15.16253966
3.47500000	-2.18020351	67.34944234	7.00790533	-79.26826746	-17.48142618	14.01400932	15.36248126
3.48333333	-2.18382805	67.29599784	6.75702135	-78.63342172	-17.61735503	13.39829557	15.62602919
3.49166667	-2.20403742	67.19120336	6.54004955	-78.05753920	-17.73250226	12.75945546	15.78625734
3.50000000	-2.23626519	67.03916915	6.38611326	-77.52961510	-17.83917151	11.98828386	15.92224327
3.50833333	-2.14508498	66.71265019	5.89073481	-76.91428351	-17.74587438	10.52003604	15.94454536
3.51666667	-2.28385958	66.63798518	5.79101511	-76.52097633	-17.85689892	9.68850898	15.96364504
3.52500000	-2.46583928	66.51399808	5.69278272	-76.11010400	-17.84471668	8.77031218	15.93803845
3.53333333	-2.64987826	66.33709496	5.58828493	-75.72574687	-17.81433063	7.71403576	15.86321956
3.54166667	-2.84152481	66.17831197	5.50577361	-75.37325292	-17.84033634	6.47438896	15.75782542
3.55000000	-3.08775924	66.00058372	5.45789835	-74.92148824	-17.84581883	4.33209486	15.45303509
3.55833333	-3.31157722	65.72498178	5.34724925	-74.53519679	-17.71991034	3.12044192	15.30031627
3.56666667	-3.63796461	65.45579313	5.46182565	-74.02762457	-17.73231619	1.83013485	14.81419189
3.57500000	-3.96234913	65.19059108	5.37934266	-73.60792898	-17.51468304	1.07674532	14.57407677
3.58333333	-4.39643257	64.89704232	5.62159347	-73.05094854	-17.48021043	0.80864808	13.97446937
3.59166667	-4.72944508	64.51783032	5.52132506	-72.45765009	-17.28174852	1.07928366	13.39129669
3.60000000	-5.05784490	64.03506127	5.44135718	-71.86179035	-17.06195166	1.96754865	12.70793980
3.60833333	-5.41639423	63.46797676	5.33705803	-71.18520186	-16.68607025	3.43141777	11.82833635
3.61666667	-5.83680598	62.97263340	5.35798346	-70.51937873	-16.47099730	4.95002660	10.98842024
3.62500000	-6.25928111	62.38019882	5.32168593	-69.72022824	-16.10725671	6.38665364	9.85334561
3.63333333	-6.79192569	61.92829183	5.53439990	-68.99893499	-15.89065088	7.67407554	8.70730945
3.64166667	-7.31308910	61.49908071	5.63541288	-68.29812679	-15.58197340	8.68344687	7.35973669
3.65000000	-7.83402713	61.11558101	5.76995660	-67.61082989	-15.30741291	9.42315300	5.82540263
3.65833333	-8.32687356	60.77968941	5.89834618	-66.96913725	-15.07379041	9.88943853	4.02971502
3.66666667	-8.71370822	60.39673221	5.90206036	-66.38001782	-14.84228351	10.11283789	2.10394270
3.67500000	-8.97532466	59.91816973	5.88670896	-65.83337131	-14.69295730	10.18616574	0.01065268
3.68333333	-9.33526245	59.54247435	5.89194263	-65.30161140	-14.54182617	10.25565932	-2.28192506
3.69166667	-9.51969391	58.94197675	6.08284304	-64.65402473	-14.65561042	10.41510876	-4.71472118
3.70000000	-9.78189997	58.36619010	6.14960994	-64.00363996	-14.69527006	10.57560618	-7.22305674
3.70833333	-9.96420239	57.61784606	6.38414879	-63.21235560	-14.93826221	10.78486220	-9.82868430
3.71666667	-10.12015388	56.76464605	6.61714478	-62.40814529	-15.13064627	11.22802528	-12.25258448
3.72500000	-10.41935865	56.05042681	7.27119514	-61.39749723	-15.95026683	11.29462494	-14.33449681
3.73333333	-10.54712784	55.15177266	7.89847314	-60.44850207	-16.76667023	11.39213765	-16.50932284
3.74166667	-10.73507936	54.28520847	8.80978632	-59.38645984	-18.03562386	11.51454411	-17.85484739
3.75000000	-11.05779052	53.62950324	9.82573526	-58.47293416	-19.25902909	11.58609162	-19.18865969
3.75833333	-11.00415532	52.54448854	10.71260477	-57.40043924	-21.14481361	11.61061872	-19.48347059
3.76666667	-11.27958355	51.89300832	12.04432474	-56.52359290	-23.08263758	11.63058916	-19.98541119
3.77500000	-11.37407295	51.03635428	13.43480933	-55.59119758	-25.54640890	11.69421691	-19.78370856
3.78333333	-11.31305126	50.05404023	14.63399050	-54.61085864	-28.25946386	11.65777775	-19.17301218
3.79166667	-11.26635137	49.07564019	16.10508583	-53.64495396	-31.29796940	11.65303330	-18.24460225
3.80000000	-11.00910270	47.82892409	17.32424754	-52.63469686	-34.46952251	11.59303346	-17.03734518
3.80833333	-11.54561593	47.60660043	19.59546048	-51.96816267	-37.89476913	11.77609602	-15.56368017
3.81666667	-11.14967555	46.30063645	20.85223067	-50.87788014	-41.41248058	11.63537989	-13.88990779
3.82500000	-11.03042420	45.32553058	22.29657726	-49.95496325	-44.87811061	11.56348292	-11.80932503
3.83333333	-10.88919824	44.26963316	23.81326935	-48.89550413	-48.40771748	11.46411401	-9.58969189
3.84166667	-11.00021334	43.57717007	25.66054780	-48.02735549	-52.01224288	11.40179427	-6.93495825
3.85000000	-10.95101146	42.62489698	27.44339856	-46.96732601	-55.60829003	11.30244690	-4.33987327
3.85833333	-10.96669126	41.82965208	29.20524812	-46.03453772	-59.11136700	11.19923936	-1.36089876
3.86666667	-11.08062568	41.21056685	31.09184152	-45.20515599	-62.58200361	11.12010884	1.80693101
3.87500000	-11.05092205	40.37236639	32.83130112	-44.30052658	-65.93076346	11.03781877	5.05779287
3.88333333	-11.19436633	39.84283585	34.59939717	-43.58446377	-69.09250707	11.01143261	8.41502965
3.89166667	-11.09518580	38.97090325	36.29787687	-42.70924170	-72.22461793	10.92087444	11.73580037
3.90000000	-11.06896919	38.13600386	38.00442639	-41.80193223	-75.14924044	10.87614572	14.99196624
3.90833333	-11.11840503	37.52585606	39.69304435	-41.08726641	-77.88628670	10.85764471	18.10725882
3.91666667	-11.09672101	36.78776216	41.35785439	-40.28376488	-80.50415548	10.80615375	20.89998566
3.92500000	-10.96608601	35.83633931	42.82858206	-39.34556865	-82.84778022	10.72906131	23.43826446
3.93333333	-10.90760222	35.04007082	44.40352936	-38.53600895	-85.06492850	10.66439311	25.72251749
3.94166667	-10.88931822	34.17702160	45.98988351	-37.63014233	-87.07451662	10.62873154	27.67262531
3.95000000	-10.64943411	33.08122486	47.24677864	-36.64299296	-88.83932719	10.58815004	29.59911178
3.95833333	-10.50265471	32.26986679	48.58112051	-35.88407461	-90.45696957	10.48857677	31.33157212
3.96666667	-10.36791206	31.33762717	49.92730696	-35.02403279	-91.83849557	10.39523366	32.87384200
3.97500000	-10.28720893	30.48718171	51.13835321	-34.18942078	-92.93838933	10.35439216	34.37232417
3.98333333	-10.06555497	29.49535794	52.22660772	-33.27873476	-93.86908323	10.16338878	35.65435349
3.99166667	-9.93776586	28.55754864	53.41729637	-32.34316819	-94.61356766	10.04210732	36.56176075
4.00000000	-9.75369042	27.76108797	54.46366426	-31.68746089	-95.18276445	9.98666945	37.91154481
4.00833333	-9.67917473	27.00502165	55.56561848	-30.92145681	-95.54013532	9.91388097	38.89330190
4.01666667	-9.65713767	26.15105790	56.74746479	-30.01766641	-95.72180848	9.83995379	39.62723587
4.02500000	-9.48825813	25.36242240	57.66001279	-29.27259131	-95.75893666	9.68101120	40.26783986
4.03333333	-9.18146239	24.45595110	58.32772562	-28.58937145	-95.53911058	9.56814109	40.86958740
4.04166667	-9.12516343	23.76475733	59.25765329	-27.84078448	-95.25425983	9.45504907	41.25765058
4.05000000	-9.12171069	23.08518111	60.19022289	-27.07121916	-94.80715235	9.36205856	41.48203514
4.05833333	-9.00104379	22.47591288	60.90084045	-26.54843910	-94.20887155	9.16821398	41.77294375
4.06666667	-8.94781120	21.90384188	61.68671283	-25.96166435	-93.55215474	9.13127572	41.89736879
4.07500000	-8.84930302	21.12209061	62.28116370	-25.28096978	-92.61948543	8.98630258	41.91874778
4.08333333	-8.77482721	20.54657211	62.84764618	-24.72273377	-91.68061331	8.96927460	41.89945448
4.09166667	-8.78825044	20.09222491	63.45257084	-24.17659373	-90.61674714	8.85236619	41.84055675
4.10000000	-8.74239076	19.63382523	63.85751548	-23.78384555	-89.45213314	8.78177679	41.72052467
4.10833333	-8.83728199	19.10107087	64.36111254	-23.10759360	-88.17033626	8.72180251	41.58344678
4.11666667	-8.54960770	18.50698118	64.28938929	-22.86744951	-86.77688070	8.69765771	41.40330024
4.12500000	-8.72838870	18.15001025	64.75680606	-22.29295329	-85.44685961	8.73504377	41.11794432
4.13333333	-8.89665647	17.85866726	65.11654096	-21.84879833	-84.05726280	8.63222887	40.60047996
4.14166667	-9.01459004	17.60114114	65.35407946	-21.46800243	-82.66467758	8.59918143	39.94659949
4.15000000	-9.11103270	17.33009306	65.50301128	-21.15935940	-81.30835555	8.61426776	39.06128894
4.15833333	-9.21434156	17.06347756	65.56636413	-20.82700816	-79.92485224	8.61605323	38.14539131
4.16666667	-9.29920588	16.70813103	65.56970001	-20.43794997	-78.63121501	8.58813801	37.01237181
4.17500000	-9.44186448	16.46572861	65.57862409	-20.12920121	-77.39062111	8.57738294	35.71359763
4.18333333	-9.55555860	16.16694935	65.51781583	-19.78920006	-76.26026574	8.53424962	34.25350585
4.19166667	-9.66158530	15.77411547	65.40469430	-19.36434012	-75.23411204	8.43677505	32.58068640
4.20000000	-9.73285446	15.42456971	65.19490489	-19.00286300	-74.28423715	8.33587044	30.79737537
4.20833333	-9.95193823	15.08719000	65.03467105	-18.47027496	-73.33671773	8.29366165	29.78130655
4.21666667	-9.99436622	14.70388579	64.74619885	-18.19147681	-72.62355626	7.88564539	27.55060450
4.22500000	-10.20929998	14.41050842	64.48219386	-17.75668798	-71.89879636	7.74883286	26.78431981
4.23333333	-10.34847939	14.05803350	64.10537023	-17.38251108	-71.33874808	7.27628157	26.01749271
4.24166667	-10.61287961	13.86248434	63.76203516	-17.01833067	-70.85689537	7.09358893	26.01744859
4.25000000	-10.82799916	13.60642705	63.34442190	-16.67508535	-70.50414166	6.35128353	26.46642717
4.25833333	-11.02283563	13.32394120	62.86194272	-16.30733439	-70.20131377	5.68972782	27.18603081
4.26666667	-11.29160183	13.10811090	62.39168075	-15.95247280	-69.87873672	4.89285591	28.00881472
4.27500000	-11.60237036	13.00939162	62.01779433	-15.66000139	-69.55300571	4.11162450	28.63399163
4.28333333	-11.90531792	12.94952970	61.63686832	-15.45292590	-69.08892093	3.08283730	29.12750179
4.29166667	-12.24840660	12.97377403	61.32206192	-15.34433382	-68.53203487	1.97082243	29.55074214
4.30000000	-12.48335695	12.93510736	60.90003089	-15.23737601	-67.93795581	0.80676921	29.68979660
4.30833333	-12.70759620	12.89383192	60.46311269	-15.19388965	-67.28981220	-0.54923902	29.73625425
4.31666667	-12.84245864	12.90415075	59.95991217	-15.34305504	-66.66191739	-1.92775152	29.64227719
4.32500000	-12.95819980	12.88679331	59.40739449	-15.51901581	-66.03676645	-3.30536410	29.51500568
4.33333333	-12.88028100	12.66304333	58.65536621	-15.68502978	-65.47657655	-5.09774367	29.07011244
4.34166667	-13.01892989	12.87935606	58.03473721	-16.07581692	-64.80119394	-6.87173598	28.98945372
4.35000000	-13.08729276	13.16579787	57.26152571	-16.63806533	-63.98045571	-8.79353751	28.78282665
4.35833333	-13.03433843	13.28917208	56.39871808	-17.14315394	-63.20096294	-10.81331835	28.49849905
4.36666667	-13.42477383	14.11446608	55.95458778	-17.98697097	-62.34603968	-12.72175543	28.41253649
4.37500000	-13.43339899	14.56572511	55.01635646	-18.98758489	-61.35997285	-14.60709220	28.36896563
4.38333333	-13.37662806	15.04186261	54.05593707	-20.01469944	-60.51033208	-16.40380020	28.42854008
4.39166667	-13.44868522	15.75976018	53.20830953	-21.52375889	-59.47793063	-17.80125539	28.29369115
4.40000000	-13.60821367	16.99126314	52.58532956	-23.59244745	-58.70854594	-18.01268590	28.47516857
4.40833333	-13.19151196	17.58790028	51.22514083	-25.61583408	-57.68440893	-19.46463962	27.80133990
4.41666667	-13.00983140	18.66826811	50.18368358	-28.14162115	-56.76323417	-20.38333557	27.57832564
4.42500000	-12.99474846	19.93596383	49.39329310	-30.67572303	-55.93319332	-21.57904675	27.25810880
4.43333333	-12.99956320	21.47883360	48.61386981	-33.77113311	-54.99754196	-22.45960683	26.91902356
4.44166667	-12.69996156	22.67517337	47.49804940	-36.86849900	-54.05701214	-23.43086102	26.65658046
4.45000000	-12.55513587	24.25516365	46.45652760	-40.30713606	-52.99749157	-24.28059247	26.38806707
4.45833333	-12.50019186	25.93001764	45.53894794	-43.82737073	-51.98611425	-25.04456396	26.19469854
4.46666667	-12.29184792	27.42205462	44.67652894	-47.34747047	-51.05772319	-25.93274913	25.61637453
4.47500000	-11.98320672	28.89326810	43.48449151	-50.84001123	-49.99502109	-26.78419211	25.35506427
4.48333333	-11.73691598	30.44997851	42.42017015	-54.44216252	-48.92470635	-27.27822489	25.07595381
4.49166667	-11.48843454	31.78186096	41.34441333	-57.64906505	-47.91355904	-28.01458228	24.58157916
4.50000000	-11.57622719	33.66495057	40.78245548	-61.11626570	-47.03954678	-28.26038661	24.12139498
4.50833333	-11.21736515	34.97386947	39.59373496	-64.37196870	-46.06348658	-27.16652402	23.86284986
4.51666667	-11.14479751	36.58123123	38.78470724	-67.43801749	-45.14505667	-27.70617413	23.71814310
4.52500000	-10.83580451	37.85666018	37.75885786	-70.49765848	-44.26221012	-25.82510378	23.28492843
4.53333333	-10.56182133	39.25250166	36.75966963	-73.50370822	-43.35476505	-23.77000161	22.90076872
4.54166667	-10.35310527	40.71942185	35.81678287	-76.40383959	-42.44032764	-21.45914815	22.52900780
4.55000000	-10.20783271	42.21529491	34.94941430	-79.13885969	-41.53978286	-18.99839272	22.17485123
4.55833333	-10.44123822	44.16828441	34.53174719	-81.89561485	-40.65508854	-15.61178354	21.74643419
4.56666667	-10.21185048	45.60208509	33.53366391	-84.26832268	-39.75482301	-13.24581362	21.42849430
4.57500000	-9.95174492	46.93307965	32.61864177	-86.43601454	-38.86415104	-11.00905753	21.07354970
4.58333333	-9.62843988	48.16451417	31.49536513	-88.51057751	-37.92083019	-7.20173490	20.90687807
4.59166667	-9.52121176	49.52836340	30.50980787	-90.24493280	-36.84017279	-5.07534484	20.50246969
4.60000000	-9.27615605	50.80024423	29.43715041	-91.89375896	-35.83836197	-1.45379284	20.24867985
4.60833333	-9.08161001	52.01936228	28.51494117	-93.18335583	-34.90399633	0.52591206	19.89746416
4.61666667	-8.89608272	53.25263495	27.52881198	-94.42802529	-33.89085131	4.20101496	19.58544199
4.62500000	-8.71714987	54.36370106	26.55404238	-95.30208025	-32.88407051	6.25739938	19.17546257
4.63333333	-8.54497025	55.34652505	25.66995206	-95.92652769	-31.98062976	8.64251698	18.89847946
4.64166667	-8.39628684	56.47336499	24.76395311	-96.51723214	-31.01338270	10.58751511	18.50406498
4.65000000	-8.23775287	57.44403529	23.89513939	-96.82236542	-30.09942428	12.37308577	18.13889993
4.65833333	-8.11405877	58.40306460	23.07178557	-96.91517797	-29.25952819	13.75646574	17.84855908
4.66666667	-7.94401997	59.19560015	22.20464081	-96.78770990	-28.38879566	15.01356198	17.50989797
4.67500000	-7.72779074	59.91459072	21.29054114	-96.50564022	-27.52954449	16.03566750	17.15343025
4.68333333	-7.77441469	60.88235474	20.68977396	-96.06228163	-26.68463286	16.33840051	16.97210889
4.69166667	-7.54925585	61.34564446	19.81384493	-95.42808128	-25.92527778	17.72136958	16.56972243
4.70000000	-7.53403885	62.05524125	19.15992632	-94.62614178	-25.13410627	18.00294749	16.16045200
4.70833333	-7.41185396	62.49356561	18.46816172	-93.71164358	-24.43716658	18.50946626	15.87054994
4.71666667	-7.44784395	63.13575364	17.91867355	-92.72995430	-23.69370596	18.73671896	15.53092969
4.72500000	-7.46391206	63.57930850	17.37798140	-91.54855709	-23.01449244	19.01298157	15.26772691
4.73333333	-7.58868082	64.14228651	16.92583848	-90.41013784	-22.31720585	19.10325071	15.27770811
4.74166667	-7.41523355	64.21659618	16.21079465	-89.04724643	-21.79574445	19.56042196	14.97119504
4.75000000	-7.62180054	64.64988751	15.94583967	-87.65684528	-21.18886776	19.55683034	14.67826643
4.75833333	-7.80321964	65.04098858	15.60278965	-86.30971514	-20.56372241	19.53603980	14.66331372
4.76666667	-7.94196247	65.21195441	15.31619899	-84.74853715	-20.06339639	19.34559338	14.12763724
4.77500000	-8.14676134	65.45417849	14.98867881	-83.36247300	-19.45493580	19.25097808	14.13770035
4.78333333	-8.20736923	65.41638291	14.63749660	-81.75793792	-19.09072123	18.62207552	13.76445078
4.79166667	-8.42667639	65.55969849	14.35693280	-80.41423696	-18.52192070	18.36110967	13.72491139
4.80000000	-8.65572791	65.58565246	14.24965181	-78.92577862	-18.16800153	17.56027029	13.35803838
4.80833333	-8.86605385	65.61431648	13.94661523	-77.64992105	-17.64345499	17.21035260	13.33974187
4.81666667	-8.94021672	65.40264312	13.56958204	-76.30539869	-17.23281824	16.01135995	12.91923751
4.82500000	-9.15305838	65.34700354	13.27859573	-75.19228067	-16.69879839	15.44738137	12.86351146
4.83333333	-9.15499196	64.95501412	12.86300430	-74.04633137	-16.36021363	14.20721973	12.51130871
4.84166667	-9.16108063	64.60957347	12.32097148	-73.09533067	-15.87380964	13.08978071	12.33674712
4.85000000	-9.36239531	64.46589695	12.02089731	-72.39783663	-15.38121008	12.56587074	12.21462001
4.85833333	-9.33510153	63.97044601	11.59298225	-71.76244045	-15.05090219	11.70929206	11.84027702
4.86666667	-9.54812438	63.79785043	11.32463397	-71.47634093	-14.65201131	11.60570567	11.75246795
4.87500000	-9.74667906	63.58294730	11.02687399	-71.33495561	-14.19139258	11.56571088	11.29099798
4.88333333	-9.80287803	63.19265906	10.65351021	-71.34869182	-13.91640787	11.63515090	10.73942726
4.89166667	-10.05075806	63.01255629	10.46949320	-71.44131379	-13.58012961	11.95557959	10.40949980
4.90000000	-10.30233731	62.80429492	10.38698191	-71.50689344	-13.37057261	12.50587442	9.78817072
4.90833333	-10.50850223	62.48511952	10.35624240	-71.37169954	-13.38403648	12.59948193	9.66274552
4.91666667	-10.82687993	62.20279586	10.29446640	-71.28432680	-13.06588505	14.77455150	8.45996264
4.92500000	-11.12446932	61.89731357	10.30627495	-70.84589504	-12.88894111	14.98651990	7.49979829
4.93333333	-11.45698905	61.59108683	10.42255829	-70.21538421	-12.85733707	15.20779241	6.37839675
4.94166667	-11.71814172	61.23424335	10.42428517	-69.61338673	-12.81192015	15.25800481	5.15496623
4.95000000	-11.93123643	60.76662266	10.47109200	-68.88979588	-12.83456314	15.30977986	3.94373185
4.95833333	-12.08902426	60.24258013	10.55266531	-68.17482423	-12.95724155	15.29953833	2.68467869
4.96666667	-12.22953790	59.75528667	10.59713541	-67.55232984	-13.14112000	15.17533066	1.10373774
4.97500000	-12.24723043	59.08596233	10.45635753	-66.88256280	-13.25534248	15.03057507	-0.64636191
4.98333333	-12.26831220	58.39765122	10.52559126	-66.22192165	-13.58158651	14.98092980	-2.40535221
4.99166667	-12.35306116	57.73696947	10.73257091	-65.52923790	-14.02186734	15.02225561	-4.25701815
5.00000000	-12.15056896	56.77281368	10.54888549	-64.83662049	-14.27060742	15.17566229	-6.26834860
5.00833333	-12.27669509	56.09756072	11.14186128	-64.02090202	-15.25629494	15.22372906	-8.09193565
5.01666667	-12.31880543	55.30377194	11.70119156	-63.18798503	-16.25627349	15.25812942	-10.16081943
5.02500000	-12.10963504	54.32478418	11.97255480	-62.47935362	-17.14356889	15.35826694	-12.22679337
5.03333333	-12.04641721	53.41669567	12.75579747	-61.56777569	-18.82424385	15.37056524	-13.60610206
5.04166667	-11.92616030	52.41962395	13.61650738	-60.61233147	-20.66834381	15.33206932	-15.08545688
5.05000000	-11.89585591	51.64562468	14.58450002	-59.86049589	-22.52178811	15.26863141	-16.47217579
5.05833333	-11.86818687	50.81821710	15.84775792	-59.00933227	-25.04849061	15.27202085	-17.19685584
5.06666667	-11.54581807	49.75910656	16.84814088	-58.18102842	-27.97119317	15.19135639	-17.32091165
5.07500000	-11.37899085	48.84376956	18.15052384	-57.31420450	-31.09786643	15.11566309	-17.52999890
5.08333333	-11.22392381	48.00276839	19.62637426	-56.55564988	-34.58020015	15.06312228	-17.40495027
5.09166667	-11.14057862	47.16780636	21.35911687	-55.77405551	-38.34797931	15.04885238	-17.13609950
5.10000000	-10.89498677	46.15411720	22.86225556	-54.87436449	-42.18297038	15.01563331	-16.55755253
5.10833333	-10.92071822	45.60219470	24.73344858	-54.20724704	-46.18544137	14.88960531	-15.90516303
5.11666667	-10.53038450	44.38201010	26.15062673	-53.24549776	-50.15438316	14.81670622	-15.02705211
5.12500000	-10.49928773	43.67535148	27.99212503	-52.42755231	-54.12618186	14.72130210	-14.12785779
5.13333333	-10.44097744	42.96871956	29.78095750	-51.65484924	-58.07592688	14.60127053	-13.06378053
5.14166667	-10.33165661	42.12321252	31.49447844	-50.78154199	-61.90645255	14.47985200	-11.70614852
5.15000000	-10.33176003	41.53103008	33.29475057	-50.07907153	-65.65386765	14.37708330	-9.92991135
5.15833333	-10.43391717	41.10760955	35.25289747	-49.42063949	-69.37893597	14.24131028	-7.36493775
5.16666667	-10.37365330	40.31628399	36.98889494	-48.57795556	-72.84611202	14.14820128	-4.62177507
5.17500000	-10.41102296	39.75815617	38.77596739	-47.86902355	-76.16761071	14.05746691	-1.60691880
5.18333333	-10.39710457	39.11157901	40.51486515	-47.12640585	-79.30038480	13.97792411	1.54825851
5.19166667	-10.27710548	38.30239191	42.07320643	-46.29840135	-82.18300425	13.83646997	4.58608130
5.20000000	-10.27640119	37.66621991	43.71726876	-45.54442000	-84.86174371	13.78019634	7.81865774
5.20833333	-10.10796001	36.80916855	45.15103389	-44.71946601	-87.28117876	13.69976274	10.76661177
5.21666667	-9.91123797	35.86792560	46.51422606	-43.81659287	-89.53703792	13.61660856	13.66543831
5.22500000	-9.49162570	34.66255691	47.57526100	-42.86707640	-91.45939309	13.45494418	16.46148784
5.23333333	-9.33115929	33.77560515	49.00391891	-42.02185175	-93.26129577	13.38994472	19.00912891
5.24166667	-9.06682959	32.73018707	50.12433528	-41.10395727	-94.71209943	13.28792381	21.58619063
5.25000000	-8.78449454	31.72235638	51.27211255	-40.22850203	-96.00840187	13.17130850	24.00216103
5.25833333	-8.45176004	30.61862505	52.28720047	-39.28797434	-97.03613990	13.01933423	26.30024089
5.26666667	-8.18404038	29.63825998	53.24468878	-38.42072905	-97.78929755	12.89188530	28.46573754
5.27500000	-8.01639357	28.88984613	54.34213328	-37.70721420	-98.41545901	12.77684767	30.41773567
5.28333333	-7.81657104	28.09513050	55.35292649	-36.97724555	-98.81766676	12.60181806	32.12728572
5.29166667	-7.58527438	27.06401819	56.25132465	-35.98943917	-98.99346047	12.43304194	33.69387370
5.30000000	-7.42642517	26.26544643	57.20345561	-35.19353769	-99.02324012	12.29397839	35.04828659
5.30833333	-7.21140184	25.35608344	58.01810131	-34.34195719	-98.83888627	12.13410896	36.12690759
5.31666667	-7.07408245	24.47636515	58.85546824	-33.47315193	-98.48677824	12.03599376	37.00713814
5.32500000	-6.89877724	23.76712891	59.56945868	-32.76650597	-98.02584183	11.89275506	37.70021859
5.33333333	-6.75379646	23.12176910	60.27373073	-32.14209861	-97.40092802	11.78295718	38.33224317
5.34166667	-6.52232164	22.42120895	60.75923507	-31.53010221	-96.56270082	11.66994296	38.84744714
5.35000000	-6.32813889	21.60803091	61.26589006	-30.77668827	-95.64565704	11.53505955	39.34588595
5.35833333	-6.36031053	20.99991489	61.92925711	-29.96880913	-94.61178384	11.46239473	39.50476401
5.36666667	-6.08064794	20.08823035	62.17819950	-29.23249387	-93.47108746	11.53939694	39.96544902
5.37500000	-6.13875317	19.58146710	62.73596319	-28.52672650	-92.18488356	11.34800289	39.96762567
5.38333333	-6.15884061	19.20346870	63.15293033	-28.03331559	-90.82666123	11.09731296	39.95117679
5.39166667	-6.24374430	18.71649994	63.54671210	-27.32225106	-89.36202928	11.05474833	39.86284845
5.40000000	-5.82280788	17.81038923	63.31243535	-26.79576929	-87.80791575	11.16028773	39.58319156
5.40833333	-5.97026507	17.44475903	63.66904327	-26.17279077	-86.23566215	11.01194189	39.29285715
5.41666667	-5.79512621	16.92480076	63.57550520	-25.82091422	-84.60585643	11.10273100	38.42548665
5.42500000	-5.99388877	16.63953799	63.84515423	-25.24646537	-83.00770874	10.97349748	38.09533447
5.43333333	-6.06970791	16.41566443	63.89603930	-24.89018361	-81.42606984	10.75153627	37.22734434
5.44166667	-6.24546562	16.05660666	64.00123249	-24.28431246	-79.86307561	10.72865226	36.65580828
5.45000000	-6.19771694	15.70222482	63.84316108	-23.97099720	-78.41090431	10.59152713	35.37497371
5.45833333	-6.23104507	15.30295601	63.74754110	-23.53859108	-77.03734760	10.55857100	34.26712567
5.46666667	-6.24984267	14.93743898	63.59863764	-23.16250536	-75.74139655	10.53679490	33.17849215
5.47500000	-6.20625139	14.48289263	63.33924751	-22.77152455	-74.56076787	10.52015092	31.93658887
5.48333333	-6.19470509	13.93592282	63.10762015	-22.26775648	-73.50740293	10.50603886	30.56871071
5.49166667	-6.27457119	13.63129768	62.90641441	-21.90628534	-72.48294967	10.52099735	29.48608953
5.50000000	-6.19083401	13.17594255	62.55607788	-21.61201689	-71.69556500	10.51495205	27.82276854
5.50833333	-6.31583452	12.83926278	62.38932009	-21.19247262	-71.02983415	10.53338296	26.95114330
5.51666667	-6.22018297	12.37348360	62.01537958	-20.89844255	-70.63289213	10.48767385	25.81980238
5.52500000	-6.36655243	12.09865916	61.91459286	-20.56141500	-70.46098839	10.48848434	25.46671933
5.53333333	-6.50342362	11.96801096	61.83760182	-20.47952426	-70.54956460	10.48882793	25.43043387
5.54166667	-6.42336777	11.50649098	61.50225445	-20.21351433	-70.79058154	10.61904722	25.55776914
5.55000000	-6.61482908	11.31566284	61.52701599	-19.91171994	-71.25296760	10.50856636	25.79714750
5.55833333	-6.80884485	11.12389138	61.57406150	-19.63079464	-71.77344692	10.39480777	26.10551426
5.56666667	-6.98764023	11.01564522	61.59129626	-19.44840725	-72.22830633	10.22011655	26.43053524
5.57500000	-7.19396644	10.93675351	61.61109538	-19.29542062	-72.54802384	10.06511700	26.66231725
5.58333333	-7.48044421	10.93853029	61.65670321	-19.14652558	-72.67818644	9.76632730	26.94467136
5.59166667	-7.75817566	10.88300034	61.64814766	-18.94491614	-72.65895283	9.50822130	27.14049205
5.60000000	-8.03651178	10.99033260	61.57153062	-18.92107914	-72.41108924	9.02894328	27.40925553
5.60833333	-8.40645520	11.12023579	61.52105944	-18.83192580	-71.99800921	8.46236322	27.70883568
5.61666667	-8.73693298	11.15968861	61.36356840	-18.66766653	-71.46509427	7.90981009	28.04522369
5.62500000	-9.04634058	11.19031767	61.08499492	-18.51891443	-70.79435242	7.15184005	28.49081804
5.63333333	-9.35404151	11.22669495	60.75174580	-18.30855908	-70.12164333	6.41121748	28.90758810
5.64166667	-9.68573500	11.31277027	60.40546716	-18.15291598	-69.39528799	5.48596912	29.37712178
5.65000000	-10.04530454	11.33620312	60.08718357	-17.86098329	-68.76485406	4.54673605	29.72184108
5.65833333	-10.37186032	11.36679801	59.73355380	-17.61628119	-68.15078869	3.33161661	30.02289149
5.66666667	-10.67402665	11.33553523	59.38923634	-17.37994505	-67.59854036	2.14757840	30.18294273
5.67500000	-10.98109222	11.32323377	59.05062695	-17.07779717	-67.05959627	0.88644962	30.23070436
5.68333333	-11.31285140	11.43520349	58.74788246	-16.92155954	-66.53599839	-0.56213516	30.16046684
5.69166667	-11.59626155	11.49798343	58.36982129	-16.75553187	-65.92300536	-2.07013011	29.97529386
5.70000000	-11.74187596	11.46932809	57.83929783	-16.67207337	-65.19770747	-3.66488934	29.66810969
5.70833333	-11.81520749	11.39184221	57.31253083	-16.62305611	-64.59842972	-5.30413999	29.28353697
5.71666667	-11.50898348	10.93942436	56.22982115	-16.73408491	-63.74314074	-6.54117261	28.90041259
5.72500000	-11.74056475	11.14805377	55.84483424	-16.84426142	-63.13202769	-8.24440117	28.55411843
5.73333333	-11.87421627	11.35677281	55.25322776	-17.09942716	-62.33807650	-9.84341418	28.22622580
5.74166667	-12.02012267	11.70869524	54.67602543	-17.57390743	-61.59372206	-11.24229695	27.95681940
5.75000000	-12.08718448	12.08450621	53.97782905	-18.17370119	-60.75417237	-12.54917742	27.66369009
5.75833333	-12.14092615	12.56503941	53.31167497	-19.01558514	-59.93773720	-13.64374811	27.39042666
5.76666667	-12.36811441	13.16642459	52.83144252	-19.79856911	-59.13151866	-14.69907586	27.20440684
5.77500000	-12.49250925	13.89268009	52.21043961	-21.05081234	-58.28794772	-15.16695338	26.87518216
5.78333333	-12.43812919	14.60381583	51.39600809	-22.66568478	-57.33100048	-15.51328790	26.61104489
5.79166667	-12.35086565	15.35821887	50.56691743	-24.34000445	-56.44422473	-16.24489241	26.24847573
5.80000000	-12.50248933	16.53252482	50.03164110	-26.34716904	-55.63570802	-16.87057966	26.09567585
5.80833333	-12.48447798	17.70578268	49.31006216	-29.01345753	-54.80035620	-15.11258231	26.09589981
5.81666667	-12.23349547	18.52581478	48.42046688	-31.38675237	-53.96605907	-15.62967930	25.49671278
5.82500000	-12.13478473	19.64798545	47.68644339	-33.99108630	-53.17777340	-15.94477272	25.23650859
5.83333333	-11.86749830	20.62314923	46.69213444	-36.66065936	-52.26388442	-16.02123624	24.87660935
5.84166667	-11.84194297	21.64151526	46.03630103	-39.20477775	-51.52879504	-15.90802653	24.55516298
5.85000000	-11.59154875	22.61002096	45.13365263	-42.03593374	-50.66876198	-15.28792491	24.20026797
5.85833333	-11.40426014	23.63631950	44.39983021	-44.74049542	-49.99254598	-14.82482151	23.67413800
5.86666667	-11.16848477	24.79476047	43.57785898	-47.68619095	-49.22696244	-13.63502641	23.35256949
5.87500000	-10.85690631	25.67949714	42.68559752	-50.38238564	-48.52677704	-11.85090136	23.05326477
5.88333333	-10.80108730	26.94112802	42.10367774	-53.10493724	-47.78754301	-11.00606449	22.56643711
5.89166667	-10.56713754	27.80200298	41.23942907	-55.48540330	-47.05512069	-9.24056619	22.26723473
5.90000000	-10.40079222	28.83670075	40.51351619	-57.89173025	-46.36128091	-7.63693332	21.98725916
5.90833333	-10.26461907	29.78512540	39.83123702	-60.03344981	-45.67623545	-6.22016955	21.67282889
5.91666667	-10.20926546	30.83278861	39.26833681	-62.04242454	-45.04181240	-4.81379445	21.36850615
5.92500000	-10.79612642	32.79062892	39.57933328	-64.23625824	-44.59775127	-2.42334464	20.85141184
5.93333333	-10.59643487	33.80746327	38.83396028	-65.98580280	-43.93751493	-0.96727009	20.61791358
5.94166667	-10.38697300	34.75197415	38.14072464	-67.42836129	-43.25567613	-0.44874381	20.34349255
5.95000000	-10.63318954	36.06902382	37.90387530	-68.65686402	-42.68654990	1.09496198	20.15920140
5.95833333	-10.75991042	37.32111790	37.59918321	-69.82272554	-42.04529927	2.90883300	19.83427005
5.96666667	-10.75304887	38.24791925	37.15725193	-70.60462560	-41.42735653	4.71017069	19.45501400
5.97500000	-10.64733311	38.98883050	36.47632501	-71.06484341	-40.61574427	5.94616877	19.21686125
5.98333333	-10.95144152	40.25222110	36.32121595	-71.36951514	-39.96949858	6.57177061	18.89463165
5.99166667	-10.81209211	40.78817028	35.50975425	-71.22316828	-39.12850034	6.74774622	18.52579354
6.00000000	-10.57456060	41.25418383	34.62874509	-70.92786849	-38.20870206	7.44498341	18.53202132
6.00833333	-10.63763093	41.68975161	34.19530890	-70.19316104	-37.55117699	7.57975030	17.89900286
6.01666667	-10.36178691	41.70264916	33.33042554	-69.33134796	-36.79602193	8.47204830	17.63676695
6.02500000	-10.52725421	42.14319012	33.01277042	-68.28580021	-36.11520857	8.68108864	17.49763152
6.03333333	-10.21649746	41.89521953	32.10248404	-66.92012606	-35.32423404	9.72733710	16.97389955
6.04166667	-10.38929613	42.21429816	31.84896950	-65.53320759	-34.71463584	9.87594166	16.89158294
6.05000000	-10.49901158	42.30240337	31.51527876	-63.85185480	-34.11041154	10.26427339	16.26002231
6.05833333	-10.70761243	42.46871851	31.28684473	-62.12292020	-33.45040223	10.30680914	16.19216708
6.06666667	-10.37849250	41.72432049	30.33011477	-60.06196678	-32.63958117	10.82237143	15.71754987
6.07500000	-10.64094153	41.73377873	30.17993109	-58.07569729	-32.01628725	10.70907356	15.62221788
6.08333333	-10.40038597	40.93621876	29.37540152	-55.80980996	-31.26927803	10.63953761	15.08403438
6.09166667	-10.69203734	40.87471078	29.23959698	-53.72794987	-30.60839235	10.30073083	14.88892330
6.10000000	-10.49332483	39.98226038	28.55279690	-51.39808279	-29.98167918	10.03754255	14.50925784
6.10833333	-10.78090987	39.71285824	28.39737215	-49.25602548	-29.33413593	9.51090940	14.33983618
6.11666667	-10.94408757	39.23648671	28.18904609	-47.12467796	-28.79928828	8.93648584	14.12466590
6.12500000	-11.04940358	38.80658239	27.89568525	-45.17817603	-28.24578024	8.37725693	13.96289640
6.13333333	-11.07492847	38.13428106	27.55187149	-43.20826036	-27.74194372	7.68712353	13.74882670
6.14166667	-11.15412579	37.39317261	27.26083617	-41.27363648	-27.26565899	7.01867315	13.63607372
6.15000000	-10.94677690	36.41736880	26.68313138	-39.52475539	-26.84661645	6.40196589	13.58655076
6.15833333	-11.11447395	36.04561284	26.51204573	-38.05575076	-26.38168438	5.42790488	13.54056607
6.16666667	-11.32264320	35.61691376	26.44664005	-36.61762321	-26.02768377	4.25547430	13.50041186
6.17500000	-11.45141656	35.02797380	26.30005242	-35.21754490	-25.71489103	3.11085115	13.49011120
6.18333333	-11.20754789	34.05294559	25.76409518	-33.99244680	-25.41445388	2.78898010	13.54592330
6.19166667	-11.45630772	33.68557893	25.83855277	-32.80948430	-25.21485365	1.93137772	13.57150697
6.20000000	-11.61737340	33.18214377	25.83505570	-31.69343282	-25.08563635	1.52050680	13.62621729
6.20833333	-11.91177167	32.75091551	26.00899596	-30.55269603	-25.00970756	1.46489340	13.66853292
6.21666667	-12.10521770	32.06217585	26.16528863	-29.38497113	-25.01652944	1.45189035	13.77007553
6.22500000	-12.37229766	31.63711868	26.28214294	-28.38990270	-24.88548084	1.70065902	13.82167928
6.23333333	-12.88217210	31.49361815	26.83971909	-27.92203393	-25.02294607	4.05436568	13.58263610
6.24166667	-13.11297436	31.11229844	26.95156408	-27.09901443	-24.92125222	4.42030037	13.85044369
6.25000000	-13.32072038	30.87011971	27.09412158	-26.44005719	-24.90529764	4.41092191	13.85582452
6.25833333	-13.57391475	30.70996600	27.31793662	-25.83883095	-24.92594757	4.27193773	13.75145137
6.26666667	-13.81802531	30.74771587	27.52692022	-25.50219371	-24.90205691	4.09346020	13.63233602
6.27500000	-13.95618735	30.75989896	27.50261238	-25.31250080	-24.69985776	3.99109356	13.56907614
6.28333333	-14.05553432	30.79381131	27.44196810	-25.23131359	-24.53527784	3.82471530	13.43044583
6.29166667	-14.11933082	30.74700413	27.32821979	-25.10391195	-24.33390388	3.73929594	13.35105359
6.30000000	-13.95823328	30.39665642	26.72569965	-24.99889957	-23.82147420	4.22756489	13.12730240
6.30833333	-14.01701096	30.38818484	26.69573863	-25.00477608	-23.82316411	4.22686291	13.12736550
6.31666667	-14.06235587	30.17869813	26.18895309	-24.72528247	-23.06485315	4.14763958	12.96722927
6.32500000	-14.02962616	29.94194034	25.71776129	-24.50703298	-22.53651852	4.18029203	12.85260830
6.33333333	-14.10137494	29.79429216	25.36765260	-24.24743629	-22.01010074	4.18515496	12.77362015
6.34166667	-14.21144532	29.66918073	25.08924848	-23.91247787	-21.52478284	4.18100692	12.64025563
6.35000000	-14.43151640	29.65500401	25.06385670	-23.58862125	-21.23343272	4.21785182	12.67136094
6.35833333	-14.60398478	29.48541777	24.76280285	-23.08622993	-20.58409292	4.06762777	12.38297211
6.36666667	-14.79976932	29.47917922	24.77023647	-22.76364796	-20.33639760	4.10528026	12.40758130
6.37500000	-14.99944282	29.38357666	24.58149297	-22.32053276	-19.80195724	3.97467621	12.06388085
6.38333333	-15.17709035	29.24833576	24.54225261	-21.89673716	-19.50630978	4.03252465	12.03305789
6.39166667	-15.34722311	29.18764786	24.57023090	-21.57319281	-19.32451345	4.06421919	12.01834766
6.40000000	-15.50500731	29.01474300	24.55959325	-21.17825552	-19.12592821	4.12435674	11.75066274
6.40833333	-15.54883249	28.99106880	24.55107442	-21.17656326	-19.12299555	4.12590828	11.75081537
6.41666667	-15.76222824	28.80890819	24.49450964	-20.59680726	-18.71635796	4.19441152	11.70560951
6.42500000	-15.80487496	28.79078641	24.48148443	-20.59859781	-18.71594374	4.19488261	11.70454312
6.43333333	-16.06576540	28.80950529	24.57894606	-20.35155826	-18.48323278	4.61036392	11.63358193
6.44166667	-16.09992042	28.79681299	24.56296697	-20.35585047	-18.48446297	4.61118816	11.63386039
6.45000000	-16.20865181	28.68843960	24.46184427	-20.11658559	-18.19843293	4.70613068	11.61197848
6.45833333	-16.23758744	28.67891155	24.44815865	-20.12259343	-18.20059291	4.70571047	11.61157897
6.46666667	-16.31852250	28.56495916	24.38343722	-19.91778442	-18.01039860	4.74766107	11.53904941
6.47500000	-16.34486622	28.55371104	24.36885811	-19.92434421	-18.01429218	4.74746425	11.54037137
6.48333333	-16.37349993	28.53882772	24.35206701	-19.92936798	-18.01340318	4.74813887	11.54227191
6.49166667	-16.42665847	28.29583397	24.18304881	-19.58460035	-17.73885092	4.85295078	11.56479395
6.50000000	-16.45108085	28.28195215	24.17330512	-19.59122280	-17.74009576	4.85279439	11.56657527
6.50833333	-16.47542276	28.26591159	24.16228743	-19.59348423	-17.73662067	4.85381504	11.56892938
6.51666667	-16.50201604	28.24768957	24.14831030	-19.59081331	-17.72925792	4.85613292	11.57183232
6.52500000	-16.62447917	28.05924761	24.05659515	-19.16707903	-17.42681245	4.95667736	11.60373747
6.53333333	-16.65176993	28.04692392	24.04581932	-19.17250028	-17.43039136	4.95676649	11.60524871
6.54166667	-16.67776187	28.03502806	24.03383038	-19.17436597	-17.43123857	4.95771170	11.60710178
6.55000000	-16.79272240	27.92088794	24.04217330	-18.88179196	-17.29159188	5.03486813	11.70646839
6.55833333	-16.81535964	27.91439082	24.03118110	-18.88601276	-17.29417552	5.03464614	11.70778667
6.56666667	-16.83346336	27.90877937	24.01994504	-18.88377455	-17.26563388	5.03831757	11.71736709
6.57500000	-16.85510001	27.90400144	24.00737848	-18.88741007	-17.26527922	5.03886767	11.71876532
6.58333333	-17.03451624	27.99424997	24.00672342	-18.80431798	-16.99435574	5.12698354	11.78020740
6.59166667	-17.05338492	27.99126629	23.99317436	-18.81007914	-16.99903954	5.12642348	11.78151784
6.60000000	-17.05872670	27.98837159	23.97659017	-18.83332877	-16.97586606	5.12750225	11.79296000
6.60833333	-17.07834486	27.98387788	23.96324230	-18.84057313	-16.97718106	5.12823328	11.79483824
6.61666667	-17.65296268	28.55131078	24.79703680	-18.85931421	-17.35955324	5.27361118	12.31572046
6.62500000	-17.66427996	28.54575307	24.78889132	-18.86516515	-17.35704901	5.27211356	12.31533033
6.63333333	-17.64851343	28.41284130	24.43993772	-18.77247793	-16.97678386	5.25990609	12.21079346
6.64166667	-17.69515650	28.40232980	24.39365384	-18.74700309	-16.92986519	5.27826678	12.21755953
6.65000000	-17.71244205	28.39392486	24.38356920	-18.75120325	-16.92759107	5.27938899	12.21815044
6.65833333	-17.64481400	28.27296534	24.07986219	-18.72597839	-16.63979702	5.44449456	12.16981097
6.66666667	-17.66125271	28.26907897	24.06751801	-18.72867386	-16.64392023	5.44467875	12.17010442
6.67500000	-17.67204298	28.26336437	24.05827206	-18.73270333	-16.64549548	5.44511337	12.17075262
6.68333333	-17.65188777	28.23928340	24.02752578	-18.75449676	-16.63461939	5.45454637	12.18005398
6.69166667	-17.66641065	28.23335436	24.01339382	-18.75927368	-16.63997595	5.45602154	12.18113747
6.70000000	-17.56983206	28.00615229	23.77273168	-18.67551921	-16.50400794	5.64272187	12.29164137
6.70833333	-17.58153013	28.00268458	23.76274917	-18.67871038	-16.50774000	5.64217978	12.29187961
6.71666667	-17.59772597	27.99667485	23.74943172	-18.68406673	-16.51143980	5.64197209	12.29255132
6.72500000	-17.60301661	27.98232908	23.69549349	-18.70481309	-16.49686426	5.64487445	12.30274906
6.73333333	-17.61747426	27.97702859	23.68302857	-18.70952817	-16.49676610	5.64559723	12.30430624
6.74166667	-17.60707486	27.91226866	23.44447815	-18.65269750	-16.24577248	5.78952309	12.37359789
6.75000000	-17.61513175	27.90933416	23.43997223	-18.65687004	-16.24847734	5.78887971	12.37358677
6.75833333	-17.62330586	27.90529553	23.43531698	-18.66178661	-16.25112472	5.78839195	12.37360942
6.76666667	-17.63040197	27.90073181	23.43063467	-18.66636674	-16.25368619	5.78811800	12.37363620
6.77500000	-17.63986691	27.88842959	23.41117964	-18.67538130	-16.26207843	5.78909223	12.37425873
6.78333333	-17.63872210	27.88861005	23.41156910	-18.67528558	-16.26182243	5.78914883	12.37434287
6.79166667	-17.63859391	27.86789676	23.38998195	-18.66586346	-16.26534875	5.79385419	12.37818403
6.80000000	-17.64991357	27.85923016	23.38644908	-18.66623118	-16.26626400	5.79439236	12.37899842
6.80833333	-17.71887364	27.76941575	23.36087453	-18.41633222	-16.18427192	5.82761401	12.43882787
6.81666667	-17.73025852	27.76067698	23.35989253	-18.41947481	-16.18842409	5.82697968	12.43772619
6.82500000	-17.73068178	27.76013191	23.36008649	-18.41902386	-16.18882002	5.82693455	12.43758843
6.83333333	-17.75029480	27.75028812	23.34841860	-18.37802285	-16.20432544	5.82593222	12.43330943
6.84166667	-17.75245888	27.74831905	23.34863726	-18.37771082	-16.20398201	5.82579663	12.43333372
6.85000000	-17.86120812	27.71527312	23.38442974	-18.12670345	-16.13497048	5.71666499	12.42148639
6.85833333	-17.86311666	27.71405391	23.38454448	-18.12687510	-16.13529407	5.71667076	12.42142183
6.86666667	-17.87164443	27.71037407	23.38693903	-18.11819019	-16.13802774	5.71661004	12.42018043
6.87500000	-17.87308541	27.70947900	23.38684944	-18.11759474	-16.13836542	5.71659245	12.42008952
6.88333333	-17.90181079	27.70657126	23.38548210	-18.06948660	-16.14616966	5.71646342	12.41628505
6.89166667	-17.90199157	27.70525565	23.38722202	-18.06868455	-16.14518655	5.71636827	12.41630907
6.90000000	-18.19361530	27.95008719	23.84866127	-17.99433981	-16.48082441	5.89180473	12.72474695
6.90833333	-18.19421845	27.94829611	23.84996187	-17.99432264	-16.48027380	5.89167217	12.72458768
6.91666667	-18.17031904	27.78589460	23.79626568	-17.78304628	-16.46591786	5.83350098	12.68261284
6.92500000	-18.26304854	27.86205164	23.86731547	-17.71622589	-16.42621037	5.82125467	12.67115774
6.93333333	-18.27054087	27.85797690	23.86505694	-17.71814948	-16.43596491	5.81609925	12.66724277
6.94166667	-18.27226663	27.85596705	23.86568800	-17.71843468	-16.43580586	5.81592024	12.66715213
6.95000000	-18.29605025	27.84866186	23.86092820	-17.68568817	-16.43766346	5.81150481	12.66360036
6.95833333	-18.37583158	27.81890249	23.84791990	-17.47788148	-16.32249889	5.72147573	12.62848532
6.96666667	-18.37429149	27.81471004	23.85210503	-17.47794776	-16.32245509	5.72139046	12.62718479
6.97500000	-18.38989323	27.81193253	23.84632905	-17.45513577	-16.33289422	5.72186248	12.62080142
6.98333333	-18.41122266	27.80521198	23.84205128	-17.40114430	-16.32580982	5.72146848	12.61436083
6.99166667	-18.40692069	27.80098724	23.84933679	-17.39650172	-16.31957968	5.72119532	12.61424718
7.00000000	-18.46032756	27.72620530	23.82766429	-17.16686388	-16.27129091	5.67295649	12.55259224
7.00833333	-18.46740413	27.72850143	23.82905302	-17.15513998	-16.27102906	5.67762806	12.55172030
7.01666667	-18.42556214	27.68314286	23.77693794	-17.14026850	-16.28927156	5.68743244	12.55443394
7.02500000	-18.46499723	27.70097687	23.79260201	-17.11031420	-16.26380955	5.69135840	12.55939954
7.03333333	-18.46122547	27.70273893	23.79932119	-17.10549722	-16.25705646	5.69181450	12.56028921
7.04166667	-18.48968269	27.71615858	23.79548332	-17.07648856	-16.24184660	5.69349004	12.56396065
7.05000000	-18.57495758	27.78364410	23.75519406	-17.02083833	-16.04334774	5.66894125	12.59512233
7.05833333	-18.57236970	27.78702630	23.75353500	-17.01636463	-16.05487680	5.67257336	12.59122662
7.06666667	-18.57793893	27.79246301	23.74861094	-17.01360413	-16.05281219	5.67708580	12.58913657
7.07500000	-18.58772198	27.80066773	23.73420477	-17.00895464	-16.03976005	5.68012324	12.58903816
7.08333333	-18.62230351	27.84274972	23.60943866	-17.01124820	-15.79878148	5.69534557	12.60263700
7.09166667	-18.62476384	27.85401477	23.60269939	-17.01155222	-15.79797140	5.69596156	12.59941193
7.10000000	-18.63431250	27.86408579	23.58382270	-17.01821493	-15.78244828	5.69638092	12.59651304
7.10833333	-18.64661882	27.87898225	23.54649537	-17.02540522	-15.74044203	5.69682775	12.59430714
7.11666667	-18.67967349	27.92858896	23.36921668	-17.05519285	-15.41107177	5.69541241	12.58666812
7.12500000	-18.68787214	27.93777066	23.36312684	-17.05078859	-15.41139254	5.69730500	12.57978594
7.13333333	-18.69836163	27.94575534	23.34410790	-17.04948399	-15.40129944	5.69820568	12.57340385
7.14166667	-18.66581024	27.95366702	23.34057103	-17.05045150	-15.39442024	5.69812316	12.57193317
7.15000000	-18.70045608	27.96373052	23.30963122	-17.05838328	-15.37844862	5.69787478	12.56718163
7.15833333	-18.71938900	28.03076400	23.12635513	-17.13328253	-15.08376024	5.70174415	12.54244900
7.16666667	-18.73251441	28.04557633	23.12623738	-17.13049634	-15.08658960	5.70637283	12.53162406
7.17500000	-18.73473327	28.05960866	23.11300900	-17.13777039	-15.08899048	5.71221684	12.52019331
7.18333333	-18.72330207	28.06630923	23.11019466	-17.14046814	-15.08707745	5.71373066	12.51771751
7.19166667	-18.73059037	28.07679364	23.08131791	-17.15823807	-15.10143130	5.71844414	12.51007879
7.20000000	-18.65127410	28.17174005	22.89839258	-17.39533992	-15.01961126	5.96259881	12.30245804
7.20833333	-18.64884159	28.16950924	22.89503451	-17.39377648	-15.02135891	5.96320174	12.30335043
7.21666667	-18.65621977	28.16770976	22.86799890	-17.39386046	-15.04389097	5.96418848	12.30538269
7.22500000	-18.62876032	28.13983169	22.76621864	-17.41747029	-14.98258024	5.96620288	12.37904866
7.23333333	-18.62475083	28.13678915	22.76478350	-17.41641849	-15.00839179	5.96811612	12.37599862
7.24166667	-18.61974027	28.12837315	22.75443743	-17.42062920	-15.05018753	5.97029617	12.37408997
7.25000000	-18.55385797	28.08660764	22.74525566	-17.48014131	-15.26246214	6.01175811	12.46995358
7.25833333	-18.55659274	28.07891461	22.73801102	-17.46981551	-15.28844287	6.01784504	12.46747170
7.26666667	-18.55101470	28.06644339	22.72754194	-17.46776855	-15.32809421	6.02290310	12.46713787
7.27500000	-18.53212591	28.04466583	22.71202986	-17.47268005	-15.39715091	6.02955913	12.47028477
7.28333333	-18.49230922	28.01044389	22.69332891	-17.48774112	-15.51387259	6.03723680	12.48265104
7.29166667	-18.41882512	27.92460858	22.76771183	-17.48434757	-15.88126624	6.11027894	12.67816908
7.30000000	-18.39081858	27.89929001	22.74949983	-17.48737677	-15.94086974	6.11607148	12.67836661
7.30833333	-18.38528781	27.88967140	22.74817314	-17.49406838	-15.98286100	6.11606287	12.67820601
7.31666667	-18.30336216	27.84085505	22.76127703	-17.52992296	-16.31265331	6.15160824	12.83455787
7.32500000	-18.25108334	27.80929636	22.74115650	-17.56969510	-16.43170569	6.14448119	12.81835827
7.33333333	-18.20683026	27.80745381	22.77128480	-17.60637203	-16.67199045	6.15819898	12.90509448
7.34166667	-18.15801311	27.76924561	22.76908616	-17.63861177	-16.81720112	6.14934878	12.88582512
7.35000000	-18.14613420	27.75563393	22.78210610	-17.64565806	-16.88965293	6.14646332	12.88164335
7.35833333	-18.04483581	27.70772762	22.97291764	-17.70274009	-17.48873656	6.11085019	12.96046081
7.36666667	-18.03931603	27.66146280	23.10137499	-17.64040666	-17.82280792	6.14895239	13.09346955
7.37500000	-18.03328327	27.64052302	23.10976518	-17.63542928	-17.88332325	6.14883370	13.08463050
7.38333333	-18.26890218	28.00651500	23.57394796	-17.68586432	-18.17284387	5.88246958	12.77528047
7.39166667	-18.21247268	27.95090677	23.61578619	-17.66915549	-18.40603936	5.88307857	12.75920754
7.40000000	-18.12563345	27.90053227	23.81705399	-17.70642980	-18.99755856	5.87029945	12.81504492
7.40833333	-18.06192429	27.90081288	23.96592211	-17.77729431	-19.49673209	5.90045104	12.93516274
7.41666667	-18.02566840	27.89079539	24.07765324	-17.78784580	-19.86657704	5.97262201	12.98564097
7.42500000	-17.90645643	27.80344117	24.19605472	-17.84212110	-20.34748124	5.96051791	12.96341905
7.43333333	-17.82600990	27.69704963	24.31295914	-17.82602867	-20.81872405	6.03676675	13.00908373
7.44166667	-17.70853955	27.59632550	24.48473898	-17.84080445	-21.35198364	6.00604792	12.94939406
7.45000000	-17.64627800	27.62558016	24.73507652	-17.93013695	-21.95525890	6.01782545	12.99521626
7.45833333	-17.50371068	27.53850430	24.91563817	-17.99274447	-22.53749251	5.99427159	12.90787748
7.46666667	-17.37138827	27.47985005	25.11920470	-18.06522857	-23.16624077	5.98184103	12.86949922
7.47500000	-17.41878171	27.61867583	25.44414749	-18.10653867	-23.55840396	5.99586134	12.19709637
7.48333333	-17.26196827	27.52764919	25.63128976	-18.18853444	-24.17074123	5.95236735	12.19608608
7.49166667	-17.16842877	27.50762726	25.90339873	-18.26772821	-24.82543465	5.93890465	12.18453144
7.50000000	-17.01565825	27.35125144	26.08156302	-18.23759558	-25.40677002	5.91864869	12.06553239
7.50833333	-16.85335803	27.23810404	26.25439315	-18.27548774	-26.00675592	5.89403986	11.98134735
7.51666667	-16.65147441	27.07798382	26.41003657	-18.23404620	-26.63258456	5.94484275	11.88826815
7.52500000	-16.57432169	27.16577282	26.61654271	-18.39246716	-26.97853881	5.88289600	11.04915532
7.53333333	-16.42779102	27.07945824	26.80052394	-18.46056477	-27.55070758	5.82234812	11.04612773
7.54166667	-16.30030995	26.96886111	27.00658114	-18.46508968	-28.12314404	5.79710486	11.08585376
7.55000000	-16.18969480	26.87328492	27.19891595	-18.46975444	-28.63456889	5.78088388	11.15623758
7.55833333	-16.08193409	26.79355663	27.39754884	-18.49055727	-29.13266807	5.76499161	11.27379647
7.56666667	-15.99486323	26.72957781	27.58932726	-18.50855358	-29.56177474	5.75432250	11.46963503
7.57500000	-15.92114296	26.70657233	27.75692850	-18.55299747	-29.91399017	5.73863944	11.75818754
7.58333333	-15.86175073	26.69959090	27.90440734	-18.60176276	-30.18227518	5.72931773	12.15778890
7.59166667	-15.88408443	26.82669627	28.09629500	-18.70578803	-30.35820039	5.71994281	12.80806961
7.60000000	-15.82857505	26.74228351	28.13990956	-18.65485039	-30.43259696	5.75904030	13.40880320
7.60833333	-15.81254711	26.80833057	28.20081967	-18.79133541	-30.43067308	5.72172585	13.85716757
7.61666667	-15.91184453	26.95709062	28.36978115	-18.85447600	-30.40595329	5.73844939	14.99759199
7.62500000	-15.87436682	26.93072875	28.37877230	-18.86852670	-30.32036501	5.73420011	15.62481829
7.63333333	-15.88630108	27.00553161	28.34999401	-18.95858406	-30.06893887	5.73016905	15.81152846
7.64166667	-15.98053687	27.14290299	28.41139502	-19.00020660	-29.76829615	5.73632486	16.59184201
7.65000000	-15.99303896	27.12230211	28.26355557	-19.00504248	-29.33714179	5.76901272	17.00449750
7.65833333	-16.10320379	27.31298496	28.28344977	-19.12293702	-28.90411773	5.73372885	17.34683522
7.66666667	-16.11790569	27.30740753	28.11020053	-19.17520717	-28.36267538	5.77251814	17.49131890
7.67500000	-16.20510606	27.38725277	28.06336424	-19.21158417	-27.87253244	5.77420420	17.55030590
7.68333333	-16.26881666	27.49131014	27.86634700	-19.26606841	-27.17504789	5.75824671	17.53292314
7.69166667	-16.34720494	27.59448650	27.69398827	-19.31676469	-26.45405487	5.76222799	17.35402346
7.70000000	-16.43233884	27.70415218	27.53878471	-19.40939680	-25.77370486	5.78524050	17.14894288
7.70833333	-16.42345604	27.68856802	27.30465677	-19.41677866	-25.13160585	5.78861432	16.60600378
7.71666667	-16.60720030	27.90131179	27.15640289	-19.51417020	-24.34942270	5.77648673	16.17925987
7.72500000	-16.68075515	27.89365653	26.98676315	-19.45650742	-23.73449971	5.79226887	15.34292967
7.73333333	-16.72554083	27.85370894	26.76543871	-19.41165437	-23.23588642	5.82380481	14.77382141
7.74166667	-16.82374528	27.96150495	26.59804690	-19.49943196	-22.78846055	5.83588223	14.57435092
7.75000000	-16.85578175	27.90853209	26.46615880	-19.44298507	-22.68557920	5.81291497	14.05300301
7.75833333	-16.88340857	27.92117929	26.44711868	-19.43730320	-22.68676262	5.81370609	14.05115206
7.76666667	-17.03648593	27.90792457	26.30649126	-19.29858417	-22.32852748	5.84589838	13.95812159
7.77500000	-17.06807909	27.92040737	26.28553272	-19.29243421	-22.33561998	5.84543128	13.95744340
7.78333333	-17.18554590	27.88693207	26.15851758	-19.10232251	-21.98823568	5.80119651	13.93997163
7.79166667	-17.11373132	27.64593190	25.93762477	-18.93068606	-21.93244360	5.62717617	14.30379468
7.80000000	-17.20846939	27.63447375	25.84667998	-18.74448231	-21.59775194	5.57654502	14.21002004
7.80833333	-17.27608172	27.65916010	25.83630990	-18.70370722	-21.41790654	5.55561150	14.19429750
7.81666667	-17.27179824	27.45121169	25.51779133	-18.36174322	-20.79331622	5.28652110	13.81829353
7.82500000	-17.20898774	27.15975512	25.20688687	-18.05206413	-20.36285590	5.16119095	13.71600214
7.83333333	-17.21832987	27.04967792	25.04368757	-17.84546620	-20.01159432	5.07488228	13.52518247
7.84166667	-17.30802904	26.96866112	24.92285444	-17.58404176	-19.62778207	5.05751580	13.49111633
7.85000000	-17.12647138	26.64023603	24.54930006	-17.39642411	-19.30561453	4.97007257	13.24885115
7.85833333	-17.24369669	26.57811419	24.51341880	-17.10629705	-19.02459555	4.93671766	13.17858311
7.86666667	-17.32821760	26.44981527	24.47271897	-16.83408275	-18.76384666	4.79254999	13.04001186
7.87500000	-17.48571419	26.48563664	24.62761434	-16.64404870	-18.74418329	4.71787902	12.94576174
7.88333333	-17.57658757	26.40210910	24.58782184	-16.37625339	-18.52076103	4.70587451	12.95051878
7.89166667	-17.65032291	26.40186569	24.61000376	-16.28278642	-18.43043491	4.69378104	12.94680625
7.90000000	-17.75458158	26.29223950	24.58814826	-15.94336880	-18.20067956	4.57349113	12.86205499
7.90833333	-17.81987730	26.21932846	24.59034478	-15.78395500	-18.15224367	4.41323945	12.78140909
7.91666667	-17.85115782	26.21644232	24.58581836	-15.77642716	-18.14683949	4.41586403	12.78378864
7.92500000	-18.01377036	26.17870873	24.58139929	-15.43462559	-17.78678267	4.42240704	12.78553421
7.93333333	-18.03704240	26.18044871	24.57616548	-15.42892733	-17.78478298	4.42374822	12.78728413
7.94166667	-18.16615911	26.17328388	24.54295649	-15.18301877	-17.50304817	4.40516244	12.83843203
7.95000000	-18.19188290	26.17551218	24.53707587	-15.17753455	-17.50300501	4.40499421	12.83812959
7.95833333	-18.28373594	26.34557359	24.51610593	-15.24641378	-17.33365924	4.49766697	12.88529136
7.96666667	-18.30429962	26.34465067	24.51369946	-15.24116521	-17.33323661	4.49757697	12.88570497
7.97500000	-18.36060130	26.35532912	24.53160571	-15.14068579	-17.27314618	4.49121157	12.89480822
7.98333333	-18.38478836	26.34910199	24.53048688	-15.13305233	-17.26931886	4.48903451	12.89490776
7.99166667	-18.45184020	26.33425542	24.55127932	-14.94121944	-17.19019948	4.45525300	12.90157413
8.00000000	-18.47193546	26.32369993	24.54962862	-14.94086911	-17.19009440	4.45068609	12.90111692
8.00833333	-18.44805509	26.21014674	24.45178552	-14.72938150	-17.09683990	4.10723985	12.91593178
8.01666667	-18.46385495	26.20271114	24.45238726	-14.72804309	-17.09908106	4.10883270	12.91521539
8.02500000	-18.47134897	26.19331535	24.46139526	-14.67904970	-17.10915948	4.11504491	12.91508697
8.03333333	-18.50842850	26.19435549	24.47911363	-14.57839233	-17.10977428	4.11175291	12.91845091
8.04166667	-18.52830886	26.18771454	24.47720552	-14.57848038	-17.11006800	4.11043889	12.91860987
8.05000000	-18.47849877	26.16745766	24.33002511	-14.47825419	-16.92576088	3.89952535	12.89564633
8.05833333	-18.49801214	26.16479828	24.32648928	-14.47703021	-16.92575293	3.90159884	12.89411993
8.06666667	-18.51119481	26.16969062	24.32822326	-14.45562865	-16.89825844	3.90967148	12.88835356
8.07500000	-18.53320085	26.18324742	24.32822103	-14.43159786	-16.86392754	3.91535814	12.88203973
8.08333333	-18.55054003	26.18883911	24.32379388	-14.42455288	-16.85735064	3.91606380	12.88025312
8.09166667	-18.57419699	26.20509155	24.32857494	-14.39093099	-16.79590440	3.91628481	12.87529685
8.10000000	-18.63365359	26.39271000	24.20000991	-14.44415402	-16.37610871	3.78138194	12.70890994
8.10833333	-18.60847969	26.32619965	24.14712374	-14.34764629	-16.34755149	3.83975166	12.66662514
8.11666667	-18.72304117	26.58442932	24.25171538	-14.48964136	-16.26743852	3.75519138	12.61051932
8.12500000	-18.73394919	26.57501168	24.25781405	-14.47086415	-16.25539315	3.75893185	12.61009898
8.13333333	-18.74893512	26.56636015	24.26173667	-14.42806951	-16.23327748	3.76272334	12.60697322
8.14166667	-18.80445377	26.57364563	24.26248760	-14.28921374	-16.13978234	3.75569510	12.59064928
8.15000000	-18.77359905	26.50414694	24.18752736	-14.26621777	-16.05233445	3.72953679	12.57400596
8.15833333	-18.78114836	26.50527203	24.19067653	-14.26336992	-16.04737085	3.72959531	12.57264584
8.16666667	-18.79561247	26.50861081	24.18886206	-14.24961082	-16.03430429	3.72863545	12.57068075
8.17500000	-18.81012256	26.50703720	24.18620987	-14.24746897	-16.03325540	3.72834317	12.57025888
8.18333333	-18.98106129	26.76572977	24.34471339	-14.30309469	-15.91406137	3.72937233	12.47393063
8.19166667	-18.99320381	26.76109084	24.34289906	-14.30213786	-15.91440823	3.72866373	12.47396511
8.20000000	-18.99610795	26.75205112	24.34246579	-14.28790217	-15.90491739	3.72555989	12.47552040
8.20833333	-18.97692528	26.64707310	24.26625990	-14.14062321	-15.82898157	3.69177631	12.52925798
8.21666667	-18.98860858	26.64303939	24.26356908	-14.14421118	-15.83007336	3.69118212	12.52936327
8.22500000	-18.98403373	26.63193402	24.25598563	-14.14891557	-15.82908657	3.68820938	12.53149636
8.23333333	-18.99659593	26.62542732	24.25225829	-14.15058536	-15.83255315	3.68766618	12.53180289
8.24166667	-19.06296469	26.75116529	24.32947151	-14.12839486	-15.78554077	3.67754754	12.57667209
8.25000000	-19.07609712	26.74136998	24.32532867	-14.13601852	-15.78980476	3.67748439	12.57634702
8.25833333	-19.12716971	26.87524264	24.42731664	-14.26254663	-15.88669496	3.65892245	12.56040067
8.26666667	-19.13768728	26.86633909	24.42548412	-14.26084597	-15.89037798	3.66016076	12.56021974
8.27500000	-19.12833109	26.83847633	24.42121244	-14.23864397	-15.91394169	3.66626180	12.56051746
8.28333333	-19.05953977	26.62072028	24.37438613	-14.07656521	-16.04559322	3.71650745	12.63579952
8.29166667	-19.07149454	26.61291308	24.37426067	-14.07926961	-16.04932661	3.71653955	12.63564786
8.30000000	-19.06715756	26.60629688	24.37205665	-14.07063629	-16.07519614	3.71803501	12.63652714
8.30833333	-19.07726964	26.59888785	24.37282489	-14.07311453	-16.08155459	3.71796334	12.63715564
8.31666667	-19.07940365	26.59107194	24.37368516	-14.06405116	-16.11430163	3.71907911	12.64163246
8.32500000	-19.08824045	26.58075756	24.37929719	-14.06116786	-16.13637412	3.71971914	12.64700998
8.33333333	-19.08730848	26.58082964	24.38098717	-14.06087459	-16.13672025	3.71974910	12.64723796
8.34166667	-19.10282064	26.57256373	24.38530038	-14.05003854	-16.17083007	3.72206723	12.65577367
8.35000000	-19.19904358	26.70668724	24.55980652	-14.05712218	-16.30710605	3.74988983	12.89580235
8.35833333	-19.20868519	26.70398884	24.56180284	-14.05885429	-16.31528109	3.74901070	12.89258925
8.36666667	-19.17759292	26.55508367	24.51551460	-13.94643844	-16.35435089	3.79385856	12.96289734
8.37500000	-19.17847316	26.55479954	24.51615066	-13.94742277	-16.35431594	3.79365034	12.96282877
8.38333333	-19.19921149	26.56169887	24.50879901	-13.96260857	-16.35871243	3.78991394	12.96183713
8.39166667	-19.19999934	26.56210442	24.50882703	-13.96316138	-16.35881819	3.78978717	12.96182359
8.40000000	-19.21866395	26.57271845	24.50578904	-13.98822034	-16.36047713	3.78530592	12.96278816
8.40833333	-19.21832461	26.57355440	24.50607080	-13.98862052	-16.36057813	3.78524044	12.96274909
8.41666667	-19.22027163	26.57368644	24.50564382	-13.98965700	-16.36120709	3.78511887	12.96264391
8.42500000	-19.30692724	26.68904655	24.59878656	-14.08682618	-16.37654900	3.81695419	12.97776096
8.43333333	-19.30769521	26.68958421	24.59884983	-14.08686927	-16.37683250	3.81686448	12.97767922
8.44166667	-19.31834151	26.68833749	24.59696797	-14.09020876	-16.37910451	3.81610803	12.97710680
8.45000000	-19.31823393	26.68888405	24.59763779	-14.09036881	-16.37895477	3.81602773	12.97709085
8.45833333	-19.36265780	26.79171374	24.69429496	-14.14071162	-16.36173224	3.82815871	12.96062998
8.46666667	-19.36295234	26.79263807	24.69406867	-14.14048705	-16.36188318	3.82799928	12.96061981
8.47500000	-19.36799838	26.78587663	24.69641660	-14.15165727	-16.35824524	3.82557382	12.96096340
8.48333333	-19.37061995	26.78676168	24.69504457	-14.15185418	-16.35940403	3.82548524	12.96088356