0.00000000	-15.63788054	22.89344882	22.92582882	-14.10122122	-14.76351248	3.95784695	7.49731907
0.00833333	-15.63047152	22.89298705	22.93429304	-14.12200587	-14.79210059	3.95185118	7.47792180
0.01666667	-15.71142216	22.97196403	23.03126764	-14.17884647	-14.81350833	3.93084835	7.47841322
0.02500000	-15.70561491	22.96372727	23.03155637	-14.16360716	-14.83783838	3.92288243	7.47989989
0.03333333	-15.75458275	23.02150982	23.05102095	-14.17908637	-14.83021485	3.95529878	7.49100179
0.04166667	-15.68112965	22.97413362	23.01030298	-14.20141079	-14.88702109	3.93209530	7.49294695
0.05000000	-15.68534461	22.96246520	23.03619876	-14.20173083	-14.91158812	3.95290695	7.51469183
0.05833333	-15.71626513	23.04781017	23.12008806	-14.26550723	-14.99193228	4.01093233	7.52696229
0.06666667	-15.62106705	22.92019756	22.95329774	-14.23656237	-14.93365590	3.96716635	7.50511515
0.07500000	-15.68622759	22.89940790	23.03810786	-14.16173856	-14.95637823	4.00593581	7.52685180
0.08333333	-15.74746411	22.83101381	23.11520094	-14.04591978	-14.96980923	4.04718110	7.55440533
0.09166667	-15.79782021	22.88514931	23.25398954	-14.06625044	-15.05317414	4.01635530	7.55804429
0.10000000	-15.83422550	22.95199822	23.30188805	-14.11565384	-15.07441331	4.06485256	7.59109123
0.10833333	-15.80051916	22.90757817	23.25329212	-14.11885329	-15.06718153	4.06316879	7.56229770
0.11666667	-15.83355556	22.95401573	23.28364079	-14.15069715	-15.07577451	4.08102157	7.60054391
0.12500000	-15.84271487	22.99094110	23.29886374	-14.20608708	-15.10175247	4.07638705	7.60093545
0.13333333	-15.81032249	22.94984997	23.26037594	-14.21495069	-15.10548087	4.07841228	7.59550191
0.14166667	-15.86641834	23.04978142	23.36425501	-14.28666802	-15.19044066	4.14511837	7.61587187
0.15000000	-15.87891033	23.00258491	23.32067318	-14.21884740	-15.10116030	4.12887318	7.62712278
0.15833333	-15.75038347	22.81486643	23.15255314	-14.12511585	-15.07375101	4.01303089	7.61584665
0.16666667	-15.79775676	22.85927725	23.20821709	-14.13319459	-15.08582687	4.05863880	7.62789436
0.17500000	-15.84772605	22.93848877	23.28644837	-14.16957222	-15.13505622	4.12044116	7.65206741
0.18333333	-15.85117009	22.92153760	23.26348519	-14.15042898	-15.10291610	4.06416285	7.64542708
0.19166667	-15.80316868	22.86776965	23.18546419	-14.14417503	-15.07644833	4.03287991	7.65767908
0.20000000	-15.85394598	22.92302594	23.24744093	-14.16265446	-15.08751572	4.09237757	7.67759052
0.20833333	-15.86348618	22.92467605	23.24940944	-14.14362528	-15.08799940	4.06310465	7.66516107
0.21666667	-15.93848258	23.02023652	23.31006408	-14.17964871	-15.09297182	4.11540912	7.70102070
0.22500000	-16.00269025	23.07952830	23.39918209	-14.13234480	-15.17093339	4.03142847	7.73319190
0.23333333	-16.04924827	23.16484508	23.49024937	-14.18171906	-15.24351738	4.08870430	7.74700045
0.24166667	-16.06738639	23.12982697	23.45806883	-14.11457318	-15.16381675	4.04786150	7.73962342
0.25000000	-16.11647210	23.18792464	23.51377110	-14.13482418	-15.16517109	4.09427666	7.76002882
0.25833333	-16.14113918	23.20712382	23.55834481	-14.13407101	-15.16921419	4.12786840	7.76719932
0.26666667	-16.13222140	23.17575727	23.53854946	-14.11038853	-15.14720859	4.10951801	7.74865667
0.27500000	-16.06192681	23.10939829	23.44424590	-14.11935049	-15.13601468	4.07258072	7.70550109
0.28333333	-16.11726741	23.18351122	23.52086851	-14.15064053	-15.15481657	4.13289934	7.73618527
0.29166667	-15.87861010	22.86776190	23.19196928	-14.06724389	-15.04625620	4.08732009	7.66268699
0.30000000	-15.93596552	22.97782308	23.30039630	-14.13975555	-15.13130557	4.14253415	7.68596267
0.30833333	-15.96668845	22.99495343	23.30046589	-14.12697051	-15.08432310	4.07270990	7.68846226
0.31666667	-16.01138519	23.05933117	23.36087463	-14.15752600	-15.10425646	4.12692371	7.70856135
0.32500000	-16.01571236	23.04646607	23.36465912	-14.13396389	-15.09760454	4.07783106	7.69860633
0.33333333	-16.02930372	23.07099356	23.37772883	-14.15286466	-15.10119161	4.11134853	7.71705060
0.34166667	-15.95118027	22.96025800	23.29068134	-14.10122278	-15.10663306	4.04700357	7.71983110
0.35000000	-15.97431237	22.97469005	23.32211386	-14.08784251	-15.11344486	4.06463389	7.72690405
0.35833333	-15.97805213	23.00199370	23.31999017	-14.11972759	-15.11386507	4.05498249	7.72663947
0.36666667	-15.99785378	23.01336567	23.34607462	-14.10369036	-15.11984785	4.08034002	7.72807145
0.37500000	-16.00100923	23.02236146	23.34613299	-14.11359583	-15.12311040	4.07310596	7.73716206
0.38333333	-16.04622346	23.09667959	23.42223717	-14.14388688	-15.16814292	4.13542189	7.75206245
0.39166667	-16.04354355	23.06092617	23.39043124	-14.10771349	-15.11546985	4.09545093	7.74797287
0.40000000	-16.08462056	23.13066022	23.45177072	-14.15342673	-15.14149973	4.14176617	7.77286988
0.40833333	-16.10108502	23.13163115	23.45267432	-14.12778544	-15.11595751	4.13234904	7.77828834
0.41666667	-16.08162092	23.09872494	23.42743941	-14.10500661	-15.11344430	4.07840122	7.75335010
0.42500000	-16.09719698	23.13719463	23.44851780	-14.13898969	-15.11547992	4.10005874	7.76275524
0.43333333	-16.13406793	23.16849581	23.48529376	-14.14064599	-15.11240000	4.12503125	7.77286860
0.44166667	-16.16037012	23.23089276	23.55378437	-14.17736425	-15.17278325	4.15819820	7.77492720
0.45000000	-16.01413563	23.00337348	23.33037216	-14.05624026	-15.06377381	4.05172432	7.66585676
0.45833333	-16.06218578	23.08564373	23.40973745	-14.09958180	-15.11449178	4.09766505	7.68996050
0.46666667	-15.97995993	22.95710753	23.28637703	-14.03033867	-15.05618965	3.96619429	7.69267218
0.47500000	-16.02906056	23.03145857	23.36852916	-14.07347307	-15.10052167	4.04251530	7.72028111
0.48333333	-16.06692203	23.07258390	23.40877990	-14.07801541	-15.09890068	4.07553655	7.74064674
0.49166667	-16.05171014	23.05756930	23.39423730	-14.06274441	-15.10494161	4.03261261	7.71046224
0.50000000	-16.14132297	23.17789141	23.50301576	-14.11632281	-15.12519184	4.12849903	7.75656784
0.50833333	-16.11878755	23.14793533	23.47176836	-14.09021723	-15.11998870	4.08931706	7.71129951
0.51666667	-16.11887112	23.12161925	23.45041045	-14.06541416	-15.08819673	4.07565378	7.69205090
0.52500000	-16.15575282	23.20638653	23.50921256	-14.12835335	-15.12198016	4.13396571	7.72482631
0.53333333	-16.03404908	23.03633843	23.34749465	-14.06056011	-15.07916927	4.05877900	7.71021310
0.54166667	-16.05797414	23.06232984	23.37706506	-14.07484462	-15.06631883	4.08483233	7.72553402
0.55000000	-16.07853351	23.08915488	23.39800956	-14.06959327	-15.06836231	4.08381536	7.72409710
0.55833333	-16.07187660	23.08612341	23.39021405	-14.08727324	-15.06891486	4.06063234	7.70007155
0.56666667	-16.10894083	23.15756729	23.45610335	-14.12234801	-15.11733282	4.11798035	7.71051382
0.57500000	-16.14984789	23.18565654	23.48810172	-14.10881895	-15.08432763	4.12249128	7.71038550
0.58333333	-16.09317871	23.12238484	23.40984935	-14.09363001	-15.05907036	4.08106771	7.67597553
0.59166667	-16.10343495	23.12600727	23.43298018	-14.08189075	-15.06781195	4.09265301	7.67544111
0.60000000	-16.10759670	23.12854226	23.43577969	-14.06879188	-15.06215052	4.10461493	7.68542542
0.60833333	-16.06512267	23.08091158	23.38196398	-14.06472763	-15.04620111	4.10831500	7.67829775
0.61666667	-16.08178113	23.09971774	23.39892108	-14.06485477	-15.04899019	4.12530107	7.68269672
0.62500000	-16.11594185	23.17615189	23.47181820	-14.12082486	-15.10834062	4.17987408	7.69571337
0.63333333	-16.01401958	23.01252858	23.32501241	-14.04734980	-15.03962725	4.08500783	7.67657812
0.64166667	-16.05387656	23.10371248	23.41679222	-14.12014116	-15.11510200	4.13535550	7.68247387
0.65000000	-16.07256962	23.09180037	23.38193580	-14.09323416	-15.02982127	4.12423784	7.69632951
0.65833333	-16.05232083	23.08331321	23.36348067	-14.10699867	-15.03627563	4.06269359	7.66040875
0.66666667	-16.08811923	23.12412691	23.40170395	-14.11896332	-15.03189351	4.10564283	7.67566910
0.67500000	-16.10491224	23.13587922	23.41144954	-14.10005868	-15.01576296	4.11979271	7.67200084
0.68333333	-16.10173573	23.13874428	23.40826477	-14.10236465	-15.01854195	4.10218067	7.64695368
0.69166667	-16.11850411	23.15872378	23.41785139	-14.09749893	-15.00360688	4.14089745	7.65611151
0.70000000	-16.06903890	23.08228940	23.35166003	-14.05017286	-14.97451483	4.11169036	7.61639536
0.70833333	-16.11431383	23.15884833	23.41796293	-14.08787664	-15.00006814	4.16432272	7.64282197
0.71666667	-16.12183696	23.14969686	23.41012461	-14.06495025	-14.96192933	4.14790333	7.63636767
0.72500000	-16.15495311	23.20365329	23.45910623	-14.10332206	-14.97708218	4.17494092	7.64564691
0.73333333	-16.14345169	23.17814307	23.42274101	-14.08003001	-14.93732218	4.10279771	7.60484932
0.74166667	-16.20179262	23.29844646	23.52062083	-14.16691989	-15.01146252	4.17483932	7.62951554
0.75000000	-16.14417623	23.18712751	23.37225805	-14.10442551	-14.87531444	4.09281764	7.58110955
0.75833333	-16.18227198	23.27284716	23.45964627	-14.15015137	-14.94095651	4.15723517	7.58970716
0.76666667	-16.25975664	23.32573177	23.51764969	-14.14010081	-14.89047021	4.22334229	7.63582578
0.77500000	-16.26128731	23.33003849	23.50238089	-14.13311009	-14.86094276	4.21257346	7.62787123
0.78333333	-16.33247436	23.42393598	23.58447280	-14.16536157	-14.87485600	4.27693142	7.65923592
0.79166667	-16.03139626	23.03805461	23.20411187	-14.06475598	-14.79130322	4.14843076	7.54846314
0.80000000	-16.07263561	23.10995218	23.26919866	-14.10342880	-14.82191525	4.20181736	7.56524506
0.80833333	-16.08547456	23.11293172	23.26414177	-14.10504281	-14.78814311	4.20044897	7.57019326
0.81666667	-16.08976933	23.12746535	23.26722920	-14.11691882	-14.78428319	4.16742400	7.55564178
0.82500000	-16.11551290	23.17882183	23.31356356	-14.16304744	-14.80405941	4.20891540	7.57602731
0.83333333	-16.08137566	23.13150518	23.27044798	-14.14205595	-14.79411027	4.15523748	7.55952509
0.84166667	-16.07292548	23.12058052	23.26445308	-14.13676863	-14.79759953	4.15900681	7.55399453
0.85000000	-16.08982398	23.14912214	23.29501883	-14.16314722	-14.80696614	4.18857963	7.57476345
0.85833333	-16.14960567	23.25099019	23.39573242	-14.20939257	-14.87370581	4.25643289	7.60476730
0.86666667	-16.14993645	23.21155164	23.36459572	-14.16876425	-14.81455316	4.20024522	7.58380714
0.87500000	-15.67757337	22.61477517	22.78696896	-13.97054259	-14.75922603	3.99315967	7.59872069
0.88333333	-15.78474786	22.72870730	22.92054896	-14.00150644	-14.77069776	4.05364431	7.60955776
0.89166667	-15.83189332	22.84393688	22.99590447	-14.08171072	-14.80828413	4.10751764	7.63248504
0.90000000	-15.91229114	22.89533333	23.06419866	-14.06884743	-14.77969396	4.14725948	7.64949093
0.90833333	-15.95064267	22.93946583	23.10582842	-14.08080497	-14.75523284	4.14748584	7.63240651
0.91666667	-16.02903870	23.05841487	23.21826296	-14.12356168	-14.77153851	4.08410476	7.51954797
0.92500000	-16.05016833	23.10283719	23.22919129	-14.14599517	-14.76054372	4.11168663	7.53173539
0.93333333	-16.10293742	23.15155904	23.28216439	-14.15986714	-14.75408971	4.16454279	7.55602380
0.94166667	-16.10899928	23.15313327	23.28544176	-14.14742013	-14.74858099	4.13555168	7.53663992
0.95000000	-16.04897337	23.08197791	23.21401559	-14.13789078	-14.73580525	4.10212048	7.51346984
0.95833333	-16.09571188	23.13335271	23.25807571	-14.15328040	-14.72827983	4.10097098	7.53993644
0.96666667	-16.12358854	23.17769555	23.29896812	-14.17704223	-14.73298181	4.14360657	7.55422132
0.97500000	-16.14641515	23.19154646	23.30075698	-14.15804710	-14.70195396	4.17005497	7.56401691
0.98333333	-16.02227281	23.03471815	23.16624110	-14.11928400	-14.71397226	4.11506778	7.56588420
0.99166667	-16.06850418	23.09091410	23.21808860	-14.13260508	-14.71677936	4.18597623	7.58135497
1.00000000	-16.06929268	23.08337547	23.20788691	-14.11822080	-14.68671942	4.17714049	7.55122171
1.00833333	-16.09003510	23.10681018	23.21696438	-14.12506072	-14.67090683	4.19162173	7.54214830
1.01666667	-16.10640183	23.11828565	23.21330629	-14.13476782	-14.63965155	4.20936375	7.54730389
1.02500000	-16.07996136	23.09857473	23.18012870	-14.14290947	-14.63925746	4.17497679	7.51987335
1.03333333	-16.12190242	23.14757756	23.22195907	-14.15422228	-14.63564381	4.22155321	7.53703964
1.04166667	-16.14112250	23.15864130	23.22927065	-14.14760151	-14.61022574	4.23119363	7.54076251
1.05000000	-16.07182269	23.07249015	23.14219490	-14.12716818	-14.60061957	4.16925123	7.49563680
1.05833333	-16.09858877	23.09995199	23.16489081	-14.13242768	-14.59380869	4.20827405	7.51331658
1.06666667	-15.92449418	22.86314479	22.95592648	-14.04203852	-14.57581873	4.11512613	7.53303528
1.07500000	-15.97200968	22.93075763	23.01304509	-14.07916049	-14.58178653	4.17382394	7.54877767
1.08333333	-16.02023117	23.01488961	23.10463964	-14.12403901	-14.64496633	4.22929867	7.55927793
1.09166667	-16.04600092	23.00595401	23.08912888	-14.08703218	-14.57201253	4.23302575	7.57151357
1.10000000	-16.04444602	23.01413646	23.11053986	-14.09875940	-14.61082626	4.19688176	7.54498225
1.10833333	-16.08347673	23.06631044	23.15680568	-14.13000764	-14.61751933	4.24041029	7.56782624
1.11666667	-16.10343212	23.08111835	23.17865000	-14.12987887	-14.61806018	4.23197862	7.56654994
1.12500000	-16.04757754	22.99821516	23.10625722	-14.08750871	-14.62376653	4.20500808	7.53827241
1.13333333	-16.08109715	23.04140657	23.14576055	-14.11607444	-14.62986771	4.23260548	7.56253077
1.14166667	-16.10402848	23.06281482	23.16342428	-14.10914648	-14.62060510	4.24986520	7.57174019
1.15000000	-16.12149370	23.08063047	23.17484092	-14.11390655	-14.61364736	4.26887032	7.57402944
1.15833333	-16.13971737	23.09217651	23.18687494	-14.10569815	-14.60746295	4.28783705	7.57271464
1.16666667	-16.16368500	23.13560978	23.22583893	-14.13365254	-14.63721315	4.31613679	7.57544766
1.17500000	-16.08722572	23.04189096	23.11909048	-14.11732248	-14.60696755	4.24549208	7.52726456
1.18333333	-16.11668896	23.06406748	23.14301227	-14.11802629	-14.59042768	4.29026534	7.54296476
1.19166667	-16.13138161	23.07655268	23.15790286	-14.11802877	-14.58832367	4.29711120	7.54940566
1.20000000	-16.08109459	23.02104952	23.10968955	-14.11073889	-14.60259716	4.25148195	7.53172312
1.20833333	-16.11159844	23.04666885	23.14550863	-14.11135048	-14.60112645	4.30399741	7.55264222
1.21666667	-15.94148863	22.83090584	22.92858481	-14.05991352	-14.56181377	4.28181291	7.52601661
1.22500000	-15.98929534	22.90006465	22.98750457	-14.10801881	-14.56514894	4.33897230	7.55383945
1.23333333	-16.03906129	22.97819534	23.06273663	-14.12548548	-14.61830144	4.38946937	7.56945322
1.24166667	-16.05337822	22.97960596	23.05443134	-14.12379261	-14.57912329	4.35799736	7.56711735
1.25000000	-16.04406266	22.97999167	23.05359051	-14.14928161	-14.59621939	4.33152557	7.53956763
1.25833333	-16.07680255	23.02146909	23.07924138	-14.17053091	-14.57788545	4.36462899	7.56072277
1.26666667	-16.09274155	23.03753637	23.08143555	-14.17247782	-14.56339423	4.34347024	7.55314565
1.27500000	-16.10853870	23.06595556	23.08673316	-14.19337087	-14.54660134	4.35251395	7.55486014
1.28333333	-16.11311264	23.07403415	23.05765403	-14.20269176	-14.50798357	4.33590447	7.53729549
1.29166667	-16.15879859	23.13976008	23.08401423	-14.24079426	-14.47710965	4.39700504	7.56987875
1.30000000	-16.10370524	23.07548603	22.97950290	-14.22882125	-14.41162317	4.37573180	7.52605990
1.30833333	-16.15980780	23.14684418	23.01248953	-14.23498830	-14.37837574	4.43437147	7.53829880
1.31666667	-15.98305124	22.91472021	22.72675874	-14.18643530	-14.26317763	4.39315532	7.55919888
1.32500000	-16.05974225	23.01216534	22.76783388	-14.22700702	-14.19134994	4.45532239	7.56662238
1.33333333	-16.11770087	23.07545659	22.75994802	-14.24441044	-14.08312174	4.47380577	7.54614562
1.34166667	-16.16239578	23.13396145	22.74889900	-14.26854411	-13.99681231	4.45829143	7.48663830
1.35000000	-16.18292679	23.16841940	22.69894967	-14.29496015	-13.89283299	4.42442275	7.41905238
1.35833333	-16.24986301	23.25149240	22.68879280	-14.34048329	-13.76471529	4.46953722	7.44464101
1.36666667	-16.15305708	23.11015374	22.49754225	-14.24615322	-13.69262722	4.36078705	7.47592032
1.37500000	-16.24206047	23.20581406	22.47768536	-14.25681587	-13.50365078	4.37936526	7.44287367
1.38333333	-16.23434935	23.22484272	22.30507245	-14.31852836	-13.25337753	4.39615089	7.30251852
1.39166667	-16.32305524	23.31894811	22.30573826	-14.33630524	-13.09807555	4.45441206	7.31913115
1.40000000	-16.31381980	23.30190382	22.14290815	-14.33361481	-12.88098337	4.40608160	7.19202287
1.40833333	-16.37390524	23.39059335	22.11560105	-14.38372892	-12.73517171	4.43609530	7.20997937
1.41666667	-16.15474692	23.11451586	21.76429219	-14.30613169	-12.65821722	4.34318783	7.25190280
1.42500000	-16.22150530	23.20324222	21.78507653	-14.34523710	-12.57798372	4.38610095	7.25914181
1.43333333	-16.27974046	23.27328024	21.76031300	-14.38158853	-12.44726508	4.41014962	7.23737324
1.44166667	-16.24709421	23.26291287	21.65825366	-14.42307087	-12.34509893	4.42074687	7.13134880
1.45000000	-16.29308634	23.33147379	21.67124989	-14.47657375	-12.29521063	4.47318029	7.14916855
1.45833333	-16.33978474	23.40488307	21.69037881	-14.50943814	-12.22635373	4.52019988	7.15479382
1.46666667	-16.36545868	23.42128902	21.63613933	-14.52700529	-12.11910549	4.54021839	7.10943077
1.47500000	-16.39834009	23.48075801	21.66601528	-14.57085743	-12.11948631	4.59346184	7.10762579
1.48333333	-16.33428911	23.39647276	21.52170061	-14.55822451	-12.03612151	4.61475201	7.01151835
1.49166667	-16.35512334	23.41969212	21.53186187	-14.57258497	-12.03209704	4.68154881	7.02847868
1.50000000	-16.38334834	23.44030919	21.52941782	-14.56005711	-12.00610885	4.73244691	7.03724335
1.50833333	-16.35525343	23.41034464	21.51315991	-14.57739671	-12.04109114	4.71512546	7.00404473
1.51666667	-16.38321277	23.44240280	21.55109252	-14.59211338	-12.07760614	4.74335034	7.03263899
1.52500000	-16.39626507	23.46792279	21.59228012	-14.62245188	-12.11611333	4.74807346	7.04674729
1.53333333	-16.41841747	23.49843015	21.62723251	-14.63532479	-12.14979427	4.76419686	7.06483300
1.54166667	-16.43547244	23.51436448	21.65197868	-14.63913145	-12.17951177	4.76838478	7.06677307
1.55000000	-16.46917555	23.56864475	21.72292890	-14.65570321	-12.24902032	4.80558068	7.08158209
1.55833333	-16.43076978	23.49729276	21.65979057	-14.59636465	-12.24509345	4.76152728	7.02759344
1.56666667	-16.48040554	23.56167873	21.72022176	-14.63217954	-12.28492902	4.82177858	7.06381050
1.57500000	-16.49685527	23.55029444	21.70294590	-14.60172072	-12.25824669	4.82699296	7.06259782
1.58333333	-16.45609841	23.48567420	21.68585042	-14.56301420	-12.31951281	4.77534992	7.01911325
1.59166667	-16.51464995	23.55531155	21.74344974	-14.59660469	-12.33908567	4.83032006	7.06845711
1.60000000	-16.31726052	23.23878215	21.48885401	-14.43221693	-12.34262860	4.70015689	7.12736180
1.60833333	-16.36966374	23.29972460	21.55805144	-14.45898913	-12.37080303	4.76243511	7.13270098
1.61666667	-16.41490140	23.35324412	21.60898008	-14.47476447	-12.38302357	4.78031915	7.13206173
1.62500000	-16.43225996	23.36801879	21.64044529	-14.48101156	-12.40305673	4.78974751	7.11936346
1.63333333	-16.46800183	23.41951868	21.68165223	-14.52295036	-12.41540771	4.81282107	7.12883884
1.64166667	-16.48288451	23.41693579	21.65728142	-14.50850295	-12.38635907	4.77191399	7.06950885
1.65000000	-16.53055071	23.49419153	21.69879189	-14.57413852	-12.41005684	4.82753250	7.09908992
1.65833333	-16.46868167	23.39177456	21.55951504	-14.53596608	-12.30717745	4.81262472	7.00213180
1.66666667	-16.54680121	23.47079605	21.59641256	-14.54160650	-12.30355791	4.86179295	7.02966294
1.67500000	-16.54965420	23.46676757	21.62013614	-14.53985930	-12.31690062	4.88171050	7.01916670
1.68333333	-16.49486933	23.39113128	21.55582637	-14.52498068	-12.30916616	4.86628810	6.97631990
1.69166667	-16.52899465	23.43797476	21.58919234	-14.55918499	-12.31594483	4.91819336	7.00305592
1.70000000	-16.56992906	23.50120417	21.64977682	-14.59309392	-12.36339087	4.96300065	7.01835714
1.70833333	-16.55175641	23.44451340	21.58728250	-14.55467831	-12.30410070	4.93533525	6.96797412
1.71666667	-16.53533480	23.44029399	21.54326446	-14.58362226	-12.29595064	4.95264035	6.94796631
1.72500000	-16.57581072	23.50443373	21.56162859	-14.63778128	-12.28340697	4.99910807	6.97512299
1.73333333	-16.31757919	23.16641124	21.17602570	-14.54050268	-12.17518712	4.94225873	6.92860161
1.74166667	-16.38004918	23.27314174	21.26980809	-14.61330083	-12.20929650	5.00511186	6.95392343
1.75000000	-16.44808440	23.38147481	21.31697782	-14.67166511	-12.21242695	5.03949122	6.98520339
1.75833333	-16.50052865	23.47094449	21.35149320	-14.72244635	-12.19696519	5.06982970	6.99365629
1.76666667	-16.53828555	23.55966388	21.41169625	-14.79310910	-12.24360722	5.10701723	6.99645897
1.77500000	-16.64302261	23.69011181	21.54313922	-14.79839956	-12.25384076	5.05955003	6.89603092
1.78333333	-16.67677245	23.75035665	21.57361965	-14.83651691	-12.25842329	5.07645919	6.90248103
1.79166667	-16.73390938	23.85651241	21.63551506	-14.90952546	-12.27465987	5.13032397	6.94252624
1.80000000	-16.77977638	23.91751355	21.65203144	-14.93657471	-12.23949449	5.15894871	6.95155245
1.80833333	-16.79381464	23.91806998	21.61933076	-14.90648821	-12.21204662	5.13360947	6.86942030
1.81666667	-16.85365961	23.99947414	21.65817657	-14.94162157	-12.19360056	5.17079581	6.90361470
1.82500000	-16.88770112	24.03160525	21.67205036	-14.91488472	-12.17138065	5.15556268	6.86960239
1.83333333	-16.94078572	24.10701144	21.72854441	-14.93335275	-12.17882445	5.19374465	6.89102297
1.84166667	-16.96103612	24.10042096	21.71019270	-14.88941800	-12.11841898	5.15175321	6.84759885
1.85000000	-17.00617540	24.16679729	21.77069397	-14.90465364	-12.13612747	5.17979928	6.86093762
1.85833333	-16.99955574	24.10637626	21.74352792	-14.82193654	-12.09939109	5.11997945	6.79353394
1.86666667	-17.03684965	24.16496813	21.78593927	-14.85650822	-12.10584929	5.15645276	6.82407173
1.87500000	-17.07693540	24.17612919	21.81709215	-14.83334517	-12.07929505	5.17870560	6.82767095
1.88333333	-16.82154789	23.82971452	21.45395035	-14.72629061	-12.02929338	5.15936010	6.82333113
1.89166667	-16.86732426	23.88791547	21.53848243	-14.75470179	-12.06509178	5.21562693	6.84961088
1.90000000	-16.90805705	23.90857512	21.55826024	-14.73788409	-12.04236204	5.26222759	6.85415442
1.90833333	-16.98638636	23.95788796	21.63782485	-14.71498999	-12.06815018	5.32389176	6.85030525
1.91666667	-17.03108221	24.02010407	21.68792454	-14.75369796	-12.07814949	5.39475156	6.89345419
1.92500000	-17.04756283	24.00626419	21.70922954	-14.72489653	-12.11021939	5.44707774	6.90777450
1.93333333	-17.08705975	24.05542452	21.76484142	-14.76275301	-12.15790376	5.52134857	6.95797411
1.94166667	-17.09837627	24.04020779	21.76401385	-14.75931599	-12.17566717	5.59063686	7.01217599
1.95000000	-16.97594545	23.86571033	21.64567497	-14.70660687	-12.30958863	5.55771763	7.12700676
1.95833333	-17.01880669	23.94978927	21.69800594	-14.80826099	-12.39389434	5.65485982	7.19251792
1.96666667	-17.01633389	23.96105978	21.70669073	-14.84854498	-12.49367020	5.73160369	7.26415364
1.97500000	-16.96433566	23.94009367	21.73376001	-14.91951117	-12.67349825	5.76923040	7.34181642
1.98333333	-16.87542221	23.84442286	21.67020177	-14.93653978	-12.80222541	5.76657851	7.39077975
1.99166667	-16.85197999	23.82983787	21.71711995	-14.98377733	-12.99599870	5.81412635	7.47898059
2.00000000	-16.82691739	23.80738198	21.74824992	-15.03187434	-13.20320954	5.85506354	7.57849888
2.00833333	-16.74009289	23.67130227	21.70438004	-14.96947672	-13.36422277	5.75510251	7.56509887
2.01666667	-16.70278718	23.63957067	21.81160981	-15.02553102	-13.69398605	5.82720630	7.71156573
2.02500000	-16.69026829	23.61402703	21.92767469	-15.03156541	-13.93534119	5.79089711	7.70322159
2.03333333	-16.65428772	23.58156206	22.05165513	-15.10204792	-14.29932905	5.89956515	7.82957641
2.04166667	-16.61432614	23.54714911	22.19025584	-15.16794956	-14.72556262	5.98902187	8.00263752
2.05000000	-16.58933744	23.61843466	22.34013589	-15.37996992	-15.11707670	6.05085491	8.00980353
2.05833333	-16.41237708	23.37951669	22.49005628	-15.31688090	-15.68516504	6.20576174	8.22763705
2.06666667	-16.20742439	23.16753208	22.45077271	-15.33599751	-15.94170888	6.07580827	8.06483593
2.07500000	-16.13236880	23.10980647	22.64200637	-15.41444749	-16.48276962	6.19237720	8.20449758
2.08333333	-16.04784881	23.04541439	22.82478160	-15.50263301	-17.06608551	6.30219603	8.35411705
2.09166667	-15.95150760	22.98353824	22.99872821	-15.60997431	-17.64869964	6.39133432	8.44513152
2.10000000	-16.02857648	23.13458736	23.35816100	-15.71494826	-18.14668326	6.26321774	8.22481648
2.10833333	-15.89775932	23.02594470	23.54162164	-15.83075594	-18.81467222	6.41402487	8.28694962
2.11666667	-15.72420601	22.90676104	23.75659743	-15.97075772	-19.57194251	6.54363830	8.35567486
2.12500000	-15.65359118	22.89332853	24.01706950	-16.09110245	-20.15836636	6.48542245	7.91193908
2.13333333	-15.51582662	22.81547420	24.31536698	-16.25243650	-21.03870391	6.63878074	7.90969382
2.14166667	-15.58281991	22.99716268	24.89040411	-16.42633470	-21.89427335	6.58645194	7.43228578
2.15000000	-15.40521903	22.87218246	25.28906917	-16.56405884	-22.96005054	6.72171008	7.31508947
2.15833333	-15.45048616	23.04095619	25.94393604	-16.75052980	-23.93837394	6.68236831	6.61202850
2.16666667	-15.18595583	22.87237199	26.47632433	-16.90513527	-25.11355035	6.74480147	5.97276962
2.17500000	-14.86866330	22.61499394	26.89335666	-17.05897429	-26.41052479	6.77008504	5.69662707
2.18333333	-14.58565724	22.37194420	27.35506322	-17.18851046	-27.76589908	6.86436417	5.36132149
2.19166667	-14.53554783	22.36465518	28.28508926	-17.24275502	-29.20372736	6.94658084	4.22342807
2.20000000	-14.61798303	22.66324646	29.27671487	-17.55691500	-30.58637335	6.88922649	3.01737714
2.20833333	-14.27020961	22.34790557	29.80940683	-17.68619848	-32.12123579	6.92382451	2.63179746
2.21666667	-13.84096745	22.00182392	30.49783440	-17.86779796	-33.81163500	7.18355213	1.72569141
2.22500000	-13.48766850	21.68895124	31.11925848	-17.96747355	-35.21728430	7.10436663	0.17149457
2.23333333	-13.08450385	21.33446956	31.74958490	-18.13173712	-36.87975584	7.27395866	-0.47432344
2.24166667	-12.71482721	20.96637273	32.36370550	-18.21340941	-38.46891458	7.31319369	-0.95854804
2.25000000	-12.37022979	20.62434560	33.05387202	-18.30363713	-40.01770095	7.51889166	-2.12949988
2.25833333	-12.02126608	20.33719736	33.67806971	-18.51102060	-41.50002695	7.59077317	-2.79548128
2.26666667	-11.70029943	19.98992758	34.28345249	-18.56296513	-42.89886417	7.61299788	-3.15507109
2.27500000	-11.38264984	19.68710234	34.87945685	-18.68694805	-44.19735268	7.70822325	-3.59108718
2.28333333	-10.98167314	19.55993889	35.36265454	-19.12799555	-45.42385275	7.98761237	-4.59123907
2.29166667	-10.69879112	19.29815497	35.83203181	-19.22382991	-46.41988840	7.97808060	-4.75965454
2.30000000	-10.37756035	19.02440458	36.19678142	-19.38536948	-47.17173078	8.00485058	-5.76535878
2.30833333	-10.15840095	18.79529797	36.63123547	-19.46778958	-47.87120515	8.02063066	-5.76381381
2.31666667	-9.94117200	18.71581619	37.10114016	-19.76846478	-48.54545925	8.20151178	-5.49645168
2.32500000	-9.76700863	18.55959557	37.52718332	-19.88189121	-49.01703052	8.25160254	-5.36868851
2.33333333	-9.66324489	18.59412136	37.89947349	-20.18565904	-49.29946590	8.47114747	-4.89257150
2.34166667	-9.53592048	18.46822713	38.24279683	-20.25918991	-49.41006032	8.48097686	-4.85291879
2.35000000	-9.53086060	18.61153202	38.71397077	-20.54097833	-49.58954387	8.55351780	-4.00299867
2.35833333	-9.44878122	18.56738009	38.98204766	-20.69469487	-49.43320043	8.68860261	-3.85095477
2.36666667	-9.35684895	18.46592274	39.25663919	-20.77038446	-49.21190778	8.70173164	-3.82517519
2.37500000	-9.29484284	18.40916642	39.51283911	-20.86939556	-48.84242888	8.74802328	-3.80038201
2.38333333	-9.22222468	18.46154127	39.57074839	-21.20023854	-48.16785465	9.03712442	-3.85620449
2.39166667	-9.17320529	18.41959491	39.71485929	-21.30326110	-47.51977270	9.10585038	-3.84944973
2.40000000	-8.90063384	18.07679804	39.59490732	-21.32630563	-46.91526702	9.07193899	-3.18134128
2.40833333	-8.84595919	18.04791872	39.64705328	-21.47902899	-46.03218731	9.18526739	-3.56018450
2.41666667	-8.64522515	17.76484988	39.49870387	-21.49879439	-45.09270218	9.13411826	-3.64418971
2.42500000	-8.64371182	17.75918657	39.54588531	-21.63899297	-44.04370372	9.28308081	-4.24924568
2.43333333	-8.62965565	17.72792987	39.53506815	-21.78320240	-42.89941522	9.43172054	-4.93592302
2.44166667	-8.59472344	17.69138700	39.46668755	-21.95397746	-41.70723331	9.57237319	-5.72432610
2.45000000	-8.55549971	17.65181575	39.35368463	-22.15083912	-40.42213169	9.71252775	-6.63192478
2.45833333	-8.51517804	17.65826943	39.21633164	-22.40618429	-39.10994124	9.86613906	-7.44216134
2.46666667	-8.42382220	17.58303048	38.99834819	-22.63216774	-37.74621590	10.07915817	-8.90620822
2.47500000	-8.27946400	17.50103517	38.67688801	-22.93258396	-36.35046682	10.25728877	-10.17704513
2.48333333	-7.75556771	16.89331588	37.86927637	-23.03641932	-34.90436383	10.18357106	-11.27985051
2.49166667	-7.62624522	16.87534700	37.55064180	-23.41666131	-33.46989635	10.43131161	-12.64878498
2.50000000	-7.44675915	16.78129939	37.11367748	-23.77130035	-32.11549715	10.58621780	-13.87024270
2.50833333	-7.32326013	16.71473822	36.77683216	-24.07463015	-30.84707154	10.60229859	-14.90922302
2.51666667	-7.30183859	16.78934532	36.57541567	-24.47516793	-29.53664465	10.93996067	-16.00133910
2.52500000	-7.26770747	16.87303950	36.23180403	-24.94354931	-28.19374228	11.26290949	-17.04677604
2.53333333	-7.44384338	17.18755270	36.03758403	-25.45013844	-26.97895780	11.61325481	-17.88772878
2.54166667	-7.28345337	17.19730639	35.73607382	-25.97510861	-25.86792028	11.92003276	-18.55398333
2.55000000	-7.21816901	17.30033963	35.42967994	-26.51727390	-24.78735073	12.12008821	-18.81602372
2.55833333	-7.24330980	17.45363502	35.06894451	-27.05881261	-23.68965131	12.58376956	-19.75695956
2.56666667	-7.20368382	17.60326711	34.78868689	-27.65571548	-22.73796280	12.79208864	-19.89537762
2.57500000	-7.19922375	17.83153185	34.49660099	-28.32715506	-21.75364268	13.35235518	-20.69111740
2.58333333	-7.11680244	17.99356640	34.19291590	-29.00209461	-20.94471129	13.52389437	-20.81611747
2.59166667	-7.10553316	18.22132420	33.80088881	-29.70503347	-19.99992443	14.02613644	-21.65846254
2.60000000	-7.06823220	18.36413220	33.47444622	-30.34333846	-19.22191715	14.23258874	-21.76846997
2.60833333	-7.08056535	18.68922680	33.18699947	-31.15298850	-18.41313866	14.80656564	-22.52380897
2.61666667	-7.06677952	18.95051902	32.84854113	-31.91937900	-17.71300724	14.98698160	-22.61394663
2.62500000	-7.17796245	19.45312960	32.59182878	-32.86152373	-16.95717220	15.58844304	-23.45721628
2.63333333	-7.21483323	19.73594750	32.28423688	-33.59805763	-16.32132273	15.88566319	-23.63316933
2.64166667	-7.25438863	20.13495454	31.99879836	-34.52084442	-15.75351983	16.48410477	-24.19388448
2.65000000	-7.39017251	20.64213246	31.78917259	-35.47460169	-15.24685670	17.00869021	-24.58327545
2.65833333	-7.33544999	20.92238574	31.43086435	-36.33593323	-14.83029185	17.24658083	-24.66092505
2.66666667	-7.71022308	21.66097659	31.52680684	-37.34225038	-14.48875568	18.25161063	-25.13680265
2.67500000	-7.71195124	21.93615120	31.22611724	-38.18968874	-14.17921288	18.68506589	-25.29455749
2.68333333	-8.08254007	22.72398578	31.25375729	-39.28729630	-13.98888033	19.58624055	-25.60129752
2.69166667	-8.02604595	22.92016794	30.86136475	-40.13089084	-13.78412244	20.12582621	-25.85870417
2.70000000	-8.01977043	23.16850302	30.53155170	-40.98242941	-13.67008578	20.50031365	-25.96666934
2.70833333	-8.29974419	23.77227954	30.60953226	-41.98082113	-13.76320363	21.36850326	-26.27824383
2.71666667	-8.41249809	24.05475517	30.55085869	-42.74414818	-13.88061924	22.07897187	-26.42671931
2.72500000	-8.47562353	24.35405617	30.36696632	-43.60017248	-13.98192235	22.64689061	-26.54892072
2.73333333	-8.46432480	24.58213119	30.06966704	-44.47824054	-14.07834712	23.03139478	-26.62512017
2.74166667	-8.58994788	24.92728096	29.95352455	-45.34874063	-14.26211204	23.77340882	-26.76652379
2.75000000	-8.68133785	25.24555229	29.85874427	-46.20829411	-14.48800305	24.42371679	-26.87063305
2.75833333	-8.73298028	25.50156900	29.58263933	-47.07200085	-14.61855049	24.80277900	-26.89189694
2.76666667	-9.34079536	26.50086971	30.10949596	-48.18632119	-14.97521870	25.95663294	-26.94446825
2.77500000	-9.31496933	26.60148714	29.79482764	-48.93577241	-15.16201054	26.45643810	-26.96902622
2.78333333	-9.33053288	26.76563946	29.52255178	-49.73804519	-15.35481144	27.02197891	-26.75865165
2.79166667	-9.42764078	27.00594533	29.24538513	-50.54555688	-15.47250338	27.57427034	-26.20138103
2.80000000	-9.52418017	27.26308362	29.08607839	-51.35885326	-15.72605799	28.18458069	-25.12125089
2.80833333	-10.03297001	28.00082281	29.39093377	-52.28502508	-16.10299556	28.93524737	-23.51603134
2.81666667	-10.08547366	28.16094371	29.01219114	-53.04342501	-16.12257799	29.43210473	-21.92995118
2.82500000	-10.13981709	28.34813462	28.76316409	-53.83323396	-16.30367523	29.93981249	-19.73575511
2.83333333	-10.54453399	28.94318572	29.03939839	-54.70097142	-16.74578968	30.71423485	-17.40394447
2.84166667	-10.62591511	29.03686428	28.65443833	-55.36979172	-16.67069618	31.18052583	-15.44403380
2.85000000	-10.67938453	29.15228855	28.45690549	-56.06194866	-16.82725766	31.68436526	-13.44563668
2.85833333	-10.87434491	29.39730210	28.35344992	-56.77650395	-16.90323946	32.19604785	-11.58776610
2.86666667	-10.97780195	29.55224646	28.29197258	-57.45517595	-17.10339807	32.70666281	-9.92626183
2.87500000	-11.14306666	29.75436135	28.24344884	-58.12701065	-17.27400790	33.15572770	-8.24983773
2.88333333	-11.59830411	30.37844745	28.72609517	-58.95482061	-17.66544110	33.85718986	-6.67062977
2.89166667	-11.59031548	30.40188813	28.62537760	-59.62360304	-17.98548416	34.12325088	-5.26340836
2.90000000	-11.62995570	30.49629618	28.54265423	-60.32580664	-18.30276232	34.33694654	-3.80263806
2.90833333	-11.66523446	30.57705374	28.50012006	-61.02793605	-18.66172392	34.50114401	-2.30745191
2.91666667	-11.68174155	30.68841728	28.45761630	-61.80549369	-19.03901069	34.55163535	-1.06683402
2.92500000	-12.03261383	31.26927941	28.76750557	-62.79507071	-19.25831323	34.70913560	-0.01318100
2.93333333	-11.99286444	31.43540516	28.67193591	-63.74314989	-19.67006246	34.39658107	1.00536483
2.94166667	-11.93014619	31.65945116	28.56689175	-64.82603889	-20.01827605	33.89143023	2.10725730
2.95000000	-12.43230833	32.73812634	29.11620497	-66.25075582	-20.32093285	33.03309024	2.68355654
2.95833333	-12.33750022	33.16086627	28.94074197	-67.67880860	-20.67397958	32.10818660	3.49961845
2.96666667	-12.25232784	33.77757463	28.88706301	-69.34730779	-21.13646223	30.83441329	4.16738950
2.97500000	-12.55351123	34.98170622	29.35861997	-71.14965711	-21.76040015	29.06161773	4.65106344
2.98333333	-12.26718711	35.56883697	29.20860202	-72.98805750	-22.38497103	27.44974601	5.17670045
2.99166667	-11.98644040	36.28439040	28.99031138	-74.93479288	-22.87713372	25.61205511	5.62828262
3.00000000	-11.81596679	37.21501943	28.87333080	-76.87794896	-23.35133596	23.20857486	5.92805268
3.00833333	-11.38498334	37.85381563	28.46917190	-78.74388960	-23.81220534	21.17628406	6.33469987
3.01666667	-10.92562510	38.50386372	27.94700076	-80.55913749	-24.13567318	18.98126215	6.72317019
3.02500000	-10.42503594	39.08586467	27.26290808	-82.22250885	-24.28850845	16.79999319	7.05915063
3.03333333	-9.94100377	39.68855434	26.59854817	-83.79106300	-24.38943344	14.88551639	7.34278991
3.04166667	-9.24812606	39.96513915	25.55571311	-85.05610168	-24.29865763	12.64405623	7.64738870
3.05000000	-9.01553882	40.77910159	24.98210737	-86.33663707	-24.14679774	11.73708257	7.90297604
3.05833333	-8.40709412	41.09559180	23.94799326	-87.35716309	-23.86933438	10.80949277	8.19864083
3.06666667	-8.18296440	41.82759451	23.38360812	-88.28660177	-23.60700033	10.69750947	8.41774637
3.07500000	-8.05411384	42.60672585	22.81640274	-88.98601425	-23.25854540	10.89939000	8.60766485
3.08333333	-7.63460933	43.00483384	22.03382842	-89.46974757	-22.92235425	10.92774654	8.73170772
3.09166667	-7.43249392	43.56030003	21.46408546	-89.66099159	-22.66432016	10.77001859	8.93527134
3.10000000	-7.39568393	44.28690121	20.93833330	-89.80268451	-22.21300412	11.27290830	9.00964684
3.10833333	-7.13659359	44.71721457	20.40541374	-89.63754333	-22.01819832	9.93273001	9.09885547
3.11666667	-6.77550855	44.98108198	19.75102513	-89.32752550	-21.79733388	9.14258231	9.20304439
3.12500000	-6.57452710	45.39763474	19.36182212	-88.92892332	-21.61765995	8.32839331	9.27297545
3.13333333	-6.54511315	45.95840433	19.03405763	-88.32993827	-21.41647075	6.92275702	9.33584784
3.14166667	-6.29536130	46.19849964	18.41185626	-87.61137471	-21.08015080	6.00783642	9.37712875
3.15000000	-6.34664095	46.76524568	18.08689325	-86.87952080	-20.74284754	6.19819579	9.44887346
3.15833333	-6.18045872	46.92826955	17.62287028	-85.69807406	-20.51817639	3.76378648	9.48437995
3.16666667	-6.25392909	47.36968543	17.33788456	-84.62736391	-20.21332650	3.78726555	9.56491870
3.17500000	-6.27726808	47.74190692	17.16286512	-83.45309957	-20.15997199	3.75606943	9.61040762
3.18333333	-6.05428404	47.57834406	16.64106820	-81.79308590	-19.89153284	0.88709872	9.66863634
3.19166667	-6.17595564	47.84461137	16.51808337	-80.26114980	-19.76864111	0.40218927	9.75752127
3.20000000	-6.24447230	47.98229811	16.41032249	-78.58950757	-19.73181229	-0.21152971	9.87311559
3.20833333	-6.32269236	47.99476662	16.37020618	-76.62251877	-19.82843046	-2.72931148	10.07962787
3.21666667	-6.39747933	47.96057000	16.32174944	-74.68144200	-19.88067461	-3.67137659	10.24473581
3.22500000	-6.45550919	47.81646249	16.26627476	-72.55417802	-20.01606975	-4.85731650	10.48283145
3.23333333	-6.45857220	47.51679251	16.20349963	-70.31782989	-20.18759893	-6.15658428	10.73103120
3.24166667	-6.45831855	47.10583986	16.09369767	-67.95155068	-20.37541984	-7.64237459	11.03682920
3.25000000	-5.98641064	46.01460293	15.46418402	-65.31438844	-20.43857248	-10.63112067	11.16556824
3.25833333	-6.08308585	45.61330438	15.48654113	-62.83505212	-20.74183440	-12.11153772	11.54049660
3.26666667	-5.70213388	44.54281913	14.99054982	-60.17101174	-20.98033243	-14.04780069	11.90562342
3.27500000	-5.76118826	43.96741840	15.03124453	-57.57654575	-21.39663858	-15.65140388	12.35068853
3.28333333	-5.77383602	43.24535397	15.03382237	-54.89477739	-21.85284803	-17.29967906	12.86907156
3.29166667	-5.66759029	42.32050133	14.97240880	-52.13698389	-22.40492090	-19.06419136	13.46868179
3.30000000	-5.56946208	41.35446437	14.91233723	-49.37441769	-23.02059621	-20.75497028	14.12509565
3.30833333	-4.86312874	39.57875562	14.04066407	-46.47705613	-23.41840689	-22.09345712	14.78520779
3.31666667	-4.93871231	38.76313079	14.19404105	-43.74366254	-24.10575580	-23.82899607	15.46674470
3.32500000	-4.71076441	37.53397270	14.06602020	-41.01660212	-24.89602983	-24.67380926	16.21647010
3.33333333	-4.82640805	36.73644253	14.29924077	-38.39192106	-25.72012201	-26.20034416	16.95366025
3.34166667	-4.84911326	35.84560706	14.52089994	-35.83031501	-26.64864285	-27.60537246	17.70849199
3.35000000	-4.61043168	34.63724188	14.39659171	-33.46013490	-27.46091371	-27.53495669	18.33420806
3.35833333	-4.76771985	33.93363239	14.84270062	-31.14592037	-28.60012131	-28.71338933	19.20684217
3.36666667	-5.06945062	33.48394536	15.54296913	-29.25247326	-29.83751986	-28.40435352	20.02806039
3.37500000	-5.14934532	32.78578766	15.93745134	-27.42109366	-30.97661065	-28.51645450	20.80814797
3.38333333	-5.27036983	32.14327124	16.49230755	-25.56622094	-32.33448899	-29.18238715	21.78819302
3.39166667	-5.73594848	32.02441157	17.48418862	-24.21683285	-33.83991122	-28.54948524	22.76979561
3.40000000	-5.87083247	31.49620757	18.09676554	-22.76124235	-35.28381619	-28.96640966	23.74985534
3.40833333	-6.15442531	31.20264661	18.69777837	-21.47125331	-36.57194462	-29.19154933	24.73814708
3.41666667	-6.84719032	31.53233429	19.98428014	-20.77007858	-38.20767635	-28.47264835	25.66104351
3.42500000	-7.15005391	31.33807997	20.69889063	-19.85595345	-39.63861582	-28.57853952	26.58846346
3.43333333	-7.47651494	31.20028589	21.60297280	-19.14337636	-41.25286267	-28.82768874	27.51283037
3.44166667	-7.86287916	31.17280042	22.46180270	-18.62339654	-42.69282467	-28.89324566	28.35956652
3.45000000	-7.93811944	30.80512938	22.96673852	-18.14011606	-44.12169034	-29.27256707	29.27245118
3.45833333	-7.87404597	30.29950544	23.38094496	-17.79796470	-45.57305619	-29.43660031	29.68068144
3.46666667	-8.06312611	30.28664138	24.07828592	-17.67279975	-47.11603537	-29.71539417	31.07449254
3.47500000	-8.30559955	30.20417318	24.76131123	-17.60294716	-48.55354658	-29.26881043	31.89132077
3.48333333	-8.88086956	30.59808637	25.71863427	-17.75968423	-50.00565625	-28.27420234	32.82114665
3.49166667	-8.88128242	30.16292520	26.14209581	-17.80498585	-51.39735610	-26.87293327	33.62041668
3.50000000	-9.29677352	30.40381367	27.05275784	-18.25893743	-52.88910062	-24.44484287	34.29300034
3.50833333	-9.56689062	30.45712208	27.72798666	-18.62005876	-54.35537212	-21.79729809	34.96940027
3.51666667	-9.52327516	30.06999263	28.02783338	-18.89261394	-55.70631558	-19.17153111	35.57627733
3.52500000	-9.88284631	30.33598103	28.85522495	-19.49494371	-57.26655472	-15.99487751	36.05345527
3.53333333	-9.77916538	30.01738894	29.11596552	-19.82898253	-58.73571755	-13.53672335	36.46761539
3.54166667	-9.82117669	29.94150135	29.60810043	-20.23381309	-60.32888147	-11.18830593	36.67221102
3.55000000	-9.83420580	29.94857733	30.17801933	-20.70673732	-62.08047157	-9.07889883	36.68553703
3.55833333	-9.80992072	29.93081999	30.76172603	-21.20059693	-63.94396145	-7.12006774	36.47453959
3.56666667	-9.78395005	29.86457557	31.54718138	-21.63143303	-66.00999889	-5.37596655	35.89850447
3.57500000	-10.28022613	30.75226336	33.12165019	-22.43206171	-68.44255391	-3.95970714	34.86423946
3.58333333	-9.97003612	30.58383744	33.87626396	-23.06472212	-70.86107933	-2.53091031	33.67899459
3.59166667	-10.18569141	31.11293973	35.36625108	-23.84014383	-73.47367635	-1.58155060	31.96905921
3.60000000	-9.81779513	30.96696871	36.22805773	-24.60273054	-76.07454573	-0.36122189	30.32481246
3.60833333	-9.40451301	30.85771543	37.13042805	-25.49322492	-78.65731255	0.63112902	28.43726968
3.61666667	-9.05753905	30.85105704	38.16367943	-26.40504221	-81.19819709	1.47562390	26.27492412
3.62500000	-8.64570644	30.87138351	39.13224017	-27.49521573	-83.62757367	2.17798644	24.15511580
3.63333333	-8.21794733	30.83158269	40.15521533	-28.50104038	-85.86948015	2.82244486	21.73226452
3.64166667	-7.76612266	30.84383029	41.04811741	-29.66747952	-87.93249505	3.44450058	19.52196981
3.65000000	-7.46993094	31.00386055	42.05237720	-30.76768844	-89.71041885	3.91805417	17.02084525
3.65833333	-6.85182868	30.69565351	42.61716044	-31.75015119	-91.23016391	4.49959236	15.36804518
3.66666667	-5.97660330	29.95954934	42.75730598	-32.53035052	-92.34089094	5.25788190	13.58371593
3.67500000	-5.60172380	29.70579865	43.40169056	-33.16920938	-93.36978627	5.54968416	13.19098439
3.68333333	-5.31365212	29.39031724	43.99695779	-33.52502988	-94.11243042	6.27119199	12.65167707
3.69166667	-5.01864612	28.98984079	44.58730018	-33.80489215	-94.51820064	6.72759636	12.35871187
3.70000000	-4.88598063	28.66809220	45.21558063	-33.88421683	-94.70238001	6.92693353	12.66450292
3.70833333	-4.83026280	28.36827495	45.81278976	-33.84658005	-94.61282197	7.13351145	12.99351186
3.71666667	-4.81582075	28.12950078	46.39470368	-33.85136492	-94.30020411	7.57651391	13.55304403
3.72500000	-4.93448067	28.06100074	47.03777419	-33.89259406	-93.68985789	7.99543294	13.17549273
3.73333333	-4.94139930	27.73268228	47.47434541	-33.70357088	-92.88070780	8.14173078	13.30667608
3.74166667	-4.72198003	27.15497507	47.59328341	-33.53116377	-91.83260891	8.45293575	13.23820475
3.75000000	-4.79606053	26.94702113	47.98762538	-33.41790447	-90.70827991	8.52476503	13.23216213
3.75833333	-4.87454562	26.71621474	48.21091815	-33.18337129	-89.32326371	8.72131462	12.90407160
3.76666667	-4.96006310	26.41342625	48.50268552	-32.87822930	-87.82739094	8.79617927	12.70324748
3.77500000	-5.04472087	26.12502630	48.62656859	-32.60417371	-86.13984915	8.87127989	12.12147319
3.78333333	-5.20456097	25.85268559	48.78339179	-32.22459618	-84.29417205	8.95319218	11.56374415
3.79166667	-5.24381020	25.48327683	48.79294049	-31.89016129	-82.27056769	9.01971414	10.72445210
3.80000000	-4.97250488	24.71298443	48.26282564	-31.46230235	-80.09133371	9.17981276	10.15564964
3.80833333	-5.16735730	24.43325384	48.26283393	-30.99183510	-77.78017957	9.21079437	8.83622339
3.81666667	-5.20963883	24.01036956	48.05345084	-30.59353594	-75.32894457	9.23371485	7.09291866
3.82500000	-5.04085808	23.32291302	47.43445111	-30.12473928	-72.65678615	9.32126556	5.27000048
3.83333333	-5.19374169	23.05434838	47.14722905	-29.78628796	-69.98687674	9.43647234	3.22873199
3.84166667	-5.20732843	22.64586880	46.61992169	-29.46286853	-67.15367615	9.57237081	0.96548685
3.85000000	-4.91382149	21.80983841	45.65963544	-29.03010407	-64.16260504	9.74111977	-1.47445316
3.85833333	-5.16117059	21.61893154	45.28589840	-28.70678526	-61.25772552	9.95468276	-3.57533059
3.86666667	-4.81001488	20.87196349	44.13654218	-28.52646476	-58.13714260	10.17130341	-6.29428176
3.87500000	-4.98246994	20.70311414	43.63246720	-28.40764267	-55.16145514	10.41603284	-8.56563027
3.88333333	-5.06091530	20.49730852	42.89910932	-28.39317829	-52.12126448	10.65614358	-10.80457125
3.89166667	-4.46443158	19.48430475	41.34257879	-28.25557040	-48.93647483	10.92021774	-12.85917051
3.90000000	-4.68572297	19.47087450	40.75262723	-28.34045543	-45.97821123	11.23866910	-14.65459261
3.90833333	-4.81538997	19.49365486	39.98966729	-28.63921528	-43.07658117	11.59625249	-16.41402099
3.91666667	-4.79334530	19.41639081	39.12445918	-29.03963393	-40.27831383	12.04094258	-17.88684322
3.92500000	-4.46697100	18.89987586	37.86001633	-29.30416422	-37.60147039	12.43385184	-18.88513365
3.93333333	-4.61542129	19.05465861	37.18321519	-29.79880950	-35.12671362	12.92606229	-19.83729349
3.94166667	-4.69262174	19.19706467	36.46827257	-30.44324412	-32.86238966	13.46362006	-20.69962565
3.95000000	-4.78931557	19.34716932	35.75078585	-31.07868307	-30.77529087	14.01335725	-21.34376167
3.95833333	-4.85116856	19.50503395	35.11701947	-31.78085645	-28.94238570	14.59394760	-21.90402936
3.96666667	-4.99152967	19.75024977	34.60883058	-32.57240182	-27.39557019	14.91497699	-21.95664061
3.97500000	-5.06972981	19.99771920	34.00801815	-33.43145667	-25.87067612	15.94784690	-23.05927017
3.98333333	-5.22597316	20.37395899	33.49058761	-34.37561064	-24.56765818	16.54134845	-23.64337168
3.99166667	-5.29686998	20.66894408	32.94354732	-35.35316782	-23.33966157	17.18777900	-24.36670279
4.00000000	-5.40165492	21.07253231	32.49632373	-36.43648742	-22.22738324	17.85123678	-25.04521240
4.00833333	-5.48086898	21.34948497	32.03260278	-37.40687985	-21.35038074	18.27442740	-25.04181395
4.01666667	-5.66279365	21.83248426	31.71859019	-38.50410773	-20.61809468	19.40285373	-25.79461452
4.02500000	-5.83032461	22.30241581	31.42307206	-39.62903441	-19.93633606	20.19524645	-26.10902353
4.03333333	-6.04006753	22.78603660	31.05479656	-40.70893720	-19.18318852	20.94385947	-26.41656923
4.04166667	-6.32814897	23.37308868	30.85759363	-41.84718112	-18.60492312	21.76346521	-26.49894145
4.05000000	-6.47344784	23.82793348	30.49706824	-43.01662108	-17.92799891	22.65064936	-26.69941165
4.05833333	-6.60182715	24.19702288	30.14343687	-44.08881035	-17.49619028	23.45729920	-26.61753039
4.06666667	-6.73060424	24.54547828	29.90161210	-45.11705168	-17.19880166	24.21566133	-26.51644442
4.07500000	-7.30820321	25.43355463	29.99184010	-46.33432924	-16.91676019	25.14536758	-26.34081464
4.08333333	-7.31526731	25.60906563	29.49858161	-47.31929843	-16.60659462	25.56050878	-26.27164025
4.09166667	-7.40776862	25.90167903	29.10260346	-48.39111436	-16.38016358	26.62549427	-26.29667537
4.10000000	-7.86496814	26.65041921	29.30530882	-49.54993136	-16.43327811	27.49513607	-26.25342869
4.10833333	-7.96580894	26.92124942	29.02480611	-50.55327113	-16.39978509	28.20651199	-26.08648772
4.11666667	-8.04097463	27.12274831	28.56596276	-51.52132093	-16.24634687	28.59622729	-25.82372962
4.12500000	-8.18618009	27.45684296	28.36561307	-52.60176557	-16.30773400	29.74166483	-24.55009010
4.13333333	-8.32405748	27.76311322	28.07451706	-53.66596020	-16.27111969	30.37983708	-22.87607489
4.14166667	-8.63354368	28.22834475	28.04814791	-54.68888242	-16.48602665	31.21603221	-20.50215597
4.15000000	-8.99708065	28.77490127	28.26726382	-55.72979174	-16.99850015	31.98311653	-17.75920015
4.15833333	-9.17942551	29.01755032	28.18248391	-56.62810972	-17.18542482	32.60869254	-15.17583152
4.16666667	-9.31834889	29.18274521	27.84817960	-57.53097973	-17.17981480	33.27792908	-12.79366247
4.17500000	-9.54297128	29.45713230	27.65199016	-58.46857836	-17.26041112	33.84582162	-10.34983135
4.18333333	-9.91562665	29.93591153	27.94781634	-59.41560130	-17.67596830	34.38175225	-8.39136644
4.19166667	-10.01764654	30.10458878	27.80338616	-60.37866359	-17.89347847	34.80891514	-6.88202888
4.20000000	-10.36055395	30.61341726	28.19952937	-61.46471994	-18.22290858	35.14901457	-5.61090307
4.20833333	-10.38646250	30.78739055	28.21393908	-62.54403534	-18.78522927	35.24663637	-4.66811445
4.21666667	-10.39046863	31.05263444	28.28328048	-63.73572101	-19.37028142	35.09000410	-3.53075592
4.22500000	-11.20927975	32.41703667	29.27714414	-65.30841513	-19.83505511	34.51430099	-3.25841085
4.23333333	-11.16895175	32.73567040	29.12131417	-66.75410867	-20.36490956	34.04404677	-2.19967750
4.24166667	-11.53830938	33.80116900	29.65974191	-68.53828639	-21.02355018	32.99853440	-1.76280525
4.25000000	-11.21042703	34.08522814	29.46539799	-70.36306104	-21.74487717	31.95174778	-0.84807325
4.25833333	-11.28433160	35.01865974	29.44604213	-72.40395125	-22.21297115	30.12933818	-0.39600657
4.26666667	-10.98519942	35.65635218	29.28254545	-74.53396398	-23.05483254	28.37524740	0.50060123
4.27500000	-10.71566451	36.44164509	29.22286837	-76.76729035	-23.88371696	26.15856525	1.20983017
4.28333333	-10.47382588	37.33391035	29.28388288	-78.87772245	-24.87052160	22.96380094	1.85092096
4.29166667	-10.25049506	38.25271803	28.99164748	-81.01236534	-25.49067870	20.51149397	2.60810909
4.30000000	-9.70657877	38.85049443	28.56648670	-82.91505607	-26.30977822	17.24582561	3.30437403
4.30833333	-9.20410655	39.48235215	28.11584511	-84.77009598	-26.94141781	14.98987348	3.93029884
4.31666667	-8.54809529	39.83714657	27.17595353	-86.37529160	-27.16357010	12.30991950	4.47999287
4.32500000	-8.26801895	40.62532351	26.69898345	-87.89079759	-27.43565283	10.64144948	5.05383432
4.33333333	-7.69463291	41.02306313	25.93755940	-89.10832116	-27.70419893	8.76198411	5.71898074
4.34166667	-7.34231831	41.59535883	25.25525959	-90.20278629	-27.64111534	8.02704035	6.15267746
4.35000000	-7.19213099	42.26980107	24.74138273	-91.01701956	-27.50946720	7.91649708	6.30213466
4.35833333	-6.80963345	42.55435193	23.87497791	-91.50016805	-27.26636390	7.63326601	6.98159741
4.36666667	-6.74326568	43.18629314	23.35475794	-91.78722852	-26.93999728	7.84104835	7.07979765
4.37500000	-6.58949846	43.59178246	22.63836844	-91.79483323	-26.47860727	8.44944636	7.35885838
4.38333333	-5.93990015	43.28127529	21.37915674	-91.37170481	-26.07391880	7.68412017	7.83634903
4.39166667	-6.00965674	43.73302953	20.97354531	-90.92450676	-25.71358497	8.23203195	7.99204206
4.40000000	-6.03720641	44.19628180	20.54045601	-90.38324846	-25.36839407	8.50509429	8.15040771
4.40833333	-5.64696384	43.96871427	19.68519222	-89.31304739	-25.12895884	6.85667699	8.59772943
4.41666667	-5.70152209	44.33921215	19.23091974	-88.41769842	-24.70907426	7.06315210	8.71849223
4.42500000	-5.02437436	43.67835108	17.94509334	-87.07252794	-24.22481070	5.90372566	8.81966602
4.43333333	-5.20245052	43.95587518	17.59827817	-85.83428809	-23.81166641	6.00826936	8.96083054
4.44166667	-5.33650114	44.21541177	17.24219556	-84.45908628	-23.41668254	5.97743006	9.13187895
4.45000000	-4.84913649	43.57543135	16.12468720	-82.60921565	-22.82507049	4.11296600	9.20145193
4.45833333	-5.00242880	43.76779377	15.77298521	-81.01246102	-22.47072783	3.89378300	9.36533088
4.46666667	-4.83638876	43.46361199	15.02601149	-79.11362334	-21.97350481	2.84881813	9.48677336
4.47500000	-4.28480319	42.61289001	13.73211733	-77.00470640	-21.29841525	1.39364238	9.59597864
4.48333333	-4.48745984	42.64737156	13.38464887	-74.98650739	-20.86144753	0.55781506	9.80169086
4.49166667	-4.66748884	42.50730251	13.11123831	-72.81310710	-20.60415618	-0.77611812	10.00673126
4.50000000	-4.74982507	42.21095969	12.71537583	-70.45554392	-20.31404105	-2.28090639	10.27895710
4.50833333	-3.86528590	40.64054828	11.03953408	-67.66659211	-19.72072670	-4.85943183	10.48430601
4.51666667	-4.15150460	40.50089375	10.85953088	-65.25637095	-19.51644736	-6.47479240	10.80824088
4.52500000	-4.01367279	39.73207930	10.27354339	-62.50533489	-19.35786064	-8.89386799	11.11209593
4.53333333	-4.14154657	39.28822048	10.02627318	-59.77110068	-19.36509247	-10.73965775	11.49344743
4.54166667	-4.24336416	38.63111544	9.82911175	-56.89366013	-19.52486679	-12.64177731	11.95848383
4.55000000	-4.38133756	38.00820683	9.73829949	-53.99128205	-19.79402541	-14.57316680	12.51560151
4.55833333	-3.83821677	36.46691025	8.85731307	-50.72135814	-19.98600288	-17.47642241	13.07320695
4.56666667	-4.02460417	35.87951233	8.90768291	-47.76114686	-20.45074834	-19.26704895	13.68625140
4.57500000	-3.91680690	34.83743508	8.66464814	-44.62772424	-20.95603149	-21.06901185	14.39144880
4.58333333	-4.14714499	34.14496024	8.85944656	-41.55635638	-21.64227769	-22.67820341	15.06538361
4.59166667	-4.32611243	33.43092771	9.13760111	-38.53353530	-22.52747464	-24.14632257	15.85962811
4.60000000	-4.35455562	32.56175596	9.16766883	-35.62106567	-23.31387068	-24.36535376	16.70192870
4.60833333	-4.58967247	31.96100530	9.52618028	-32.72671619	-24.28232896	-25.54139395	17.57118223
4.61666667	-4.75392992	31.32880919	9.79342068	-30.10574605	-25.25596131	-24.98386632	18.51223747
4.62500000	-5.42206280	31.26327033	10.54701394	-27.64225488	-26.31463665	-24.86512826	19.50926910
4.63333333	-5.59028976	30.78839476	10.77439583	-25.38386324	-27.28071434	-24.59962942	20.45577373
4.64166667	-6.04779688	30.70945725	11.42592248	-23.39332248	-28.44560164	-24.39086917	21.43539858
4.65000000	-6.23122037	30.34974548	11.67898832	-21.43422601	-29.44006313	-24.88359979	22.38929093
4.65833333	-6.44521428	30.03637818	12.00074476	-19.72818255	-30.56088573	-24.98752602	23.40522797
4.66666667	-6.76519668	30.10091333	12.59516158	-18.79180340	-31.94272524	-24.12163599	24.54570401
4.67500000	-6.82144125	29.88525908	12.73458645	-17.71533148	-33.03473229	-24.57444467	25.53530160
4.68333333	-6.98065561	29.85677490	12.97074328	-16.94392890	-34.16450988	-24.76065804	26.54372430
4.69166667	-7.13088391	29.81977677	13.25181840	-16.34905060	-35.35796847	-24.95198820	27.59780712
4.70000000	-7.39013633	29.87553937	13.59832974	-15.92414706	-36.54477659	-25.01265683	28.68783746
4.70833333	-7.37437886	29.67967757	13.74961555	-15.60004434	-37.75338739	-25.32370002	29.69715329
4.71666667	-7.42162510	29.56189695	13.82481154	-15.41458272	-38.82642411	-25.61032244	30.70301541
4.72500000	-7.44883509	29.42221342	13.84170035	-15.35280374	-39.85530337	-25.82288311	31.68600875
4.73333333	-7.75569305	29.44554520	14.20311859	-15.35375706	-41.04779296	-25.92319007	32.81339984
4.74166667	-7.72798110	29.22589535	14.09011925	-15.52372338	-41.97152280	-25.98656968	33.78369366
4.75000000	-7.61775790	28.92336144	13.84022448	-15.75041268	-42.85491639	-25.59698928	34.74066312
4.75833333	-7.61588075	28.52916784	13.76097201	-15.93574896	-43.86589119	-24.57822060	35.69518492
4.76666667	-7.60688489	28.24722691	13.64949830	-16.34289115	-44.83550466	-22.91343846	36.71963315
4.77500000	-7.61978539	27.97760518	13.59235570	-16.83902609	-45.88231379	-20.67239614	37.57843168
4.78333333	-8.00163238	28.20326847	14.05265970	-17.53396027	-47.16546539	-17.99273090	38.31448451
4.79166667	-8.16519525	27.97467869	14.20478355	-18.06107581	-48.38743796	-15.06262873	38.89963772
4.80000000	-8.20218476	27.77454654	14.33168923	-18.76567094	-49.73903611	-12.25010190	39.27346808
4.80833333	-8.37685518	27.65381887	14.62663976	-19.39961680	-51.21086996	-9.56071002	39.44722312
4.81666667	-9.36233107	28.71919268	16.21179640	-20.24128856	-53.24138258	-7.48860258	39.46203373
4.82500000	-9.98284948	29.30565346	17.32081044	-21.01870245	-55.14398563	-5.32267070	39.10325204
4.83333333	-9.92378434	29.07881897	17.65831924	-21.65280879	-57.04315153	-3.30263494	38.59752999
4.84166667	-10.01039488	29.06043812	18.28896590	-22.26648080	-59.18296414	-1.50100294	37.81894310
4.85000000	-10.22156680	29.07444526	19.22684883	-22.73372021	-61.57474244	0.07650151	36.70986565
4.85833333	-11.94967366	31.15544763	22.49137369	-23.66954502	-64.77265802	0.94180774	35.23865982
4.86666667	-11.81666395	30.93078061	23.29109151	-24.26405317	-67.35200979	2.29016793	33.59671649
4.87500000	-11.85063665	30.91759122	24.45161302	-24.88986466	-70.10602213	3.46229520	31.64886944
4.88333333	-13.46512500	32.89072496	27.80697703	-25.81907813	-73.26162071	3.94986277	29.13358661
4.89166667	-13.58489630	33.01886207	29.26017303	-26.47750638	-75.89914264	4.70664810	26.53530293
4.90000000	-13.33611997	32.71751903	30.29523072	-27.10576519	-78.32425574	5.54193621	24.11804275
4.90833333	-13.26767776	32.65748158	31.57951583	-27.79600279	-80.53908781	6.03802823	21.32183776
4.91666667	-13.04066815	32.40541131	32.67329023	-28.45013529	-82.47280402	6.60678323	18.84885082
4.92500000	-12.85846746	31.99668403	33.73136576	-28.84362465	-84.07327159	7.15246349	17.00727072
4.93333333	-12.48662711	31.30381898	34.54781563	-29.06140362	-85.36067646	7.70573071	15.92022315
4.94166667	-12.14758787	30.58810048	35.28678551	-29.18460395	-86.32601031	8.21178722	15.49037121
4.95000000	-11.95950406	29.91543864	36.19151723	-29.10022535	-87.04700623	8.53172652	15.56246103
4.95833333	-11.78447252	29.23356022	37.02431397	-28.92551713	-87.47208409	8.79808217	15.75926580
4.96666667	-11.54227612	28.39549759	37.73786488	-28.60557914	-87.56303486	8.90143116	15.39128893
4.97500000	-11.48252309	27.71676452	38.56525838	-28.24830751	-87.46669271	9.17301056	15.59006433
4.98333333	-11.46061136	27.04171552	39.44664280	-27.83969605	-87.21260596	9.33315043	15.68586511
4.99166667	-11.45678941	26.37769726	40.23884551	-27.41009079	-86.68931512	9.46171199	15.78760149
5.00000000	-11.04026762	25.19442327	40.44130868	-26.94749870	-85.87005266	9.80131306	16.02862254
5.00833333	-11.09032756	24.59801929	41.20953548	-26.50622948	-84.99432221	9.87457968	16.07814379
5.01666667	-11.03326793	23.89755954	41.75658511	-26.07353216	-83.90484897	9.96301735	16.15064519
5.02500000	-10.59120654	22.67710142	41.70835209	-25.56681451	-82.54615768	10.29116760	16.63863475
5.03333333	-10.71226477	22.18418889	42.39690488	-25.14672259	-81.18669666	10.35867057	16.67518162
5.04166667	-10.23574458	20.84015397	42.17845661	-24.42917625	-79.49381470	10.52922732	17.07793829
5.05000000	-10.35981233	20.27019507	42.71866810	-23.88539884	-77.75454465	10.56358046	17.04170620
5.05833333	-10.34400366	19.60544998	42.90672313	-23.45530716	-75.77503933	10.58648616	17.03120398
5.06666667	-9.85254052	18.37966339	42.50163736	-22.91033415	-73.61004338	10.79649976	17.10271179
5.07500000	-9.90894340	17.83859963	42.71779891	-22.51154625	-71.39375215	10.85766956	17.00361746
5.08333333	-9.87811748	17.23362936	42.72551722	-22.14364975	-69.00659036	10.90504040	16.77749849
5.09166667	-10.08602278	16.82780527	43.03843682	-21.73740375	-66.58612958	10.96882390	16.65273109
5.10000000	-9.54226726	15.59564143	42.25751876	-21.29776451	-63.73087745	11.14478425	15.76613556
5.10833333	-9.64375403	15.17397575	42.21828676	-21.02727005	-60.95732008	11.14595593	15.24532829
5.11666667	-9.65257595	14.62624582	42.05695349	-20.70075173	-58.09694081	11.16987863	14.51603593
5.12500000	-9.19963336	13.57232871	41.24203009	-20.43445488	-54.99078098	11.44853087	13.53746230
5.13333333	-9.25018997	13.08879893	40.97687478	-20.24465643	-51.88318758	11.61940197	12.55667711
5.14166667	-9.06105544	12.36507259	40.36545373	-19.98790755	-48.75631474	11.66946252	11.71103232
5.15000000	-9.19923313	12.03997994	40.21190872	-19.85148636	-45.75723275	11.70690398	10.76554686
5.15833333	-8.75990752	10.96263592	39.22412101	-19.53965395	-42.50897538	11.82419240	9.73172416
5.16666667	-8.86595063	10.56330312	38.96764843	-19.38565157	-39.44677056	11.94024325	8.51871589
5.17500000	-8.57386354	9.64752687	38.16398170	-19.12341966	-36.39878699	12.11167327	7.31808030
5.18333333	-8.82447069	9.43297345	38.05552318	-19.06486162	-33.51611242	12.23041809	6.00642539
5.19166667	-8.70096346	8.79385636	37.42394159	-18.96093838	-30.71536572	12.41402684	4.59619507
5.20000000	-8.37032633	7.86212101	36.68883110	-18.77803168	-28.14994486	12.54204443	3.50189449
5.20833333	-8.58919048	7.68959637	36.58149397	-18.84805113	-25.71179982	12.68830326	2.02290285
5.21666667	-8.69655467	7.29513057	36.34813212	-18.82865869	-23.45797597	12.83019179	0.81258596
5.22500000	-8.22247960	6.14280345	35.50190065	-18.64687899	-21.56514829	13.00141005	0.68732161
5.23333333	-8.42567202	5.87692479	35.47461574	-18.70652415	-19.72785505	13.08010353	-0.13861976
5.24166667	-8.54062369	5.51170232	35.36273220	-18.74115999	-18.14248015	13.17553822	-1.12804936
5.25000000	-8.37520242	4.82382087	35.02707940	-18.78990768	-17.13616048	13.26150402	-0.87170152
5.25833333	-8.54309680	4.60479477	35.02404834	-18.98833884	-15.97947045	13.27230890	-1.47551465
5.26666667	-8.69553805	4.41606260	35.02108018	-19.25937263	-15.08019115	13.27860211	-2.11940114
5.27500000	-8.61367877	3.94039458	34.84595298	-19.48087216	-14.68998105	13.21341419	-2.21572037
5.28333333	-8.74199429	3.76909670	34.81967427	-19.84499564	-14.23798098	13.13197959	-2.65563998
5.29166667	-8.77120045	3.53469951	34.78974241	-20.29381037	-14.21813772	13.05226603	-2.80951072
5.30000000	-8.95672967	3.50476961	34.75858745	-20.76648753	-13.98786509	12.70426003	-3.85628712
5.30833333	-8.96028607	3.36014275	34.65684620	-21.39660462	-14.29963216	12.52369455	-4.24680043
5.31666667	-9.14642409	3.47640408	34.69988024	-22.10466227	-14.58194274	12.02049385	-5.37583409
5.32500000	-9.54597155	3.97666003	34.99829563	-23.06266274	-15.01807766	11.42402301	-6.21414483
5.33333333	-9.58082265	4.11155647	34.95504206	-24.05983639	-15.66037525	10.72719946	-6.80618605
5.34166667	-9.72584547	4.27840635	35.06120990	-24.97992435	-16.30398868	9.72384212	-7.19569593
5.35000000	-10.05291392	5.02356941	35.34119305	-26.38291956	-16.91307954	8.69282811	-7.62827818
5.35833333	-10.16072002	5.53451282	35.44782817	-27.81814243	-17.57779049	7.34324671	-7.69545069
5.36666667	-10.02179184	5.98633602	35.19252180	-29.53355362	-18.14957058	5.95566845	-7.44601823
5.37500000	-9.90441746	6.59467566	34.92247292	-31.43495482	-18.66243149	4.34202451	-7.10618336
5.38333333	-10.39567350	8.05374602	35.39997921	-33.58084140	-19.28518506	2.15588125	-6.94402299
5.39166667	-10.24828092	8.89982530	34.86951950	-35.78674021	-19.50848031	0.15177544	-6.46946161
5.40000000	-10.58576813	10.40963057	34.95384480	-38.13418739	-19.84899099	-2.32612532	-5.99576384
5.40833333	-10.50012266	11.48178066	34.40572451	-40.46781273	-19.88942327	-4.42626126	-5.40397558
5.41666667	-11.00240872	13.28049038	34.52691638	-42.83519002	-19.97497502	-6.93232804	-4.91160058
5.42500000	-11.20659375	14.76889137	34.29135357	-45.11583213	-20.04736130	-9.20525395	-4.27140894
5.43333333	-11.14637953	15.94644297	33.61617419	-47.32548794	-19.80594404	-10.85688055	-3.67073732
5.44166667	-11.50873210	17.72412904	33.55900277	-49.56305412	-19.84342293	-13.02451403	-3.17678504
5.45000000	-11.44589362	18.99540221	32.90239081	-51.69961285	-19.62655373	-14.31987603	-2.58892251
5.45833333	-11.50366885	20.47812596	32.46983443	-53.82022305	-19.51208795	-15.68733217	-2.04131060
5.46666667	-12.15571188	22.54729867	32.81067903	-55.74805566	-19.63695535	-17.74767368	-1.60445668
5.47500000	-12.27225419	24.01107227	32.46607501	-57.52726244	-19.57652415	-19.12952467	-1.15857980
5.48333333	-12.42747523	25.51729222	32.14559232	-59.14474530	-19.51048949	-20.52553659	-0.62984754
5.49166667	-12.32970425	26.70114456	31.46042689	-60.63601365	-19.24742772	-20.89253105	-0.12233493
5.50000000	-12.58326687	28.21194987	31.23292998	-61.80695190	-19.18051631	-22.86232924	0.32451158
5.50833333	-12.46170812	29.30677710	30.44498847	-62.94089607	-18.82596310	-22.64647892	0.77153404
5.51666667	-12.35234378	30.34081301	29.75785240	-63.69934308	-18.66476389	-24.68296992	1.27998424
5.52500000	-12.23534309	31.29601075	28.96506498	-64.43500596	-18.27132656	-24.15787664	1.64740084
5.53333333	-11.83791782	31.86715572	27.83889370	-64.77966346	-17.90276942	-25.54764966	2.12019373
5.54166667	-11.76794450	32.75127417	27.10605643	-65.12152059	-17.53328138	-25.23313598	2.50986963
5.55000000	-11.62398303	33.67531916	26.25088095	-65.37107086	-17.07166820	-24.57191579	2.75798832
5.55833333	-11.28700454	34.29189039	25.15567771	-65.41592312	-16.59453631	-24.32983300	3.09688939
5.56666667	-11.05902812	34.90909959	24.18689702	-65.23550130	-16.13770706	-23.85653796	3.38538456
5.57500000	-10.23462408	34.69211545	22.46576395	-64.63184830	-15.66032382	-23.89471802	3.89957008
5.58333333	-10.14198208	35.40339366	21.75873851	-64.14073675	-15.32619784	-23.23473748	4.18664085
5.59166667	-9.57760644	35.45466215	20.44602453	-63.35040736	-14.87960413	-22.26171586	4.57666428
5.60000000	-9.52630142	36.10383968	19.66450595	-62.51833500	-14.41836255	-21.41309041	4.88710267
5.60833333	-8.87917509	35.96683995	18.30005076	-61.40952183	-14.09716172	-19.71370584	5.39004225
5.61666667	-8.80818704	36.49626328	17.66953497	-60.25362914	-13.82846925	-18.82030761	5.75669229
5.62500000	-8.19466960	36.26971684	16.21037070	-58.89372919	-13.34907037	-16.52898797	6.20660796
5.63333333	-8.16249465	36.71294855	15.46782945	-57.45146640	-12.92733004	-15.50674766	6.53366664
5.64166667	-7.36000231	36.18265871	13.90993708	-55.86856985	-12.55431678	-12.93274599	6.90060520
5.65000000	-7.02811451	36.13180945	12.88035295	-54.13244188	-12.22613928	-11.35800982	7.24307191
5.65833333	-6.97149189	36.37102028	12.16479249	-52.29642096	-11.91489793	-10.51910611	7.59907673