0.00000000	-18.53395613	24.44550746	24.05836344	-12.23152485	-10.49748908	3.49756495	5.57637870
0.00833333	-18.60497806	24.55664788	24.15748484	-12.28827655	-10.53477575	3.51282709	5.59949545
0.01666667	-18.63336901	24.59606792	24.16508164	-12.28004817	-10.46542902	3.47081239	5.69313126
0.02500000	-18.62901976	24.58892758	24.18962805	-12.26505696	-10.51439015	3.45890354	5.58894057
0.03333333	-18.72113182	24.73293341	24.32234183	-12.33048113	-10.58487146	3.52425009	5.64736719
0.04166667	-18.58631792	24.55866833	24.11250521	-12.26703315	-10.46864670	3.43503768	5.54221415
0.05000000	-18.64080545	24.64613139	24.20371316	-12.30560823	-10.51996850	3.47808242	5.57893841
0.05833333	-18.73569382	24.78386622	24.25248670	-12.41022053	-10.35313225	3.51608869	5.41010809
0.06666667	-18.80325520	24.87894956	24.35249808	-12.44255516	-10.39506501	3.55546713	5.46079581
0.07500000	-18.68871434	24.76566613	24.20240222	-12.41841287	-10.36279086	3.46405171	5.41639716
0.08333333	-18.73583001	24.83939253	24.27547399	-12.45588513	-10.40201361	3.50887498	5.45653184
0.09166667	-18.75353139	24.85306841	24.27931353	-12.43796565	-10.36652462	3.50198954	5.45280905
0.10000000	-18.74587029	24.84223238	24.26767405	-12.42726734	-10.36153044	3.48347607	5.43236741
0.10833333	-18.77367497	24.89718597	24.31352029	-12.46497223	-10.38501691	3.50753884	5.46546671
0.11666667	-18.71416064	24.81316987	24.22296331	-12.41772378	-10.34260664	3.45038891	5.39154018
0.12500000	-18.75673907	24.88978098	24.30141750	-12.46261610	-10.40119183	3.50529796	5.44859854
0.13333333	-18.63614484	24.72704378	24.12921223	-12.41159440	-10.33668601	3.43907657	5.38837020
0.14166667	-18.69125289	24.80906192	24.22948595	-12.44549395	-10.40230548	3.49798335	5.44248444
0.15000000	-18.71198878	24.83426335	24.25802039	-12.44955233	-10.38963868	3.50012610	5.45304396
0.15833333	-18.73829112	24.86362051	24.28806289	-12.45549999	-10.40398437	3.50517495	5.46642453
0.16666667	-18.76320900	24.89770634	24.33286743	-12.46532657	-10.43220074	3.51023923	5.47745731
0.17500000	-18.68867223	24.81271655	24.23819127	-12.44983151	-10.41526795	3.45283698	5.42375789
0.18333333	-18.72719802	24.87369483	24.29685023	-12.48520903	-10.43545494	3.49882386	5.48057645
0.19166667	-18.43538547	24.48408812	23.90124747	-12.35096230	-10.32039649	3.37963718	5.42535285
0.20000000	-18.51112636	24.58957287	24.00294940	-12.39446045	-10.35272894	3.46260078	5.46872919
0.20833333	-18.56840627	24.65876954	24.08118902	-12.39990250	-10.37045172	3.45235865	5.44656611
0.21666667	-18.64312985	24.78912552	24.22272156	-12.47136445	-10.48116533	3.51275429	5.50659192
0.22500000	-18.68689520	24.81341259	24.24427918	-12.44952631	-10.41714864	3.51103736	5.52170761
0.23333333	-18.68395850	24.81368278	24.23210198	-12.44197707	-10.40404936	3.45382826	5.46454641
0.24166667	-18.73172647	24.88041695	24.29990157	-12.47123647	-10.43764378	3.49659734	5.51215611
0.25000000	-18.77519774	24.95243567	24.37523586	-12.48635345	-10.48614250	3.52665831	5.53979605
0.25833333	-18.60984532	24.72961217	24.15826412	-12.42419628	-10.41062516	3.44441472	5.44411461
0.26666667	-18.67539318	24.83238825	24.28506672	-12.46410641	-10.50185858	3.50363206	5.49731802
0.27500000	-18.74011512	24.88293361	24.33782206	-12.45894976	-10.46655047	3.51938855	5.54042294
0.28333333	-18.68844937	24.82313103	24.27000555	-12.43269234	-10.44171732	3.43776850	5.45473310
0.29166667	-18.70258896	24.84503114	24.29396122	-12.45531166	-10.46195675	3.47060988	5.48551931
0.30000000	-18.75523508	24.90985168	24.36884581	-12.46158412	-10.47714190	3.49336850	5.51275005
0.30833333	-18.82312961	25.01211008	24.47967005	-12.49987175	-10.55584652	3.53510778	5.55373624
0.31666667	-18.55788967	24.65669126	24.10184419	-12.38923695	-10.40285341	3.44669983	5.43620670
0.32500000	-18.60716315	24.72277137	24.17820882	-12.41304941	-10.43272237	3.46915882	5.47396085
0.33333333	-18.69573082	24.83138284	24.29426657	-12.44988905	-10.46776748	3.50635280	5.52487976
0.34166667	-18.78230177	24.97561797	24.47611926	-12.50721924	-10.61661322	3.56384746	5.57046660
0.35000000	-18.80393315	24.97005198	24.43702374	-12.47227335	-10.51402466	3.52917369	5.56495035
0.35833333	-18.72669049	24.87307143	24.34339572	-12.43957743	-10.49078518	3.44040402	5.47215349
0.36666667	-18.55511562	24.66546271	24.10837579	-12.40212907	-10.42177827	3.43429543	5.42899517
0.37500000	-18.45763283	24.54341696	23.96640905	-12.38663403	-10.36860749	3.37467372	5.45161669
0.38333333	-18.53205319	24.65004249	24.11386285	-12.41496054	-10.48289076	3.46316975	5.49480069
0.39166667	-18.61099365	24.72920930	24.20866095	-12.41599179	-10.46911826	3.47571801	5.47348934
0.40000000	-18.67948860	24.81404694	24.28528188	-12.44704881	-10.49031247	3.50684973	5.51703584
0.40833333	-18.67687297	24.80804706	24.28071181	-12.43476213	-10.47736445	3.47267298	5.47615825
0.41666667	-18.71337162	24.86214198	24.34226269	-12.46507542	-10.50840771	3.51392708	5.51915224
0.42500000	-18.74418679	24.89570752	24.37329139	-12.46139694	-10.50496284	3.51803508	5.52698624
0.43333333	-18.44004203	24.50360628	23.96072591	-12.35453103	-10.36788364	3.47671583	5.41881580
0.44166667	-18.52157757	24.61922941	24.08559715	-12.39835922	-10.43599161	3.51368380	5.48363617
0.45000000	-18.58035031	24.67178971	24.14467647	-12.38535286	-10.42136755	3.49351103	5.48753333
0.45833333	-18.53033545	24.61432780	24.07717615	-12.37801341	-10.40239714	3.47216711	5.44205042
0.46666667	-18.59070921	24.70148581	24.16636343	-12.41372966	-10.44091207	3.50802667	5.49209574
0.47500000	-18.63936997	24.75503789	24.22042222	-12.42243371	-10.44285504	3.49444938	5.49305495
0.48333333	-18.68966306	24.81742614	24.28572568	-12.43966126	-10.46325622	3.51555133	5.51800933
0.49166667	-18.70449578	24.83913066	24.30159605	-12.44051049	-10.45618908	3.49726512	5.49937301
0.50000000	-18.75563637	24.89953349	24.36037917	-12.45096446	-10.46137721	3.51373923	5.51874665
0.50833333	-18.65522842	24.78197255	24.22523799	-12.43082060	-10.41999759	3.44826608	5.43376885
0.51666667	-18.70879278	24.87237159	24.33360752	-12.47168143	-10.50546917	3.50946716	5.48508348
0.52500000	-18.77781320	24.92293339	24.40281782	-12.45868717	-10.49193178	3.53472562	5.53224997
0.53333333	-18.54676979	24.63063633	24.08142537	-12.37898482	-10.37274142	3.45330435	5.43992138
0.54166667	-18.61041404	24.75367980	24.23572786	-12.46435499	-10.51188606	3.50523909	5.49267479
0.55000000	-18.68215966	24.80538871	24.27178095	-12.42749060	-10.45360192	3.52762460	5.54501766
0.55833333	-18.59308292	24.69501405	24.15022931	-12.40284991	-10.40353387	3.44655556	5.45612805
0.56666667	-18.64834809	24.76102226	24.22080836	-12.41441899	-10.42290700	3.48433875	5.49578738
0.57500000	-18.66286241	24.76725958	24.23910494	-12.39734138	-10.42000108	3.45347176	5.46092025
0.58333333	-18.71158542	24.83047439	24.30282218	-12.41259596	-10.43935562	3.45728250	5.45217879
0.59166667	-18.78279589	24.93520460	24.41797591	-12.45909858	-10.50038642	3.50588913	5.50591278
0.60000000	-18.78246307	24.91724778	24.40837230	-12.42707025	-10.46306005	3.48563259	5.48106228
0.60833333	-18.65629347	24.77039047	24.22246006	-12.40236454	-10.40339449	3.42931425	5.40915655
0.61666667	-18.40963523	24.43568838	23.90603806	-12.30244680	-10.32621911	3.41966886	5.43691983
0.62500000	-18.49140190	24.54837374	24.00772881	-12.33794720	-10.34395518	3.45013028	5.46259272
0.63333333	-18.56411457	24.64054045	24.10767725	-12.36957456	-10.37526188	3.48723271	5.50512702
0.64166667	-18.61056371	24.69638500	24.15581283	-12.37599017	-10.36443500	3.48565509	5.50784650
0.65000000	-18.57663406	24.65812699	24.11703495	-12.37231346	-10.35433757	3.44018185	5.43711844
0.65833333	-18.63187858	24.72588684	24.18264470	-12.38932915	-10.36605350	3.47930703	5.47223440
0.66666667	-18.65450064	24.75671286	24.21718339	-12.39144579	-10.37122158	3.47516985	5.45736211
0.67500000	-18.69302617	24.80353637	24.27088965	-12.40379033	-10.38920125	3.49455563	5.46296929
0.68333333	-18.74662386	24.88895325	24.36472321	-12.43937271	-10.45710329	3.52944774	5.48500984
0.69166667	-18.75319423	24.88333665	24.34170506	-12.42177944	-10.39262237	3.50178790	5.46125843
0.70000000	-18.80356900	24.99390944	24.47943655	-12.49721290	-10.52538465	3.54521712	5.49334748
0.70833333	-18.74965458	24.88280013	24.33789997	-12.41379912	-10.38169762	3.45486543	5.42241576
0.71666667	-18.78276368	24.93765557	24.38892295	-12.45808731	-10.40882381	3.49605115	5.47225363
0.72500000	-18.81247422	24.97956290	24.43648877	-12.46802626	-10.42848491	3.51095797	5.48261477
0.73333333	-18.81190452	24.95903190	24.40066366	-12.43361034	-10.36353520	3.47995607	5.45315655
0.74166667	-18.84831498	25.02232831	24.48037305	-12.45953990	-10.43480514	3.51640747	5.47797844
0.75000000	-18.78752427	24.92976443	24.38089045	-12.41691201	-10.37431034	3.44571848	5.38347358
0.75833333	-18.82971667	24.99555007	24.44903370	-12.45587268	-10.40667367	3.49213825	5.42716198
0.76666667	-18.67577086	24.79173414	24.23826625	-12.38990821	-10.32144679	3.41510063	5.32418276
0.77500000	-18.73051777	24.87710897	24.34075641	-12.42232416	-10.38700344	3.47393040	5.37625414
0.78333333	-18.43450344	24.48090942	23.93200461	-12.30850326	-10.23504371	3.41817899	5.31898080
0.79166667	-18.54214624	24.63703887	24.09594589	-12.35227303	-10.31386362	3.47106851	5.37411044
0.80000000	-18.60329338	24.72605518	24.18764884	-12.40279154	-10.33915895	3.47326609	5.38613120
0.80833333	-18.63667257	24.75611021	24.19162081	-12.38866387	-10.29665811	3.40955362	5.30200821
0.81666667	-18.67889262	24.80530266	24.24732719	-12.39151488	-10.30734514	3.43810955	5.32665640
0.82500000	-18.72495501	24.86856434	24.31501485	-12.41293012	-10.33422963	3.47199671	5.36220744
0.83333333	-18.73467564	24.86951994	24.31175818	-12.39769640	-10.30686460	3.44120223	5.33661868
0.84166667	-18.78018229	24.94790197	24.40742141	-12.43821893	-10.38053713	3.49088536	5.37982452
0.85000000	-18.78888726	24.93714274	24.39217454	-12.42121209	-10.32621852	3.47666598	5.37596866
0.85833333	-18.58382076	24.68858171	24.12333041	-12.38177638	-10.26985719	3.45640346	5.36015675
0.86666667	-18.64320005	24.80907013	24.27939988	-12.46620217	-10.40747393	3.50762997	5.40420042
0.87500000	-18.70194828	24.85696234	24.31449825	-12.43724077	-10.35912220	3.52448233	5.44437174
0.88333333	-18.74482672	24.88472267	24.33853903	-12.41302124	-10.31966722	3.50117992	5.43705029
0.89166667	-18.78656163	24.97758781	24.44926885	-12.47526616	-10.42590551	3.52608649	5.45295038
0.90000000	-18.79629864	24.94747819	24.39851927	-12.42152033	-10.32908195	3.47248387	5.40362491
0.90833333	-18.62858541	24.75387263	24.16967435	-12.37572835	-10.25251243	3.41751956	5.36211634
0.91666667	-18.67877751	24.80668915	24.27555213	-12.38678603	-10.32167083	3.45633666	5.36401151
0.92500000	-18.70546266	24.83898108	24.31143048	-12.38903451	-10.32062709	3.44671299	5.34829062
0.93333333	-18.75971913	24.92833940	24.41033594	-12.42766864	-10.39227740	3.49508503	5.39144880
0.94166667	-18.77047303	24.92431686	24.40177717	-12.41365843	-10.35479243	3.45128693	5.35200105
0.95000000	-18.66632006	24.79835530	24.25757643	-12.39068356	-10.29925918	3.43712853	5.31722096
0.95833333	-18.72405069	24.88831373	24.35802958	-12.43481226	-10.36657924	3.49021848	5.37157444
0.96666667	-18.74670939	24.89796248	24.37526068	-12.40968797	-10.33887052	3.47036941	5.36700973
0.97500000	-18.78281820	24.93965168	24.43139768	-12.40613578	-10.36216390	3.46198495	5.36192699
0.98333333	-18.78879826	24.94826515	24.42231252	-12.41264302	-10.34301391	3.43418915	5.33940888
0.99166667	-18.83497640	25.02157800	24.51559519	-12.45304604	-10.40575931	3.48492884	5.38999731
1.00000000	-18.78883330	24.94864159	24.44057539	-12.41423641	-10.35253148	3.42358360	5.32481737
1.00833333	-18.82932208	25.01248667	24.51203649	-12.45181836	-10.39629467	3.47937359	5.38471826
1.01666667	-18.80537322	24.96805590	24.47134620	-12.41886212	-10.36730919	3.45530151	5.35889005
1.02500000	-18.85562213	25.04992228	24.55701765	-12.46434006	-10.42499031	3.50947086	5.41666598
1.03333333	-18.53035089	24.62331959	24.12348446	-12.33963259	-10.28977639	3.42420367	5.33538766
1.04166667	-18.61303637	24.72660896	24.23235781	-12.36026323	-10.32029813	3.42035898	5.33003150
1.05000000	-18.68158470	24.84259741	24.35746313	-12.41686372	-10.40590270	3.47700324	5.38451804
1.05833333	-18.70225194	24.84956525	24.35981383	-12.39530468	-10.36166378	3.43278849	5.33958635
1.06666667	-18.75668476	24.93085149	24.45944911	-12.42785322	-10.42895785	3.48288902	5.38317014
1.07500000	-18.81760066	25.00105789	24.50145669	-12.44731704	-10.39190177	3.48771884	5.40510280
1.08333333	-18.72078287	24.88392568	24.39691740	-12.41547528	-10.38408625	3.42140203	5.32015400
1.09166667	-18.77000576	24.92553879	24.44781656	-12.41341264	-10.37852933	3.46193094	5.35794072
1.10000000	-18.61121029	24.72526911	24.25178042	-12.34797283	-10.33429245	3.42654940	5.29600775
1.10833333	-18.65593202	24.78686581	24.30091427	-12.37722188	-10.33540347	3.41967757	5.30729897
1.11666667	-18.69484742	24.83561158	24.36276326	-12.37943109	-10.35871096	3.44315966	5.32291674
1.12500000	-18.71038954	24.85629291	24.38606012	-12.38853637	-10.36328575	3.43244417	5.30967873
1.13333333	-18.64649473	24.76851543	24.30807338	-12.37092567	-10.34463743	3.44146206	5.31464288
1.14166667	-18.68597523	24.82673945	24.35888404	-12.39174260	-10.35699568	3.46671324	5.33596987
1.15000000	-18.69952191	24.84197733	24.37857958	-12.39325127	-10.35919888	3.45271920	5.31986334
1.15833333	-18.73997838	24.89511519	24.43512719	-12.41524603	-10.37825074	3.48528785	5.35556890
1.16666667	-18.74538699	24.89854798	24.44586326	-12.40656835	-10.37558848	3.46791687	5.33690196
1.17500000	-18.78512196	24.95747505	24.50516686	-12.43690402	-10.40070646	3.49868176	5.37354816
1.18333333	-18.76658696	24.92262385	24.47255580	-12.40479308	-10.37447536	3.44476336	5.32146474
1.19166667	-18.80611638	24.97346240	24.52128011	-12.43397342	-10.38831054	3.46670928	5.36576822
1.20000000	-18.87164378	25.05909463	24.61632072	-12.44960058	-10.41523922	3.48822105	5.40157718
1.20833333	-18.88040453	25.05977098	24.61425269	-12.42926079	-10.39618401	3.46566501	5.38234795
1.21666667	-18.81651086	24.98664597	24.55196286	-12.41173800	-10.38823947	3.41930746	5.32356412
1.22500000	-18.67641673	24.80735324	24.34625366	-12.36842997	-10.32716126	3.42150296	5.31173469
1.23333333	-18.73518054	24.87911918	24.43450557	-12.39149161	-10.36460887	3.46557890	5.35848363
1.24166667	-18.78120448	24.95092415	24.51530905	-12.42628961	-10.40208012	3.47468296	5.37353515
1.25000000	-18.68909166	24.82673473	24.37316804	-12.38104446	-10.34668409	3.41371751	5.28658200
1.25833333	-18.73955420	24.89261835	24.46408134	-12.40166518	-10.40040796	3.46281445	5.33797938
1.26666667	-18.76937729	24.91520611	24.50947185	-12.37572931	-10.41212906	3.42782453	5.32411399
1.27500000	-18.82085435	24.98508207	24.58413121	-12.40920967	-10.44850080	3.46415738	5.36769155
1.28333333	-18.86874001	25.04036425	24.65404028	-12.40252276	-10.47151278	3.45908908	5.36710587
1.29166667	-18.56181960	24.64634837	24.23124875	-12.31041109	-10.33067364	3.42185149	5.29302494
1.30000000	-18.64250373	24.76111888	24.35093648	-12.36081932	-10.39495295	3.47379241	5.34787114
1.30833333	-18.72948353	24.85407320	24.43166722	-12.35931116	-10.36512782	3.44854160	5.32112647
1.31666667	-18.78286271	24.94908664	24.51886555	-12.42215628	-10.41818165	3.50304128	5.37493946
1.32500000	-18.79028649	24.93781086	24.50650415	-12.40409553	-10.37643866	3.47242552	5.32681125
1.33333333	-18.82467947	24.99326990	24.55542557	-12.44232009	-10.40292869	3.50449452	5.36398836
1.34166667	-18.89471911	25.08308765	24.66851067	-12.45821702	-10.47095105	3.54869497	5.40080227
1.35000000	-18.68343622	24.79564315	24.35972165	-12.36530555	-10.32574632	3.44830157	5.28431554
1.35833333	-18.71666941	24.82539179	24.40395325	-12.36281300	-10.33835813	3.46726059	5.30920612
1.36666667	-18.76326582	24.87924100	24.45991551	-12.36513679	-10.34452275	3.45279463	5.30878161
1.37500000	-18.80347243	24.93155347	24.51216725	-12.37972694	-10.35767340	3.46384907	5.32054390
1.38333333	-18.66521983	24.74715463	24.34527365	-12.31986184	-10.33303540	3.45511117	5.28473064
1.39166667	-18.72247832	24.82714233	24.40798317	-12.36568692	-10.33216189	3.47652616	5.32864013
1.40000000	-18.74538991	24.85570425	24.43814328	-12.36119662	-10.32491657	3.44411868	5.29253405
1.40833333	-18.77106536	24.88354140	24.46720505	-12.36986996	-10.33052745	3.44690770	5.28213686
1.41666667	-18.82155277	24.94780560	24.53625211	-12.40007057	-10.35132058	3.48788802	5.32411571
1.42500000	-18.81479820	24.93441784	24.52547936	-12.37593523	-10.34062313	3.45713531	5.27876332
1.43333333	-18.86973632	24.99104061	24.59884399	-12.38501715	-10.36140038	3.47747808	5.29918600
1.44166667	-18.79676563	24.90272983	24.51308370	-12.36598296	-10.34529832	3.44753059	5.26760795
1.45000000	-18.86716638	24.99458134	24.62423608	-12.39934886	-10.40004701	3.50400054	5.33690733
1.45833333	-18.90518873	25.03332156	24.66996077	-12.39775658	-10.40614044	3.51899558	5.36203651
1.46666667	-18.88038138	24.98281443	24.62483299	-12.35762606	-10.37392322	3.45882820	5.32337418
1.47500000	-18.93534377	25.06849994	24.73007875	-12.40005312	-10.45717283	3.51350755	5.37462278
1.48333333	-18.96410746	25.07542768	24.74636530	-12.37913006	-10.43168185	3.50535157	5.37677671
1.49166667	-18.84911283	24.89037353	24.57726639	-12.31383700	-10.34547399	3.47789047	5.28114143
1.50000000	-18.76806505	24.96674606	24.46108508	-12.44536317	-10.34220037	3.43588992	5.28143396
1.50833333	-18.80676191	25.11849492	24.62728445	-12.59401349	-10.52987814	3.49228186	5.32190127
1.51666667	-18.84402940	25.11981440	24.55895515	-12.53118033	-10.37216961	3.50152247	5.34602632
1.52500000	-18.53013636	24.68428456	24.14545454	-12.35961589	-10.28449674	3.40501843	5.26321968
1.53333333	-18.60230431	24.75438607	24.24621452	-12.36359776	-10.31664818	3.41610108	5.29452898
1.54166667	-18.65936826	24.81834410	24.31966598	-12.37291916	-10.33840072	3.42340656	5.31389733
1.55000000	-18.51016183	24.63922969	24.13056802	-12.34111922	-10.30347211	3.38427695	5.29301820
1.55833333	-18.58307265	24.72873076	24.23729506	-12.35657536	-10.34101332	3.41533319	5.32321096
1.56666667	-18.64417399	24.82134490	24.33137986	-12.39943506	-10.39899270	3.45916318	5.37083969
1.57500000	-18.57465043	24.72263529	24.20805760	-12.36502773	-10.32490277	3.39301667	5.30716766
1.58333333	-18.63014515	24.79321445	24.28848319	-12.38683120	-10.35366983	3.43992570	5.35653153
1.59166667	-18.61889605	24.76791586	24.26946374	-12.36449663	-10.33999761	3.39253083	5.30840613
1.60000000	-18.60509696	24.77898851	24.24349023	-12.38303171	-10.32309853	3.38699729	5.31071861
1.60833333	-18.61320826	24.78522681	24.25550068	-12.38013753	-10.32371829	3.39018759	5.30905539
1.61666667	-18.67622898	24.88684706	24.37447048	-12.42668646	-10.41117194	3.44467096	5.36197231
1.62500000	-18.59394815	24.76419223	24.23131451	-12.37005721	-10.31114517	3.37825127	5.29063690
1.63333333	-18.67295257	24.89700092	24.38022933	-12.44351323	-10.42269242	3.43593641	5.35250307
1.64166667	-18.70827878	24.89549011	24.37819815	-12.39359717	-10.35195835	3.41370977	5.34840542
1.65000000	-18.73733561	24.93106771	24.42032895	-12.41049192	-10.37321107	3.42199644	5.36247042
1.65833333	-18.69795756	24.86369431	24.35618966	-12.38436030	-10.33544118	3.37763142	5.31831994
1.66666667	-18.75593953	24.95774133	24.47658697	-12.44110979	-10.44594965	3.44619552	5.38159995
1.67500000	-18.74405908	24.90361321	24.40909312	-12.38534144	-10.36802158	3.42718119	5.36900085
1.68333333	-18.68668934	24.83261040	24.33518259	-12.37548966	-10.34655651	3.40838047	5.35304258
1.69166667	-18.57041616	24.68539410	24.18768365	-12.35770075	-10.32247570	3.40860536	5.36099254
1.70000000	-18.62632374	24.73374121	24.28568575	-12.35387360	-10.38251795	3.46037554	5.41150959
1.70833333	-18.68962594	24.82175168	24.40684020	-12.38942978	-10.48782793	3.50116892	5.46101913
1.71666667	-18.63777953	24.71546485	24.32064155	-12.31789789	-10.43861892	3.40415615	5.44811089
1.72500000	-18.51258152	24.53971325	24.16108057	-12.28030102	-10.42214394	3.43147091	5.46967904
1.73333333	-18.57252643	24.61228873	24.28794846	-12.31032247	-10.53472576	3.46740278	5.55124911
1.74166667	-18.61273342	24.62821852	24.37620570	-12.26947260	-10.63487951	3.44836174	5.62023685
1.75000000	-18.64573754	24.64104143	24.47094395	-12.26096058	-10.74656452	3.46459340	5.70574844
1.75833333	-18.65287269	24.62471576	24.53555669	-12.21905992	-10.86916760	3.46576930	5.78819469
1.76666667	-18.62384413	24.55495930	24.55690503	-12.16093249	-10.97055921	3.45147472	5.86913112
1.77500000	-18.63206150	24.55589701	24.62545588	-12.15563548	-11.09294900	3.48815904	5.93855227
1.78333333	-18.58186609	24.47848915	24.61901007	-12.10606529	-11.18727750	3.46145037	6.00318187
1.79166667	-18.61108903	24.55371496	24.77111946	-12.16944947	-11.39257491	3.51109812	6.04354328
1.80000000	-18.49423435	24.28925622	24.65815703	-11.94672845	-11.41218100	3.39853005	6.12603108
1.80833333	-18.50191951	24.39164897	24.85797927	-12.10617708	-11.69161887	3.45079737	6.15145839
1.81666667	-18.48134787	24.14932652	24.88889873	-11.81806097	-11.79491600	3.43400985	6.25465488
1.82500000	-18.46926702	24.09039130	24.89752950	-11.80223187	-11.73698746	3.38707897	6.11798226
1.83333333	-18.48466792	24.09290312	25.04906839	-11.80964192	-11.97279431	3.44974970	6.20122438
1.84166667	-18.47455313	24.05590021	25.15673414	-11.80015016	-12.18848873	3.48852669	6.32620905
1.85000000	-18.42410769	23.97289835	25.24353494	-11.78355835	-12.43043116	3.50469195	6.47424204
1.85833333	-18.31940414	23.78173591	25.24477596	-11.71463963	-12.60619569	3.42919904	6.60999048
1.86666667	-18.29495303	23.84265568	25.35655978	-11.83142681	-12.84345947	3.49202190	6.66157863
1.87500000	-18.12160001	23.65023181	25.27420797	-11.83529568	-13.01938519	3.46542167	6.80055607
1.88333333	-18.11428017	23.74294011	25.44912866	-12.03447987	-13.32268074	3.52360645	6.81720441
1.89166667	-17.97975222	23.52034165	25.42539502	-11.93853636	-13.51869428	3.51278409	7.02031354
1.90000000	-17.97721551	23.63189055	25.58711343	-12.18108676	-13.81556398	3.56128141	7.03398224
1.90833333	-17.73880168	23.26722650	25.31749219	-12.01087024	-13.78113345	3.44418528	7.01266439
1.91666667	-17.72075777	23.29084325	25.41333479	-12.13548807	-14.01299514	3.52259542	7.13419049
1.92500000	-17.70585302	23.40407909	25.56308179	-12.41061117	-14.29778137	3.57655027	7.15791364
1.93333333	-17.60785588	23.24078326	25.51856318	-12.38078570	-14.43231119	3.70018245	7.39072070
1.94166667	-17.39387511	22.95504859	25.34236415	-12.34917714	-14.49530742	3.60449034	7.39736139
1.95000000	-17.39766853	22.96840145	25.42678988	-12.47233661	-14.66221609	3.72468407	7.49540061
1.95833333	-17.38840296	23.08458921	25.54621667	-12.75412619	-14.90082019	3.78288717	7.52373127
1.96666667	-17.32927928	23.06865539	25.46722944	-12.89492544	-14.93104966	3.91695863	7.75468856
1.97500000	-17.29104748	23.20936468	25.56377360	-13.23215350	-15.18578998	3.95717376	7.76467650
1.98333333	-17.02953410	22.86618832	25.15395227	-13.16143158	-15.00349823	3.77903848	7.71795863
1.99166667	-17.01314696	22.95824673	25.18197974	-13.46360104	-15.11194064	3.92571519	7.81868484
2.00000000	-16.98111098	22.99766567	25.21919567	-13.69252333	-15.24837511	3.91881157	7.93279629
2.00833333	-16.85937325	23.05078361	25.12857562	-14.09339476	-15.34904774	4.08479992	8.04035675
2.01666667	-16.75632551	23.11249644	25.04101710	-14.50436336	-15.43475499	4.23762583	8.15075469
2.02500000	-16.68933645	23.24365696	25.09791691	-14.94236667	-15.69145743	4.27355604	8.15544440
2.03333333	-16.30594782	22.93768966	24.49831612	-15.12022547	-15.53550134	4.08595029	8.30951214
2.04166667	-16.22612048	23.09628270	24.55294604	-15.61038376	-15.80270035	4.12449536	8.31463477
2.05000000	-16.02470511	23.19643231	24.24409163	-16.27723028	-15.74190619	4.52133758	8.60012871
2.05833333	-15.61563895	22.92974657	23.73892263	-16.59558214	-15.68639329	4.09302286	8.53586902
2.06666667	-15.53124417	23.17060235	23.68047223	-17.31478781	-15.80510870	4.34433215	8.67674979
2.07500000	-15.50936958	23.47851756	23.68769739	-17.88745452	-15.94960730	4.02345655	8.75357138
2.08333333	-15.37112541	23.77605713	23.59646322	-18.77092868	-16.11996979	4.25272016	8.91571676
2.09166667	-15.12022037	23.87433266	23.39116911	-19.44475655	-16.29416676	3.90030608	9.01827511
2.10000000	-14.91817767	24.17040669	23.26909308	-20.41654767	-16.51028147	4.03899579	9.22880118
2.10833333	-14.59710743	24.27673172	22.95721918	-21.19524691	-16.65928083	3.53774362	9.37107350
2.11666667	-14.36299422	24.65581773	22.71555752	-22.30347532	-16.80398626	3.54735892	9.58472974
2.12500000	-13.98440902	24.76559590	22.33589761	-23.16312559	-16.96914547	2.83551544	9.74610392
2.13333333	-13.72591217	25.11401109	22.09932515	-24.32272010	-17.12663296	2.75634563	9.87443517
2.14166667	-13.46227852	25.51316248	21.81591086	-25.50170683	-17.20868241	2.22817600	9.99543838
2.15000000	-13.14365118	25.94656533	21.57549009	-26.81775575	-17.39906618	1.94477763	10.06110938
2.15833333	-12.87977470	26.35687200	21.33354535	-27.91428647	-17.52466728	0.52111028	10.13528609
2.16666667	-12.55582831	26.89812614	21.03311787	-29.39104128	-17.68742235	0.07857801	10.29394412
2.17500000	-12.23021831	27.40472724	20.68542801	-30.83078885	-17.75883770	-0.25517811	10.32475606
2.18333333	-11.92519969	28.03069870	20.34488327	-32.37850637	-17.83722174	-0.80997351	10.46507720
2.19166667	-11.55995095	28.54379382	20.01649587	-33.67936818	-18.10799360	-2.88026149	10.77596666
2.20000000	-11.20622013	29.13961627	19.62681854	-35.23802277	-18.12584453	-3.24028941	10.82727168
2.20833333	-10.55168759	29.45092266	18.88358805	-36.71396087	-18.19823833	-4.60800798	11.10255755
2.21666667	-10.20101932	30.06820707	18.47580655	-38.23671714	-18.19470729	-4.96197784	11.12000165
2.22500000	-9.88512050	30.74442476	18.08710823	-39.74259819	-18.15548638	-5.46789417	11.17019656
2.23333333	-9.33946078	31.10813650	17.39114421	-41.06586614	-18.12264785	-6.81055480	11.33983307
2.24166667	-9.04485082	31.76231476	17.01305522	-42.38826817	-18.09658438	-7.11284642	11.38114147
2.25000000	-8.79421351	32.35896996	16.64283908	-43.51741382	-18.00036950	-7.21581564	11.38948584
2.25833333	-8.42267534	32.77941799	16.19069361	-44.49272800	-18.04102771	-7.83301655	11.57121167
2.26666667	-8.20085421	33.27888168	15.86356824	-45.30080846	-17.97167607	-7.79553375	11.57436308
2.27500000	-7.99477960	33.78152185	15.59370850	-46.03569512	-17.95732961	-7.58328060	11.62115699
2.28333333	-7.82339688	34.22950667	15.30322823	-46.55208219	-17.86592398	-7.54155041	11.63198092
2.29166667	-7.59282226	34.55263253	15.03707323	-46.93352776	-17.86615064	-7.35115795	11.67394219
2.30000000	-7.17681550	34.56062177	14.48629853	-46.96646371	-17.78483195	-8.26013182	11.80961823
2.30833333	-7.06480279	34.99805572	14.27719570	-47.13135294	-17.70290232	-8.15679406	11.81713601
2.31666667	-6.57354835	34.79960294	13.63636389	-46.91660058	-17.59661712	-8.68014247	11.83838574
2.32500000	-6.48030278	35.04403787	13.46721916	-46.73769285	-17.54907828	-8.52191378	11.83648614
2.33333333	-6.49094817	35.27870475	13.38448183	-46.41447354	-17.44692673	-8.47119087	11.86228385
2.34166667	-6.45127152	35.54307420	13.21214482	-46.03689933	-17.34503452	-8.36362896	11.89660991
2.35000000	-6.25661008	35.49299624	12.85277371	-45.39190520	-17.20471849	-8.83888853	11.91509919
2.35833333	-6.28057973	35.76498265	12.73493965	-44.82799530	-17.11657554	-8.76651596	11.95565455
2.36666667	-6.21332362	35.87557507	12.51825221	-44.20988238	-17.02025753	-8.67825750	12.00020614
2.37500000	-6.14469605	35.94230476	12.32997564	-43.46517141	-16.96230389	-8.73707691	12.05623268
2.38333333	-5.59199760	35.35814155	11.52076174	-42.50336022	-16.74765393	-9.38748279	12.08421528
2.39166667	-5.64364965	35.52125990	11.45060376	-41.67435377	-16.70573292	-9.46425490	12.16110446
2.40000000	-5.59486539	35.50012105	11.24226206	-40.77047365	-16.64654645	-9.94859804	12.30643240
2.40833333	-5.56205598	35.48838455	11.05071663	-39.81655257	-16.60944869	-10.40951307	12.44874464
2.41666667	-5.25808365	35.08256896	10.58237849	-38.69798109	-16.55759693	-11.16130834	12.58674868
2.42500000	-5.21694969	35.01966323	10.49977311	-37.69807476	-16.68688838	-11.73850724	12.72840952
2.43333333	-4.97236045	34.60964707	10.20481253	-36.56348682	-16.76030587	-12.60777926	12.96206752
2.44166667	-4.88417460	34.41676321	10.06106680	-35.47556917	-16.88838803	-13.42825862	13.18616297
2.45000000	-4.94159346	34.35632116	9.91413887	-34.35271948	-16.92394919	-14.18741581	13.46860349
2.45833333	-4.83779291	34.09275758	9.88617973	-33.26058886	-17.23718237	-14.98958185	13.75969328
2.46666667	-4.59001301	33.63059445	9.62866569	-32.13476097	-17.45579666	-15.66238887	13.98050954
2.47500000	-4.53406218	33.39650552	9.65904365	-31.04755006	-17.83747109	-16.49520478	14.30761320
2.48333333	-4.49130916	33.17683475	9.72865004	-29.99198421	-18.29993476	-17.14675386	14.53200591
2.49166667	-4.42467626	32.88307993	9.75439208	-28.88896729	-18.72561431	-18.16315672	14.97915243
2.50000000	-4.48128910	32.68502614	9.79911480	-27.78432541	-19.09967682	-18.70130572	15.24068240
2.50833333	-4.41347416	32.39851924	9.88590195	-26.71837281	-19.63245516	-19.74865804	15.79815227
2.51666667	-4.29631699	31.98874995	9.91869308	-25.76473413	-20.06754008	-19.85129048	15.96628044
2.52500000	-4.26304411	31.71503594	10.09043958	-24.74560032	-20.72883451	-20.71117312	16.46409517
2.53333333	-4.27828280	31.40195720	10.37467695	-23.72578825	-21.46742964	-21.34504119	16.99502083
2.54166667	-4.38028777	31.28424302	10.53598168	-22.77425559	-22.06318929	-22.03476179	17.49112680
2.55000000	-4.35967064	31.00034054	10.84681249	-21.84950003	-22.95553120	-22.48688752	17.86514111
2.55833333	-4.42734356	30.78993504	11.34150168	-20.98644250	-23.95787467	-23.28834695	18.73979145
2.56666667	-4.74503188	30.94490981	12.18184304	-20.41012662	-25.02269347	-23.03294353	19.23777980
2.57500000	-4.70276189	30.61567184	12.40691107	-19.61110371	-25.83251590	-23.55098855	19.81807531
2.58333333	-5.03580154	30.78523225	13.13055096	-19.13366872	-26.80076340	-23.22794051	20.32941508
2.59166667	-5.02610312	30.50690222	13.47763162	-18.41409405	-27.78997240	-23.53629403	21.02675758
2.60000000	-4.96514658	30.18842653	13.80122819	-17.79986798	-28.79144851	-23.72036653	21.33221908
2.60833333	-5.40980381	30.50774093	14.77084924	-17.52953733	-29.95990384	-23.31631984	22.23647766
2.61666667	-5.39051981	30.23762161	15.07837153	-16.97884582	-30.94536553	-23.55077243	22.90695428
2.62500000	-5.34901370	29.92167477	15.37838297	-16.48324143	-31.98759800	-23.67916110	23.26051611
2.63333333	-5.87456275	30.35006131	16.50916802	-16.29447056	-33.34700785	-23.32812194	24.31250978
2.64166667	-5.85740791	30.06840163	16.81635881	-15.88913544	-34.37234866	-23.47464457	25.01219519
2.65000000	-6.26685054	30.36584503	17.67594645	-15.70958108	-35.59933163	-23.25379101	25.75621108
2.65833333	-6.28265877	30.11916103	18.03477496	-15.39971053	-36.68373504	-23.37132509	26.50446192
2.66666667	-6.18234083	29.73866440	18.34056978	-15.13865109	-37.83700540	-23.46437704	26.87853566
2.67500000	-6.36521851	29.72836124	18.93098975	-14.97346769	-39.01263797	-23.49167667	27.90814927
2.68333333	-6.72993261	30.00940142	19.72396843	-14.97520142	-40.25286547	-23.37716199	28.61910129
2.69166667	-6.83082431	29.90459016	20.30428750	-14.88427630	-41.50784763	-23.52117914	29.31409019
2.70000000	-6.74864399	29.53698373	20.57909041	-14.74965162	-42.62948421	-23.65602188	29.68842711
2.70833333	-7.06920986	29.67103745	21.32051879	-14.71393198	-43.86435239	-23.82148426	30.69884572
2.71666667	-7.53409856	30.05197947	22.25536387	-14.85061230	-45.12911254	-23.94132203	31.24859564
2.72500000	-7.55658680	29.76510175	22.70252874	-14.71026171	-46.33585127	-24.21188524	31.88347562
2.73333333	-7.49686457	29.42204700	22.91413600	-14.64611058	-47.39707071	-24.36696608	32.18491062
2.74166667	-8.28755845	30.15049952	24.24467463	-14.74653678	-48.77080136	-24.74450271	33.08702382
2.75000000	-8.24175218	29.77675915	24.55440237	-14.66540878	-49.90302124	-25.09293793	33.77218784
2.75833333	-8.37050194	29.62373739	24.99044462	-14.63522683	-51.00029935	-25.45227798	34.31926737
2.76666667	-8.38010774	29.34771207	25.24762020	-14.62616476	-52.06686459	-25.60209443	34.59472433
2.77500000	-8.62718282	29.33103307	25.92313866	-14.68128646	-53.28519146	-26.14587877	35.47421610
2.78333333	-8.62322238	29.04224134	26.23273358	-14.72223565	-54.42269308	-26.27651114	35.66587810
2.79166667	-9.64246481	29.97543985	27.89145148	-14.99974435	-55.90009202	-26.84575171	36.31452599
2.80000000	-9.65159791	29.68822933	28.15502522	-15.07161654	-57.00434633	-27.14987530	36.82486685
2.80833333	-9.73896930	29.50173230	28.53442916	-15.20305051	-58.14326611	-27.48266576	37.28247146
2.81666667	-9.92360815	29.37942879	29.10463088	-15.33675384	-59.38152330	-27.84009524	37.66527149
2.82500000	-9.93486732	29.07112759	29.34992821	-15.42758355	-60.48277621	-27.86517986	37.81669808
2.83333333	-10.69224088	29.72830783	30.67363275	-15.78389451	-61.97229409	-27.50287633	38.38254640
2.84166667	-10.70301479	29.41156945	31.00013662	-15.90834795	-63.15050818	-26.70564889	38.61974627
2.85000000	-11.04207481	29.56976477	31.78810649	-16.27813609	-64.49600567	-25.05773050	38.80137360
2.85833333	-11.02881509	29.26978986	32.09453196	-16.41254857	-65.72822493	-23.45747100	38.93740806
2.86666667	-11.42294163	29.51444388	33.02464442	-16.85387646	-67.19104621	-20.78631484	39.03143888
2.87500000	-11.36510758	29.20523633	33.28244590	-17.01964600	-68.43782205	-18.60855553	39.00056084
2.88333333	-11.75690481	29.51090500	34.21647632	-17.41400803	-69.96417515	-16.05597941	39.00509413
2.89166667	-11.67228700	29.24138130	34.48243811	-17.59440255	-71.25962189	-14.44404864	38.82419715
2.90000000	-11.73911566	29.16563750	35.07303655	-17.81430136	-72.77551786	-12.08797472	38.56150361
2.90833333	-11.69955067	29.05146252	35.42775170	-18.12409570	-74.14847112	-10.30181441	38.15281251
2.91666667	-11.61881498	28.95040111	35.90921818	-18.49174078	-75.70866564	-8.55115923	37.62950152
2.92500000	-11.50666075	28.81970446	36.29645660	-18.88673549	-77.21426327	-6.91640360	36.93407691
2.93333333	-11.37724052	28.77187050	36.78007083	-19.42163718	-78.88146555	-5.45146888	36.15197196
2.94166667	-11.58029822	29.11562379	37.67370439	-19.86801398	-80.66357628	-3.80012356	35.08347676
2.95000000	-11.30975114	28.96000977	38.22719472	-20.50811713	-82.50365752	-2.48280544	33.80470660
2.95833333	-10.99957249	28.79153307	38.83724411	-21.17505234	-84.42570130	-1.26561423	32.36978461
2.96666667	-11.03383985	29.02668025	39.93585142	-21.79641988	-86.40327294	-0.44322255	30.34636561
2.97500000	-10.66420191	28.89087878	40.67870779	-22.57911366	-88.43639993	0.51381849	28.54837495
2.98333333	-10.24950015	28.79912774	41.36864320	-23.51685711	-90.34926100	1.33766213	26.62773550
2.99166667	-9.94446183	28.82777841	42.30752759	-24.39842138	-92.25321532	1.96745454	24.25301433
3.00000000	-9.82472709	29.19537729	43.47230535	-25.55380515	-94.04410267	2.35080282	21.80502591
3.00833333	-9.21582979	28.97958966	44.04257334	-26.57183020	-95.63809658	2.85417071	19.95560625
3.01666667	-8.67880042	28.79196254	44.67345800	-27.58346559	-97.10040376	3.49593623	18.93162307
3.02500000	-8.00078982	28.33654309	45.05833166	-28.34913244	-98.23608111	3.87267901	17.63534632
3.03333333	-7.58841125	28.08552484	45.71506784	-29.05279575	-99.28910824	4.14278352	17.70438401
3.04166667	-6.96275863	27.38912362	46.03709409	-29.41350564	-99.97066109	4.74721683	17.12310058
3.05000000	-6.51227014	26.99722199	46.47303797	-29.77993744	-100.51498127	5.19195048	17.55516532
3.05833333	-6.16620500	26.53896845	46.92985684	-29.94317815	-100.77101632	5.46377798	17.79954418
3.06666667	-5.86679709	26.09192181	47.50224073	-30.04492201	-100.89731073	5.70999053	17.91926297
3.07500000	-5.66626209	25.70031412	48.21354551	-30.08231598	-100.89313365	5.79332120	17.98907896
3.08333333	-5.47079311	25.32621062	48.79141461	-30.18473826	-100.61801906	6.30645869	18.20467537
3.09166667	-5.37622751	24.97397456	49.39067185	-30.17211106	-100.15114740	6.41128183	18.22574802
3.10000000	-5.36736156	24.90615876	49.96180275	-30.34129076	-99.53950375	6.68141250	18.55828319
3.10833333	-5.23434783	24.59639838	50.47618943	-30.42614364	-98.73812945	6.95238604	18.32023733
3.11666667	-5.00481711	24.16611265	50.87503066	-30.50921552	-97.74847444	7.24146345	18.00201270
3.12500000	-4.83378484	23.73695678	51.17279748	-30.54716135	-96.56776807	7.52804041	17.66533918
3.13333333	-4.69247656	23.27395837	51.42128343	-30.47430025	-95.20545636	7.81012548	17.24275399
3.14166667	-4.09516931	22.36029414	51.13232132	-30.41379694	-93.72475020	8.15499229	17.34382449
3.15000000	-4.02624324	22.02719651	51.38320856	-30.35398208	-92.05307996	8.36229552	16.48830353
3.15833333	-3.93120880	21.71942622	51.49346064	-30.35795354	-90.21817825	8.57995264	15.38097009
3.16666667	-3.52343359	20.97245739	51.10142004	-30.23390976	-88.19252648	8.80941495	14.52135464
3.17500000	-3.51901268	20.72294298	51.21048112	-30.21269204	-86.09992046	9.04086938	12.96921980
3.18333333	-3.52181501	20.51376970	51.16730102	-30.23176149	-83.81426716	9.26182037	11.32125938
3.19166667	-3.44257504	20.25975367	50.97578191	-30.32537653	-81.38293182	9.50251726	9.32324529
3.20000000	-3.23132980	19.89885465	50.52193555	-30.46904302	-78.76284426	9.78342422	7.01058596
3.20833333	-3.14792651	19.61915867	50.17104909	-30.57167729	-76.10120150	10.09789680	4.68718764
3.21666667	-2.98393743	19.32686646	49.65452070	-30.80996096	-73.31706214	10.45485160	1.87798894
3.22500000	-2.89711326	19.06994860	49.09111657	-31.01242161	-70.43461979	10.85428585	-0.87997892
3.23333333	-2.96299146	19.05317325	48.61034671	-31.32868174	-67.55483772	11.29686250	-3.63552066
3.24166667	-3.01895072	19.13070800	48.02759478	-31.80343382	-64.54047374	11.75328012	-6.45601103
3.25000000	-3.15776189	19.28541402	47.46022605	-32.25537098	-61.51343074	12.21008667	-9.11380301
3.25833333	-3.18027584	19.40127322	46.75617207	-32.86816915	-58.43807335	12.68876008	-11.76828008
3.26666667	-3.07236108	19.32050012	45.82256724	-33.41718849	-55.31693153	13.14535145	-14.24320161
3.27500000	-3.26602934	19.53674256	45.08425394	-33.97750189	-52.29007116	13.66239149	-16.35136721
3.28333333	-3.29014109	19.60728490	44.18750024	-34.62575823	-49.22749848	14.19786026	-18.29104378
3.29166667	-3.26851684	19.64924627	43.17441716	-35.28317648	-46.25959913	14.75130253	-19.95516479
3.30000000	-3.06486896	19.53986883	41.96660567	-36.02809420	-43.41822694	15.34026249	-21.40481945
3.30833333	-2.67372007	19.11685656	40.51913958	-36.62452604	-40.81804975	15.91151774	-22.33451724
3.31666667	-2.67669029	19.20652143	39.59335804	-37.39668358	-38.38214784	16.57015135	-23.33000842
3.32500000	-2.63737699	19.22569659	38.62119125	-38.18656680	-36.10577095	17.24955152	-24.13757831
3.33333333	-2.60482275	19.26455366	37.68186326	-38.99336930	-34.07778998	17.97001840	-24.93556528
3.34166667	-2.67309943	19.46645769	36.86389636	-39.92196996	-32.20464535	18.68920396	-25.66615131
3.35000000	-2.67393828	19.65326862	35.98083512	-40.92919807	-30.40499680	19.46920610	-26.45265155
3.35833333	-2.77060940	19.97058919	35.27082355	-41.96555953	-28.87751313	20.20816726	-27.18025353
3.36666667	-3.16693121	20.63056072	34.76081626	-43.10467915	-27.41817316	20.96782093	-27.87569821
3.37500000	-3.46712805	21.23125509	34.28046807	-44.27258085	-26.03167944	21.81494410	-28.59184567
3.38333333	-3.70759187	21.82679782	33.74062608	-45.57339029	-24.56296577	22.70739069	-29.28953437
3.39166667	-3.88098669	22.24039361	33.13789395	-46.66735428	-23.39708704	23.47746279	-29.60569677
3.40000000	-4.16599678	22.79522871	32.60135569	-47.81696222	-22.22973793	24.25440858	-29.99121233
3.40833333	-4.51531259	23.37393436	32.16185806	-48.92396174	-21.11935952	25.04594265	-30.25966146
3.41666667	-4.84083022	24.06737015	31.65105632	-50.21397979	-20.07172747	25.79400067	-30.49898795
3.42500000	-5.53839162	24.97635778	31.74195063	-51.28967345	-19.24046374	26.64094542	-30.67586486
3.43333333	-5.75610504	25.30498788	31.18914173	-52.26865765	-18.34112260	27.35541147	-30.86603467
3.44166667	-5.99008087	25.68164217	30.80584355	-53.27666412	-17.62153669	28.08678142	-31.05095355
3.45000000	-6.31086486	26.20436261	30.46407917	-54.37761901	-17.02391532	28.86184944	-31.19477051
3.45833333	-6.37299493	26.47175552	29.96751297	-55.44384657	-16.53720097	29.51246701	-31.32598997
3.46666667	-6.53292894	26.73993597	29.48681201	-56.43890278	-16.11026784	30.01356935	-31.35859642
3.47500000	-7.42682841	27.94699370	29.83455059	-57.71612260	-16.03147687	30.99945901	-31.44506482
3.48333333	-7.46713524	28.13616472	29.41211200	-58.75952322	-15.90018193	31.64092847	-31.41770397
3.49166667	-7.58375051	28.38979303	28.99868135	-59.80904333	-15.78855539	32.17823842	-31.07550853
3.50000000	-8.13515404	29.17258154	29.19900091	-60.99364763	-16.03777620	33.03454665	-29.85274189
3.50833333	-8.24445788	29.40622719	28.82390552	-62.04915163	-16.10202777	33.62096783	-28.25714823
3.51666667	-8.94038097	30.30153655	29.18694902	-63.18442782	-16.58797953	34.19699602	-25.76259432
3.52500000	-8.96765984	30.41497995	28.75933209	-64.22439918	-16.69833580	34.68253492	-23.08835145
3.53333333	-9.33645233	30.94310284	28.85593056	-65.34260686	-17.14429648	35.32840248	-20.05121956
3.54166667	-9.37407697	31.05365093	28.45205150	-66.38328562	-17.29635739	35.67601198	-17.17076106
3.55000000	-9.57457720	31.35159432	28.15791102	-67.45406460	-17.37655314	35.90488507	-14.55935338
3.55833333	-9.70205751	31.62441801	28.09723605	-68.60975043	-17.76721381	36.10506815	-12.02521358
3.56666667	-9.82441416	31.90963491	27.96774465	-69.79512717	-18.00088897	36.12764801	-9.86167505
3.57500000	-10.36571893	32.77276962	28.38432009	-71.15930116	-18.47500171	36.16184896	-7.72989781
3.58333333	-10.35491824	33.02982742	28.25473828	-72.50901247	-18.78412150	35.74189654	-5.90285909
3.59166667	-10.26815920	33.33120801	28.26101150	-73.99530574	-19.32613359	35.08833663	-4.29216327
3.60000000	-10.23152672	33.75918587	28.21193740	-75.60703389	-19.81070911	34.24678030	-2.80269289
3.60833333	-10.07994213	34.22922047	28.19096106	-77.41126044	-20.35204859	33.05752805	-1.08481457
3.61666667	-9.96814959	34.85522487	28.23292328	-79.33981795	-21.02945070	31.56054862	0.38719592
3.62500000	-10.69967933	36.65792362	29.15719376	-81.49049673	-21.81461419	28.99842163	1.53416904
3.63333333	-10.19130053	37.05006544	28.76436513	-83.59631477	-22.47292553	27.24335648	3.03607518
3.64166667	-9.77395757	37.63812599	28.23809337	-85.70078096	-22.94378263	24.84259237	4.22871694
3.65000000	-9.36729913	38.32048480	27.65828802	-87.80081881	-23.38136706	22.27304169	5.33043737
3.65833333	-8.95693666	39.07570987	27.24205965	-89.82592515	-23.95626391	19.46987511	6.29255834
3.66666667	-8.64318532	39.93696175	27.02451673	-91.79002677	-24.60379645	17.50015033	7.16200815
3.67500000	-8.60058238	41.19420914	27.00382920	-93.61200503	-25.19011352	14.91749633	7.79605292
3.68333333	-8.20641073	41.96612333	26.76281480	-95.24411085	-25.87605468	14.03918873	8.15339949
3.69166667	-7.96463861	42.91959401	26.28233167	-96.78559178	-26.07016869	12.69970150	8.91016561
3.70000000	-7.51625375	43.54207194	25.77314940	-97.96199985	-26.40742808	12.10644838	9.29517180
3.70833333	-6.98333662	43.94714081	25.08210309	-98.84184468	-26.58304148	11.81688548	9.58967398
3.71666667	-6.56760162	44.34148996	24.40183012	-99.37655166	-26.61885806	11.66110743	9.78702621
3.72500000	-6.41664674	44.99590080	23.98715500	-99.66825423	-26.69158044	11.99512713	10.02197011
3.73333333	-6.00152012	45.24810302	23.20505632	-99.51686620	-26.58101511	11.00330950	10.26709853
3.74166667	-5.86419851	45.77663862	22.75261010	-99.24364982	-26.52573918	11.47854307	10.59168547
3.75000000	-5.41481925	45.83931355	21.81412234	-98.52338194	-26.26503956	10.05320200	10.76701229
3.75833333	-5.40706512	46.41176056	21.38390407	-97.82117574	-26.01700597	10.41469610	10.95680299
3.76666667	-4.81292499	46.13919066	20.35014607	-96.60161287	-25.78990340	8.62010763	11.17688126
3.77500000	-4.77640356	46.53572835	19.81865337	-95.41490456	-25.44744088	7.49973392	11.29971751
3.78333333	-4.87322768	47.02286089	19.40590337	-94.12595266	-25.09953798	7.61176286	11.47167038
3.79166667	-4.69761190	47.06637194	18.70468168	-92.52830233	-24.72826556	7.33178642	11.69956570
3.80000000	-4.77985665	47.41014233	18.32935436	-90.88807651	-24.39051812	7.10977305	11.83251467
3.80833333	-4.86305838	47.66801363	17.95103362	-89.07269475	-24.07215521	6.71321122	12.00281207
3.81666667	-4.95922931	47.80255029	17.50925937	-87.03989378	-23.65890504	5.99662782	12.20190415
3.82500000	-4.66933790	47.38053086	16.64865027	-84.78275108	-23.25526936	5.02004734	12.18821912
3.83333333	-4.72854271	47.32527552	16.24661172	-82.48497687	-22.96084892	3.95256165	12.36253366
3.84166667	-4.83996363	47.22058332	15.97899231	-80.03396518	-22.79969875	2.72171463	12.60222238
3.85000000	-4.64879518	46.62399599	15.32592423	-77.36361028	-22.51544806	1.09347344	12.61261572
3.85833333	-4.82593874	46.41003316	15.23420507	-74.64498966	-22.59893074	-0.67092613	12.99857512
3.86666667	-4.92239797	45.99507118	15.07129422	-71.79814066	-22.71557861	-2.59006345	13.38702025
3.87500000	-4.58166042	44.89713655	14.46307494	-68.62953020	-22.79961294	-6.25907850	13.60249009
3.88333333	-4.68805366	44.34816425	14.52734684	-65.67033870	-23.23744708	-8.23631786	14.08064370
3.89166667	-4.77039376	43.65278414	14.56065524	-62.58513459	-23.70908558	-10.58782170	14.67469379
3.90000000	-4.49337539	42.34600597	14.22663620	-59.14430101	-24.23623587	-15.02541159	15.12591681
3.90833333	-4.58000397	41.54122556	14.39992868	-56.02836837	-24.96311299	-17.12769113	15.77222232
3.91666667	-4.61255991	40.59307123	14.57313174	-52.85657115	-25.78655758	-19.30076240	16.49327355
3.92500000	-4.62926349	39.51655196	14.72309382	-49.60669003	-26.66123249	-21.44785554	17.25735707
3.93333333	-4.67038811	38.44616545	14.89576256	-46.41552782	-27.57192961	-23.42906477	18.02079409
3.94166667	-4.34621117	36.85680470	14.69175657	-43.18565945	-28.49032202	-24.74094588	18.78271757
3.95000000	-4.48691954	35.88552207	15.10191256	-40.17358654	-29.64951804	-26.41508806	19.64196564
3.95833333	-4.58610307	34.78917039	15.49743721	-37.22467821	-30.86386792	-27.55659407	20.66391736
3.96666667	-4.71333892	33.77098145	15.91031892	-34.44807456	-32.12748365	-28.57758787	21.66151559
3.97500000	-4.81478401	32.83485555	16.31793741	-32.20268560	-33.46793496	-27.61277651	22.79554023
3.98333333	-4.97641234	31.99477122	16.76837481	-29.99229358	-34.80021516	-28.02269911	23.83766005
3.99166667	-5.13361437	31.16168513	17.27032331	-27.88072388	-36.24697470	-28.86370454	24.93889708
4.00000000	-5.61232895	30.86181796	18.19223902	-26.42282257	-37.82413212	-28.45677381	26.04680157
4.00833333	-5.96540077	30.39258118	19.01597680	-24.95848527	-39.47928807	-28.71395385	27.16616860
4.01666667	-6.15705625	29.81708983	19.55051057	-23.65594724	-40.96812978	-29.13523912	28.26816426
4.02500000	-6.52321963	29.44414463	20.38565661	-22.57915133	-42.62977656	-29.44265586	29.45132533
4.03333333	-7.48022371	29.88975897	22.03619826	-21.96686922	-44.52147586	-29.25537375	30.40223154
4.04166667	-7.90995976	29.63127566	23.00554416	-21.17137273	-46.25353349	-29.55476348	31.43018997
4.05000000	-8.57171369	29.73062659	24.25659488	-20.60852288	-48.04433446	-29.70898767	32.46995974
4.05833333	-9.13301262	29.66359280	25.32801462	-20.09760469	-49.72461954	-29.82152227	33.46719322
4.06666667	-9.33573259	29.15075879	25.80608532	-19.53429049	-51.14352238	-30.08679666	34.42757068
4.07500000	-9.64109268	28.77492455	26.40657331	-19.12075098	-52.61018908	-30.21039968	35.34960312
4.08333333	-10.45013153	29.08372886	27.64775932	-19.04369267	-54.22548178	-29.81161555	36.31299887
4.09166667	-10.73564938	28.70687980	28.18237746	-18.79721120	-55.67667769	-29.30292926	37.25544512
4.10000000	-11.36869039	28.85581975	29.18010962	-18.87254883	-57.24296017	-27.85878047	38.04527865
4.10833333	-11.54182219	28.38948126	29.66840160	-18.86026037	-58.76147094	-26.04766376	38.97977331
4.11666667	-12.17373423	28.61170296	30.56177465	-19.34205778	-60.17681614	-22.91940238	39.55997283
4.12500000	-12.27146781	28.15788160	31.04699283	-19.50584253	-61.83199900	-19.93205606	40.29690369
4.13333333	-13.02064486	28.62637275	32.11873539	-20.01395132	-63.43500852	-16.19254604	40.82576009
4.14166667	-13.36547915	28.59622211	32.94453690	-20.35145340	-65.26219950	-12.87062342	41.16303937
4.15000000	-13.40841759	28.25526146	33.34324506	-20.63215511	-67.00673647	-9.95849728	41.34427863
4.15833333	-13.48773058	28.09178256	33.92186787	-21.04155973	-68.99005613	-7.30859465	41.21627530
4.16666667	-14.45302150	29.09376504	35.65349582	-21.64998670	-71.25866809	-4.60438531	40.60711854
4.17500000	-14.33187730	29.03820114	36.43355722	-22.30818456	-73.74032316	-2.35329166	39.94706194
4.18333333	-14.94699912	29.80746797	38.06012783	-22.94582140	-76.33780933	-0.36002019	38.62941902
4.19166667	-14.73589347	29.52081093	38.76917979	-23.42840450	-78.92429086	1.66911348	37.46265558
4.20000000	-14.54825062	29.51012635	39.67540540	-24.23518499	-81.60689547	3.35356083	36.09493359
4.20833333	-14.26578987	29.37551286	40.54806177	-24.99231544	-84.30601883	4.92526442	34.52627129
4.21666667	-13.80086593	29.08890547	41.32847663	-25.86513208	-86.89106792	6.33385254	32.83073524
4.22500000	-13.63841469	29.06118667	42.39845073	-26.61021312	-89.33520532	7.22724219	30.75117173
4.23333333	-13.14749067	28.70553001	43.07753140	-27.55085401	-91.56417407	8.46040262	29.11681392
4.24166667	-12.73374675	28.41643165	43.77428765	-28.39257881	-93.56192995	9.57897602	27.41417354
4.25000000	-12.18931268	28.05842328	44.32816638	-29.32192957	-95.32159024	10.38754763	26.01366669
4.25833333	-11.75602788	27.61625286	44.89050078	-29.99157694	-96.75382557	11.15136839	24.91499206
4.26666667	-11.16322145	27.04986329	45.25044761	-30.62910922	-97.86562457	11.30919083	24.04517305
4.27500000	-10.96797947	26.93592869	45.87776545	-31.42734859	-98.70450818	12.04180852	23.79871253
4.28333333	-10.54902898	26.35822712	46.21965237	-31.83229390	-99.18590594	12.23708085	23.65655673
4.29166667	-10.31582949	26.00411634	46.76107151	-32.32071560	-99.39485665	12.83637855	23.62695768
4.30000000	-10.09439063	25.56967847	47.18980646	-32.63562949	-99.30431248	13.35591213	23.41959230
4.30833333	-9.99870762	25.18268532	47.70098162	-32.79337900	-98.90886066	13.46835309	23.32344594
4.31666667	-9.52524692	24.06805780	47.60341028	-32.52742371	-98.14339273	13.85484338	22.49211469
4.32500000	-9.46165106	23.53463344	48.07918510	-32.39733654	-97.32498160	14.18662386	21.96037917
4.33333333	-9.46534280	22.97644955	48.50904114	-32.17642834	-96.23631182	14.52892303	21.33807075
4.34166667	-9.51835270	22.37372342	48.86969448	-31.83702302	-94.91153937	14.86537685	20.63095762
4.35000000	-9.52478052	21.81739844	49.17725541	-31.58907653	-93.43646697	15.18779953	19.77037563
4.35833333	-9.09188577	20.64330077	48.85328222	-31.14410869	-91.70429101	15.47981580	19.29769161
4.36666667	-9.20833913	20.18140026	48.96274009	-30.90585486	-89.71541467	15.73858181	18.23035299
4.37500000	-9.09852355	19.40557442	48.74155264	-30.58121307	-87.55257852	15.98502410	17.56465316
4.38333333	-9.09076267	18.92795137	48.71724907	-30.49054591	-85.30006544	16.13825243	16.31519053
4.39166667	-9.16587141	18.53563184	48.57212848	-30.40626168	-82.82680242	16.25578322	15.22406638
4.40000000	-9.22596025	18.09329274	48.30436341	-30.35575769	-80.19629721	16.42864138	13.84842641
4.40833333	-9.25230091	17.69950212	47.96589456	-30.43893723	-77.44947092	16.60723826	12.53589971
4.41666667	-8.61896637	16.56862189	46.66741643	-30.51452434	-74.43445444	16.85901268	11.29008083
4.42500000	-8.73265728	16.39613412	46.24592373	-30.76841843	-71.43860608	17.03413690	9.48928742
4.43333333	-8.94645446	16.17413939	45.78365546	-30.92303895	-68.26554981	17.32924415	7.64642185
4.44166667	-9.00017884	15.94940498	45.19055124	-31.26371937	-65.02051208	17.61991127	5.45681718
4.45000000	-8.59666317	15.22489588	43.87477641	-31.65287549	-61.48092419	18.10034106	2.89566986
4.45833333	-8.66141695	15.02749589	43.14031139	-32.05356772	-58.04666697	18.42258270	0.44975443
4.46666667	-8.29289458	14.32008286	41.70225560	-32.45293034	-54.36160478	18.90997022	-2.27705810
4.47500000	-8.46073254	14.25416466	40.97839931	-32.99072617	-50.82660587	19.34966136	-4.90035998
4.48333333	-8.49341323	14.14224113	40.02002942	-33.71542033	-47.24725028	19.86737903	-7.65428200
4.49166667	-8.53337043	14.02319441	39.08129006	-34.40361047	-43.72191324	20.40893253	-10.21289367
4.50000000	-8.52153345	13.93967723	38.00887412	-35.34038361	-40.22452830	21.01793428	-12.76183253
4.50833333	-8.38918823	13.78209178	36.78761393	-36.41147868	-36.87477117	21.74135479	-15.07244713
4.51666667	-8.45897918	13.84302600	35.82127876	-37.49939298	-33.64038430	22.46490903	-17.08136388
4.52500000	-8.11381535	13.48439314	34.41148141	-38.73645181	-30.63831223	23.61347179	-18.78966853
4.53333333	-8.23539789	13.69676328	33.61745135	-40.01117701	-27.88515106	24.26388643	-20.31784843
4.54166667	-8.33918791	13.94028941	32.83922062	-41.42726416	-25.46645152	25.02200773	-21.79816713
4.55000000	-8.41218185	14.11527701	32.08574819	-42.82724147	-23.34347974	25.72048863	-22.82003003
4.55833333	-8.54965912	14.36493424	31.48773461	-44.26884927	-21.56655808	26.39686105	-23.67973028
4.56666667	-8.78663679	14.77429411	31.02078667	-45.79134511	-19.99666787	26.95694280	-24.54878494
4.57500000	-9.02800137	15.20717761	30.62804461	-47.38659199	-18.74604234	27.41661194	-25.33120451
4.58333333	-9.35623571	15.73008140	30.36528820	-49.01327751	-17.78221091	27.84219542	-26.14364272
4.59166667	-9.63027944	16.18538625	30.07688081	-50.65980838	-16.99508880	28.23943523	-27.03472170
4.60000000	-10.42013659	17.33636212	30.36957129	-52.56754323	-16.45393091	28.75599380	-27.83438074
4.60833333	-10.58756610	17.62323916	29.92298166	-54.14883627	-16.00209853	29.03101382	-28.32840656
4.61666667	-10.62958388	17.68202700	29.41860024	-55.61514351	-15.84286726	29.13030004	-28.20509422
4.62500000	-10.98908248	18.28591121	29.12819313	-57.41071966	-15.86613253	29.54244611	-26.59049641
4.63333333	-11.22530484	18.72534043	28.85711571	-59.14025961	-16.23276442	29.70528608	-24.42909646
4.64166667	-12.06831513	19.88232938	29.52862228	-61.03372818	-17.23936080	30.02139056	-21.08305985
4.65000000	-12.13379208	20.23934098	29.14394360	-62.90077004	-18.04611665	29.78588572	-17.47105393
4.65833333	-12.85059871	21.34486379	29.85553132	-64.89251394	-19.40419575	29.56995538	-13.26764312
4.66666667	-13.28322549	22.20008355	30.26135158	-66.92752390	-20.64853185	28.90354650	-9.50289309
4.67500000	-13.25357828	22.69182491	30.18680447	-69.10647967	-21.79068608	28.02823194	-6.08218085
4.68333333	-14.23611882	24.64912743	31.59576123	-71.77766401	-23.25595497	26.67969608	-3.11823301
4.69166667	-14.05343496	25.38349131	31.50872750	-74.37460202	-24.36308397	25.17428072	-0.38754045
4.70000000	-14.98367334	27.57289415	32.89761219	-77.27941362	-25.60985713	23.01652751	2.04574012
4.70833333	-15.13741025	28.96454072	33.31467655	-80.15302971	-26.75205794	20.99025198	4.33865214
4.71666667	-15.47275711	30.65942134	33.98170875	-83.05481742	-27.91090351	18.53980896	6.38249701
4.72500000	-15.24663289	31.79746501	33.97119846	-85.88275178	-29.06489177	16.50082484	8.56120254
4.73333333	-15.14439344	33.10228171	34.01474170	-88.46075574	-30.13566326	13.90380494	10.30723068
4.74166667	-14.77452605	34.04375865	33.73455705	-90.85917859	-31.20681254	12.34471018	12.10814151
4.75000000	-14.65177141	35.32249218	33.74748798	-93.06014497	-32.22976816	10.22960268	13.43661463
4.75833333	-14.30044432	36.29108495	33.35722051	-94.98069090	-33.10043335	9.57486756	14.84492580
4.76666667	-14.19805009	37.58644091	33.17264530	-96.56680771	-33.81834340	8.09837054	15.61757819
4.77500000	-13.69944047	38.35220903	32.63703194	-97.70622380	-34.55183710	7.18281654	16.39081197
4.78333333	-13.11638976	38.97664814	31.66826850	-98.46729935	-34.87254371	6.65059319	17.08101014
4.79166667	-12.48436009	39.48225678	30.64345508	-98.87098998	-35.17429841	6.12270004	17.69471166
4.80000000	-11.96719253	40.08226323	29.69018373	-98.97791191	-35.35003640	6.11715103	18.26009824
4.80833333	-11.06435489	40.16476992	28.05205618	-98.66659365	-35.09896935	5.10912642	18.60009106
4.81666667	-10.57386340	40.66330273	26.75818500	-98.13960297	-34.74482408	4.63002788	18.92814556
4.82500000	-10.33364481	41.39879194	25.70094925	-97.42817663	-34.22114809	4.83697212	19.17176181
4.83333333	-9.83047668	41.78098673	24.13464424	-96.40330082	-33.36909963	4.31961686	19.24722502
4.84166667	-9.47184962	42.17452177	22.61543469	-95.08597353	-32.32516318	3.97702005	19.20335900
4.85000000	-9.57285624	43.15413845	21.73261020	-93.70143415	-31.41412369	3.98910552	19.25019389
4.85833333	-8.68438824	42.78609296	19.48007498	-91.87712509	-30.03961295	4.00607090	18.95749896
4.86666667	-8.74221843	43.47488374	18.35230254	-89.96059790	-28.85535988	4.14313919	18.65440749
4.87500000	-8.28520938	43.45545978	16.69605639	-87.82416506	-27.63051504	4.99825700	18.40831019
4.88333333	-8.49963468	44.11864851	15.95003310	-85.49236352	-26.67601699	5.07974205	18.02651532
4.89166667	-8.77455717	44.78182579	15.25711498	-83.04710160	-25.77396592	5.13457310	17.99070784
4.90000000	-8.47398885	44.56786215	14.01545989	-80.21679388	-24.86360085	5.80510196	17.28781999
4.90833333	-7.95307541	44.08972879	12.51719732	-77.28490441	-23.92619079	6.40666078	16.85279449
4.91666667	-7.50664581	43.56540424	10.88237720	-74.17671129	-22.79398127	6.65513004	16.30653417
4.92500000	-7.12909861	43.06280350	9.60124006	-70.94293391	-21.97186789	6.42990728	15.74702617
4.93333333	-7.25737370	43.11316098	8.98664108	-67.71713827	-21.37061332	6.10967798	15.19684899
4.94166667	-6.63787917	42.18464351	7.36789570	-64.24380593	-20.56624445	5.16920336	14.86138407
4.95000000	-6.83355227	42.21925298	6.77997581	-60.94328078	-19.94678376	4.66125544	14.42805857
4.95833333	-5.99360681	40.87986976	5.03949904	-57.27731433	-19.23951988	3.53302085	14.00668293
4.96666667	-5.63495171	40.15376263	3.89843130	-53.73905449	-18.72726218	2.05471797	13.64049377
4.97500000	-5.86105693	40.09397549	3.33348442	-50.39971679	-18.16490653	1.02267293	13.32196993
4.98333333	-5.09906387	38.77481397	1.56485191	-46.78945337	-17.37189033	-0.76485315	12.80692055
4.99166667	-5.23191061	38.56231806	1.03060782	-43.44951810	-16.98779071	-2.41297531	12.47257840
5.00000000	-4.59825269	37.36164603	-0.51049742	-39.96989645	-16.37611738	-4.16660360	12.13899554
5.00833333	-4.87364487	37.29399231	-1.02561408	-36.77375284	-15.89830676	-5.78070634	11.89393812
5.01666667	-4.30209092	36.16909225	-2.30437195	-33.54781952	-15.48706158	-6.71118175	11.54297140
5.02500000	-4.30171774	35.79328388	-3.21620203	-30.57608368	-14.96547721	-7.44152006	11.11253812
5.03333333	-4.25441718	35.36878985	-4.06402409	-27.85613583	-14.53203771	-7.33574864	10.84058605
5.04166667	-4.04688408	34.78686764	-5.02462420	-25.26694078	-14.18228053	-7.25709692	10.55549177
5.05000000	-4.10641802	34.52295287	-5.56561260	-22.89322379	-14.04437698	-7.40002680	10.19845970
5.05833333	-3.97954874	34.19405539	-6.41502350	-20.99890234	-13.81559999	-6.59508720	9.96825888
5.06666667	-3.98214321	34.03079790	-7.04129406	-19.32207019	-13.71273180	-6.07145401	9.67652529
5.07500000	-4.02488371	33.97115885	-7.62951681	-17.96182485	-13.62277840	-5.49668774	9.32989864
5.08333333	-4.17447791	33.99644456	-8.00600773	-16.66546484	-13.63666437	-5.37459732	9.02447475
5.09166667	-4.04523601	33.80550488	-8.68481114	-15.95900535	-13.69190292	-4.18135865	8.65099439
5.10000000	-4.14071280	33.79934741	-9.03666414	-15.26938869	-13.88804464	-3.52451003	8.27970874
5.10833333	-4.25835048	33.71335125	-9.21898269	-14.59051371	-14.29053840	-3.36913486	7.98190012
5.11666667	-4.41490963	33.66568768	-9.40587192	-14.17545411	-14.65645595	-3.14308880	7.56152532
5.12500000	-4.57627925	33.61492363	-9.55467803	-14.03170806	-15.07655436	-2.66305320	6.84661215
5.13333333	-4.71559848	33.54133290	-9.54185432	-14.13289173	-15.80374274	-2.53167722	6.21566295
5.14166667	-4.73851195	33.32296346	-9.58088371	-14.35013777	-16.66731473	-2.83023020	5.76998058
5.15000000	-4.93990048	33.21650004	-9.35319585	-14.50300699	-17.62891726	-3.71563921	4.81758930
5.15833333	-5.37417595	33.35665741	-8.68935912	-14.72303781	-18.84670355	-4.88597588	4.05772879
5.16666667	-5.68400939	33.35268176	-8.07656231	-14.90856852	-20.23749246	-6.26419812	3.00163889
5.17500000	-6.00946971	33.38462621	-7.21129492	-15.08451351	-21.96099536	-7.75770517	1.73973229
5.18333333	-6.36568146	33.51908926	-6.09183236	-15.34402554	-23.97357003	-9.17079261	0.10615756
5.19166667	-6.36313133	33.31944175	-5.15759067	-15.71956059	-26.22635470	-9.92217574	-1.97684446
5.20000000	-7.15795737	34.08256571	-3.06934405	-16.25196458	-28.85593905	-10.77353537	-4.10310713
5.20833333	-7.09240576	33.91881319	-1.82214881	-16.88668779	-31.47197710	-10.81929135	-6.67763026
5.21666667	-7.65099960	34.44473257	0.30424801	-17.55550756	-34.30659463	-11.03510863	-9.18201905
5.22500000	-7.44372341	34.10758048	1.43586407	-18.24266667	-36.86986788	-10.46104500	-11.69586081
5.23333333	-8.02421693	34.62105609	3.67153850	-18.91485753	-39.68390002	-10.28662848	-14.07392851
5.24166667	-8.30389203	34.72450847	5.65404975	-19.40382563	-42.50146391	-9.90027165	-16.14468525
5.25000000	-8.05468203	34.15625264	6.87280953	-19.80760740	-45.00124238	-9.01080019	-17.77432158
5.25833333	-8.65517743	34.55561085	9.26040394	-20.26398811	-47.72395346	-8.69311021	-19.32836255
5.26666667	-9.12630603	34.78124894	11.62484400	-20.62265251	-50.45827294	-8.16457547	-20.23484845
5.27500000	-9.50502486	34.84155164	13.76508603	-20.91699586	-52.93688529	-7.60803646	-20.81513757
5.28333333	-10.08693175	35.13198300	16.20711335	-21.24336011	-55.35250859	-6.94529609	-20.95246937
5.29166667	-10.60954866	35.24418721	18.51762343	-21.37269122	-57.52026736	-6.36229321	-20.86096748
5.30000000	-10.97553930	35.11353245	20.61301040	-21.37882145	-59.44560734	-5.74885345	-20.53950474
5.30833333	-11.33521657	34.95820903	22.69993438	-21.36763637	-61.16315415	-4.99130254	-20.06602133
5.31666667	-11.66630012	34.67987081	24.65565834	-21.19844729	-62.62373845	-4.40450394	-19.52590564
5.32500000	-11.86343461	34.23502925	26.35032300	-21.02636115	-63.78959625	-3.76818283	-18.86283898
5.33333333	-11.80466862	33.43658954	27.74932812	-20.69197615	-64.73007431	-3.26144676	-17.64792722
5.34166667	-12.14938213	33.21218705	29.55496879	-20.63231542	-65.43891064	-2.57201653	-17.26191673
5.35000000	-12.04906140	32.36859390	30.78801839	-20.30685358	-65.93805796	-2.20307895	-15.97976067
5.35833333	-12.14907946	31.72223812	31.87454097	-20.11191169	-66.01995488	-1.54428602	-14.77104814
5.36666667	-12.24243021	31.16186173	33.17747942	-19.95733322	-66.12661985	-0.91300719	-13.15857526
5.37500000	-12.15556034	30.29082056	34.09722450	-19.63768451	-65.88681853	-0.43919246	-11.89690817
5.38333333	-12.13766445	29.53307435	35.06518085	-19.38255446	-65.55938704	0.16670445	-10.21767492
5.39166667	-12.12978962	28.76985959	35.99020304	-19.06329655	-65.03644084	0.58164435	-8.87260029
5.40000000	-12.01504232	27.84095201	36.72148628	-18.72927377	-64.35238037	1.19516719	-6.85682428
5.40833333	-12.01678322	27.07895168	37.53843981	-18.40093084	-63.44534966	1.54180646	-5.69820425
5.41666667	-11.64487152	25.89960009	37.80111922	-18.11937996	-62.37426766	2.19429369	-3.80558632
5.42500000	-11.63228593	24.97080211	38.47664621	-17.58734424	-61.12236146	2.59897720	-2.77678485
5.43333333	-11.36235960	24.03077685	38.72199657	-17.49412658	-59.69507490	3.31379807	-1.47852547
5.44166667	-11.01634224	22.87746500	38.89173587	-17.15238962	-58.15057412	3.92148475	-0.36435163
5.45000000	-10.92692754	22.03418257	39.21589876	-16.90330713	-56.37554175	4.59335084	0.35012966
5.45833333	-11.02259325	21.27525491	39.68896600	-16.47296002	-54.45362182	4.89753107	0.66762381
5.46666667	-10.57749050	19.97430352	39.59651575	-16.06055688	-52.50579572	5.68740519	1.19269092
5.47500000	-9.56431324	17.97380355	38.69024101	-15.57516311	-50.21932036	6.24737047	1.48786434