0.00000000	-16.23201393	23.11984682	22.38864898	-12.53895668	-11.84090964	2.55397585	6.06552773
0.00833333	-16.18893512	23.07616507	22.39313964	-12.56670089	-11.96389295	2.60851158	6.14232459
0.01666667	-16.10185070	22.91312124	22.22293918	-12.48658920	-11.84516912	2.64827929	6.18209204
0.02500000	-16.28868507	23.16185993	22.55298227	-12.58423219	-12.12564333	2.71500903	6.43730404
0.03333333	-16.23852715	23.08004986	22.50008257	-12.55196162	-12.15626815	2.73258758	6.48572025
0.04166667	-16.15931530	22.96298593	22.41647647	-12.50707294	-12.19051894	2.71945580	6.56967610
0.05000000	-16.14928811	22.95199180	22.45391054	-12.50704260	-12.30315364	2.67577605	6.66988318
0.05833333	-16.45249227	23.32404690	22.96788124	-12.58712805	-12.62352510	2.70113331	6.81016743
0.06666667	-16.35969587	23.19321459	22.86276732	-12.54525598	-12.63864297	2.66291680	6.83346029
0.07500000	-16.36774437	23.20068491	22.94144124	-12.55553635	-12.75289483	2.67808994	6.88224505
0.08333333	-16.28342357	23.09071250	22.84561276	-12.52502293	-12.75413281	2.71862537	6.86986292
0.09166667	-16.27223547	23.07666147	22.85529877	-12.53013165	-12.82370093	2.66310322	6.96149177
0.10000000	-16.21315566	22.99168995	22.79554557	-12.49732972	-12.83326628	2.68352286	6.95387215
0.10833333	-16.35964639	23.17188443	23.02604743	-12.53373231	-12.94792445	2.67422908	7.01461882
0.11666667	-16.27923907	23.07140441	22.90349019	-12.50275531	-12.89935829	2.70398371	6.97756580
0.12500000	-16.22536206	22.99571744	22.81972058	-12.47792038	-12.86698910	2.66060083	6.97741578
0.13333333	-16.28352970	23.06982474	22.87982107	-12.50015778	-12.87525965	2.67175765	6.97370391
0.14166667	-16.26313456	23.03472882	22.82982063	-12.47919228	-12.82609385	2.66981219	6.94624321
0.15000000	-16.23383902	22.98360254	22.74624544	-12.45138845	-12.74528952	2.68400874	6.92818276
0.15833333	-16.26626182	23.02954933	22.76757320	-12.47175925	-12.73952985	2.65348823	6.91781523
0.16666667	-16.27910395	23.03208886	22.74626650	-12.45132274	-12.67531439	2.66486842	6.88090401
0.17500000	-16.24186849	22.95862913	22.64256865	-12.40841094	-12.56770519	2.68037879	6.84906821
0.18333333	-16.40934483	23.18467006	22.93537210	-12.46680910	-12.78743061	2.68012997	6.93518455
0.19166667	-16.38334981	23.13542143	22.85575532	-12.44169953	-12.69573167	2.65074355	6.86456111
0.20000000	-16.45706906	23.22518434	22.92225558	-12.47728936	-12.67802845	2.68439587	6.80508128
0.20833333	-16.39559720	23.14605868	22.81327103	-12.45972141	-12.60650987	2.66414894	6.73387618
0.21666667	-16.47737669	23.23156895	22.89327533	-12.46652837	-12.61350370	2.69013105	6.70213202
0.22500000	-16.53819464	23.29729262	22.97061651	-12.47758356	-12.64938487	2.71238034	6.71001410
0.23333333	-16.46419513	23.18462771	22.83783598	-12.42795609	-12.55959109	2.72162452	6.65384207
0.24166667	-16.39937380	23.08343091	22.70623888	-12.37983957	-12.46265424	2.71455513	6.61120874
0.25000000	-16.36071078	23.02860617	22.63924501	-12.35821677	-12.42975478	2.69592427	6.56544772
0.25833333	-16.50721581	23.22220959	22.90268205	-12.41689328	-12.63703444	2.71476589	6.63334302
0.26666667	-16.43251312	23.11123984	22.76494280	-12.37176861	-12.53715395	2.73061087	6.59417144
0.27500000	-16.35311925	22.99736063	22.61465402	-12.31615236	-12.45249050	2.70751149	6.53468758
0.28333333	-16.29848929	22.92336192	22.52861174	-12.29523520	-12.39635824	2.70833207	6.48887429
0.29166667	-16.56826259	23.27454566	22.93197628	-12.42053867	-12.58748359	2.78881653	6.53807212
0.30000000	-16.49516504	23.14790973	22.82609665	-12.33943178	-12.57217146	2.69312343	6.61539094
0.30833333	-16.47139373	23.12249234	22.77254370	-12.34430215	-12.53302648	2.74285790	6.55605407
0.31666667	-16.49647421	23.15704759	22.84048662	-12.36384536	-12.58814042	2.76946630	6.58881067
0.32500000	-16.47465183	23.10194629	22.76428503	-12.32016599	-12.51943432	2.79325545	6.58490224
0.33333333	-16.38424974	22.98369735	22.62868090	-12.29367696	-12.45634396	2.72987623	6.53486259
0.34166667	-16.39672995	23.02726426	22.67243817	-12.34260012	-12.51211809	2.68903663	6.52699271
0.35000000	-16.36056108	22.95199792	22.58133716	-12.29243782	-12.42776607	2.72355820	6.49928559
0.35833333	-16.50742399	23.15220332	22.82756333	-12.36503434	-12.57962382	2.71025501	6.54420999
0.36666667	-16.39439254	22.98657949	22.63906447	-12.29615584	-12.47384675	2.72056091	6.49228422
0.37500000	-16.42350653	23.03481802	22.67976958	-12.32862568	-12.51266616	2.70835564	6.54811314
0.38333333	-16.40420189	22.99610859	22.63038260	-12.31035745	-12.49944679	2.75700707	6.56296778
0.39166667	-16.42079327	23.03184836	22.72635332	-12.33996965	-12.72142154	2.70306749	6.83237868
0.40000000	-16.35477384	22.91442135	22.62639287	-12.26405922	-12.73392220	2.78062961	6.83987982
0.40833333	-16.32589609	22.87460899	22.57531516	-12.24745662	-12.75294976	2.77747128	6.91456295
0.41666667	-16.40522071	22.98596866	22.73303843	-12.29857951	-12.93329245	2.77574028	7.04596643
0.42500000	-16.34222711	22.88932748	22.62287309	-12.25478023	-12.86754824	2.79369506	7.04018098
0.43333333	-16.25794939	22.76313821	22.46837673	-12.20176724	-12.78879094	2.77544175	7.03332030
0.44166667	-16.23866060	22.74284946	22.45817970	-12.19908631	-12.82550511	2.71911171	7.04954811
0.45000000	-16.35919287	22.89366699	22.70219554	-12.22608919	-13.05718647	2.72036856	7.17570188
0.45833333	-16.36806032	22.90721124	22.70042255	-12.24187087	-13.02423748	2.75153821	7.13860268
0.46666667	-16.27662209	22.78562425	22.55327926	-12.18853336	-12.95379247	2.74403394	7.09735031
0.47500000	-16.19887436	22.66757572	22.39719903	-12.13850952	-12.83172952	2.72626830	7.08515899
0.48333333	-16.25151964	22.74673981	22.46281825	-12.17868327	-12.86752157	2.70053429	7.09986018
0.49166667	-16.19130482	22.66072591	22.34645526	-12.12373581	-12.78055451	2.73529931	7.05250009
0.50000000	-16.25922136	22.74896881	22.42785318	-12.17123366	-12.82643281	2.70375349	7.13348015
0.50833333	-16.36921840	22.89055351	22.55600428	-12.22501662	-12.85125260	2.75605767	7.15032468
0.51666667	-16.53409413	23.09305664	22.76719880	-12.27775528	-12.90227068	2.79304564	7.20845241
0.52500000	-16.10505976	22.51280770	22.22006087	-12.06026465	-12.82119901	2.71504707	7.21160429
0.53333333	-16.25490217	22.72852383	22.39021359	-12.15064826	-12.82698753	2.71738330	7.20325692
0.54166667	-16.16600083	22.60008818	22.26204730	-12.08806434	-12.77314021	2.69907542	7.17697409
0.55000000	-16.10211693	22.50042960	22.14738677	-12.02473947	-12.70333396	2.68447235	7.15865840
0.55833333	-16.33886187	22.81485940	22.50648937	-12.12805378	-12.88847567	2.72773262	7.23808856
0.56666667	-16.26279088	22.71069252	22.37585755	-12.08816311	-12.79925738	2.70026160	7.20183048
0.57500000	-16.16681762	22.59011719	22.19744910	-12.06074246	-12.69204766	2.68003393	7.19787686
0.58333333	-16.27964619	22.72410511	22.42739284	-12.07457078	-12.86517498	2.73966954	7.22088388
0.59166667	-16.17687507	22.58135833	22.24140081	-12.01861485	-12.74128195	2.69476623	7.19059839
0.60000000	-16.12602984	22.52009946	22.16864038	-12.00541438	-12.71328663	2.64537243	7.18868789
0.60833333	-16.28706022	22.75584501	22.42076161	-12.11981529	-12.85737475	2.69549300	7.25569601
0.61666667	-16.32217478	22.83700011	22.42974660	-12.20595773	-12.81023445	2.74485417	7.22272692
0.62500000	-16.20922762	22.67701961	22.26709135	-12.14614837	-12.74192848	2.76136445	7.19757684
0.63333333	-16.25162693	22.73549522	22.35190619	-12.17574193	-12.80734511	2.77673965	7.23881249
0.64166667	-16.18212196	22.66566481	22.28688257	-12.15774589	-12.80919513	2.78868906	7.17780484
0.65000000	-16.22750314	22.70695724	22.29243695	-12.14991631	-12.76312970	2.74247299	7.22405490
0.65833333	-16.16692133	22.61883952	22.19228110	-12.10291872	-12.70947428	2.70076535	7.20866933
0.66666667	-16.17002363	22.60681938	22.18844945	-12.06514444	-12.69601070	2.68158629	7.19047517
0.67500000	-16.12851605	22.53974836	22.11010154	-12.02401200	-12.63590134	2.67830681	7.14811256
0.68333333	-16.08881975	22.49498854	22.04216237	-12.01144734	-12.58802861	2.65383016	7.12531864
0.69166667	-16.28487003	22.74707813	22.32879815	-12.08203581	-12.71476248	2.70667579	7.16745321
0.70000000	-16.18664086	22.62147431	22.15710660	-12.03948469	-12.62696707	2.66015950	7.15871701
0.70833333	-16.33347756	22.82046908	22.38188961	-12.10091319	-12.74960797	2.67762224	7.22823950
0.71666667	-16.21775315	22.64917089	22.20834405	-12.01553115	-12.64954426	2.67330204	7.17176834
0.72500000	-16.13350737	22.53872522	22.07830221	-11.97903639	-12.59382252	2.66030707	7.14052225
0.73333333	-16.31876870	22.78128172	22.37694017	-12.05318111	-12.76233945	2.68721388	7.20753490
0.74166667	-16.22629074	22.65428858	22.20127938	-11.99286350	-12.64588833	2.67119560	7.17651063
0.75000000	-16.28638009	22.74356699	22.32064919	-12.00950587	-12.73074762	2.62999084	7.20304751
0.75833333	-16.22110872	22.65906717	22.20995654	-11.98183491	-12.65639872	2.61217502	7.16739105
0.76666667	-16.18176203	22.61107105	22.14363999	-11.96167324	-12.61616865	2.59391706	7.14827115
0.77500000	-16.37261796	22.86166328	22.41570052	-12.02830588	-12.72935075	2.63900974	7.17325799
0.78333333	-16.32020166	22.76986043	22.33472608	-11.96177903	-12.67710361	2.59714983	7.15003594
0.79166667	-16.29038566	22.73215435	22.30390689	-11.94445927	-12.66577797	2.56002420	7.14861711
0.80000000	-16.25057183	22.67390098	22.24007011	-11.89729027	-12.62554823	2.56442696	7.11340572
0.80833333	-16.40569801	22.86833959	22.47236563	-11.93732251	-12.71904085	2.56033056	7.15167569
0.81666667	-16.31277859	22.73526046	22.32371645	-11.87352786	-12.63351502	2.55880085	7.10602007
0.82500000	-16.25912739	22.67351377	22.24150177	-11.86467023	-12.59506165	2.51028696	7.12698217
0.83333333	-16.40085835	22.87605262	22.45463427	-11.95979498	-12.69765580	2.57217013	7.20229597
0.84166667	-16.31527526	22.75274041	22.32760102	-11.90248743	-12.63092845	2.55646051	7.14559550
0.85000000	-16.51835528	23.01729356	22.62392110	-11.97993214	-12.74911026	2.54572255	7.21221515
0.85833333	-16.42619096	22.87799260	22.47185096	-11.90673724	-12.65759801	2.55917164	7.16965475
0.86666667	-16.35739495	22.79652691	22.37181238	-11.88553860	-12.61662811	2.51945910	7.14607826
0.87500000	-16.45130990	22.92500969	22.50319981	-11.92543726	-12.67579733	2.54277791	7.15058648
0.88333333	-16.36246109	22.78684964	22.35428512	-11.85291102	-12.58216226	2.54324413	7.11005727
0.89166667	-16.32955687	22.74539781	22.32999910	-11.84175582	-12.59905423	2.48487903	7.13492364
0.90000000	-16.30341027	22.69480953	22.26710771	-11.79457385	-12.54969517	2.51775263	7.10962743
0.90833333	-16.40809601	22.83159242	22.48712147	-11.84108005	-12.73294239	2.46790906	7.19136994
0.91666667	-16.33990940	22.74345370	22.36153824	-11.80990364	-12.64781954	2.50640377	7.13871037
0.92500000	-16.41462181	22.84926996	22.45384885	-11.84606814	-12.68702614	2.50856833	7.14976465
0.93333333	-16.42980626	22.86183047	22.46935823	-11.84204065	-12.68226832	2.49139475	7.15495652
0.94166667	-16.38548990	22.79053862	22.39762432	-11.79533240	-12.63528375	2.48663112	7.14441862
0.95000000	-16.42184695	22.84982205	22.46292500	-11.83371010	-12.68400580	2.46373079	7.17646585
0.95833333	-16.52604680	22.98122343	22.64065419	-11.85030253	-12.80245003	2.48079479	7.22657432
0.96666667	-16.45446161	22.88973043	22.52062799	-11.81926850	-12.72447210	2.47378997	7.19310056
0.97500000	-16.38808810	22.80136874	22.41071952	-11.78962277	-12.65420756	2.46203959	7.16736659
0.98333333	-16.35393316	22.74907495	22.33775544	-11.75918325	-12.59699959	2.47270545	7.15719660
0.99166667	-16.58441290	23.07226243	22.69012329	-11.88583453	-12.76889179	2.50331862	7.24189310
1.00000000	-16.49553960	22.95884452	22.55303433	-11.86025903	-12.70124353	2.50892544	7.20805746
1.00833333	-16.63201463	23.13838933	22.74719360	-11.92389284	-12.77754625	2.57048047	7.24221856
1.01666667	-16.49740599	22.97254344	22.53163602	-11.87745664	-12.66397404	2.51344632	7.19378922
1.02500000	-16.43244530	22.89442566	22.44211489	-11.87525302	-12.61939908	2.53567086	7.17861886
1.03333333	-16.35241314	22.78326223	22.32978383	-11.81342602	-12.56615132	2.55200590	7.10444773
1.04166667	-16.59095212	23.09415794	22.69513419	-11.90915795	-12.76030719	2.55288926	7.23068241
1.05000000	-16.48623247	22.94886200	22.52347139	-11.85877067	-12.65538681	2.61743393	7.14533767
1.05833333	-16.40910756	22.85016400	22.40303604	-11.83732155	-12.58591694	2.56254427	7.14299556
1.06666667	-16.35627076	22.77250469	22.30808372	-11.80564323	-12.52414546	2.55493150	7.12938788
1.07500000	-16.35065717	22.76015351	22.28272288	-11.77605292	-12.50297487	2.50324064	7.12709181
1.08333333	-16.36795717	22.78450068	22.29198092	-11.79838608	-12.47625929	2.58313737	7.12823193
1.09166667	-16.51827996	23.01530956	22.56454752	-11.91454513	-12.66236467	2.49947594	7.15304697
1.10000000	-16.52965933	23.00100742	22.55467375	-11.87913012	-12.61862858	2.55454743	7.16061669
1.10833333	-16.57584372	23.06332054	22.67094347	-11.90331571	-12.74070550	2.53589455	7.19555754
1.11666667	-16.52118040	23.00208233	22.57739463	-11.88728854	-12.68496440	2.52652162	7.15760026
1.12500000	-16.53113378	23.02010871	22.56000997	-11.89709838	-12.63410467	2.51303435	7.12955751
1.13333333	-16.49873300	22.97170472	22.51700411	-11.87443985	-12.61949558	2.51719143	7.12238164
1.14166667	-16.52048863	23.00740365	22.57299256	-11.89798262	-12.67274939	2.55432762	7.17234648
1.15000000	-16.45024512	22.91367763	22.46243153	-11.86293528	-12.61441374	2.53587298	7.12423548
1.15833333	-16.34060847	22.75290444	22.26162199	-11.79226120	-12.48030773	2.54054528	7.08821365
1.16666667	-16.43701361	22.89760254	22.42792767	-11.85699746	-12.59489950	2.52007117	7.12925206
1.17500000	-16.31985191	22.72032499	22.22804694	-11.77175943	-12.46775427	2.52138999	7.07095709
1.18333333	-16.26090435	22.64534416	22.14217864	-11.75105629	-12.41888486	2.50144214	7.10369392
1.19166667	-16.54894893	23.03712689	22.61446027	-11.89477022	-12.70445326	2.51529255	7.23134903
1.20000000	-16.55321251	23.05770362	22.59803188	-11.92391334	-12.66760642	2.51414903	7.21413650
1.20833333	-16.48555063	22.95637445	22.48839438	-11.88475720	-12.59846598	2.54582027	7.17067593
1.21666667	-16.61517119	23.12397929	22.70503885	-11.93640536	-12.73536017	2.53929154	7.24660696
1.22500000	-16.52242049	23.00831671	22.54888699	-11.91260079	-12.64726358	2.56120299	7.17344557
1.23333333	-16.48895317	22.94898999	22.47852244	-11.87761488	-12.58891333	2.58504076	7.15405180
1.24166667	-16.54336439	23.02569507	22.59493822	-11.90682142	-12.70741593	2.57154950	7.17884899
1.25000000	-16.48930598	22.94590914	22.50196987	-11.87495023	-12.65102019	2.55502936	7.16148571
1.25833333	-16.54906823	23.03253940	22.57527626	-11.90984057	-12.66546871	2.50650634	7.16486459
1.26666667	-16.56495953	23.04504393	22.63716033	-11.88880491	-12.75748962	2.52048665	7.23737332
1.27500000	-16.47927740	22.92037391	22.47852023	-11.84303308	-12.64178655	2.53916132	7.19474753
1.28333333	-16.48886235	22.94649641	22.50365661	-11.86480660	-12.66251434	2.53808813	7.20563627
1.29166667	-16.37383630	22.78511749	22.30848344	-11.80598088	-12.53125863	2.52524562	7.15828543
1.30000000	-16.34330405	22.75241302	22.26080797	-11.81191765	-12.50373152	2.48038667	7.14235097
1.30833333	-16.55024047	23.01799536	22.59045280	-11.87610281	-12.69280017	2.48582505	7.24054149
1.31666667	-16.49663218	22.95686249	22.51510952	-11.88197142	-12.67194673	2.54866920	7.21093773
1.32500000	-16.44977095	22.88800799	22.43061202	-11.85411197	-12.60969633	2.59199763	7.18655257
1.33333333	-16.55548050	23.01026571	22.59872054	-11.87553484	-12.71411920	2.62825212	7.19782479
1.34166667	-16.47583216	22.89750669	22.43923298	-11.83557703	-12.57329788	2.59172271	7.18040472
1.35000000	-16.62853095	23.11789465	22.70130392	-11.92365580	-12.75638862	2.59726771	7.26349468
1.35833333	-16.60084949	23.06804753	22.62925102	-11.90130857	-12.66808290	2.62082568	7.24441612
1.36666667	-16.54879886	23.01191630	22.55666760	-11.90218548	-12.64247006	2.57755543	7.21536057
1.37500000	-16.52497098	22.99390289	22.50230345	-11.91790980	-12.59581681	2.59327013	7.18241966
1.38333333	-16.51874281	22.97256427	22.51970112	-11.89567222	-12.63032139	2.62012952	7.21557953
1.39166667	-16.55602210	23.03039401	22.57636922	-11.94110714	-12.66211844	2.63317947	7.20812084
1.40000000	-16.49874995	22.94052206	22.46684853	-11.90316809	-12.56689719	2.64871008	7.18710275
1.40833333	-16.67483395	23.18020975	22.74772328	-11.97645554	-12.74309951	2.62947655	7.24696619
1.41666667	-16.64122382	23.12937431	22.68994710	-11.95620355	-12.70112940	2.66673555	7.21646487
1.42500000	-16.50957944	22.95151738	22.47359833	-11.89976167	-12.57920823	2.61696871	7.14497852
1.43333333	-16.48936246	22.93297290	22.45708711	-11.90099030	-12.59228696	2.57398053	7.15364300
1.44166667	-16.46564145	22.88338163	22.40264418	-11.86054569	-12.53290630	2.57629455	7.12708829
1.45000000	-16.51666814	22.95604768	22.47959856	-11.88930398	-12.57032921	2.59383848	7.12377675
1.45833333	-16.53488786	22.97368901	22.50788438	-11.88511019	-12.58564621	2.58166851	7.13727377
1.46666667	-16.57918730	23.01662508	22.59702960	-11.87409892	-12.65772603	2.55170253	7.14836540
1.47500000	-16.47970702	22.88080831	22.44649125	-11.82744166	-12.57603856	2.55166315	7.13847284
1.48333333	-16.61027053	23.05667692	22.65686473	-11.89110536	-12.69486310	2.58367549	7.18383149
1.49166667	-16.52244929	22.92488909	22.50571307	-11.82861173	-12.58712461	2.57452924	7.14846650
1.50000000	-16.46139617	22.82985791	22.41610642	-11.78898258	-12.54383674	2.54316714	7.12848018
1.50833333	-16.61558745	23.04681980	22.63700795	-11.87706806	-12.62642561	2.55491522	7.14158445
1.51666667	-16.61641057	23.03623320	22.67095262	-11.85808021	-12.69155881	2.57442607	7.17840260
1.52500000	-16.48788692	22.87029778	22.45251757	-11.81279245	-12.54855921	2.53452959	7.13191642
1.53333333	-16.54369476	22.94151382	22.55059778	-11.83874641	-12.61078456	2.55088291	7.15208041
1.54166667	-16.52139476	22.88864868	22.51125795	-11.79288722	-12.56913202	2.56813861	7.14089693
1.55000000	-16.63928812	23.05697051	22.69895156	-11.85995460	-12.67283564	2.61884738	7.17060734
1.55833333	-16.68620161	23.11234590	22.81964323	-11.85389733	-12.80868142	2.55627469	7.25946557
1.56666667	-16.56749710	22.95607306	22.60559532	-11.80932579	-12.66302121	2.55345903	7.23551117
1.57500000	-16.53096438	22.90389023	22.53282509	-11.79239456	-12.60428772	2.55304403	7.23823069
1.58333333	-16.87316507	23.35786584	23.05632039	-11.91851096	-12.85567089	2.58359351	7.34157345
1.59166667	-16.79672953	23.24838801	22.94264910	-11.85855170	-12.79541706	2.59626431	7.29235942
1.60000000	-16.76270055	23.19945075	22.87900400	-11.83551962	-12.75875290	2.52442717	7.34153412
1.60833333	-16.75759360	23.19460943	22.87581680	-11.83980897	-12.76875719	2.49745308	7.38248225
1.61666667	-16.87200257	23.34139261	23.07862950	-11.89578241	-12.86876913	2.54798166	7.43344987
1.62500000	-17.00048359	23.54758261	23.25121994	-12.03490627	-12.96179879	2.64323819	7.50559813
1.63333333	-16.97114142	23.48259064	23.27294090	-12.03390698	-12.98010752	2.62966649	7.57341744
1.64166667	-16.92251849	23.45185691	23.23789201	-12.07061194	-13.01576814	2.64332634	7.64696304
1.65000000	-16.86516540	23.35450244	23.22965089	-12.01421760	-13.10798603	2.61358809	7.76567192
1.65833333	-16.88847431	23.36332376	23.34520902	-12.00233477	-13.26438613	2.58326814	7.91798937
1.66666667	-16.91052331	23.36157668	23.47770384	-11.98183545	-13.42513471	2.57817581	7.98953534
1.67500000	-17.02763878	23.50056740	23.73805048	-12.03264398	-13.63315554	2.57145898	8.11992097
1.68333333	-16.94156548	23.36221875	23.68470548	-11.96641305	-13.70179025	2.59402370	8.03948772
1.69166667	-17.17189041	23.63656794	24.09540177	-12.13873436	-13.89303784	2.68625184	8.15196332
1.70000000	-17.10228363	23.48802306	24.08625128	-12.04472438	-14.02581179	2.65582982	8.25287278
1.70833333	-17.22462722	23.63262836	24.35685611	-12.09353617	-14.26785198	2.65569113	8.37825942
1.71666667	-17.14210979	23.48957062	24.30339356	-12.04004121	-14.35213786	2.64256731	8.44530987
1.72500000	-17.14449566	23.50300421	24.37160211	-12.04962735	-14.49703153	2.60328880	8.58687124
1.73333333	-17.45251845	23.97086709	24.83034562	-12.29566962	-14.67857269	2.70236293	8.58841835
1.74166667	-17.34550801	23.76366472	24.72604811	-12.18138769	-14.72428481	2.67696686	8.63316600
1.75000000	-17.23223034	23.57106457	24.61518511	-12.08316946	-14.79357272	2.62904810	8.74921528
1.75833333	-17.22991919	23.55746399	24.69106887	-12.08198982	-14.94150998	2.60820385	8.84499567
1.76666667	-17.36902047	23.76472116	24.89940442	-12.19426178	-15.09204587	2.67003670	8.90991978
1.77500000	-17.43279480	23.84186521	24.98182233	-12.23757267	-15.15343463	2.69389127	8.98873555
1.78333333	-17.27795501	23.64509518	24.82312526	-12.19935701	-15.19501572	2.65137102	8.99960579
1.79166667	-17.41412186	23.71741048	24.97153812	-12.17855325	-15.17258531	2.66935412	8.88041053
1.80000000	-17.40159667	23.78821846	24.92434554	-12.31633429	-15.20566757	2.63681068	8.90713659
1.80833333	-17.21242461	23.48387611	24.64096547	-12.14924498	-15.12806772	2.60296128	8.89590971
1.81666667	-17.19359554	23.45866604	24.51685680	-12.18491213	-15.00155769	2.59249232	8.87228607
1.82500000	-17.40934831	23.71259458	24.76798846	-12.26481958	-15.00185893	2.62304656	8.77915871
1.83333333	-17.26875758	23.50082673	24.50622700	-12.22213352	-14.85868508	2.59957276	8.75341220
1.84166667	-17.14458099	23.34483777	24.24729947	-12.21742242	-14.69020929	2.60258835	8.70447616
1.85000000	-17.16016643	23.41453041	24.23955165	-12.26369659	-14.73147759	2.54471508	8.79155972
1.85833333	-17.31363083	23.59920080	24.37163099	-12.35685625	-14.70121098	2.57590410	8.79939460
1.86666667	-17.24829524	23.47663413	24.14872956	-12.38731557	-14.49621802	2.59275539	8.78974260
1.87500000	-17.25937567	23.44241234	24.12864892	-12.42572001	-14.45652554	2.63721713	8.78036493
1.88333333	-17.23178833	23.44019619	24.00067501	-12.55085573	-14.33840750	2.66214595	8.80890386
1.89166667	-17.15604284	23.37914601	23.84481362	-12.61919507	-14.26135722	2.67100235	8.74057118
1.90000000	-17.20184356	23.44964999	23.87389019	-12.64076764	-14.32377950	2.53268825	8.90342999
1.90833333	-17.10976829	23.44614505	23.67695687	-12.87923696	-14.18924940	2.60193347	8.86478784
1.91666667	-17.06412496	23.46713602	23.54465555	-13.12455235	-14.07224609	2.73655590	8.84067711
1.92500000	-16.96552995	23.41959883	23.32231418	-13.32887838	-13.92595980	2.78204496	8.79404077
1.93333333	-17.16980607	23.69532955	23.56612366	-13.43343233	-14.05961333	2.63933528	8.90758059
1.94166667	-17.03588913	23.64827014	23.40126591	-13.66697632	-14.08197434	2.65774677	8.78935510
1.95000000	-16.96764127	23.76893616	23.17003894	-14.05291734	-13.93337457	2.70159961	8.93135361
1.95833333	-16.80908658	23.72650836	22.87068452	-14.40910925	-13.78016470	2.79384321	8.87113960
1.96666667	-16.64532236	23.78407680	22.53369225	-14.97344891	-13.57706144	3.03954307	8.87176627
1.97500000	-16.50225980	23.86686810	22.18487591	-15.51387126	-13.37522618	3.26641067	8.83189256
1.98333333	-16.47227397	24.05748085	22.11842254	-15.82726754	-13.46294946	2.80693882	8.89446959
1.99166667	-16.38509124	24.33615768	21.88815517	-16.60160982	-13.30644819	3.01597402	8.90757905
2.00000000	-16.19795524	24.45335315	21.61916238	-17.15253285	-13.28751732	2.70174984	8.99289428
2.00833333	-16.04930402	24.74957581	21.34939138	-18.04113958	-13.19185837	2.77365856	9.00375231
2.01666667	-15.93927680	25.23638694	21.01074758	-19.15696494	-12.90005230	3.05422325	9.07688481
2.02500000	-15.80527855	25.47097317	20.80812354	-19.70854459	-13.01745163	2.32126760	9.20484140
2.03333333	-15.49798540	25.67250618	20.22700901	-20.67761518	-12.71751021	2.17088223	9.21917356
2.04166667	-15.30715290	26.04261257	19.89903512	-21.75864272	-12.59490624	2.23222157	9.28042782
2.05000000	-14.96051299	26.17093549	19.32886476	-22.59534251	-12.41010878	1.58020096	9.38367404
2.05833333	-14.73525369	26.58509751	18.85857060	-23.78423727	-12.15799300	1.71703757	9.41537450
2.06666667	-14.34153310	26.75767340	18.16466809	-24.80707296	-11.84582069	1.36671810	9.34078713
2.07500000	-13.92286736	26.85855582	17.59027829	-25.70783343	-11.82631508	0.72760742	9.45796719
2.08333333	-13.58635504	27.15993586	16.95105120	-26.78777874	-11.51311284	0.48992164	9.43010246
2.09166667	-13.36567755	27.62294205	16.50026007	-27.95752185	-11.28098972	0.65389179	9.49159671
2.10000000	-13.01499669	27.86976758	15.94459591	-28.89703922	-11.17615084	-0.02958194	9.51473672
2.10833333	-12.82265107	28.38145823	15.56787577	-30.00492077	-10.99624522	0.16815057	9.53225670
2.11666667	-12.40632249	28.51704678	14.87883146	-30.83559580	-10.79744766	-0.27909401	9.51053208
2.12500000	-12.21972100	28.89728901	14.48009469	-31.72588992	-10.61411581	-0.03371710	9.54908909
2.13333333	-11.80273729	28.89463363	13.88704285	-32.30027391	-10.54860626	-0.67278176	9.59067814
2.14166667	-11.66511810	29.36737274	13.56707833	-33.09965174	-10.39496694	-0.54173256	9.61023816
2.15000000	-11.53122471	29.84591929	13.22392137	-33.82425636	-10.21013894	-0.40165946	9.65040141
2.15833333	-11.23996659	30.01351723	12.76125416	-34.28643232	-10.11853017	-0.84112973	9.69289929
2.16666667	-11.11548107	30.40645959	12.48910030	-34.75985171	-10.01726950	-0.80441263	9.73069549
2.17500000	-10.95888703	30.68864116	12.21867004	-35.08704031	-9.98268021	-0.83214764	9.87222495
2.18333333	-10.86516657	31.03715363	11.95044865	-35.32075747	-9.83845157	-0.85351874	9.92251344
2.19166667	-10.77484486	31.37050131	11.72134777	-35.45545398	-9.76481451	-0.85113512	9.96455374
2.20000000	-10.36134486	31.19393213	11.26000042	-35.32904597	-10.00062423	-0.91574216	10.14582513
2.20833333	-10.33111794	31.47874472	11.05986695	-35.23871649	-9.88359912	-0.87211212	10.19391888
2.21666667	-10.28520036	31.77164126	10.89309319	-35.09672759	-9.89745244	-0.86733008	10.20737409
2.22500000	-10.25807427	32.11444436	10.72737037	-34.90006349	-9.83443920	-0.85517972	10.25308733
2.23333333	-10.17355132	32.27052221	10.57378554	-34.55804184	-9.87402308	-0.88573338	10.46605280
2.24166667	-10.12905747	32.41258421	10.42180463	-34.11610658	-9.90931452	-0.91320328	10.55232905
2.25000000	-10.09548925	32.71730972	10.25695325	-33.83054384	-9.92137006	-0.92059656	10.57579577
2.25833333	-10.08948548	33.00476103	10.10696033	-33.38062545	-9.88888121	-0.95460144	10.63548636
2.26666667	-9.57209492	32.51290732	9.30128280	-32.62477194	-9.72952802	-1.15696278	10.87186061
2.27500000	-9.48914825	32.57704169	9.12522437	-31.97140000	-9.80223517	-1.27350751	10.99291149
2.28333333	-9.48406472	32.86472121	8.98081278	-31.48554201	-9.84137135	-1.28842472	11.03668047
2.29166667	-9.49470670	33.11040076	8.84155860	-30.84910530	-9.86743207	-1.35762142	11.13012531
2.30000000	-8.91310694	32.54158934	7.97958734	-29.98692874	-9.75171214	-1.71299161	11.58188565
2.30833333	-8.95118582	32.78663258	7.86051444	-29.34321807	-9.79146934	-1.78625503	11.64144313
2.31666667	-8.86756462	32.80955548	7.67205799	-28.52020497	-9.94355866	-2.39032912	11.94663720
2.32500000	-8.73650153	32.77181221	7.40473694	-27.73477115	-10.03220660	-2.85893718	12.29843624
2.33333333	-8.39364773	32.45152275	6.88472575	-26.93341484	-10.05463829	-2.66675646	12.63664777
2.34166667	-8.35491137	32.52262510	6.70673499	-26.13137924	-10.17863688	-3.20428711	12.87680768
2.35000000	-8.31566997	32.55759329	6.59231284	-25.29012699	-10.39430681	-3.62562199	13.08009739
2.35833333	-8.05119280	32.36753399	6.11796833	-24.56325132	-10.36740003	-3.56519802	13.52010245
2.36666667	-7.96489670	32.44719930	5.83154780	-23.87840359	-10.35777297	-3.94090492	13.71116664
2.37500000	-7.98618603	32.50347536	5.79076837	-23.00681934	-10.58581832	-4.60871525	14.03882735
2.38333333	-8.00727344	32.58969217	5.70505353	-22.16585602	-10.76823736	-5.34254082	14.26901122
2.39166667	-7.98142218	32.58483846	5.58716791	-21.26045130	-10.96758195	-5.99329012	14.54134843
2.40000000	-7.82916292	32.42234235	5.39819527	-20.41608309	-11.20609829	-6.36548762	14.91171334
2.40833333	-7.71939359	32.33037543	5.03925769	-19.69203480	-11.16744658	-6.11562321	15.07111022
2.41666667	-7.76751101	32.36633917	4.99140302	-18.80249588	-11.38757579	-6.66952400	15.26971591
2.42500000	-7.84244940	32.38560971	4.95677939	-17.89162672	-11.59089610	-7.16454620	15.51650596
2.43333333	-7.89086422	32.62253602	4.76704420	-17.52161640	-11.55124649	-6.67124394	15.80306887
2.44166667	-7.95602146	32.62540031	4.73539544	-16.68439774	-11.77264177	-7.05739414	16.01572420
2.45000000	-8.06102183	32.83119987	4.65201447	-16.17942779	-11.89522278	-7.03700459	16.33398615
2.45833333	-8.13946197	32.87051312	4.59051810	-15.49050018	-12.07528074	-7.35777951	16.43294373
2.46666667	-8.27559226	33.04625475	4.62008873	-14.97442641	-12.28744894	-7.65943503	16.63026927
2.47500000	-8.34085543	33.06854688	4.54123495	-14.41679518	-12.49671239	-7.79702641	16.69486818
2.48333333	-8.33965853	33.16882377	4.42096394	-14.33091986	-12.68554829	-7.22632912	16.83411102
2.49166667	-8.39084949	33.20679341	4.29786091	-13.92102132	-12.84384911	-7.43797233	16.93879155
2.50000000	-8.45981193	33.28777638	4.16081112	-13.67059320	-12.97087217	-7.45061984	16.96652472
2.50833333	-8.54447689	33.43825074	4.11125343	-13.60343334	-13.24548190	-7.20367729	17.31331948
2.51666667	-8.58279159	33.44159967	3.97545808	-13.41397685	-13.43485620	-7.22203716	17.42052202
2.52500000	-8.62792934	33.44420367	3.87213614	-13.26737790	-13.68464670	-7.20130018	17.85023991
2.53333333	-8.62884502	33.37034542	3.76770788	-13.20768151	-13.97118913	-7.01261181	18.19048501
2.54166667	-8.67892894	33.36448794	3.61594192	-13.22016186	-14.11922605	-6.98491384	18.21264669
2.55000000	-8.69881864	33.25556314	3.47235901	-13.19505033	-14.34439872	-6.63077937	18.59099397
2.55833333	-8.72099105	33.23327578	3.33246858	-13.36899387	-14.55084812	-6.58186755	18.61908064
2.56666667	-8.79301392	33.20016870	3.20784918	-13.54046566	-14.60570445	-6.34616454	18.64450724
2.57500000	-8.82878523	33.11876055	3.05847659	-13.74940243	-14.82082964	-6.34328946	18.62145131
2.58333333	-8.85035878	33.02509854	2.94065168	-13.99469983	-15.11485662	-6.37433967	18.58412183
2.59166667	-8.89480750	32.85223576	2.91219611	-14.07942857	-15.40870194	-6.90076353	18.53270071
2.60000000	-8.94486071	32.71616595	2.84821380	-14.29870881	-15.73576590	-7.38393063	18.44958843
2.60833333	-8.95211225	32.60989458	2.75394053	-14.66131032	-16.12887049	-7.56424309	18.37400389
2.61666667	-9.12001566	32.58858823	2.96298496	-14.76613192	-16.63098969	-8.47934594	18.26798898
2.62500000	-9.15537118	32.51326845	2.95650907	-15.04381870	-17.12923473	-8.64362386	18.11313721
2.63333333	-9.17769564	32.45780479	2.99938451	-15.30465864	-17.73332899	-8.94625646	17.92511583
2.64166667	-9.25666420	32.39946498	3.09633324	-15.28477889	-18.24831421	-9.81739209	17.48611309
2.65000000	-9.85009891	32.91240649	4.01394695	-15.54364985	-19.23030831	-9.93287429	17.15686344
2.65833333	-9.91608221	32.87196870	4.32472889	-15.77763231	-20.20575012	-9.87165458	16.66694926
2.66666667	-9.78212911	32.69586076	4.44652512	-16.19443164	-21.25329628	-9.85679076	16.31836978
2.67500000	-9.77607486	32.60085810	4.78419179	-16.52463414	-22.47862718	-9.51398851	15.60279745
2.68333333	-9.84416662	32.53446127	5.20915869	-16.82241845	-23.67540113	-9.16167182	14.60641158
2.69166667	-10.06048641	32.67326149	5.91006837	-17.19913052	-24.95808527	-9.31462504	13.55077069
2.70000000	-9.81686634	32.32575394	6.21761496	-17.64952388	-26.55243316	-9.08030788	12.93952565
2.70833333	-10.28911380	32.72441759	7.53518726	-17.99135181	-28.37494927	-8.58354973	11.23235397
2.71666667	-10.13392300	32.36953471	8.20316193	-18.25570204	-30.30383747	-8.14180609	9.92875023
2.72500000	-10.55903876	32.73599388	9.73784047	-18.64919970	-32.49349486	-7.86947269	8.20007488
2.73333333	-10.42449907	32.32079886	10.68516617	-18.75128107	-34.75215282	-7.43554012	6.51318955
2.74166667	-10.70465767	32.41826939	12.27303462	-18.92076276	-37.17952145	-7.17906707	4.41949675
2.75000000	-11.12335216	32.63377736	14.16255426	-19.07428422	-39.75024870	-6.76441984	2.27936783
2.75833333	-11.36328445	32.66787177	15.91098351	-19.16336370	-42.37581792	-6.43561738	0.15123448
2.76666667	-11.63302032	32.71011953	17.74132942	-19.23069873	-44.98388953	-6.07466581	-1.95354641
2.77500000	-11.86508803	32.71074781	19.61133303	-19.28067229	-47.63265612	-5.71026849	-3.92895611
2.78333333	-11.72222237	32.21146238	21.00941188	-19.17902132	-50.17424707	-5.29219382	-5.54637228
2.79166667	-12.14676784	32.52754354	23.19182147	-19.36432711	-52.88444409	-4.97084425	-7.19285020
2.80000000	-11.79330284	31.76139966	24.33910232	-19.23617637	-55.31501461	-4.75242462	-7.75388588
2.80833333	-11.81282832	31.57718949	26.13561816	-19.29215692	-58.00966006	-4.08141966	-8.73164380
2.81666667	-12.64089644	32.41494926	28.94927158	-19.64805859	-60.75242804	-3.74103572	-9.23598456
2.82500000	-12.32130758	31.76455584	30.25950001	-19.61674096	-63.15885912	-3.40661886	-8.97285295
2.83333333	-12.49466874	31.77601525	32.25787460	-19.75113768	-65.67683783	-3.00449247	-8.53472525
2.84166667	-12.20429117	31.14404854	33.62312751	-19.70102555	-67.93439789	-2.64993641	-7.78986684
2.85000000	-12.32193466	31.09891142	35.53443412	-19.86368122	-70.24620970	-2.17804488	-6.98227665
2.85833333	-11.99556082	30.49323785	36.87341259	-19.87960293	-72.37722133	-1.87666210	-6.09160836
2.86666667	-11.94657919	30.16903662	38.57692751	-19.91134800	-74.46756890	-1.38378785	-5.09790525
2.87500000	-11.58068386	29.45468138	39.85263865	-19.84657820	-76.38344613	-1.08936506	-4.09853070
2.88333333	-11.25364038	28.76119200	41.16121099	-19.74554225	-78.21963273	-0.77124878	-2.94148040
2.89166667	-10.90696147	28.04528738	42.55234121	-19.67368425	-80.06809586	-0.31310754	-1.29100419
2.90000000	-10.55812827	27.33868492	43.73840391	-19.59829725	-81.64935832	-0.06181921	0.09407589
2.90833333	-10.01741724	26.40914848	44.81126650	-19.49560787	-83.27712553	0.31505747	2.28315539
2.91666667	-9.68081465	25.67359792	45.94814315	-19.34623893	-84.69055440	0.63339967	4.29480841
2.92500000	-9.13475982	24.71312525	47.05838314	-19.18507108	-86.13086048	0.84021075	6.25887118
2.93333333	-8.80721367	23.96986184	48.29922758	-19.01147938	-87.37623562	1.08841331	7.88929917
2.94166667	-8.35843722	23.13797327	49.25670811	-18.92435784	-88.51820686	1.53047705	10.23849011
2.95000000	-8.04334618	22.41025976	50.51218688	-18.74940425	-89.59658955	1.75239488	11.77547438
2.95833333	-7.54353834	21.47483460	51.44763556	-18.60290332	-90.57652220	2.13409648	13.82005812
2.96666667	-7.21183373	20.80935177	52.54053707	-18.51541419	-91.39860193	2.34558668	15.09511135
2.97500000	-6.63546612	19.75724953	53.27201058	-18.30098924	-92.12329233	2.72222226	16.78037091
2.98333333	-6.36936032	19.12331753	54.36686795	-18.18077651	-92.73679844	2.93458380	17.81689816
2.99166667	-6.06182543	18.42131431	55.33857954	-18.03149230	-93.24015970	3.23034655	18.96409143
3.00000000	-5.45922596	17.39622659	55.92358546	-17.89059377	-93.62991217	3.61556292	20.21686902
3.00833333	-5.21100469	16.81182430	56.87928689	-17.79714303	-93.91657772	3.86615628	21.03952136
3.01666667	-4.98485587	16.23683845	57.77359799	-17.70638185	-94.09304304	4.16227759	21.93243424
3.02500000	-4.68916246	15.58661160	58.59662050	-17.59663965	-94.17625142	4.39600639	22.74005124
3.03333333	-4.31544672	14.82579359	59.21192914	-17.48990811	-94.16554910	4.69768903	23.56515205
3.04166667	-4.08504313	14.30724248	59.92092397	-17.44708291	-94.02170657	4.98797486	24.21243100
3.05000000	-3.94546552	13.81823244	60.77174762	-17.33785724	-93.83097717	5.06540506	24.37544031
3.05833333	-3.65724982	13.17149710	61.35219171	-17.26314711	-93.54856166	5.49997901	25.35225193
3.06666667	-3.41078813	12.55077231	61.92900154	-17.15702308	-93.16607799	5.78789241	25.83754216
3.07500000	-3.29898346	12.15315454	62.64626693	-17.11023590	-92.71007781	5.84730050	25.90159064
3.08333333	-3.24042425	11.75058638	63.32536247	-16.98192688	-92.17905562	6.00114206	26.02724384
3.09166667	-3.08891084	11.43839425	63.74691688	-17.11631700	-91.52545381	6.55221061	26.48684353
3.10000000	-3.02447054	11.06313771	64.31732791	-17.06475890	-90.87251269	6.60782625	26.53003918
3.10833333	-2.79578191	10.46924017	64.61360751	-16.92568116	-90.18863461	6.97125413	26.87090615
3.11666667	-2.75583208	10.13385076	65.09772350	-16.88326661	-89.43204612	7.03398374	26.87710989
3.12500000	-2.64659704	9.72228404	65.36778817	-16.80162008	-88.56551240	7.34122243	26.70682298
3.13333333	-2.57707919	9.29529610	65.65193644	-16.67550910	-87.69105480	7.53781831	26.57891409
3.14166667	-2.55821171	9.02698629	65.97603820	-16.68953891	-86.81875790	7.59724454	26.55305677
3.15000000	-2.44223194	8.57765987	66.07884490	-16.55981363	-85.84639633	7.89197628	25.98472812
3.15833333	-2.45075971	8.31864356	66.30433994	-16.56461320	-84.93049258	7.97135423	25.92233365
3.16666667	-2.36347343	7.88952120	66.32851220	-16.44775248	-83.94069676	8.26762256	25.23491467
3.17500000	-1.96519222	7.16245673	65.91131704	-16.38812355	-82.97303895	8.56196866	24.88606700
3.18333333	-1.95633710	6.84958578	65.93423234	-16.32894546	-82.02237241	8.74587561	24.18904735
3.19166667	-1.95372545	6.50902849	65.91236865	-16.25032350	-81.10980976	8.94359208	23.47713727
3.20000000	-1.83855090	6.36608365	65.69527717	-16.50545176	-80.22099415	9.20311880	22.51781148
3.20833333	-1.86531345	6.04963098	65.60587195	-16.42303537	-79.40205347	9.40842237	21.91159201
3.21666667	-1.64649230	5.59283076	65.18609810	-16.46076720	-78.59752018	9.63567590	20.85179914
3.22500000	-1.68567464	5.19206700	65.08204829	-16.29882883	-77.92687895	9.78051966	19.95962715
3.23333333	-1.66272187	4.96472320	64.84711231	-16.39638329	-77.29918328	9.91468497	18.96965851
3.24166667	-1.68378583	4.63196742	64.62118212	-16.31560190	-76.74168796	10.11613958	17.81001198
3.25000000	-1.59625748	4.48760218	64.18319223	-16.56715472	-76.14780315	10.38724177	16.43896950
3.25833333	-1.71227147	4.37256516	63.98618866	-16.62928461	-75.70123342	10.56496478	14.99413994
3.26666667	-1.81739813	4.26454986	63.75814204	-16.71268220	-75.33967211	10.69414850	13.64981454
3.27500000	-1.96137660	4.28028844	63.53166128	-16.88088439	-74.97735480	10.86851271	12.00677815
3.28333333	-2.16413894	4.13221158	63.33517781	-16.80303342	-74.68442796	10.92829470	10.80007029
3.29166667	-2.33128213	4.09511955	63.09743491	-16.89520999	-74.45627929	10.93298146	9.82883651
3.30000000	-2.56869591	4.01071609	62.89807722	-16.83585352	-74.27409840	10.92327386	9.35663087
3.30833333	-2.76328497	3.96894272	62.64036628	-16.87538098	-74.14100685	10.91266894	9.33216924
3.31666667	-3.00512824	3.91642649	62.36515950	-16.86555484	-73.99814430	10.86823777	9.41020364
3.32500000	-3.38121176	4.11561870	62.18534708	-16.91334394	-73.94940445	10.62558507	11.00253371
3.33333333	-3.67237911	4.08725331	61.91863611	-16.81370267	-73.85037604	10.34717495	12.00320266
3.34166667	-3.95746527	4.08888238	61.63310146	-16.74527793	-73.76119105	10.02439846	13.11534897
3.35000000	-4.32806900	4.04537750	61.42552129	-16.54603954	-73.61687355	9.64176134	14.17702387
3.35833333	-4.66722208	4.17542402	61.18094915	-16.56647714	-73.42896997	9.17301448	15.16703094
3.36666667	-5.04831720	4.20458688	60.95796351	-16.41879587	-73.17374998	8.62999010	16.00257044
3.37500000	-5.40632663	4.36490129	60.71002344	-16.43308309	-72.87101423	7.90755879	16.76245515
3.38333333	-5.83639062	4.33021988	60.55126886	-16.17263332	-72.55501505	7.07819034	17.35347328
3.39166667	-6.34120873	4.59943507	60.49393788	-16.15669673	-72.20903476	5.98394459	17.63873883
3.40000000	-6.74492186	4.82343862	60.28491134	-16.15045452	-71.79979290	4.92965531	18.02736379
3.40833333	-7.26703977	5.33584545	60.19993706	-16.33992067	-71.29375189	3.78073107	18.03113512
3.41666667	-7.70756213	5.43871009	60.04326185	-16.18534712	-70.89903328	2.44589561	18.30031227
3.42500000	-8.14298645	5.70143280	59.83182217	-16.19135132	-70.40194091	0.94431636	18.45035376
3.43333333	-8.58561160	6.08502820	59.57582066	-16.31906216	-69.80414494	-0.68932331	18.55969056
3.44166667	-9.03727431	6.49881606	59.30297257	-16.49487972	-69.16868678	-2.38505304	18.66930827
3.45000000	-9.43938559	7.02680576	58.91688677	-16.83329323	-68.45119589	-4.19246416	18.73255751
3.45833333	-9.89153874	7.54191165	58.55402888	-17.15186697	-67.69204219	-6.06895586	18.78047040
3.46666667	-10.27475877	8.13794892	58.07818847	-17.56250868	-66.89924631	-8.13871517	18.90978891
3.47500000	-10.53982214	8.70570241	57.44732978	-18.17137750	-66.07703569	-10.08479184	19.07369044
3.48333333	-10.81123271	9.36517568	56.80173430	-18.91913242	-65.19592828	-11.99743678	19.24121657
3.49166667	-11.04189170	10.03526523	56.13323510	-19.75204607	-64.32843718	-13.88489310	19.26827204
3.50000000	-11.17689951	10.85123555	55.36866274	-20.85658384	-63.39504070	-15.65975815	19.21795253
3.50833333	-11.40761986	11.53473422	54.81521520	-21.88687409	-62.57834336	-17.29430024	19.11593903
3.51666667	-11.58550362	12.48878345	54.14682410	-23.16658269	-61.72677110	-18.82201119	18.93262353
3.52500000	-11.60166904	13.44917046	53.21268507	-24.79938945	-60.71460981	-20.11676518	18.91090712
3.53333333	-11.65069441	14.46790691	52.39755563	-26.60985811	-59.75731093	-21.30427723	18.81678513
3.54166667	-11.86714570	15.82667336	51.74329605	-28.55886755	-58.77489768	-22.88004302	18.55558235
3.55000000	-11.88620136	16.96734595	50.86853150	-30.66595885	-57.77450486	-24.28558168	18.43710431
3.55833333	-11.82236585	18.36492640	49.86402032	-33.28906425	-56.64180963	-25.27395835	18.27334059
3.56666667	-11.88449242	19.88261635	49.04661417	-35.93917312	-55.60490819	-26.74917046	18.01458776
3.57500000	-11.89230154	21.30461573	48.10861985	-38.70662499	-54.50395950	-27.87761275	17.86010533
3.58333333	-11.82419907	22.86925689	47.18775941	-41.83358472	-53.44165857	-28.74357781	17.63614855
3.59166667	-11.53580599	24.31447362	45.96821032	-45.16282310	-52.32475009	-28.58784501	17.42778235
3.60000000	-11.65501999	26.02762375	45.24887774	-48.28834925	-51.30718283	-30.10345084	17.21329122
3.60833333	-11.36856261	27.45493822	44.08547348	-51.62927858	-50.22871596	-30.25996233	17.01978413
3.61666667	-11.23730903	29.11508096	43.13375435	-55.03317241	-49.24645609	-30.32595156	16.81270243
3.62500000	-11.13363736	30.72325536	42.16768173	-58.38134094	-48.19823295	-29.93736662	16.60747304
3.63333333	-10.79026716	32.09714328	40.98698975	-61.70768964	-47.18751238	-28.59340683	16.38999179
3.64166667	-10.63614311	33.81393798	39.97973719	-65.05637762	-46.16914394	-27.96872846	16.24170205
3.65000000	-10.46258133	35.37409463	38.95587377	-68.29768561	-45.13922832	-26.06237007	16.04237191
3.65833333	-10.30824075	37.02129961	37.99435515	-71.49585104	-44.13175169	-24.03324021	15.83860410
3.66666667	-10.05549045	38.53577738	36.92829959	-74.53572200	-43.13588580	-21.81757401	15.60870500
3.67500000	-9.99654668	40.30550162	36.10740586	-77.53086744	-42.20076462	-19.50293992	15.49454694
3.68333333	-9.83628294	41.94462945	35.08053515	-80.35464954	-41.13184974	-17.13730933	15.27127652
3.69166667	-9.81516440	43.70002041	34.30127050	-83.01372065	-40.19830876	-14.56039400	15.15118246
3.70000000	-9.59610795	45.19788062	33.24435735	-85.40613815	-39.16819494	-12.22150532	14.94134234
3.70833333	-9.21560004	46.42167788	32.04991456	-87.66870299	-38.13814270	-8.02107529	14.79201090
3.71666667	-9.11084696	47.89018006	31.09794924	-89.63867903	-37.09770100	-5.91662908	14.57632665
3.72500000	-8.97492268	49.40838767	30.07085652	-91.44281143	-36.00602159	-3.80936584	14.35162811
3.73333333	-8.46010745	50.47324098	28.64921119	-93.20390879	-34.96020387	1.32208770	14.27463968
3.74166667	-8.40584613	51.81825496	27.77234486	-94.50403896	-33.92709616	2.69821920	14.06347778
3.75000000	-8.06774505	52.89313420	26.56903487	-95.77766310	-32.89820319	6.59661045	13.91466184
3.75833333	-7.97058736	54.25269037	25.73179693	-96.86285679	-31.99360179	8.67146668	13.78461510
3.76666667	-7.54848619	55.11660236	24.43817783	-97.60318772	-30.96826707	10.38827420	13.61266500
3.77500000	-7.25344139	55.98079732	23.26570730	-98.12095738	-29.92618894	11.97959973	13.45475289
3.78333333	-6.98583333	56.94868248	22.16091541	-98.54597627	-28.95325764	13.39229154	13.29565838
3.79166667	-6.72628445	57.81160316	21.11788508	-98.75449686	-28.01755631	14.75830280	13.05690216
3.80000000	-6.70162871	58.91971516	20.33452301	-98.78643343	-27.09192592	15.01824180	12.94692530
3.80833333	-6.35785238	59.55116784	19.20217207	-98.70697947	-26.18729149	16.80189745	12.68694285
3.81666667	-6.19666862	60.30295716	18.27712804	-98.39408137	-25.30143055	17.63604477	12.48428955
3.82500000	-6.12315937	61.15464796	17.48656834	-97.93566786	-24.48779032	18.07688543	12.24176002
3.83333333	-6.02048847	61.85634274	16.70180643	-97.31670099	-23.68950302	18.47423213	11.97706094
3.84166667	-5.83854098	62.40194944	15.85426126	-96.58401423	-22.96496569	19.14075045	11.89927779
3.85000000	-5.92261518	63.20876030	15.32793142	-95.76311831	-22.27531197	19.21423865	11.79591572
3.85833333	-5.95505888	63.79738330	14.82844080	-94.74599898	-21.73080367	19.65974330	11.55429783
3.86666667	-6.07007012	64.45755689	14.37887424	-93.67865536	-21.12518101	19.69090682	11.47006624
3.87500000	-6.20198144	65.08251624	14.00212883	-92.57124810	-20.61248965	19.71205364	11.38900803
3.88333333	-6.31520861	65.49469573	13.71418106	-91.17640482	-20.31317149	19.66187213	11.13237793
3.89166667	-6.44584162	65.88621132	13.36600547	-89.83331126	-19.83823980	19.54999713	11.08260743
3.90000000	-6.56501404	66.19798979	13.08764497	-88.44879391	-19.49975908	19.39671894	11.00165206
3.90833333	-6.72180312	66.43631496	12.98415205	-86.93665795	-19.34622978	18.95628680	10.87481682
3.91666667	-6.83955751	66.57302174	12.74848381	-85.45870393	-19.06707485	18.55989567	10.74253608
3.92500000	-6.97654822	66.66253499	12.50791496	-83.99645774	-18.77647006	18.09500192	10.63393570
3.93333333	-7.11775978	66.72856993	12.23546314	-82.60050829	-18.46045806	17.67714783	10.60698530
3.94166667	-7.21052154	66.63976184	11.96348561	-81.18837179	-18.21145352	17.14164850	10.49626501
3.95000000	-7.14907854	66.30256281	11.62368212	-79.73785391	-18.15936444	16.13537912	10.34113738
3.95833333	-7.23774098	66.12355273	11.40840736	-78.48043102	-18.00397315	15.44170939	10.13928237
3.96666667	-7.33199448	65.89812043	11.16378748	-77.32997479	-17.80116374	14.84110017	10.04787987
3.97500000	-7.41700760	65.65391521	10.96310941	-76.28398313	-17.70727764	14.14675716	9.88783833
3.98333333	-7.49306846	65.33935087	10.72027383	-75.35077431	-17.52536246	13.11596443	9.61701427
3.99166667	-7.43268864	64.79504231	10.37311848	-74.42776561	-17.40210260	11.85719429	9.15211463
4.00000000	-7.50879574	64.38985554	10.15761811	-73.63842136	-17.30875412	10.84202999	8.90288406
4.00833333	-7.62866273	63.97799941	9.98828200	-72.97970987	-17.19962448	10.28616063	8.67341522
4.01666667	-7.69807820	63.43886398	9.81507171	-72.34496808	-17.09792796	9.49983896	8.13545288
4.02500000	-7.87640783	63.05474109	9.70996739	-71.95120340	-17.02756181	9.48920690	7.89172579
4.03333333	-8.06405418	62.60113237	9.57797645	-71.56417614	-16.82565651	9.80769262	7.16402593
4.04166667	-8.28851708	62.22826434	9.51341830	-71.29817787	-16.79127430	10.01450481	6.96487679
4.05000000	-8.53134625	61.81473299	9.33603965	-71.03107829	-16.45149845	10.97452605	5.84496083
4.05833333	-8.72051953	61.34804401	9.18690345	-70.71908000	-16.25296192	11.52734994	4.86380418
4.06666667	-9.01752360	60.99538016	9.11636870	-70.33678078	-16.02660009	12.02738051	3.94277774
4.07500000	-9.29148265	60.64025749	9.07036138	-69.92935384	-15.86441172	12.35976073	2.76504996
4.08333333	-9.46838295	60.18496910	8.93618667	-69.45647463	-15.63985806	12.57045911	1.54783787
4.09166667	-9.77384163	59.92324855	8.95653191	-68.99195161	-15.57731701	12.69558745	0.30367450
4.10000000	-9.94272414	59.45786738	8.84897820	-68.41662866	-15.45577948	12.56559918	-1.36499178
4.10833333	-10.07695843	58.90386388	8.83543766	-67.81070614	-15.48821096	12.54998337	-3.02291863
4.11666667	-10.20221368	58.34074288	8.75186542	-67.23810379	-15.46900078	12.49484554	-4.91472499
4.12500000	-10.30902136	57.70057463	8.94681450	-66.56499033	-15.77641345	12.54705934	-6.73025779
4.13333333	-10.15364221	56.67311407	8.58301753	-65.79147795	-15.74603478	12.63384514	-8.87872844
4.14166667	-10.35767505	56.03822316	9.08742707	-64.98908982	-16.32757992	12.74907978	-11.00574711
4.15000000	-10.48069808	55.29752251	9.59342823	-64.13797331	-17.05058297	12.85232188	-13.12018549
4.15833333	-10.58388842	54.53398077	10.12896611	-63.28476190	-17.85882573	12.95364225	-15.19090187
4.16666667	-10.73031232	53.85816128	10.83009930	-62.52384488	-18.77833270	13.19204374	-16.90680519
4.17500000	-10.67836061	52.91439202	11.54851565	-61.58993225	-20.22519719	13.20569193	-18.43980480
4.18333333	-10.52492223	51.93183354	12.33300122	-60.77850475	-22.02768828	13.20558552	-19.24077821
4.19166667	-10.63500359	51.19502997	13.49271224	-59.91454058	-23.82358939	13.22724658	-20.58403237
4.20000000	-10.59681878	50.34751689	14.69753846	-59.10760159	-26.16530813	13.29746395	-21.34633048
4.20833333	-10.24677797	49.26123406	15.69002984	-58.31244320	-28.94091607	13.23496463	-21.67661234
4.21666667	-10.19835847	48.38435490	17.13396488	-57.40549376	-31.84642800	13.16746766	-22.37474258
4.22500000	-10.31167847	47.88390194	18.90247217	-56.76446347	-35.16716974	13.20337649	-22.77226924
4.23333333	-9.98305549	46.73613473	20.20628935	-55.80749831	-38.71871478	13.13781182	-22.62308919
4.24166667	-10.10845702	46.09635302	22.18175741	-54.94419759	-42.36440325	13.07016610	-23.20673853
4.25000000	-9.83724591	45.09660595	23.73172462	-54.06242732	-46.23811082	12.98883710	-22.80978831
4.25833333	-9.96410664	44.52476588	25.81915469	-53.21386280	-50.13954422	12.91821094	-23.12447142
4.26666667	-10.17116615	44.04141924	28.01080057	-52.37534852	-54.10002803	12.86272978	-22.98104838
4.27500000	-9.80097644	42.89153441	29.44772663	-51.42207292	-57.92791524	12.71543812	-22.26893893
4.28333333	-9.96309878	42.46537915	31.67498792	-50.65513108	-61.86639408	12.66459648	-21.99972040
4.29166667	-9.83922034	41.72146434	33.28576707	-49.92346370	-65.51871403	12.57168117	-20.96858723
4.30000000	-9.70408161	40.76355216	34.95468428	-48.93616136	-69.06556439	12.48504365	-19.68177485
4.30833333	-10.22596488	40.77083158	37.57141108	-48.28724188	-72.83676915	12.57155435	-17.81704198
4.31666667	-10.29844062	40.32832122	39.48638315	-47.70277786	-76.28381821	12.60060148	-15.52849767
4.32500000	-10.01863742	39.30658073	40.96682307	-46.78054945	-79.44057157	12.42893754	-13.27894761
4.33333333	-10.21226846	38.78781848	43.07230428	-45.98580251	-82.68787790	12.59200969	-9.73982531
4.34166667	-10.27765745	38.29342182	44.91964519	-45.34172804	-85.65635669	12.60173305	-6.43903587
4.35000000	-9.97227188	37.28785545	46.19385645	-44.51712894	-88.21331409	12.38399732	-3.74780446
4.35833333	-9.66565460	36.23908721	47.57002253	-43.65300129	-90.83448497	12.48628000	0.20499757
4.36666667	-9.48556486	35.26696461	48.96034112	-42.77627258	-93.05649424	12.51198427	3.31402681
4.37500000	-9.26920902	34.43404542	50.27020358	-42.05026588	-95.01619026	12.35520756	5.79342575
4.38333333	-8.65845120	33.13594589	50.91754446	-41.23039190	-96.72691759	12.44805200	9.24596175
4.39166667	-8.46353875	32.24232533	52.16040091	-40.37673625	-98.26294407	12.20781564	11.41436561
4.40000000	-8.12347913	31.04344879	53.22103170	-39.39508507	-99.66018691	12.23644241	14.39736118
4.40833333	-7.93705505	30.37341903	54.33958603	-38.77471922	-100.72853912	12.03645744	16.26339541
4.41666667	-7.53176907	29.16027586	55.13629414	-37.80902776	-101.64166963	12.01092678	18.64353707
4.42500000	-7.20656683	28.04333030	56.06112791	-36.86352632	-102.32399413	11.87764182	20.43052408
4.43333333	-6.97364112	27.08276531	56.94707500	-35.99745840	-102.74897079	11.78617781	22.04232249
4.44166667	-6.84445835	26.25604499	57.93083436	-35.17160213	-103.01025498	11.71662644	23.39599593
4.45000000	-6.74369258	25.56029985	58.91384007	-34.44076626	-103.08668306	11.53239363	24.46297373
4.45833333	-6.58381433	24.70148610	59.76401038	-33.59261348	-102.95609917	11.36383125	25.35754039
4.46666667	-6.54221350	24.05039795	60.73512812	-32.83625947	-102.66705044	11.34843701	25.57791142
4.47500000	-6.20410664	22.92489601	61.09236259	-31.89842718	-102.19517781	11.26683646	26.95063694
4.48333333	-6.17991113	22.31188513	61.92394227	-31.14863653	-101.57849078	11.13726461	27.19200030
4.49166667	-5.97328502	21.42778289	62.43371102	-30.37804540	-100.84466516	11.11695533	27.84328526
4.50000000	-5.88408186	20.70719480	63.00891393	-29.62764875	-99.95105665	11.06452848	28.20207512
4.50833333	-5.97371938	20.20154817	63.74822437	-28.88964074	-98.98330426	10.97732949	28.32562235
4.51666667	-6.05381013	19.72514983	64.32317327	-28.18266031	-97.81036735	10.75310351	28.47739268
4.52500000	-6.16074535	19.27386166	64.92561373	-27.51759820	-96.64157003	10.69173121	28.57874882
4.53333333	-6.19251438	18.80954083	65.21502423	-26.92734560	-95.21906742	10.38809780	28.72513103
4.54166667	-6.33269642	18.37142580	65.61640397	-26.25201857	-93.79161294	10.36168934	28.73870177
4.55000000	-6.49077744	18.04292960	66.01917947	-25.67582091	-92.37210496	10.33117591	28.71548220
4.55833333	-6.62878252	17.77014450	66.21674867	-25.25251667	-90.76408558	10.24553509	28.42623736
4.56666667	-6.84448935	17.42560015	66.48875093	-24.59822269	-89.21597013	10.26180961	28.27653045
4.57500000	-7.05353810	17.31872229	66.66312512	-24.35534823	-87.57024832	10.54102256	27.67546419
4.58333333	-7.27235152	17.02628741	66.83349285	-23.79798284	-86.04147393	10.43633157	27.17490612
4.59166667	-7.47437653	16.83818916	66.88628726	-23.39189425	-84.47932300	10.34213133	26.32290049
4.60000000	-7.69471047	16.53127225	66.92819226	-22.81776074	-83.01495477	10.35179486	25.86292921
4.60833333	-7.79977896	16.26502290	66.77298899	-22.46924558	-81.52378476	10.20211307	24.43187753
4.61666667	-7.93805382	15.99163600	66.62289197	-22.10842054	-80.14323659	10.20174727	23.15968921
4.62500000	-8.15164929	15.65699997	66.52784776	-21.56237065	-78.90942912	10.19729909	22.24138408
4.63333333	-8.24106457	15.44437718	66.26068495	-21.36238944	-77.68739807	10.19185310	20.49626619
4.64166667	-8.38072920	15.12786456	66.03977197	-20.96381652	-76.66502295	10.10075450	19.31532721
4.65000000	-8.54876769	14.78228212	65.78207669	-20.51906748	-75.78331899	10.02246929	18.34612327
4.65833333	-8.68525972	14.47562118	65.46545873	-20.14191359	-75.06831067	9.93303960	17.69698096
4.66666667	-8.89190703	14.20899951	65.22807302	-19.71367179	-74.60510474	9.87065407	17.54556589
4.67500000	-9.02881660	13.80131577	64.86912678	-19.25295830	-74.29723248	9.66357294	17.65154996
4.68333333	-9.26832810	13.53547026	64.61479865	-18.81918612	-74.19709528	9.48302319	18.14084345
4.69166667	-9.52886560	13.30111477	64.36475620	-18.40073583	-74.21654130	9.20010279	18.88949707
4.70000000	-9.79544527	13.08269112	64.08225054	-17.99698840	-74.22498647	8.84287569	19.72980756
4.70833333	-10.10458969	12.95081975	63.82154701	-17.63076403	-74.14061261	8.44307797	20.45974905
4.71666667	-10.46038627	12.84631700	63.59540935	-17.25163456	-73.96502011	7.90714108	21.20761547
4.72500000	-10.80512357	12.75421240	63.34550399	-16.89997757	-73.61001761	7.24627465	21.81552971
4.73333333	-11.17850906	12.69813683	63.15595597	-16.60164536	-73.19313952	6.45726989	22.27663005
4.74166667	-11.53222047	12.61228458	62.95024397	-16.27713990	-72.71103786	5.62713547	22.49900379
4.75000000	-11.80119005	12.44821987	62.65685875	-15.95785336	-72.16128260	4.69092214	22.57275558
4.75833333	-12.02657473	12.33369995	62.34199185	-15.79727555	-71.62540144	3.58712332	22.50743806
4.76666667	-12.19812843	12.15414813	61.93714157	-15.62943827	-71.07038547	2.43253420	22.40863294
4.77500000	-12.12806604	11.78373499	61.29074345	-15.58097840	-70.52158553	1.16096815	22.15009613
4.78333333	-12.27434351	11.74944437	60.82893807	-15.63477633	-69.96814960	-0.22304719	22.11324886
4.79166667	-12.33332779	11.66234932	60.24840045	-15.81320960	-69.35143544	-1.74957044	21.97609403
4.80000000	-12.42600546	11.74423909	59.63742212	-16.11721884	-68.68291670	-3.35916755	21.92899417
4.80833333	-12.52970911	11.91970992	59.01365393	-16.57220989	-67.96588057	-5.03420608	21.86889769
4.81666667	-12.56552443	12.15636360	58.28469370	-17.18588523	-67.20034058	-6.67023338	21.77740380
4.82500000	-12.63187595	12.60195141	57.58205616	-18.06433848	-66.38919519	-8.32281240	21.71976837
4.83333333	-12.65799082	13.01577267	56.80763938	-18.98148253	-65.55284881	-10.00492592	21.63237266
4.84166667	-12.65979485	13.46366091	56.02375686	-19.86608898	-64.73377612	-11.77530409	21.44054597
4.85000000	-12.63727468	14.23880113	55.21668112	-21.43201527	-63.89734753	-13.16132291	21.44164823
4.85833333	-12.71051586	15.17360378	54.55765439	-22.97165084	-63.10357973	-14.79191447	21.28835448
4.86666667	-12.60756394	16.02909961	53.65369630	-24.86548761	-62.21139867	-16.12062046	21.21275399
4.87500000	-12.58224660	17.14344099	52.87472411	-27.02140395	-61.37151513	-17.58846737	21.08125485
4.88333333	-12.38842200	18.37859069	51.88015240	-29.69625210	-60.44291160	-18.65407850	20.98467671
4.89166667	-12.54899732	20.08952804	51.31805918	-32.45641573	-59.59531506	-20.37134701	20.80780575
4.90000000	-12.41972011	21.33942478	50.35186073	-35.31232625	-58.65888000	-21.59968056	20.74921005
4.90833333	-12.15050578	22.72784157	49.28475129	-38.58069020	-57.63096754	-22.79801554	20.55931072
4.91666667	-12.07671566	24.36661157	48.50202841	-41.81823072	-56.77213104	-24.75168247	20.33198306
4.92500000	-11.99106364	26.15004048	47.61405530	-45.38738549	-55.77572499	-26.06854234	20.20189830
4.93333333	-11.74282687	27.51844582	46.53661977	-48.85719024	-54.69583296	-26.81809656	19.99729882
4.94166667	-11.49598319	29.20806875	45.53636697	-52.50558673	-53.71821428	-27.94025923	19.70266119
4.95000000	-11.24879283	30.92331470	44.51267348	-56.11304916	-52.69039351	-29.25219927	19.43531487
4.95833333	-11.13476444	32.66264107	43.67593653	-59.58569711	-51.77842624	-30.31807584	19.27818487
4.96666667	-10.84469968	34.26847708	42.64792726	-63.17063617	-50.81391128	-29.99856438	19.03799030
4.97500000	-10.83331603	36.25165938	41.94161052	-66.68698807	-49.88540695	-30.60652766	18.74962571
4.98333333	-10.52079488	37.70501063	40.88275344	-69.96283939	-48.95067860	-29.93803704	18.59261522
4.99166667	-10.22495490	39.09899197	39.87269313	-73.11305894	-48.05925997	-28.48988671	18.38420222
5.00000000	-9.95295679	40.64176805	38.87813688	-76.27561514	-47.12945773	-26.80095373	18.16500980
5.00833333	-9.73102009	42.13278130	37.95354901	-79.25942089	-46.21922985	-24.85988645	17.96012078
5.01666667	-9.52868305	43.68782500	37.01586345	-82.14504101	-45.26930002	-22.72699522	17.75228285
5.02500000	-9.33623184	45.22384753	36.09773955	-84.90213378	-44.32897183	-20.48223841	17.53245708
5.03333333	-9.14263615	46.75594569	35.23570746	-87.51655420	-43.45427315	-18.16788379	17.33247042
5.04166667	-8.93482209	48.24480065	34.28894615	-89.89594381	-42.47377549	-16.08678893	17.14978059
5.05000000	-8.71833826	49.73091568	33.36099297	-92.12806053	-41.54045862	-13.91141993	16.97091763
5.05833333	-8.08368684	50.76799049	31.89315905	-94.28419155	-40.58553518	-9.44557138	16.90499242
5.06666667	-7.85217352	52.17702090	30.94696862	-96.18192786	-39.68329548	-6.37603939	16.77416890
5.07500000	-7.66836121	53.41314392	30.03162801	-97.63564771	-38.70601838	-4.53958536	16.55719400
5.08333333	-7.07647232	54.17422181	28.66827142	-99.01065683	-37.79734619	-0.29244949	16.55786953
5.09166667	-6.99869673	55.39879848	27.91557726	-100.05355978	-36.86877822	1.28290033	16.28534937
5.10000000	-6.52385501	56.29725514	26.74581226	-101.09772437	-36.01282750	5.29699708	16.16544052
5.10833333	-6.45708813	57.60114759	25.98772063	-101.82700335	-35.09886069	6.19216867	16.00066676
5.11666667	-5.98610510	58.40917509	24.76655980	-102.46173289	-34.21982963	9.38941343	15.84205671
5.12500000	-5.83630704	59.44926014	24.00754677	-102.83168847	-33.40505242	11.26816605	15.60535274
5.13333333	-5.43712298	60.16990080	22.86571455	-102.95942305	-32.49521637	12.79345449	15.40799534
5.14166667	-5.38571397	61.17388189	22.19151648	-102.93467614	-31.68636279	14.06480032	15.23214894
5.15000000	-5.21931003	62.01293845	21.46153429	-102.67243855	-30.94476834	14.77761341	14.91083647
5.15833333	-5.19684517	62.90630974	20.79627531	-102.24619343	-30.09600897	15.05360778	14.82402100
5.16666667	-4.94132544	63.46649779	19.89170242	-101.63699803	-29.30841491	16.02624052	14.37857920
5.17500000	-4.61380514	63.80404504	19.02212255	-100.91806062	-28.61182929	17.27798280	14.42904571
5.18333333	-4.60286842	64.49859037	18.47350374	-100.03327666	-27.92057836	17.49127618	14.19250296
5.19166667	-4.39272179	64.87467595	17.61331033	-99.06305811	-27.13680636	18.41715743	14.09988787
5.20000000	-4.45132405	65.44873065	17.15802577	-97.92708577	-26.46783516	18.61022170	13.84060732
5.20833333	-4.38387493	65.81458643	16.58070784	-96.66303776	-25.81672316	18.82179125	13.65214985
5.21666667	-4.38846623	66.14857794	16.12365489	-95.30586505	-25.24065706	18.98042260	13.47293450
5.22500000	-4.51529680	66.60190500	15.73997974	-93.95420182	-24.61518727	18.98334145	13.47391487
5.23333333	-4.57628074	66.85972397	15.32153714	-92.48064439	-24.08458033	19.05908520	13.11209817
5.24166667	-4.71611630	67.12420734	14.99056065	-91.00171208	-23.48973178	19.01878300	13.09559735
5.25000000	-4.60277754	67.00842878	14.49632050	-89.38607046	-23.09127838	19.11556820	12.88464434
5.25833333	-4.75672206	67.12154746	14.25092097	-87.82515704	-22.58886112	18.75704342	12.60202092
5.26666667	-4.92642325	67.22085503	13.98539817	-86.30462042	-22.07867949	18.52534589	12.53307176
5.27500000	-5.01473006	67.16275563	13.68029579	-84.75104392	-21.65855371	18.01528201	12.14885166
5.28333333	-5.16903557	67.13774330	13.43531798	-83.30374311	-21.23704789	17.75416377	12.13120104
5.29166667	-5.23474975	66.94458988	13.21107695	-81.83597869	-20.93725826	17.10669103	11.82289942
5.30000000	-5.36699858	66.82606880	12.95456024	-80.51208433	-20.56117167	16.75333143	11.82092886
5.30833333	-5.18953541	66.30983274	12.40278533	-79.23073183	-20.29751549	16.19861616	11.70924246
5.31666667	-5.31308802	66.10819267	12.17251616	-78.08607992	-19.95283410	15.48333324	11.57259547
5.32500000	-5.40910031	65.88491590	11.88177530	-77.06552834	-19.61188148	14.87301588	11.54390044
5.33333333	-5.44314175	65.57156418	11.51678049	-76.15139112	-19.23770237	13.76207389	11.36281760
5.34166667	-5.48638765	65.22569735	11.17861756	-75.37459953	-18.89753327	12.81240344	11.27021649
5.35000000	-5.50493311	64.83711688	10.84722358	-74.64499021	-18.59314718	11.67954483	11.15325777
5.35833333	-5.53075864	64.46180851	10.52249640	-74.02935788	-18.31797095	10.52102811	10.99595881
5.36666667	-5.34558555	63.78188333	10.05544449	-73.38934737	-18.12542038	9.37008773	10.66952158
5.37500000	-5.48234997	63.45666613	9.92692532	-72.90049692	-17.94287096	8.83363874	10.50787300
5.38333333	-5.66017297	63.18263391	9.88992801	-72.50309143	-17.88542143	8.79870987	10.48519676
5.39166667	-5.80023452	62.78320096	9.77641560	-72.12761786	-17.62914866	8.95170788	9.89945801
5.40000000	-6.00522874	62.49728444	9.74508063	-71.87336573	-17.49785547	9.52827686	9.66440111
5.40833333	-6.23097806	62.21908424	9.71095956	-71.64616627	-17.33113901	10.22580215	9.38219879
5.41666667	-6.49210748	61.92639558	9.73645801	-71.37601791	-17.16825372	11.05787481	8.96582876
5.42500000	-6.81275742	61.66808905	9.82555550	-71.04853042	-16.99261593	11.87086450	8.42021160
5.43333333	-7.15758066	61.44331243	9.90845578	-70.68009423	-16.80001535	12.50555188	7.88779471
5.44166667	-7.53694770	61.26229669	10.04778978	-70.26924125	-16.60343068	13.13625084	7.12104061
5.45000000	-7.90555064	61.09768375	10.15215268	-69.83598050	-16.38925642	13.54821662	6.25030888
5.45833333	-8.24294990	60.92920532	10.16493108	-69.39213721	-16.10240084	13.77281597	5.33909936
5.46666667	-8.57580804	60.78033612	10.16906349	-68.94863244	-15.79952802	13.84288424	4.34503173
5.47500000	-8.87162064	60.63435817	10.11884407	-68.52265487	-15.44439503	13.80080122	3.30030815
5.48333333	-9.10145304	60.39812219	10.01561781	-68.07280696	-15.11852649	13.64222649	1.96050784
5.49166667	-9.31768779	60.11351860	9.89709665	-67.56432891	-14.77860422	13.49185655	0.63270529
5.50000000	-9.54315173	59.82814376	9.80684366	-67.04519777	-14.50278066	13.34370758	-0.85927147
5.50833333	-9.72618538	59.40055915	9.71272469	-66.43395609	-14.24528336	13.20479234	-2.50979254
5.51666667	-9.92841655	58.92807162	9.73884993	-65.74883689	-14.10531198	13.15097209	-4.16063841
5.52500000	-10.01099169	58.32779289	9.59647155	-65.03605821	-13.96573287	13.04705995	-5.98771405
5.53333333	-10.16193128	57.70603901	9.77197255	-64.23081594	-14.05904200	13.06931472	-7.72424354
5.54166667	-10.31099301	57.04783266	9.96277340	-63.40766665	-14.12040941	13.07340714	-9.66887026
5.55000000	-10.34815831	56.34984732	10.06316926	-62.57993670	-14.35638210	12.99333413	-11.64641811
5.55833333	-10.21681145	55.48488257	9.94661664	-61.82621302	-14.53220328	12.86820726	-13.45951603
5.56666667	-10.25057272	54.78245086	10.34869039	-61.00337776	-15.15850931	12.77759741	-15.19371652
5.57500000	-10.29231024	54.06189938	10.81757731	-60.17166384	-15.85006271	12.68174048	-16.82851698
5.58333333	-10.22386477	53.27320285	11.24200589	-59.34189856	-16.73980569	12.50695221	-18.12872876
5.59166667	-10.17358108	52.53322769	11.71575102	-58.55747589	-17.74089296	12.31935242	-19.14503588
5.60000000	-10.07453425	51.64184322	12.34037088	-57.66713879	-19.11118957	12.23746624	-19.62037988
5.60833333	-10.14348483	51.05545218	13.15080536	-56.94013877	-20.43644456	12.03168205	-19.97602974
5.61666667	-9.98298085	50.21119727	13.79083729	-56.11059362	-22.19652852	11.87373103	-20.04836467
5.62500000	-9.81384818	49.36725456	14.52609730	-55.32090664	-24.27650906	11.72503265	-19.70798670
5.63333333	-9.86510766	48.78926926	15.60158350	-54.58631576	-26.37819223	11.49981088	-19.86244961
5.64166667	-9.65523079	47.85646813	16.45210604	-53.69328187	-28.78262608	11.35008212	-19.51929848
5.65000000	-9.74594372	47.33162217	17.76984845	-52.94606389	-31.40280525	11.23221034	-19.16917634
5.65833333	-9.55165714	46.53725964	18.68635401	-52.18351195	-34.07482913	11.03830754	-18.82843542
5.66666667	-9.31782944	45.66865811	19.56634736	-51.36577421	-36.79962753	10.88446577	-17.97946801
5.67500000	-9.44869648	45.26473230	20.81613952	-50.72303631	-39.33531615	10.67844578	-18.57465314
5.68333333	-9.27360838	44.48001459	21.86440363	-49.91183740	-42.10833150	10.51286659	-18.23793109
5.69166667	-9.37679209	44.03547556	23.17382237	-49.22174307	-44.73085533	10.32816531	-18.26510534
5.70000000	-9.28322887	43.36990955	24.23711557	-48.51836379	-47.32887338	10.19889653	-17.88098786
5.70833333	-9.10034466	42.69371917	25.05716593	-47.86465922	-49.81083949	10.01316587	-17.16640266
5.71666667	-9.03361515	42.19875045	26.04895394	-47.33262819	-52.25622387	9.85974089	-16.33656793
5.72500000	-8.84848709	41.61434552	26.86785358	-46.82574211	-54.56049347	9.68821990	-15.53879457
5.73333333	-9.27981804	41.61616634	28.48711356	-46.24401539	-56.91170594	9.51880420	-13.88310925
5.74166667	-9.20958551	40.94684643	29.45400118	-45.53444891	-58.93552584	9.40244338	-12.35099435
5.75000000	-9.15708795	40.51569294	30.36530707	-45.07112269	-60.81972840	9.25034819	-10.92523400
5.75833333	-9.73239056	40.74885011	32.11116773	-44.57528834	-62.86551550	9.22079508	-8.27435123
5.76666667	-9.65328605	40.19523896	32.93141031	-43.98577652	-64.38686055	9.03895337	-6.62065128
5.77500000	-9.99824484	40.15320545	34.26134687	-43.47094502	-65.97080726	8.90832759	-3.88829085
5.78333333	-9.95054397	39.62205730	35.05045695	-42.86115775	-67.14554172	8.75280695	-2.30994272
5.79166667	-10.00906981	39.28152053	35.93855968	-42.30637863	-68.31362464	8.54794762	0.26232828
5.80000000	-10.13542201	38.99347249	36.86372262	-41.78093773	-69.21188631	8.44851501	2.22614362
5.80833333	-10.15623519	38.56527672	37.58290743	-41.22954946	-69.83678890	8.35458939	3.89312278
5.81666667	-10.13819976	38.13749628	38.13651362	-40.68192754	-70.20983314	8.21832159	5.20734132
5.82500000	-10.01690400	37.53191928	38.62888634	-40.05229689	-70.55211416	8.10250681	7.35769456
5.83333333	-9.98429283	37.07152325	39.19600389	-39.45817326	-70.67489417	7.92236012	8.90890580
5.84166667	-9.97082089	36.69635046	39.70449725	-38.94166932	-70.55711980	7.79152524	9.79128212
5.85000000	-10.07042180	36.31747331	40.01408587	-38.34303978	-70.05810682	7.65898096	10.66413767
5.85833333	-9.88263743	35.67339231	39.97777343	-37.76258991	-69.52357757	7.47243918	12.51504481
5.86666667	-9.95795003	35.37230714	40.28111288	-37.24704172	-68.77142266	7.36863911	12.99359341
5.87500000	-9.85267503	34.80211537	40.29405775	-36.66666819	-67.87719650	7.18812894	14.23871676
5.88333333	-9.91563647	34.53456141	40.39353033	-36.27415121	-66.78395996	7.04460906	14.89970387
5.89166667	-10.04129900	34.30091652	40.58317959	-35.77427617	-65.56946993	6.95924412	15.25778248
5.90000000	-9.92877027	33.70832662	40.41761063	-35.15293824	-64.21563006	6.86731853	16.11749626
5.90833333	-10.02526099	33.42947256	40.38421037	-34.64681682	-62.66270508	6.64222243	16.48873783
5.91666667	-10.19863504	33.24816499	40.44350242	-34.13857834	-61.05577299	6.61474997	16.63457563
5.92500000	-10.07643795	32.67232065	40.02974953	-33.58146863	-59.26751597	6.49588694	17.24319002
5.93333333	-10.06917002	32.22038294	39.70194772	-33.00869645	-57.40983176	6.47250239	17.57236650
5.94166667	-10.25791730	32.10388261	39.58894733	-32.58400004	-55.51930324	6.32376742	17.52955892
5.95000000	-10.58713523	32.09923142	39.54491979	-32.11543347	-53.51271948	6.28011139	17.49168175
5.95833333	-10.32502152	31.32889894	38.73906515	-31.50171875	-51.39338987	6.17685831	17.65406973
5.96666667	-10.51271148	31.21795125	38.47522553	-31.10297873	-49.32436672	6.03460202	17.26914773
5.97500000	-10.46722709	30.81612300	37.90645719	-30.67156693	-47.25740431	6.08179156	17.17864338
5.98333333	-10.62662024	30.63591725	37.63920071	-30.22421113	-45.25692556	5.97095442	16.65396580
5.99166667	-10.57724210	30.26128803	37.05535074	-29.82867297	-43.29010106	6.01236346	16.39045810
6.00000000	-10.81072098	30.23271301	36.76272857	-29.48669533	-41.38510236	5.94207306	15.88377296
6.00833333	-10.93592039	30.07137031	36.31161480	-29.14907763	-39.52535860	5.89537938	15.29032187
6.01666667	-11.07366884	29.89366469	35.89849363	-28.73580685	-37.79672210	5.89764490	14.72607006
6.02500000	-10.83786260	29.38277473	35.16377610	-28.45592621	-36.23323033	5.99378753	14.19756753
6.03333333	-11.07629322	29.40054659	34.76756096	-28.20776704	-34.64380752	5.96138417	13.29434704
6.04166667	-11.26545710	29.37991541	34.27838783	-28.01804552	-33.12835431	5.98940487	12.20608583
6.05000000	-11.48297790	29.31556453	33.91116808	-27.69555622	-31.79700416	6.00264514	11.08202497
6.05833333	-11.62323328	29.28914041	33.52162583	-27.53093807	-30.62992883	6.02477650	9.86737645
6.06666667	-11.68503127	29.20449264	32.95134161	-27.42175437	-29.53924560	6.05638588	8.78567016
6.07500000	-11.90355108	29.26994861	32.65407821	-27.30896825	-28.72985766	6.10849643	8.38945498
6.08333333	-12.07998290	29.23505280	32.33194639	-27.10247183	-28.07047874	6.14408942	7.73442576
6.09166667	-12.26147210	29.30652656	32.16511428	-27.04729413	-27.67645337	6.19481856	7.71298255
6.10000000	-12.42965502	29.35960441	31.92219879	-26.98258048	-27.30438955	6.21383420	7.67397619
6.10833333	-12.61099409	29.38822364	31.64912309	-26.88427324	-26.91445436	6.22168687	7.74221770
6.11666667	-12.76262076	29.35463922	31.55516257	-26.71379839	-26.68226959	6.22030598	7.73335336
6.12500000	-12.88952465	29.31302910	31.51633314	-26.55109980	-26.46981821	6.19580987	7.63304150
6.13333333	-12.99602750	29.34220418	31.40961504	-26.47381850	-26.15033647	6.10936781	7.33001855
6.14166667	-13.08762405	29.34085674	31.31488796	-26.36988577	-25.84031316	6.05883775	7.06741800
6.15000000	-13.13992279	29.19903679	31.06705450	-26.13845268	-25.39519389	5.96080886	6.70547620
6.15833333	-13.32390532	29.08640032	30.98840645	-25.80952115	-25.02974636	5.96245566	6.64573523
6.16666667	-13.30848508	28.72317947	30.72924861	-25.38932401	-24.60106249	5.80095825	6.24028745
6.17500000	-13.31015254	28.39265552	30.53250744	-24.97433648	-24.28207064	5.72998451	6.11829223
6.18333333	-13.29946803	28.05818166	30.25404872	-24.57763616	-23.92698080	5.66623565	6.00369924
6.19166667	-13.41541738	27.91291560	30.18968272	-24.22283490	-23.70068648	5.57853398	5.96744646
6.20000000	-13.58712934	27.86140053	30.18509957	-23.92059400	-23.45890417	5.47964031	5.88057016
6.20833333	-13.78324745	27.82414465	30.15211071	-23.61869143	-23.18678800	5.43943836	5.87234164
6.21666667	-14.00361019	27.80758313	30.07270057	-23.30690538	-22.83038721	5.33452949	5.80537552
6.22500000	-14.08525146	27.47744421	29.84080897	-22.82979985	-22.41904722	5.33452743	5.75239628
6.23333333	-14.26987555	27.40769824	29.76835309	-22.50613580	-22.07133693	5.25427307	5.70856808
6.24166667	-14.44963492	27.51299287	29.72236110	-22.39397551	-21.79892988	5.23837510	5.73660906
6.25000000	-14.60982332	27.64813043	29.54113051	-22.36784591	-21.36337456	5.16857100	5.56373855
6.25833333	-14.79437460	27.69209162	29.51378598	-22.17650904	-21.09585210	5.18715026	5.59399341
6.26666667	-14.92091608	27.57294573	29.25587783	-21.89240145	-20.60889894	5.07717472	5.44963876
6.27500000	-14.83766018	27.23217455	28.70743815	-21.61142093	-20.03106105	5.12139845	5.27399367
6.28333333	-14.99208873	27.24429450	28.57974957	-21.43401289	-19.71045818	5.06241612	5.25079474
6.29166667	-15.10388169	27.24012514	28.56100226	-21.27490654	-19.56141172	5.04522892	5.25705171
6.30000000	-15.19730896	27.24393551	28.53302337	-21.15100726	-19.43001316	4.99844936	5.25645210
6.30833333	-15.32761008	27.30358949	28.54098408	-21.05562058	-19.32058513	5.00345960	5.30177921
6.31666667	-15.42036489	27.32410083	28.40389491	-20.99067112	-19.11638960	4.95805018	5.27551542
6.32500000	-15.53213876	27.35252883	28.40943769	-20.89974848	-19.05343235	4.99124167	5.31435188
6.33333333	-15.60252209	27.31126780	28.37189788	-20.76946833	-18.96165151	5.00052471	5.34446199
6.34166667	-15.50940498	27.15021550	28.17994859	-20.73565989	-18.89427081	5.01786887	5.30508305
6.35000000	-15.57965403	27.14739532	28.22601981	-20.65005739	-18.90491262	5.04992351	5.33588958
6.35833333	-15.48687388	26.93624593	28.04571811	-20.52872160	-18.81429547	5.05406433	5.32756873
6.36666667	-15.52446086	26.89433317	28.04439642	-20.43368799	-18.77824644	5.06838133	5.33398665
6.37500000	-15.58648271	26.87297269	28.02388269	-20.32976626	-18.69260340	5.05287166	5.32532323
6.38333333	-15.65026256	26.87258551	27.98881546	-20.25408130	-18.57536556	5.04959150	5.29623848
6.39166667	-15.75953756	26.90884907	28.00061719	-20.15517998	-18.44010434	5.05777021	5.31298813
6.40000000	-15.84331838	26.91592151	27.98185253	-20.03870422	-18.29085286	5.00152903	5.21915930
6.40833333	-15.97242395	27.01877148	28.04068147	-19.99002379	-18.19974150	5.02736556	5.25003298
6.41666667	-16.09829643	27.07121274	27.88005150	-19.88157295	-17.80005268	4.96226505	5.07199489
6.42500000	-16.19674717	27.07852349	27.82746840	-19.74519501	-17.58848583	4.96470140	5.03559253
6.43333333	-16.33777198	27.17647406	27.87298895	-19.66053367	-17.43581779	4.96110134	5.03736443
6.44166667	-16.53092749	27.29941859	27.98492338	-19.53415727	-17.27497676	4.87568103	4.83614063
6.45000000	-16.65874920	27.31947019	28.02514055	-19.37860012	-17.14186690	4.88083962	4.86371771
6.45833333	-16.80385790	27.37330805	28.09594968	-19.22840480	-17.00861990	4.80932649	4.76611358
6.46666667	-16.92386552	27.38400716	28.13431465	-19.06839204	-16.87945167	4.80353577	4.76433634
6.47500000	-17.02608143	27.37460279	28.17965956	-18.89995964	-16.77497619	4.72726383	4.68425072
6.48333333	-17.11159548	27.34088696	28.20569705	-18.71997696	-16.67028922	4.69598555	4.64870303
6.49166667	-17.17372620	27.31068352	28.22726017	-18.58216994	-16.58845263	4.65334744	4.62325017
6.50000000	-17.26891065	27.34831339	28.27770566	-18.48204346	-16.52509087	4.66250960	4.64722016
6.50833333	-17.36284340	27.39615005	28.31335968	-18.38958197	-16.45613195	4.65139324	4.65271093
6.51666667	-17.44473319	27.39493248	28.28617912	-18.24686202	-16.28455068	4.55993493	4.58623446
6.52500000	-17.50210622	27.38472430	28.22810624	-18.13871124	-16.15226646	4.51453652	4.51701545
6.53333333	-17.29829314	27.07817904	27.86269420	-18.03591830	-15.98415569	4.60331651	4.54950353
6.54166667	-17.41452625	27.14619838	27.90003861	-17.96479426	-15.88595691	4.60973466	4.58257441
6.55000000	-17.52493182	27.20747292	27.88764906	-17.88883683	-15.73942581	4.58834885	4.59169755
6.55833333	-17.58079038	27.22414259	27.88601451	-17.81887888	-15.66656772	4.58016798	4.52639534
6.56666667	-17.67695020	27.29175713	27.89525285	-17.77980706	-15.57550696	4.60966450	4.56974444
6.57500000	-17.68506390	27.21510184	27.81937283	-17.67640814	-15.46912411	4.63102711	4.54281547
6.58333333	-17.73323361	27.23958792	27.78336511	-17.63332186	-15.37368489	4.62539477	4.50251894
6.59166667	-17.52700437	26.94509388	27.49035496	-17.53561047	-15.28935454	4.67631575	4.51662998
6.60000000	-17.59876979	27.02069577	27.61040248	-17.51834665	-15.31808261	4.68191285	4.54066940
6.60833333	-17.69578220	27.09585872	27.59835268	-17.46941390	-15.18092221	4.56729253	4.49639522
6.61666667	-17.73240067	27.12966758	27.74920728	-17.43889303	-15.27478649	4.51942136	4.47993557
6.62500000	-17.78957559	27.23454022	27.84325473	-17.48075272	-15.31345664	4.51492120	4.51059326
6.63333333	-17.85989674	27.30617153	27.86553069	-17.47266642	-15.23020931	4.46407343	4.52101617
6.64166667	-17.89997435	27.37004579	27.84735200	-17.48387160	-15.13479209	4.39382544	4.45753206
6.65000000	-17.85382860	27.35372941	27.70471213	-17.51930513	-14.99747798	4.41937273	4.34459793
6.65833333	-17.92095337	27.42146790	27.72193726	-17.52569462	-14.93143340	4.41519493	4.37190970
6.66666667	-17.99483433	27.50294836	27.75013993	-17.52129545	-14.88948943	4.42053656	4.39022162
6.67500000	-18.02728932	27.56649535	27.48307016	-17.56487170	-14.51844931	4.36296142	4.24032369
6.68333333	-18.01156633	27.55117934	27.32895017	-17.56834416	-14.35406171	4.41107110	4.16976441
6.69166667	-18.05151031	27.59267319	27.32422500	-17.55562949	-14.29162695	4.38796866	4.15990064
6.70000000	-18.12326703	27.67620888	27.34304941	-17.57423426	-14.22208482	4.39647519	4.19842833
6.70833333	-18.16720716	27.77096995	27.37124640	-17.60558553	-14.19560366	4.36983636	4.14537616
6.71666667	-18.21356497	27.87622433	27.49742443	-17.68816131	-14.31505476	4.40422668	4.18018526
6.72500000	-18.26368433	27.90567441	27.48426251	-17.64577054	-14.21637071	4.39559532	4.20200303
6.73333333	-18.29446065	28.00155764	27.60725946	-17.73393461	-14.37178840	4.41719086	4.22192411
6.74166667	-18.32151664	27.98131250	27.52241680	-17.65140528	-14.21116869	4.37603544	4.24434053
6.75000000	-18.34875982	28.07442914	27.64023160	-17.73996082	-14.37250826	4.39979310	4.26346029
6.75833333	-18.25854397	27.93453991	27.40099941	-17.65834190	-14.17751032	4.34095505	4.21690289
6.76666667	-18.34390293	28.06291159	27.55497100	-17.71138438	-14.28717676	4.37119826	4.24261890
6.77500000	-18.33691588	28.00623066	27.46202071	-17.62932324	-14.15078126	4.30854660	4.16559811
6.78333333	-18.26292705	27.87944141	27.36052914	-17.55574071	-14.15305608	4.24575986	4.20640957
6.79166667	-18.32632272	27.94797755	27.40975800	-17.56796073	-14.13987093	4.26741208	4.23707284
6.80000000	-18.34718409	28.06074818	27.56118707	-17.70027862	-14.33617854	4.29547734	4.25567138
6.80833333	-18.37152475	28.03485542	27.49333157	-17.61595245	-14.20321534	4.27489908	4.24083428
6.81666667	-18.45135633	28.16897848	27.65162594	-17.69187964	-14.33209687	4.30501032	4.27059816
6.82500000	-18.50610340	28.21462144	27.69412072	-17.68217115	-14.31788361	4.31407637	4.30239491
6.83333333	-18.49221716	28.14996540	27.64923283	-17.63357059	-14.29001122	4.29193490	4.30242673
6.84166667	-18.57658710	28.29447714	27.80700812	-17.70654374	-14.39651233	4.31834748	4.33054494
6.85000000	-18.56806406	28.23282418	27.75151925	-17.65368226	-14.31660950	4.30152269	4.33952865
6.85833333	-18.64902056	28.38278342	27.91377503	-17.73901619	-14.44523281	4.32444923	4.36018226
6.86666667	-18.67815295	28.47961315	28.02679304	-17.84747089	-14.57172832	4.34509372	4.38458852
6.87500000	-18.71410392	28.50889127	28.03006053	-17.82956458	-14.51821665	4.34918091	4.41152609
6.88333333	-18.66701567	28.40603680	27.90483461	-17.75798547	-14.41791903	4.28538316	4.37816401
6.89166667	-18.68033708	28.50209618	28.02724664	-17.89396565	-14.58584949	4.31327522	4.40407341
6.90000000	-18.65057941	28.41175561	27.92492367	-17.80275814	-14.47701618	4.29623582	4.40872941
6.90833333	-18.66686096	28.50565159	28.04518509	-17.92952476	-14.64056873	4.32345678	4.43485021
6.91666667	-18.70692680	28.56683099	28.10759407	-17.95563591	-14.68843109	4.35367107	4.47226860
6.92500000	-18.73677958	28.59105319	28.12174637	-17.94797057	-14.66790827	4.37088897	4.50415787
6.93333333	-18.71608778	28.52330382	27.97881739	-17.88286151	-14.49019668	4.33628164	4.48678364
6.94166667	-18.72807378	28.60638158	28.08944614	-18.00399370	-14.65664644	4.36264793	4.50299635
6.95000000	-18.66798195	28.47399020	27.91995533	-17.89083705	-14.49734766	4.33291541	4.46982081
6.95833333	-18.68858768	28.53231259	27.98392563	-17.94248264	-14.57289390	4.36249039	4.49899729
6.96666667	-18.71858414	28.60092477	28.07099982	-18.01309225	-14.66701760	4.38901628	4.52414776
6.97500000	-18.26889209	27.94559683	27.34677408	-17.75999596	-14.30833829	4.31255750	4.40899066
6.98333333	-18.31760449	28.05315846	27.47744371	-17.84826767	-14.44170921	4.33929713	4.44239477
6.99166667	-18.40662556	28.08715994	27.47945340	-17.77519296	-14.30927186	4.33529032	4.48057550
7.00000000	-18.46919439	28.14594592	27.50726153	-17.77319302	-14.27062166	4.32553518	4.47888814
7.00833333	-18.50203304	28.25096211	27.65751316	-17.88264792	-14.44228150	4.35489848	4.49533139
7.01666667	-18.55167582	28.24905245	27.64060184	-17.80256690	-14.32044282	4.35026808	4.50355911
7.02500000	-18.58830817	28.35252193	27.77741250	-17.90011413	-14.47677955	4.37512517	4.51795037
7.03333333	-18.59805268	28.31897269	27.65483869	-17.81371761	-14.27387196	4.32681443	4.48310438
7.04166667	-18.62117348	28.37333961	27.67922691	-17.86530672	-14.27488804	4.34436718	4.49135848
7.05000000	-18.38577468	28.07258141	27.32737820	-17.78361863	-14.12496889	4.29279514	4.39673528
7.05833333	-18.45893935	28.14931462	27.39535632	-17.79264031	-14.11796083	4.31716731	4.42852379
7.06666667	-18.53158975	28.22879243	27.40553648	-17.80163984	-14.02879807	4.31554185	4.43144185
7.07500000	-18.56447487	28.33835608	27.54483381	-17.92852261	-14.20952943	4.34306967	4.44726929
7.08333333	-18.60128337	28.30844961	27.46526171	-17.81715554	-14.01906240	4.31482839	4.38171339
7.09166667	-18.65777986	28.40015393	27.57448874	-17.88095816	-14.10828304	4.35139091	4.42076305
7.10000000	-18.65545431	28.35119148	27.49982533	-17.81389534	-13.99355542	4.32127347	4.37270536
7.10833333	-18.70258298	28.44306802	27.60714828	-17.89338883	-14.08941389	4.35522971	4.41076406
7.11666667	-18.69546403	28.35729736	27.53514249	-17.81821512	-14.01110799	4.41369828	4.46083531