0.00000000	-17.07991076	23.01441534	24.69379253	-11.27628528	-11.84315362	2.35644846	3.98085942
0.00833333	-16.98902232	22.88935658	24.52434683	-11.20876754	-11.80891292	2.40107478	3.95125929
0.01666667	-16.93111584	22.79826897	24.57349491	-11.17046140	-11.93969087	2.36044998	4.15694608
0.02500000	-17.08932440	23.02602757	24.71795105	-11.30767601	-11.93914686	2.43414126	4.11384699
0.03333333	-16.98271583	22.86704131	24.44317066	-11.22700973	-11.77690121	2.45850034	4.12366747
0.04166667	-16.98386259	22.89534372	24.45895116	-11.27025637	-11.86910667	2.46428110	4.14179008
0.05000000	-16.88017738	22.71589679	24.31576228	-11.15118850	-11.80288268	2.48401406	4.15602877
0.05833333	-16.99016890	22.91387615	24.47288811	-11.33475966	-11.94745705	2.56158439	4.19508239
0.06666667	-16.91368926	22.80713256	24.32887022	-11.29079115	-11.87741441	2.53021188	4.21839222
0.07500000	-17.02575505	22.97631742	24.53344012	-11.41123550	-11.97236653	2.53314073	4.25669586
0.08333333	-16.88643565	22.77761172	24.32334893	-11.32752668	-11.89441928	2.50014315	4.21665403
0.09166667	-16.82577425	22.68658292	24.21861376	-11.28311384	-11.84006919	2.54640690	4.23199992
0.10000000	-16.82165805	22.69277889	24.16088971	-11.29117628	-11.80542871	2.49761751	4.17776796
0.10833333	-16.75368967	22.58367787	24.02656272	-11.22627036	-11.75449267	2.53859309	4.17922212
0.11666667	-16.85800782	22.74218556	24.23495102	-11.32270177	-11.97225255	2.61326600	4.26985097
0.12500000	-16.75964099	22.59027134	24.06501613	-11.24706528	-11.86366511	2.62253804	4.27223478
0.13333333	-16.79103902	22.63539009	24.11715619	-11.26093400	-11.91923156	2.53674010	4.23164363
0.14166667	-16.70625146	22.50499019	23.96091289	-11.19300745	-11.83417405	2.54717700	4.21576017
0.15000000	-16.62767934	22.39093845	23.83430126	-11.14622283	-11.77299401	2.58604778	4.22771307
0.15833333	-16.88426309	22.73331381	24.23498169	-11.28872340	-12.02038369	2.57719719	4.34314818
0.16666667	-16.77696873	22.58368322	24.06271454	-11.24056704	-11.92778212	2.60263827	4.33267488
0.17500000	-16.74938740	22.55150882	24.01603140	-11.23487977	-11.92772627	2.57177907	4.31925665
0.18333333	-16.67986531	22.44500803	23.90393881	-11.19160356	-11.86568121	2.59062050	4.31375876
0.19166667	-16.72174666	22.52220329	24.01234828	-11.28050789	-12.01342020	2.78218410	4.35956479
0.20000000	-16.66187088	22.42913220	23.87684269	-11.22384321	-11.90080577	2.62749506	4.36517349
0.20833333	-16.62526120	22.34918293	23.78392597	-11.17772990	-11.81805544	2.65064563	4.36394202
0.21666667	-16.81564591	22.59836481	24.10924722	-11.26866299	-12.05221865	2.54841132	4.42077096
0.22500000	-16.67739683	22.41364070	23.85213710	-11.20652998	-11.87829571	2.63324047	4.39685426
0.23333333	-16.59022946	22.28931646	23.69786444	-11.17432246	-11.78626304	2.64813454	4.32987055
0.24166667	-16.70671436	22.45659435	23.88086224	-11.26973080	-11.89081059	2.69379181	4.36475755
0.25000000	-16.66542579	22.37088286	23.79898732	-11.22337113	-11.83116075	2.67403688	4.35183589
0.25833333	-16.58126054	22.23929095	23.63755655	-11.15881120	-11.72243813	2.68607050	4.33679580
0.26666667	-16.68900863	22.39108576	23.77669963	-11.23189629	-11.78829189	2.69231147	4.34471558
0.27500000	-16.72975545	22.43250814	23.83864043	-11.24786925	-11.83180157	2.71503825	4.37938586
0.28333333	-16.64917237	22.29499144	23.69155534	-11.17877956	-11.73583810	2.73160174	4.37981798
0.29166667	-16.67951788	22.32023860	23.72203207	-11.17999467	-11.75508474	2.71149617	4.39694418
0.30000000	-16.61217556	22.20157822	23.60202354	-11.12155730	-11.66810508	2.75176073	4.41050934
0.30833333	-16.58040600	22.16053824	23.55914325	-11.11724936	-11.67094931	2.69913252	4.39753154
0.31666667	-16.83058628	22.49447629	23.97068713	-11.27185110	-11.90674301	2.80615502	4.52333982
0.32500000	-16.71763252	22.31315184	23.76985709	-11.18044108	-11.78708735	2.77584536	4.49449679
0.33333333	-16.72314366	22.32710986	23.79784837	-11.21799442	-11.82379259	2.76948228	4.52188840
0.34166667	-16.63572723	22.17738229	23.63989736	-11.14501216	-11.72331216	2.80606898	4.50193038
0.35000000	-16.57266855	22.07544248	23.53677676	-11.09540007	-11.66763266	2.78760549	4.45788472
0.35833333	-16.80677349	22.38043702	23.91617162	-11.22400267	-11.87191728	2.83130747	4.50849959
0.36666667	-16.77502826	22.27715676	23.83258051	-11.14672167	-11.79229109	2.85542930	4.49141668
0.37500000	-16.74949524	22.26553118	23.80106931	-11.16353896	-11.78472007	2.81385094	4.46120983
0.38333333	-16.93790768	22.49148189	24.05793135	-11.24256463	-11.87203149	2.89453487	4.48360392
0.39166667	-16.80281258	22.32199897	23.90820946	-11.20736023	-11.87101886	2.87113841	4.49791326
0.40000000	-16.77656040	22.28082520	23.84643138	-11.17847132	-11.83477853	2.85177337	4.48407402
0.40833333	-16.73433622	22.20170687	23.78527445	-11.12975914	-11.79696771	2.84066816	4.45970273
0.41666667	-16.67336045	22.08572326	23.66211227	-11.05747100	-11.70331975	2.83952802	4.45469162
0.42500000	-16.69205089	22.12719089	23.71501239	-11.11147406	-11.75669224	2.81909595	4.44477193
0.43333333	-16.63270198	22.02672761	23.60191207	-11.05779122	-11.67491355	2.85990890	4.46320481
0.44166667	-16.82297479	22.28526013	23.90845340	-11.18584663	-11.84163034	2.89678161	4.52231449
0.45000000	-16.91432973	22.42282464	24.05369778	-11.28399286	-11.92730554	2.93335440	4.59779693
0.45833333	-16.81862357	22.28992819	23.89548687	-11.23463002	-11.84583788	2.92723537	4.55741064
0.46666667	-16.72616632	22.14952794	23.73170109	-11.16991311	-11.74250019	2.92548835	4.52966510
0.47500000	-16.91864977	22.39387401	24.02408873	-11.23750648	-11.88236654	2.95779578	4.55183940
0.48333333	-16.84115245	22.27808756	23.87679459	-11.19365687	-11.77536721	2.92171185	4.53314778
0.49166667	-16.76534424	22.16483149	23.73375662	-11.14074077	-11.68005900	2.91029377	4.51454182
0.50000000	-16.95659934	22.44193182	24.07576815	-11.30929400	-11.91459104	2.98597963	4.59869000
0.50833333	-16.84693942	22.28384427	23.89386225	-11.23925903	-11.82284191	2.94121015	4.56228677
0.51666667	-16.81888923	22.22842672	23.81628704	-11.19993245	-11.76001669	2.93807479	4.55577173
0.52500000	-16.75395526	22.12937743	23.70529438	-11.14797878	-11.68596683	2.93788433	4.53868085
0.53333333	-16.71170596	22.06095926	23.62296676	-11.12459978	-11.63560511	2.91150586	4.51702590
0.54166667	-16.82424563	22.21867447	23.77273921	-11.19931194	-11.69082503	2.92855204	4.53956652
0.55000000	-16.91390818	22.33868015	23.91063606	-11.26519034	-11.76833039	3.00416598	4.60173374
0.55833333	-16.81054271	22.19111021	23.72552542	-11.20732193	-11.65350517	3.00074179	4.59295925
0.56666667	-16.80400987	22.20553162	23.72093190	-11.26008259	-11.66592020	2.97154756	4.59817091
0.57500000	-16.70761069	22.06038772	23.55467013	-11.18893785	-11.56615649	2.98905668	4.57303453
0.58333333	-16.87890091	22.30483671	23.81367046	-11.30075471	-11.70507343	3.00516703	4.60095751
0.59166667	-16.80090564	22.19558959	23.68388199	-11.25837024	-11.63006197	2.99516680	4.57956446
0.60000000	-16.82415746	22.24120194	23.75935690	-11.31423555	-11.72634564	2.99259870	4.63296095
0.60833333	-16.74551760	22.11742575	23.60223389	-11.24731489	-11.62088300	3.02473805	4.60238754
0.61666667	-16.74118670	22.12892282	23.59616492	-11.27822377	-11.62055805	2.99844727	4.52730320
0.62500000	-16.69334457	22.03982704	23.49065176	-11.22403307	-11.53193481	3.02742210	4.52317137
0.63333333	-16.84819747	22.25689622	23.73005022	-11.33485190	-11.65419288	3.03163431	4.53015495
0.64166667	-16.77386069	22.13670783	23.59438356	-11.26820103	-11.56279457	3.04567617	4.50485561
0.65000000	-16.84540850	22.27422645	23.73709088	-11.40719882	-11.71251226	3.05571395	4.58873961
0.65833333	-16.78425370	22.20885503	23.63056216	-11.41570331	-11.65446048	3.09710103	4.55474248
0.66666667	-16.71499933	22.12560205	23.52370508	-11.38200242	-11.60495431	3.12731986	4.54409900
0.67500000	-16.61207943	21.96860901	23.32895840	-11.32849538	-11.45994081	3.09672568	4.53159788
0.68333333	-16.76079472	22.18190437	23.52770657	-11.43053408	-11.54981036	3.08235405	4.56519307
0.69166667	-16.69451407	22.05464731	23.40046386	-11.34428086	-11.45704242	3.11103036	4.55715403
0.70000000	-16.82702903	22.25881921	23.63608923	-11.49563966	-11.62756724	3.14377953	4.61518677
0.70833333	-16.75523991	22.14023604	23.49797648	-11.40989908	-11.53719787	3.10901994	4.57939137
0.71666667	-16.69154059	22.04068136	23.38469436	-11.35287153	-11.45934960	3.11534300	4.55484878
0.72500000	-16.85172765	22.24962052	23.65082169	-11.44598731	-11.64617094	3.12605472	4.62468511
0.73333333	-16.77399574	22.14004002	23.49982994	-11.40214122	-11.54398886	3.10986190	4.59810060
0.74166667	-16.73053429	22.05530460	23.39064398	-11.33908091	-11.44692296	3.13982224	4.60564756
0.75000000	-16.71354100	22.05048144	23.36404696	-11.36447628	-11.45085946	3.08148673	4.58965021
0.75833333	-16.76678408	22.09402063	23.42404166	-11.36631065	-11.46596659	3.09991703	4.61023650
0.76666667	-16.88465856	22.28463180	23.59384261	-11.48029139	-11.55815548	3.15802907	4.64267311
0.77500000	-16.79924753	22.13673694	23.43830452	-11.39694161	-11.45473446	3.16385152	4.62618558
0.78333333	-16.93465717	22.32680463	23.64056476	-11.49452649	-11.57921783	3.19774543	4.65144508
0.79166667	-16.85481631	22.21060950	23.51677095	-11.44683221	-11.51120460	3.19438982	4.62940427
0.80000000	-16.79854469	22.11744250	23.42308046	-11.40617702	-11.47068029	3.16106076	4.59068889
0.80833333	-16.76208007	22.05905586	23.35196688	-11.37209394	-11.43115753	3.16639217	4.59115826
0.81666667	-16.94407298	22.30598757	23.64632244	-11.47601377	-11.60907474	3.20111019	4.66129310
0.82500000	-16.84784734	22.16921108	23.48517387	-11.42305264	-11.52404181	3.18711085	4.64902422
0.83333333	-16.75180385	22.05067132	23.34869977	-11.36914171	-11.46663877	3.20004203	4.62041781
0.84166667	-16.87194325	22.21694465	23.56773156	-11.47981922	-11.64269520	3.23391214	4.73598695
0.85000000	-16.75999864	22.08405985	23.42505821	-11.43732055	-11.58855908	3.24007063	4.69739987
0.85833333	-16.68836174	21.95505746	23.27199323	-11.36068738	-11.47481797	3.25684091	4.71353175
0.86666667	-16.74138940	22.01527589	23.33700028	-11.39099498	-11.50285760	3.17912391	4.72132266
0.87500000	-16.93114413	22.26825419	23.60769363	-11.48083231	-11.62377176	3.23191538	4.77933579
0.88333333	-16.92208830	22.26107453	23.60508853	-11.50116382	-11.65610742	3.24876196	4.81176201
0.89166667	-16.88165548	22.17208169	23.51412441	-11.43659829	-11.57045111	3.27408000	4.81456848
0.90000000	-16.82916136	22.09965689	23.42793881	-11.42119293	-11.52906187	3.22415738	4.76986851
0.90833333	-17.03704511	22.38908375	23.72174695	-11.53510507	-11.66096424	3.30242676	4.81314343
0.91666667	-16.96624036	22.25535217	23.59963909	-11.45521813	-11.57442800	3.29224007	4.79438226
0.92500000	-16.91004075	22.15512386	23.48825103	-11.40547640	-11.48830962	3.31616944	4.79747465
0.93333333	-17.03951084	22.34049974	23.68864033	-11.48612416	-11.61024959	3.30209598	4.79035549
0.94166667	-16.95497674	22.19470615	23.53814171	-11.40765924	-11.51118648	3.30357016	4.77114639
0.95000000	-16.94742159	22.15728851	23.51710118	-11.36982238	-11.49606514	3.27632683	4.75470509
0.95833333	-16.95406296	22.15425175	23.50624650	-11.36965182	-11.47458282	3.25595259	4.75321397
0.96666667	-16.98914932	22.11700463	23.53551679	-11.31256193	-11.45457740	3.30718464	4.76103434
0.97500000	-16.96479964	22.13266459	23.54766796	-11.35850157	-11.49771857	3.31857330	4.75415658
0.98333333	-16.98635536	22.16189559	23.51418175	-11.35730603	-11.44394954	3.25131424	4.74276644
0.99166667	-17.20717207	22.45957522	23.90946791	-11.51077620	-11.72965439	3.36951330	4.86263541
1.00000000	-17.11596242	22.32438968	23.76657747	-11.46197194	-11.65167357	3.35581492	4.81698838
1.00833333	-17.12797724	22.32948609	23.76027012	-11.44598419	-11.63712284	3.35132742	4.79738383
1.01666667	-17.06490881	22.21917882	23.65769604	-11.39456201	-11.56903660	3.36936141	4.78457339
1.02500000	-16.96145271	22.05930409	23.46763195	-11.31555131	-11.44947837	3.34744616	4.76027486
1.03333333	-17.23381099	22.43150923	23.92457920	-11.49009054	-11.70603973	3.39535713	4.83952867
1.04166667	-17.17684970	22.34197547	23.79570085	-11.43935466	-11.61231180	3.41879172	4.84458650
1.05000000	-17.19952882	22.35629241	23.84801436	-11.44483146	-11.66696134	3.39892645	4.85944743
1.05833333	-17.11158586	22.21534983	23.68394714	-11.36884852	-11.55283809	3.39860733	4.84120672
1.06666667	-17.06255711	22.12423281	23.60358632	-11.31437076	-11.50232261	3.36502160	4.80602728
1.07500000	-17.06917020	22.12293981	23.60231350	-11.30134614	-11.49609401	3.32662319	4.76839090
1.08333333	-17.20651707	22.32212302	23.77512945	-11.38333393	-11.54075379	3.41588654	4.86522872
1.09166667	-17.17955897	22.25881588	23.74880683	-11.35692469	-11.53640982	3.34324296	4.78218409
1.10000000	-17.09969495	22.12192303	23.59535056	-11.26306402	-11.43717249	3.36358602	4.76115493
1.10833333	-17.14914964	22.18661985	23.67931618	-11.31680097	-11.47832727	3.33381280	4.78321280
1.11666667	-17.22337448	22.28130439	23.83336122	-11.37768340	-11.61217075	3.40341377	4.86561259
1.12500000	-17.16111659	22.17562522	23.71002583	-11.31341006	-11.51317533	3.40888032	4.83941966
1.13333333	-17.23709520	22.27647257	23.80615766	-11.35428796	-11.54857655	3.37852122	4.81357621
1.14166667	-17.16509306	22.14955536	23.65951405	-11.26589580	-11.43665731	3.38693889	4.77380287
1.15000000	-17.42021551	22.49325051	24.06309156	-11.42478626	-11.63787963	3.40783379	4.84897613
1.15833333	-17.38294861	22.43271708	24.02363018	-11.38831727	-11.66669242	3.37314390	4.88138531
1.16666667	-17.38873583	22.43587833	23.99172175	-11.40235740	-11.57557799	3.40137476	4.86020230
1.17500000	-17.26966681	22.26493608	23.79856976	-11.31421967	-11.47139993	3.41054711	4.81834027
1.18333333	-17.19220189	22.14826224	23.65599858	-11.27305819	-11.38172419	3.38057905	4.80654185
1.19166667	-17.27233849	22.24254818	23.76887090	-11.29462327	-11.42470420	3.37560379	4.80755356
1.20000000	-17.21157251	22.16862956	23.67502429	-11.25670648	-11.38315674	3.41569538	4.79749136
1.20833333	-17.32614757	22.30494060	23.80960824	-11.31026655	-11.41183470	3.38709105	4.78973419
1.21666667	-17.26210128	22.20259948	23.69529761	-11.25432666	-11.33574365	3.39432470	4.76470083
1.22500000	-17.30570585	22.25448209	23.75447810	-11.27259390	-11.36560485	3.37682318	4.77569125
1.23333333	-17.23312800	22.13423871	23.62277075	-11.20189789	-11.27168103	3.38975688	4.75942817
1.24166667	-17.37499673	22.34067422	23.87357193	-11.29771140	-11.44815521	3.39032745	4.82844172
1.25000000	-17.34856021	22.29362629	23.80447793	-11.26298701	-11.38652183	3.38627548	4.82411947
1.25833333	-17.29311753	22.19512298	23.68184455	-11.20018901	-11.29195407	3.39163248	4.80685617
1.26666667	-17.26218157	22.13798244	23.60866715	-11.16364593	-11.23053463	3.38458120	4.77674550
1.27500000	-17.39112727	22.32377233	23.84131776	-11.28191273	-11.40950913	3.42483485	4.80868798
1.28333333	-17.34585720	22.25195820	23.73292121	-11.23873211	-11.31807818	3.37610137	4.75452121
1.29166667	-17.30236263	22.18353646	23.64571976	-11.19493211	-11.25158339	3.38510526	4.72988815
1.30000000	-17.30808325	22.17910363	23.61907572	-11.18225361	-11.20625572	3.37427990	4.70551502
1.30833333	-17.44066708	22.35776431	23.82290113	-11.26319154	-11.32074408	3.39775831	4.75020679
1.31666667	-17.37698945	22.25587240	23.69234235	-11.20436983	-11.22828393	3.40437493	4.74420808
1.32500000	-17.47427643	22.39078534	23.85881069	-11.26028179	-11.33478646	3.39573053	4.77138167
1.33333333	-17.42387030	22.30710951	23.76409549	-11.19438566	-11.26747392	3.38175977	4.75745049
1.34166667	-17.37091646	22.22380955	23.65733086	-11.15062828	-11.18200073	3.36207982	4.74216072
1.35000000	-17.49173474	22.39492773	23.88988162	-11.21109948	-11.36939954	3.35332509	4.79185659
1.35833333	-17.42883400	22.30876854	23.76665407	-11.17523178	-11.27858338	3.32863591	4.75909687
1.36666667	-17.39654813	22.24610530	23.70154278	-11.12651520	-11.22787000	3.36552163	4.75898810
1.37500000	-17.59624361	22.50853446	24.00021113	-11.22549123	-11.36702901	3.36250724	4.77705475
1.38333333	-17.48760072	22.34971560	23.81956801	-11.13696706	-11.25635422	3.36040889	4.73635495
1.39166667	-17.51850362	22.39719533	23.86262477	-11.17585253	-11.27918317	3.32066216	4.71860945
1.40000000	-17.48596956	22.33504288	23.78560572	-11.13361058	-11.20663097	3.32695692	4.71378173
1.40833333	-17.58036092	22.47859832	23.95698186	-11.21702741	-11.33153000	3.35158839	4.76698142
1.41666667	-17.50642709	22.36274123	23.82393885	-11.15315043	-11.23428892	3.36010988	4.73985805
1.42500000	-17.51365658	22.37401101	23.82316164	-11.16119817	-11.23869540	3.33182697	4.72382834
1.43333333	-17.54163366	22.39732660	23.86655830	-11.16276490	-11.25768156	3.33207088	4.73742807
1.44166667	-17.58267307	22.45305827	23.91361624	-11.18563079	-11.28000944	3.34130965	4.74640228
1.45000000	-17.55983982	22.39981442	23.83013764	-11.13234305	-11.17462402	3.34436775	4.73404169
1.45833333	-17.57487910	22.44754204	23.93588035	-11.20079472	-11.34445404	3.36469626	4.79104743
1.46666667	-17.50293522	22.33171202	23.80302332	-11.13926180	-11.26102391	3.35819500	4.76226153
1.47500000	-17.57417748	22.42739765	23.88870160	-11.16624885	-11.27463390	3.36060924	4.73928200
1.48333333	-17.49754026	22.31898490	23.76476487	-11.10370089	-11.21166752	3.38327024	4.72752975
1.49166667	-17.62242435	22.51477847	23.97824669	-11.25681657	-11.37496919	3.43251967	4.80620296
1.50000000	-17.56065330	22.44019723	23.89160779	-11.23326811	-11.34125573	3.42999368	4.78268639
1.50833333	-17.49141155	22.30244799	23.73830601	-11.15810074	-11.20423519	3.42938132	4.79584780
1.51666667	-17.41486017	22.19272565	23.61398976	-11.09828018	-11.14107968	3.35138662	4.73497972
1.52500000	-17.47000989	22.26367129	23.69289333	-11.13002583	-11.17995810	3.32922518	4.73050134
1.53333333	-17.65696356	22.54109815	23.98185378	-11.27391670	-11.32421451	3.40148302	4.78564510
1.54166667	-17.60827519	22.47484672	23.95142189	-11.26617211	-11.39438547	3.45282080	4.81420863
1.55000000	-17.60145639	22.45571717	23.91087835	-11.23935554	-11.33190087	3.40343661	4.80157438
1.55833333	-17.56185149	22.40425363	23.84683282	-11.21240745	-11.29315467	3.39017177	4.79157244
1.56666667	-17.51118622	22.30922864	23.75521686	-11.15219793	-11.22867516	3.39455094	4.78257599
1.57500000	-17.55491816	22.37056751	23.81235777	-11.17367523	-11.25492158	3.35460338	4.81118496
1.58333333	-17.61505340	22.46583266	23.92944818	-11.24701459	-11.36248919	3.42566085	4.89179223
1.59166667	-17.71514805	22.57344927	24.03493724	-11.23978193	-11.36545070	3.41730679	4.91500073
1.60000000	-17.52203485	22.33245747	23.75776029	-11.19244087	-11.28057242	3.42721427	4.91495674
1.60833333	-17.57271245	22.39688702	23.78715952	-11.20438409	-11.23346219	3.42000911	4.90529586
1.61666667	-17.56332857	22.35616729	23.72155407	-11.16133453	-11.13582431	3.48578433	4.94698614
1.62500000	-17.60116129	22.43209809	23.79163704	-11.20806943	-11.21300140	3.42040586	4.88478135
1.63333333	-17.44679528	22.24510728	23.61391033	-11.18091738	-11.23888259	3.41137206	4.92165077
1.64166667	-17.48916783	22.29882040	23.64418831	-11.19838061	-11.19170290	3.40319965	4.88334088
1.65000000	-17.58124628	22.41300222	23.75051616	-11.23285507	-11.19065257	3.45644989	4.86570727
1.65833333	-17.49908017	22.26986807	23.59867498	-11.12965787	-11.07363439	3.40660084	4.82923392
1.66666667	-17.57706145	22.37808026	23.79451669	-11.18010224	-11.32404575	3.39066194	4.96379152
1.67500000	-17.52931814	22.32565278	23.71365781	-11.18872939	-11.25336370	3.42822792	4.94667436
1.68333333	-17.54930775	22.32872402	23.72065719	-11.16155243	-11.20561132	3.28913497	4.98752750
1.69166667	-17.51098958	22.29710069	23.63220424	-11.16380266	-11.14944823	3.39514454	4.91562449
1.70000000	-17.49912980	22.28508100	23.60247246	-11.15349907	-11.12419571	3.34961894	4.91455976
1.70833333	-17.54144447	22.34290177	23.67900922	-11.21031894	-11.17283135	3.46451485	4.93958198
1.71666667	-17.43336160	22.17483877	23.50151887	-11.12118842	-11.06075287	3.43247107	4.91115953
1.72500000	-17.51141026	22.27189116	23.62978313	-11.13936615	-11.13199000	3.36609924	4.92358166
1.73333333	-17.63940311	22.44783326	23.85233673	-11.22884108	-11.27739294	3.44208285	4.97781288
1.74166667	-17.54379565	22.31980131	23.72745173	-11.18287088	-11.23579408	3.44091774	4.95184739
1.75000000	-17.60794432	22.41657039	23.80647508	-11.23340322	-11.24746871	3.43980033	4.92352273
1.75833333	-17.73199129	22.57647721	23.94544407	-11.27235951	-11.25137158	3.42507455	4.91880598
1.76666667	-17.51991212	22.29525198	23.70712406	-11.19965259	-11.24866699	3.44173990	4.92488394
1.77500000	-17.46355626	22.21341182	23.61015987	-11.15560437	-11.17897061	3.44993870	4.92819493
1.78333333	-17.57955278	22.37246647	23.76924598	-11.22024520	-11.22975490	3.45161880	4.92348127
1.79166667	-17.51245196	22.29188503	23.68266988	-11.21007115	-11.21383353	3.45128129	4.90465636
1.80000000	-17.40198118	22.13158411	23.51165013	-11.13563978	-11.11426640	3.44225585	4.88281750
1.80833333	-17.60660194	22.41928942	23.84350995	-11.26623024	-11.30657255	3.47390143	4.97549684
1.81666667	-17.51165153	22.26059529	23.67341682	-11.17793205	-11.19221057	3.47525304	4.96116533
1.82500000	-17.55200200	22.33996242	23.75778842	-11.25113959	-11.25350621	3.47535513	4.96195119
1.83333333	-17.47453777	22.22508814	23.66983566	-11.19522222	-11.22101450	3.43008023	4.96575137
1.84166667	-17.49314675	22.24876863	23.67833656	-11.18822437	-11.21773614	3.44261841	4.95596998
1.85000000	-17.53832592	22.32154531	23.79220696	-11.24077780	-11.33174492	3.47998415	5.00583436
1.85833333	-17.49078148	22.24812994	23.70668794	-11.19988659	-11.27269688	3.45737178	4.97474754
1.86666667	-17.43145025	22.15506596	23.61068624	-11.15834590	-11.20049223	3.47361232	4.96522210
1.87500000	-17.47626568	22.21613556	23.67829056	-11.18671417	-11.24227780	3.46070498	4.94435882
1.88333333	-17.43674236	22.15838009	23.63314271	-11.16011280	-11.22271286	3.45587202	4.93144287
1.89166667	-17.60597175	22.38643073	23.90232712	-11.27097647	-11.34665959	3.52942065	4.98096294
1.90000000	-17.47628334	22.20010311	23.66888751	-11.17250231	-11.20071299	3.45141437	4.96827347
1.90833333	-17.54897235	22.31201264	23.80816212	-11.25153982	-11.28331048	3.52073493	5.00592155
1.91666667	-17.51677546	22.25677117	23.73788503	-11.20738014	-11.22042356	3.50403107	4.98890657
1.92500000	-17.47782045	22.20042149	23.67632582	-11.17962008	-11.19772381	3.47219115	5.01693139
1.93333333	-17.45791446	22.16820535	23.65996865	-11.15473821	-11.18324783	3.46336623	4.98458626
1.94166667	-17.60563977	22.36588661	23.89621699	-11.24755828	-11.29944431	3.54094496	5.02816210
1.95000000	-17.71656407	22.48871401	24.05688660	-11.26062162	-11.39894213	3.59852391	4.94266876
1.95833333	-17.79174623	22.54980289	24.15665810	-11.33057967	-11.35167320	3.56178026	5.01308543
1.96666667	-17.78502975	22.55239494	24.15406796	-11.28428734	-11.40531710	3.55029373	5.00615808
1.97500000	-17.64536429	22.38267651	23.96684018	-11.24438676	-11.34140000	3.49842243	4.99099788
1.98333333	-17.62827380	22.34653835	23.95714150	-11.21448284	-11.34668020	3.48289143	4.98124170
1.99166667	-17.77940312	22.55267557	24.21897819	-11.33551849	-11.49810384	3.52410366	5.04560137
2.00000000	-17.61843245	22.31191830	23.93124941	-11.20018360	-11.30921638	3.45575465	4.96808354
2.00833333	-17.71313867	22.46569809	24.10463862	-11.32823241	-11.41144724	3.49818219	4.99206538
2.01666667	-17.59398211	22.30116094	23.90811749	-11.25744271	-11.30505779	3.48239259	4.96459166
2.02500000	-17.80730060	22.60363764	24.24193452	-11.41694174	-11.47092710	3.50745048	5.00345281
2.03333333	-17.67781496	22.43398679	24.02926906	-11.37360927	-11.33552554	3.49443948	4.95667275
2.04166667	-17.86948413	22.72615711	24.32677104	-11.56899771	-11.49137510	3.52019142	4.96863201
2.05000000	-17.81294253	22.66497241	24.22854157	-11.58609999	-11.44245795	3.47637608	4.94418168
2.05833333	-17.91421375	22.81675006	24.39270975	-11.69242215	-11.54878635	3.49890519	4.99187258
2.06666667	-17.89324242	22.80193249	24.35527607	-11.73506673	-11.53497054	3.49950430	4.98723063
2.07500000	-17.75958657	22.59817127	24.12030107	-11.67210318	-11.38245167	3.52020875	5.02859875
2.08333333	-17.91832012	22.86046111	24.41396880	-11.85446945	-11.61026490	3.50181330	5.07366686
2.09166667	-17.88362072	22.83524964	24.37869216	-11.91468125	-11.62303901	3.56626606	5.10185641
2.10000000	-17.84885610	22.81174174	24.32320703	-11.95319393	-11.61188377	3.58688623	5.11219934
2.10833333	-17.78250362	22.73154403	24.22376769	-11.95842735	-11.58802758	3.60354983	5.13793264
2.11666667	-17.79951362	22.79908298	24.29735204	-12.07843561	-11.72436280	3.66264619	5.21558497
2.12500000	-17.74651375	22.75744950	24.22481183	-12.08876186	-11.70255411	3.58457122	5.26366172
2.13333333	-17.64894313	22.65021824	24.08840466	-12.06495418	-11.67999359	3.60456795	5.25194637
2.14166667	-17.76011502	22.79449641	24.26912627	-12.11128768	-11.87220324	3.66250261	5.41750943
2.15000000	-17.72450104	22.76406159	24.18799684	-12.13129425	-11.87452962	3.60860941	5.50315797
2.15833333	-17.61928432	22.60041095	24.02347142	-12.08400427	-11.82537271	3.62653541	5.53306955
2.16666667	-17.53959178	22.48959831	23.90682834	-12.07075693	-11.82632084	3.63027787	5.60014981
2.17500000	-17.50248567	22.38405154	23.90349352	-12.05553714	-11.89282692	3.63678127	5.67856720
2.18333333	-17.63929583	22.54306611	24.07881850	-12.16512456	-11.94506161	3.66976270	5.70093172
2.19166667	-17.51640455	22.34776244	23.91660615	-12.14291013	-11.91181373	3.61980196	5.74145069
2.20000000	-17.65899750	22.52761310	24.05767882	-12.22195435	-12.01108240	3.71374371	5.87125957
2.20833333	-17.63571587	22.49200221	23.79928934	-12.21987062	-11.84946627	3.70254350	5.94357101
2.21666667	-17.60182476	22.41859277	23.62261425	-12.18446653	-11.75179525	3.71564481	6.00590883
2.22500000	-17.69407766	22.51521247	23.78597077	-12.17954521	-11.98492828	3.70834678	6.22669758
2.23333333	-17.61765934	22.43357598	23.62696257	-12.20482565	-11.92590366	3.66432012	6.32921527
2.24166667	-17.31393901	22.05060818	23.24601206	-12.19341901	-11.89223539	3.68433271	6.38001263
2.25000000	-17.32750058	22.01699797	23.27689461	-12.22979566	-11.94264420	3.69734823	6.49009728
2.25833333	-17.30327068	21.93527981	23.26283612	-12.24720626	-11.98631378	3.77761995	6.50604276
2.26666667	-17.28433269	21.90635273	23.23704656	-12.28272982	-12.08981846	3.77000500	6.64589584
2.27500000	-17.19658749	21.88569205	22.99716846	-12.41539985	-12.01592494	3.80407359	6.72885680
2.28333333	-17.17647477	21.97245127	22.89130594	-12.60473019	-12.01514682	3.90162475	6.80071891
2.29166667	-17.09349008	21.84680736	22.78138452	-12.67524404	-12.03609623	3.93976797	6.84506174
2.30000000	-17.10032684	21.79580137	22.78948525	-12.80126002	-12.06688250	4.01941567	7.01084717
2.30833333	-17.01939214	21.72324112	22.60687303	-12.93106415	-12.03299603	4.06540275	7.06659547
2.31666667	-17.26699522	22.07263531	22.96225873	-13.01195957	-12.27974892	4.00528467	7.23420894
2.32500000	-17.07545653	21.87424821	22.69505780	-13.14939457	-12.24668201	4.06748174	7.27341172
2.33333333	-16.99046800	21.90840359	22.61977483	-13.46626520	-12.35906084	4.18906043	7.44617861
2.34166667	-16.93115691	21.89931099	22.51247953	-13.68895708	-12.40776101	4.21136130	7.48892260
2.35000000	-16.78151406	21.81291910	22.24285338	-13.89432014	-12.34383507	4.34228188	7.67236800
2.35833333	-16.68536897	21.86054564	22.20064248	-14.29120384	-12.50693987	4.43662336	7.79947455
2.36666667	-16.58378442	21.99050814	22.02505613	-14.79648237	-12.52407225	4.58075198	8.01889154
2.37500000	-16.43620598	21.97322692	21.76163110	-15.01655629	-12.48840344	4.46409699	8.07492194
2.38333333	-16.35154778	22.13715919	21.73242377	-15.60726338	-12.64108441	4.59516601	8.27246922
2.39166667	-16.23767756	22.13407490	21.61416254	-16.01987083	-12.72095814	4.58063518	8.28792429
2.40000000	-15.98902407	22.15113748	21.29784148	-16.54369385	-12.73808027	4.53234370	8.48245645
2.40833333	-16.01240809	22.61350309	21.32146029	-17.15204419	-12.93148001	4.19899536	8.69630867
2.41666667	-15.84654675	22.92008246	21.09045026	-18.05075179	-12.98467209	4.32212195	8.84655286
2.42500000	-15.67909289	23.04626785	20.87496764	-18.64676634	-13.07289153	4.05221109	9.05976690
2.43333333	-15.35904039	23.02390856	20.71820258	-19.49725253	-13.34375495	4.10472936	9.28680894
2.44166667	-15.06791255	23.11623047	20.42025765	-20.25981150	-13.44875449	3.66797600	9.49984038
2.45000000	-14.89804252	23.50409561	20.24357896	-21.20869905	-13.64127511	3.32277384	9.75840488
2.45833333	-14.65580038	23.88895707	19.83193695	-22.40704586	-13.55324595	3.32850863	9.92970618
2.46666667	-14.20122474	24.00467669	19.15724159	-23.35642765	-13.38809600	2.64159582	9.98266227
2.47500000	-13.95551722	24.38703926	18.80117909	-24.55343452	-13.32004597	2.54081451	10.06129795
2.48333333	-13.68015526	24.81033866	18.37078420	-25.82174591	-13.20392415	2.36916740	10.14846684
2.49166667	-13.04392284	24.69004026	17.38465492	-26.64275260	-12.88110745	0.88105659	10.05630383
2.50000000	-12.79322809	25.16832689	17.01009941	-27.94287501	-12.80537975	0.65784981	10.11312823
2.50833333	-12.45220011	25.48839487	16.47453666	-29.00164538	-12.66482197	-0.82831440	10.14718702
2.51666667	-12.19861324	25.97893735	16.09451352	-30.31201540	-12.57820766	-1.07679977	10.16378771
2.52500000	-11.88930083	26.49604229	15.53345650	-31.64656331	-12.34917056	-2.01303205	10.20569679
2.53333333	-11.42746081	26.64962018	14.96385798	-32.59030465	-12.42599820	-3.55530960	10.32423999
2.54166667	-11.17223141	27.22014674	14.55764263	-33.90033688	-12.29833848	-3.75823322	10.34567561
2.55000000	-10.80228666	27.72725539	13.92118481	-35.15696554	-12.07721680	-4.51304336	10.34742113
2.55833333	-10.54611474	28.23677766	13.53430024	-36.28173192	-11.97256410	-4.69917390	10.34241696
2.56666667	-9.96228942	28.25228238	12.78550345	-37.01120481	-11.94890586	-6.66869730	10.44356949
2.57500000	-9.75408860	28.78319140	12.43458915	-38.01273135	-11.84355633	-6.72800445	10.44785730
2.58333333	-9.50407453	29.07802712	12.06398254	-38.68602174	-11.82454759	-8.16546770	10.49926224
2.59166667	-9.27566255	29.47456128	11.71130056	-39.40838608	-11.79081177	-9.06708535	10.56656919
2.60000000	-9.09692266	29.97853022	11.38872764	-40.16596848	-11.68824060	-9.14128996	10.58511659
2.60833333	-8.53571101	29.84774517	10.69544276	-40.50480246	-11.63793588	-10.92273758	10.64494576
2.61666667	-8.40376570	30.22590463	10.46862642	-41.00789809	-11.59620147	-11.13345547	10.69095125
2.62500000	-8.52297089	30.74354941	10.56857624	-41.25267992	-11.66098782	-12.21503613	10.80708510
2.63333333	-8.40387832	31.13153714	10.31081642	-41.54709032	-11.60290047	-12.21482935	10.83070393
2.64166667	-7.95650156	31.01556620	9.71596873	-41.52912763	-11.56918261	-12.83660072	10.95626403
2.65000000	-7.88215094	31.31279844	9.49757013	-41.52135403	-11.48299608	-12.82604595	11.00032131
2.65833333	-7.79267862	31.43095232	9.33939087	-41.28104533	-11.49940325	-12.79522837	11.13764594
2.66666667	-7.75345206	31.74344143	9.16080522	-41.08334258	-11.45918132	-12.80482893	11.17511323
2.67500000	-7.70155582	32.01319902	8.98578005	-40.77127355	-11.40721496	-12.85334566	11.25639469
2.68333333	-7.68169089	32.26112320	8.80533197	-40.37442690	-11.37050190	-12.90171440	11.33248943
2.69166667	-7.45135103	32.13420731	8.50955796	-39.73897798	-11.47132250	-12.80059514	11.61220849
2.70000000	-7.44155816	32.38663912	8.35212840	-39.20750755	-11.44028385	-12.78078170	11.65852324
2.70833333	-6.88123959	31.86887947	7.54131814	-38.48644765	-11.35530774	-11.78398345	11.90105825
2.71666667	-6.90927102	32.06004583	7.40979086	-37.75596134	-11.35170295	-11.80504879	11.93777736
2.72500000	-6.92345862	32.20777805	7.19993442	-36.96001981	-11.27156673	-11.84186722	12.06133801
2.73333333	-6.48787113	31.92253182	6.49489361	-36.26101477	-11.21055520	-10.44716236	12.18498513
2.74166667	-6.55042650	32.18620631	6.38234215	-35.47272180	-11.20547692	-10.44875437	12.24782411
2.75000000	-6.39017977	32.00036732	5.97987122	-34.47020920	-11.09409668	-9.77748040	12.58048778
2.75833333	-6.40317640	32.14814632	5.71789999	-33.62908232	-10.97156450	-9.24061756	12.68835397
2.76666667	-6.31028969	32.14638139	5.35258063	-32.60477107	-10.89023107	-9.16067608	12.89174007
2.77500000	-6.13932259	31.93145188	4.91259845	-31.56350714	-10.75751309	-8.46233026	13.01774610
2.78333333	-6.23705137	32.04245942	4.77708237	-30.46109548	-10.72115299	-8.55276413	13.15589208
2.79166667	-5.81628130	31.61464518	4.02679381	-29.37781546	-10.61936745	-7.97053937	13.37589748
2.80000000	-5.90948457	31.58600551	3.92748232	-28.17127431	-10.59936743	-8.13811370	13.61321039
2.80833333	-5.95426772	31.58089431	3.81005646	-27.01551211	-10.64990100	-8.22337506	13.78387864
2.81666667	-5.58543255	31.21155611	3.11533053	-26.05336325	-10.49293077	-7.35467747	14.08222682
2.82500000	-5.68793872	31.30217110	3.00247323	-24.96521562	-10.49414133	-7.59662211	14.34421402
2.83333333	-5.79718784	31.38526870	2.91500726	-23.87423642	-10.52504086	-7.78138418	14.49632082
2.84166667	-5.69299183	31.33908611	2.50696260	-22.94891134	-10.43266950	-7.39142369	14.82089118
2.85000000	-5.81112082	31.35882015	2.42602280	-21.82399012	-10.46359374	-7.70007759	14.96302016
2.85833333	-5.79381653	31.34349335	2.19691454	-20.77394577	-10.49133857	-8.19198796	15.31786141
2.86666667	-5.90543185	31.37252820	2.07642362	-19.70508819	-10.51783009	-8.38111325	15.49740920
2.87500000	-5.78387613	31.25043022	1.72587936	-18.93704625	-10.46763771	-7.70088454	15.77388111
2.88333333	-5.81934989	31.18308301	1.59523012	-17.88052354	-10.52922355	-8.02499116	16.06918302
2.89166667	-6.04189259	31.37710351	1.64605231	-17.02149026	-10.62287349	-7.96753229	16.29165376
2.90000000	-6.11796838	31.46725798	1.53011248	-16.08657115	-10.70511169	-8.32581592	16.47277317
2.90833333	-6.23901811	31.51149615	1.42818410	-15.13575978	-10.75362335	-8.74605835	16.71441646
2.91666667	-6.28142790	31.68695160	1.19170183	-14.63119445	-10.72202136	-8.43473907	16.99304153
2.92500000	-6.39123709	31.72838815	1.12548049	-13.78203685	-10.83680002	-8.76388859	17.14136942
2.93333333	-6.52521123	31.80808484	1.10197490	-12.98498041	-10.97048336	-9.05927507	17.36231036
2.94166667	-6.62791349	31.94558867	0.95296197	-12.59066762	-10.85984885	-8.63641341	17.61289066
2.95000000	-6.71572542	31.94476540	0.92831923	-11.83561439	-11.07763624	-8.87795982	17.84891370
2.95833333	-6.86880623	32.03830561	0.92418821	-11.19656332	-11.23318712	-8.94128006	18.00610400
2.96666667	-7.04071162	32.14744383	0.94601272	-10.60768429	-11.41693409	-8.97187363	18.23108710
2.97500000	-7.16679641	32.19000271	1.01460612	-10.09325393	-11.73300117	-8.85783197	18.52546683
2.98333333	-7.42540178	32.67953146	1.09463992	-10.32952012	-11.79583783	-8.14836646	18.68752738
2.99166667	-7.51039884	32.66933685	1.02650032	-9.94323275	-12.01850233	-8.01675357	18.88177611
3.00000000	-7.64211531	32.83365580	0.99103089	-9.94744493	-12.16365716	-7.54764925	19.11896818
3.00833333	-7.71628111	32.76413359	0.91129733	-9.64627246	-12.37955718	-7.37951431	19.23622730
3.01666667	-7.79557357	32.83131651	0.75868507	-9.61353547	-12.50944236	-7.32742456	19.27453317
3.02500000	-7.87957110	32.80163469	0.64752516	-9.54513620	-12.72039665	-6.96340620	19.52015017
3.03333333	-7.99377890	32.83617163	0.51948042	-9.54898059	-12.79224561	-6.95605454	19.52257932
3.04166667	-7.98691106	32.67511554	0.49246708	-9.67154364	-13.21550877	-6.58449944	19.90872337
3.05000000	-8.06587172	32.66951623	0.31597078	-9.85439710	-13.33659088	-6.58647775	19.89554137
3.05833333	-8.14489323	32.63908381	0.13176061	-10.11653459	-13.43512873	-6.60351912	19.87380007
3.06666667	-8.21068582	32.61711920	-0.05773566	-10.43496650	-13.54663724	-6.70219279	19.83320498
3.07500000	-8.19691744	32.36176231	-0.25198360	-10.44342516	-13.72945865	-7.57918590	19.67073512
3.08333333	-8.30175443	32.36247121	-0.40196426	-10.74783485	-13.81981666	-8.30230771	19.58128811
3.09166667	-8.41717152	32.42041074	-0.55172657	-11.08627603	-13.92923622	-9.10537377	19.42068640
3.10000000	-8.51728921	32.35163386	-0.67207516	-11.21375664	-14.08540928	-9.97084477	19.18166543
3.10833333	-8.68554289	32.29549794	-0.64131341	-11.10577523	-14.33367622	-11.03693411	18.98393760
3.11666667	-8.82952937	32.34120495	-0.66581752	-11.27674322	-14.63927632	-11.57109320	18.69826201
3.12500000	-9.17430848	32.54901302	-0.33123192	-11.30061480	-15.08129044	-12.24220665	18.43090723
3.13333333	-9.25752207	32.54407506	-0.30352787	-11.50819699	-15.55408349	-12.40550811	18.08596437
3.14166667	-9.62391525	32.79500556	0.07537937	-11.62965101	-16.04387815	-12.77071085	17.59879449
3.15000000	-9.63145516	32.71040751	0.09814224	-11.92248824	-16.65446127	-12.76879054	17.18449397
3.15833333	-9.62876875	32.57632256	0.15222683	-12.22589889	-17.31047930	-12.65778550	16.68047537
3.16666667	-9.64112058	32.45649778	0.27194762	-12.55258787	-18.08781783	-12.43550078	16.09197339
3.17500000	-10.07203831	32.79895276	0.88857466	-12.89808970	-18.81300778	-12.20794476	15.20122502
3.18333333	-10.10841080	32.78118267	1.13116537	-13.40895721	-19.77734163	-11.69482253	14.45314514
3.19166667	-10.04711203	32.63479927	1.38653521	-13.88772812	-20.93485186	-11.26890140	13.76568324
3.20000000	-10.30019408	32.82547832	1.96181065	-14.37357681	-21.98938529	-10.81799193	12.56007471
3.20833333	-10.10079439	32.51642239	2.21275781	-14.90037755	-23.37643940	-10.51052746	11.87352900
3.21666667	-10.09487579	32.29503596	2.77072114	-15.17885269	-24.87889359	-9.64520402	10.29887942
3.22500000	-10.25079074	32.31389771	3.58597058	-15.55772062	-26.47744331	-9.38899369	8.81307111
3.23333333	-10.29238638	32.16736705	4.41484845	-15.87596335	-28.29091141	-8.97266511	7.27648007
3.24166667	-10.04008664	31.66038882	4.98632670	-16.11533223	-30.25426884	-8.62699650	6.12236652
3.25000000	-10.46313408	31.96796386	6.37326340	-16.45514576	-32.27763156	-8.20876983	3.79963033
3.25833333	-10.42682451	31.61318762	7.51279506	-16.54259341	-34.56316771	-7.74844548	2.12191264
3.26666667	-11.05443765	32.20847813	9.51223632	-16.97776434	-37.00563484	-7.41698462	0.08050936
3.27500000	-10.91192867	31.73480563	10.67963630	-17.02064200	-39.45423282	-6.93052944	-1.54498028
3.28333333	-11.01908670	31.53995138	12.25086846	-17.04327023	-42.01435444	-6.53811621	-3.39802452
3.29166667	-11.84616162	32.42122751	14.83620788	-17.58214609	-44.81963541	-6.15758960	-5.26188804
3.30000000	-11.77782994	32.11541858	16.32155316	-17.70899741	-47.52385392	-5.68756246	-6.68979206
3.30833333	-12.08392711	32.17218116	18.42652522	-17.79336197	-50.36828471	-5.24193845	-8.09977698
3.31666667	-12.70022806	32.77891356	20.92045106	-18.21808505	-53.24486042	-5.08311157	-9.35097813
3.32500000	-12.51803085	32.28118830	22.47942314	-18.21857891	-56.02855626	-4.64017957	-9.76902923
3.33333333	-13.06743477	32.76404528	25.00039964	-18.56019340	-58.93214414	-4.30556356	-10.30727185
3.34166667	-13.08411044	32.58135963	26.79873570	-18.69699193	-61.65261093	-3.87595778	-10.14082126
3.35000000	-13.14288265	32.38529159	28.78043626	-18.79589372	-64.38902163	-3.51217571	-9.65194618
3.35833333	-12.89588267	31.86869498	30.21274052	-18.88657022	-66.87671708	-3.14508396	-8.76603522
3.36666667	-13.12886999	31.94548449	32.36284766	-19.06187822	-69.49950902	-2.72621183	-8.06530892
3.37500000	-12.83622956	31.34272409	33.79784171	-19.08616796	-71.86432660	-2.40828298	-6.96461285
3.38333333	-12.56956051	30.74445714	35.25785314	-19.06424328	-74.15683241	-2.06078515	-5.86511615
3.39166667	-12.31072340	30.11497380	36.76671721	-19.01052589	-76.36574700	-1.69981802	-4.70274252
3.40000000	-12.16548943	29.70981100	38.42078755	-19.05115848	-78.59397334	-1.23471390	-3.20335421
3.40833333	-12.05653604	29.35678538	40.13850377	-19.15440623	-80.77399578	-0.82308614	-1.27034768
3.41666667	-11.70999414	28.61978638	41.49316286	-19.04593287	-82.68514377	-0.53800411	0.18679260
3.42500000	-11.29717827	27.81283806	42.81380164	-18.93189450	-84.63497826	-0.16660861	2.70256015
3.43333333	-10.82639528	26.85037367	44.03115709	-18.71137698	-86.38321121	0.12990741	4.87072111
3.44166667	-10.29077302	25.89181179	45.11576204	-18.53864605	-88.01936749	0.37671311	7.09456601
3.45000000	-9.94163342	25.06432152	46.47821313	-18.29120327	-89.52692788	0.56046696	8.64485846
3.45833333	-9.33258228	23.96458535	47.55489158	-18.05148680	-91.03834598	0.88568694	11.23790362
3.46666667	-8.92297967	23.04376124	48.78709077	-17.77973299	-92.36440215	1.17412079	13.17399765
3.47500000	-8.55470219	22.18696844	50.04486076	-17.48555785	-93.53060246	1.33889975	14.58667541
3.48333333	-8.12319113	21.24162431	51.24386872	-17.15898486	-94.63090145	1.52730743	16.05992962
3.49166667	-7.39656022	19.95655555	52.00057527	-16.89298019	-95.59543402	1.88600663	17.88939930
3.50000000	-6.90611254	18.97161646	53.00691461	-16.66548046	-96.42427220	2.23192919	19.13510964
3.50833333	-6.58351905	18.19171025	54.19298212	-16.39183080	-97.16080982	2.38367479	20.02288237
3.51666667	-5.98182988	17.12862591	54.97253396	-16.16952079	-97.77081521	2.68061024	21.20490612
3.52500000	-5.71064792	16.40528584	56.14515471	-15.89500204	-98.27485333	2.82014199	21.95491134
3.53333333	-5.36516721	15.60970047	57.14179922	-15.63098403	-98.61816833	3.05907489	22.82423497
3.54166667	-4.86708471	14.70919904	57.94510759	-15.45484478	-98.92099662	3.31772915	23.79322874
3.55000000	-4.61479080	14.01678432	58.96476859	-15.20044273	-99.01556820	3.50624262	24.37477489
3.55833333	-4.49752603	13.48876136	60.04873003	-14.95790745	-99.05779087	3.59101450	24.69650905
3.56666667	-4.44831621	13.14278612	61.09108883	-14.91816237	-98.99920594	3.95844118	25.83006561
3.57500000	-4.24949032	12.60304232	62.06816034	-14.80127387	-98.85845407	4.00973848	25.93647664
3.58333333	-3.83818021	11.80941941	62.62030883	-14.63091895	-98.49761740	4.40681013	26.76861726
3.59166667	-3.70645441	11.30706236	63.50770826	-14.46763369	-98.09430320	4.44877943	26.83933024
3.60000000	-3.60416579	10.84070049	64.35934719	-14.27020235	-97.59308501	4.51209988	26.93352911
3.60833333	-3.46949553	10.37797544	64.99351112	-14.15549422	-96.94809560	4.87749904	27.50721465
3.61666667	-3.40246846	9.96552320	65.73586659	-13.99527606	-96.27084593	4.93495486	27.57842165
3.62500000	-3.42378677	9.73703165	66.38252742	-13.96143910	-95.43802054	5.18864160	27.89398154
3.63333333	-3.34376616	9.37590604	66.98717103	-13.89741472	-94.55132614	5.24359580	27.92222115
3.64166667	-3.30388924	8.99804104	67.54210079	-13.79811936	-93.60464106	5.31408090	27.93505751
3.65000000	-3.05650955	8.38763628	67.69573210	-13.60953465	-92.50043153	5.66135236	28.06702895
3.65833333	-3.02625335	8.07660641	68.13316209	-13.56911248	-91.42650542	5.72281146	28.03880766
3.66666667	-2.92896056	7.69838350	68.31214567	-13.43703376	-90.15697348	5.97556620	27.43939594
3.67500000	-2.66008477	7.09263133	68.25769535	-13.40545764	-88.91131589	6.26192149	27.39127897
3.68333333	-2.67966713	6.82534114	68.48462801	-13.35690695	-87.63733654	6.44060187	26.74071975
3.69166667	-2.64033377	6.62653228	68.56414512	-13.46287644	-86.32545723	6.69781546	25.96386039
3.70000000	-2.67514877	6.31628362	68.64507630	-13.36787468	-85.00269466	6.86941180	25.09987131
3.70833333	-2.67178206	6.08886304	68.63421494	-13.39807310	-83.67388645	7.04526559	24.02271298
3.71666667	-2.68638423	5.88787219	68.54970644	-13.44388424	-82.34222679	7.23082683	22.81978913
3.72500000	-2.68043005	5.69655799	68.41481926	-13.53238384	-81.04701982	7.42372723	21.39479020
3.73333333	-2.73212712	5.38524571	68.30290692	-13.44164777	-79.82486495	7.60578085	19.97618961
3.74166667	-2.74658496	5.25318150	68.07038051	-13.56969336	-78.62606221	7.78185468	18.34430371
3.75000000	-2.81936154	5.00111175	67.88133547	-13.51550501	-77.54584894	7.99466276	16.74977575
3.75833333	-2.89815961	4.99691198	67.60911810	-13.69937814	-76.43606312	8.27177845	14.96821568
3.76666667	-3.00923174	4.85661917	67.40178957	-13.72929414	-75.50817848	8.51592914	13.35240893
3.77500000	-3.07675993	4.66918696	67.13287904	-13.77419644	-74.68921204	8.76803960	11.73135696
3.78333333	-3.19389597	4.47510960	66.83554205	-13.74256356	-73.91982073	8.97510936	10.21702574
3.79166667	-3.30332423	4.34832716	66.53249751	-13.80344536	-73.27165051	9.17311749	8.61512411
3.80000000	-3.46727525	4.16186103	66.20600227	-13.71906518	-72.67939237	9.32744219	7.27777270
3.80833333	-3.55279745	4.04359630	65.80471516	-13.79367908	-72.15725194	9.47254037	5.81925289
3.81666667	-3.74248915	3.78837631	65.47466425	-13.64290149	-71.73823099	9.52180154	4.99959924
3.82500000	-3.93290155	3.70075357	65.11345759	-13.66001115	-71.35737680	9.51443218	4.56503069
3.83333333	-4.19019310	3.63698421	64.76435879	-13.63459802	-71.05280599	9.50564279	4.58677500
3.84166667	-4.34364624	3.51033656	64.22752111	-13.58059001	-70.73314745	9.23135858	5.61129637
3.85000000	-4.56419036	3.32075365	63.78284998	-13.48273571	-70.56489299	9.07132065	7.02883578
3.85833333	-4.83792693	3.29117887	63.32212449	-13.40948530	-70.29358857	8.81357266	8.63893071
3.86666667	-5.10508715	3.23404334	62.82321733	-13.33296792	-70.15549846	8.48470735	10.66748579
3.87500000	-5.42733986	3.24640453	62.38695331	-13.26100739	-69.88414471	8.06373735	12.24475431
3.88333333	-5.73022586	3.19700946	61.94293856	-13.15036474	-69.61060216	7.53007272	13.62050613
3.89166667	-6.10106595	3.26914717	61.62924109	-13.08013624	-69.40227608	6.86293935	14.79189235
3.90000000	-6.50711896	3.43018986	61.43586822	-13.05638016	-69.19962428	6.13690589	15.61923617
3.90833333	-7.12595258	3.75743153	61.59670480	-13.02765041	-69.01289597	5.30112344	15.86418010
3.91666667	-7.48135163	3.83382449	61.50134978	-12.97357925	-68.81913958	4.38610533	16.04929923
3.92500000	-7.84829032	3.97952187	61.45970692	-12.96885164	-68.62431280	3.19370139	15.95532203
3.93333333	-8.26718422	4.17996482	61.48331645	-12.99913413	-68.38318528	1.91233031	15.71900356
3.94166667	-8.63460833	4.39029556	61.35185288	-13.04937724	-68.04852435	0.66523777	15.66018513
3.95000000	-8.98116939	4.59320785	61.10807348	-13.13482927	-67.62742926	-0.87813932	15.63743408
3.95833333	-9.34907819	4.87858577	60.80452725	-13.29771231	-67.11014232	-2.40699682	15.73936324
3.96666667	-9.73624702	5.25531632	60.40101943	-13.53817192	-66.47542029	-4.13852237	15.85896592
3.97500000	-10.15373499	5.72033496	60.01221900	-13.87848422	-65.80282359	-5.88768915	16.10585011
3.98333333	-10.53174124	6.16795960	59.53808568	-14.25200125	-65.07182469	-7.72909743	16.24862086
3.99166667	-10.84507065	6.75281965	58.98067349	-14.85409631	-64.30433834	-9.44251167	16.42482649
4.00000000	-11.43469896	7.57494722	58.72907955	-15.27698326	-63.54404143	-11.28044290	16.24228020
4.00833333	-11.56072398	8.16427389	57.95668778	-16.08413652	-62.78954091	-12.97049842	16.46901649
4.01666667	-11.79216069	8.81612877	57.35941800	-16.93328296	-62.09208272	-14.59334895	16.61790868
4.02500000	-11.89927832	9.54174453	56.65137471	-18.00256480	-61.35529872	-16.07754116	16.62270329
4.03333333	-11.95775931	10.11833859	55.95050570	-18.94064963	-60.69735294	-17.49397657	16.49082787
4.04166667	-12.02078816	10.93505934	55.19556219	-20.37504672	-59.91797199	-18.70180356	16.55657129
4.05000000	-12.09573715	12.13522464	54.35999359	-22.09490819	-58.97002165	-19.86464307	16.50240293
4.05833333	-12.47528985	13.50315461	53.98458489	-23.73180176	-58.24406930	-21.25690603	16.33457696
4.06666667	-12.42966143	14.55050895	53.06171956	-25.72971261	-57.28342571	-22.26187483	16.29684511
4.07500000	-12.41312986	15.87577822	52.13483078	-27.95911302	-56.24502174	-23.43804783	16.14608683
4.08333333	-12.42036543	17.25506755	51.28888422	-30.35365677	-55.26700299	-24.63699220	15.95619963
4.09166667	-12.48098458	18.57441177	50.52676529	-32.74161037	-54.36782217	-26.14044446	15.76151577
4.10000000	-12.29409906	20.01618768	49.45004056	-35.63732062	-53.38410637	-26.72406050	15.71338808
4.10833333	-12.30345550	21.56397735	48.57680614	-38.45129221	-52.42020282	-28.15783765	15.60404404
4.11666667	-12.12380807	22.96031403	47.56558108	-41.46225654	-51.51838821	-28.90999865	15.48309980
4.12500000	-11.90915730	24.31724673	46.51541962	-44.57967985	-50.57897717	-29.08460262	15.36560315
4.13333333	-11.64089245	25.66905458	45.44915666	-47.77467871	-49.74845634	-28.67913083	15.26797627
4.14166667	-11.55557205	27.34172992	44.61087727	-50.98883555	-48.93373623	-29.52237463	15.14157888
4.15000000	-11.24800156	28.67243781	43.51219175	-54.21201252	-48.11938673	-28.56092629	15.05269348
4.15833333	-11.00759168	30.08719960	42.49997138	-57.43368369	-47.25802528	-27.60530361	14.93459370
4.16666667	-10.97368184	31.84664101	41.75561278	-60.63095773	-46.45189011	-27.95542241	14.79734848
4.17500000	-10.68898953	33.31280707	40.69631059	-63.82735939	-45.59317667	-26.35793313	14.66103837
4.18333333	-10.50326665	34.86274946	39.76135534	-66.95264321	-44.75523193	-24.66284335	14.53483701
4.19166667	-10.32571405	36.53279673	38.77079869	-70.02791985	-43.84531856	-22.81662079	14.39735489
4.20000000	-10.19165695	38.21075602	37.90331077	-72.99112662	-43.02231117	-20.89250775	14.26930042
4.20833333	-10.28217003	40.12280053	37.35743168	-75.84556561	-42.33282290	-19.06974597	14.26421461
4.21666667	-10.36794790	41.98467831	36.78605410	-78.60631223	-41.52342379	-16.67608461	14.06119356
4.22500000	-10.16292585	43.49817812	35.74661105	-81.08838524	-40.60597667	-14.59648927	13.92948186
4.23333333	-9.97208905	45.03515696	34.78776898	-83.43800241	-39.73862898	-12.57991822	13.81555703
4.24166667	-9.83022084	46.49773472	33.92553593	-85.60270614	-38.90440117	-10.55366629	13.70520027
4.25000000	-9.71143239	47.94590567	33.07130099	-87.57253442	-38.05604729	-8.61605601	13.59667877
4.25833333	-9.50348328	49.37133787	32.21752548	-89.50925928	-37.37610195	-4.93177894	13.71724544
4.26666667	-9.07683755	50.53465335	30.87254139	-91.20461927	-36.29348034	-2.28531651	13.46618765
4.27500000	-8.98032399	51.92355179	30.03392946	-92.63560433	-35.44727126	-0.87476592	13.30290688
4.28333333	-8.84073167	53.21703377	29.22693244	-93.90472306	-34.65335619	0.53272800	13.11037147
4.29166667	-8.47659826	54.29441175	28.11427879	-95.19668870	-33.77255308	4.52142265	13.04732501
4.30000000	-8.32469652	55.44601749	27.16657063	-96.04465580	-32.86991007	5.56573008	12.76138018
4.30833333	-7.89325068	56.27459172	25.94016293	-96.83890874	-32.00923466	7.77429993	12.85056055
4.31666667	-7.63162221	57.22953812	24.98850389	-97.48203899	-31.11720576	9.79340107	12.56556103
4.32500000	-7.63801383	58.39408184	24.20490555	-97.84689338	-30.17436946	10.22435685	12.45428855
4.33333333	-7.40790401	59.27959501	23.19450078	-98.17781595	-29.32888838	12.53236587	12.31686307
4.34166667	-7.34832813	60.38195976	22.39192110	-98.30326422	-28.43225374	13.03895433	12.05963049
4.35000000	-6.84785038	60.70978516	21.00700168	-98.16448394	-27.45294318	14.81156681	11.94402913
4.35833333	-6.85828296	61.56592869	20.33148680	-97.86523130	-26.64050906	15.51450035	11.67872895
4.36666667	-6.73800071	62.27131782	19.52351753	-97.48861884	-25.84678411	16.50516857	11.56518342
4.37500000	-6.76063822	63.08985013	18.85303455	-97.00103945	-25.02341600	17.07754051	11.30800471
4.38333333	-6.86870768	63.90846108	18.27688958	-96.34018042	-24.19481437	17.20917920	11.25838581
4.39166667	-6.78245611	64.42124636	17.57778920	-95.60397438	-23.50041182	18.24375447	11.06954789
4.40000000	-6.94482067	65.15587752	17.13171657	-94.74446781	-22.75259104	18.28271441	10.95741461
4.40833333	-7.10575375	65.82463671	16.68818493	-93.74561674	-22.03434994	18.32810194	10.76808171
4.41666667	-7.01751247	66.10502365	15.99391125	-92.60474461	-21.47767080	18.61059832	10.64312473
4.42500000	-7.17739362	66.63980315	15.60062880	-91.47646490	-20.81794047	18.62074615	10.58414117
4.43333333	-7.33870328	67.02564882	15.27558599	-90.18358417	-20.26909402	18.61639430	10.25502997
4.44166667	-7.52367970	67.41129546	14.92766150	-88.90733425	-19.67402481	18.60571199	10.25587018
4.45000000	-7.71146048	67.72137471	14.61364732	-87.58312480	-19.13159104	18.56618295	10.22042057
4.45833333	-7.90856901	67.92186012	14.31993846	-86.19521763	-18.58892327	18.48334284	10.09858884
4.46666667	-8.05844304	68.04172383	14.07649420	-84.77526707	-18.22423003	18.27477591	9.94148159
4.47500000	-8.09907124	67.94576757	13.80313612	-83.36231424	-18.06718386	18.06121593	9.92249143
4.48333333	-8.25291327	68.04667094	13.51050985	-82.10542674	-17.65861492	17.71832663	9.96426632
4.49166667	-8.39410736	68.06442921	13.23250608	-80.87700702	-17.28462880	17.17034442	9.91700191
4.50000000	-8.21588542	67.63282299	12.65354508	-79.58336635	-17.13306316	16.30778330	9.84143244
4.50833333	-8.37473918	67.56707056	12.44006867	-78.52746158	-16.83585675	15.83237402	9.87909702
4.51666667	-8.49800058	67.48472518	12.22317726	-77.53925336	-16.61495538	15.16259178	9.84982360
4.52500000	-8.58781487	67.30764899	12.00010595	-76.65576070	-16.44152891	14.56812271	9.82339160
4.53333333	-8.68064387	67.11904893	11.78512965	-75.86573622	-16.26317401	13.82888105	9.76581727
4.54166667	-8.56341531	66.59240876	11.41504589	-75.05054458	-16.30986512	12.95443195	9.74567437
4.55000000	-8.71755444	66.41235723	11.26588864	-74.46920291	-16.15152753	12.29389742	9.71920508
4.55833333	-8.85850690	66.18322930	11.14643845	-73.93279074	-16.05979709	11.41428007	9.60475558
4.56666667	-9.00474165	65.91797331	10.97227486	-73.46682688	-15.91664292	10.90917584	9.58442716
4.57500000	-9.19274525	65.64449963	10.82758589	-73.03276314	-15.73533354	10.21834442	9.42465124
4.58333333	-9.36712272	65.33221124	10.72116790	-72.65508869	-15.67289209	10.05691175	9.33454411
4.59166667	-9.59287936	65.00285355	10.56444989	-72.25516775	-15.39701053	9.91048000	8.90794632
4.60000000	-9.79338659	64.64942339	10.48044536	-71.94171416	-15.30624536	10.10163145	8.69343331
4.60833333	-10.05076717	64.28237034	10.38647230	-71.58427541	-15.05426913	10.70424363	8.11602477
4.61666667	-10.27347772	63.89579434	10.30401953	-71.26114719	-14.89562142	11.27100852	7.36877393
4.62500000	-10.49737338	63.53348513	10.17009143	-70.95191605	-14.66481550	11.76885474	6.79438530
4.63333333	-10.75518664	63.23807366	10.07013903	-70.66635070	-14.44784959	12.20260983	5.98345326
4.64166667	-11.02055910	62.95512147	10.04304275	-70.36314370	-14.25602338	12.52929144	4.93610364
4.65000000	-11.23590374	62.65257530	9.98075203	-70.01924976	-14.10223848	12.70107273	3.84956603
4.65833333	-11.43437144	62.37505789	9.91465654	-69.69716035	-13.98967185	12.76524768	2.69834386
4.66666667	-11.64029219	62.05347222	9.79100648	-69.31126226	-13.76672466	12.79546103	1.28923216
4.67500000	-11.78503047	61.61170921	9.76736447	-68.84083931	-13.75037917	12.80964556	-0.08831331
4.68333333	-11.88341435	61.10901271	9.75511622	-68.34432200	-13.81554666	12.81493561	-1.58965122
4.69166667	-12.03298681	60.59593832	9.82354544	-67.80545239	-13.93364336	12.88142259	-3.15493567
4.70000000	-12.14384342	59.98150401	9.84972347	-67.16703616	-14.05149214	12.97220290	-4.96070460
4.70833333	-12.18515917	59.18860920	9.96501361	-66.39375303	-14.33964497	13.11199936	-6.73823412
4.71666667	-12.27164269	58.48072281	10.33038693	-65.68134339	-14.94907242	13.26490219	-8.35982185
4.72500000	-12.33966054	57.72133767	10.72367614	-64.86622374	-15.67338557	13.35861112	-9.91164038
4.73333333	-12.34786052	56.88856302	10.98923400	-64.04869543	-16.21114849	13.45822058	-12.23273590
4.74166667	-12.28631412	56.03412292	11.44977804	-63.27766509	-17.16397067	13.56397302	-13.83014661
4.75000000	-12.17052499	55.15860344	12.10307942	-62.52004750	-18.65782623	13.58378235	-14.91874158
4.75833333	-12.03102587	54.20297257	12.69482195	-61.63366761	-20.12094546	13.52752176	-16.68064189
4.76666667	-11.95630092	53.45604444	13.51829826	-61.00692645	-21.79493389	13.47649215	-17.84674383
4.77500000	-11.72568065	52.45420401	14.37640527	-60.21360876	-23.91563459	13.51555464	-18.79048285
4.78333333	-11.52981752	51.55931880	15.46113043	-59.46024397	-26.48522677	13.49137223	-19.64036482
4.79166667	-11.40633383	50.66199784	16.82113474	-58.63043058	-29.45381177	13.51257834	-20.24457419
4.80000000	-11.13427421	49.68000850	18.13805030	-57.79405027	-32.70898521	13.41305593	-20.78635073
4.80833333	-10.98573643	48.89721598	19.72960806	-57.06771428	-36.15728683	13.31785307	-21.42774055
4.81666667	-10.79364380	47.97818643	21.41294747	-56.21376804	-39.97000080	13.28965662	-21.48456298
4.82500000	-10.58558328	47.08842981	22.86906473	-55.38431561	-43.70634682	13.17266807	-21.52310763
4.83333333	-10.77151946	46.73325782	24.99651103	-54.68913176	-47.60484522	12.90135683	-22.06682562
4.84166667	-10.88244474	46.19204410	27.05382612	-53.90660741	-51.58204772	12.81897047	-22.05503734
4.85000000	-10.60760652	45.27800816	28.69078491	-53.08930117	-55.53041680	12.60251295	-21.94224751
4.85833333	-10.25353677	44.28168503	30.13922855	-52.34199256	-59.34869264	12.52516554	-21.34133097
4.86666667	-10.73335243	44.29387518	32.71764675	-51.72469365	-63.33925776	12.31994224	-21.13790176
4.87500000	-10.37244055	43.24264166	34.17064569	-50.91400257	-66.99988496	12.22990025	-20.01893630
4.88333333	-10.22006549	42.54685280	35.89894585	-50.26858821	-70.66353166	12.13736969	-18.68870373
4.89166667	-10.61900998	42.49733012	38.39590387	-49.69779782	-74.38831723	12.00155363	-17.02849024
4.90000000	-10.36134904	41.58134199	39.93680228	-48.95137357	-77.70086424	11.91139006	-15.06418471
4.90833333	-10.22198795	40.81562592	41.64048444	-48.21825688	-80.92076258	11.82321032	-12.67349138
4.91666667	-10.60051737	40.73976186	44.04420778	-47.67543377	-84.26579904	11.86331891	-9.21284036
4.92500000	-10.30266725	39.81543563	45.44969896	-46.95331774	-87.01355980	11.73431164	-6.85188870
4.93333333	-10.19563638	38.98167139	47.15361111	-46.12365993	-89.82531488	11.77553532	-3.08265327
4.94166667	-9.93339845	38.11373393	48.51645980	-45.41089775	-92.18236853	11.64863929	-0.62682546
4.95000000	-9.70474714	37.23715658	49.94643397	-44.65923763	-94.51843399	11.67441154	3.05261941
4.95833333	-9.47618096	36.25858192	51.31688965	-43.81162630	-96.46605569	11.57044763	5.43777891
4.96666667	-9.02891514	35.13326136	52.40383743	-42.98920190	-98.33458551	11.53845999	8.72258776
4.97500000	-8.80542585	34.26137759	53.65158799	-42.19813878	-99.83939999	11.35930092	10.72543575
4.98333333	-8.46139042	33.22379411	54.70171847	-41.38596758	-101.23260535	11.34731417	13.64609788
4.99166667	-8.28443701	32.35649390	55.90499057	-40.60374058	-102.31014589	11.21077078	15.50653455
5.00000000	-8.02578811	31.50433857	56.97145999	-39.91954444	-103.24318969	11.25974539	17.65433937
5.00833333	-7.81695283	30.64905253	58.04964616	-39.10216360	-103.93379973	11.04962921	19.14622879
5.01666667	-7.27868712	29.39578555	58.64243957	-38.26196567	-104.40598547	11.02476507	21.03545160
5.02500000	-7.19696975	28.66029906	59.74356260	-37.46202131	-104.67757951	10.89949364	21.85731103
5.03333333	-6.99057523	27.79926298	60.62385486	-36.72817721	-104.84307119	10.91677062	23.64333957
5.04166667	-6.78713234	26.97972542	61.38715771	-35.97211430	-104.72167896	10.86426224	24.66053110
5.05000000	-6.76438196	26.32466390	62.36724690	-35.19643444	-104.46582802	10.78961932	24.93323634
5.05833333	-6.42950310	25.21221286	62.86694235	-34.27989492	-104.08906764	10.61749226	26.25792211
5.06666667	-6.40712373	24.61718573	63.53766159	-33.55832519	-103.45084004	10.49323031	26.84405316
5.07500000	-6.36390651	23.95448816	64.28137629	-32.79973285	-102.78464458	10.39558488	27.32920282
5.08333333	-6.40248764	23.41438660	64.99933482	-32.07174461	-101.92571689	10.26229076	27.57240504
5.09166667	-6.39203846	22.79101154	65.51058169	-31.32463374	-100.93335450	10.14129515	27.96818924
5.10000000	-6.54841100	22.30154998	66.17798635	-30.50661217	-99.87765407	10.10603068	28.10040072
5.10833333	-6.45074194	21.64031011	66.47996437	-29.85370099	-98.67624088	10.19374223	28.51748990
5.11666667	-6.53916890	21.17036306	66.93063970	-29.16383607	-97.37840983	9.99714028	28.51011619
5.12500000	-6.75013411	20.68517574	67.42762020	-28.33050413	-96.05715153	9.97135023	28.53481851
5.13333333	-6.90211845	20.31705990	67.73592906	-27.67727807	-94.58938010	9.74809597	28.45712247
5.14166667	-7.01852801	20.08678645	67.94640022	-27.17966252	-93.12229441	9.59722117	28.25691869
5.15000000	-7.24473007	19.97671719	68.14942326	-26.82602369	-91.56950212	9.83763177	28.01300520
5.15833333	-7.47317018	19.59087735	68.37783109	-26.09549727	-90.10800501	9.77825723	27.80497591
5.16666667	-7.69108783	19.25190140	68.56274017	-25.54749657	-88.61376049	9.83912158	27.13389469
5.17500000	-7.86045097	18.92774360	68.55231631	-24.98357419	-87.12063475	9.75569654	26.57321625
5.18333333	-8.07211408	18.56442979	68.56568213	-24.34723018	-85.70934675	9.72643815	26.07438100
5.19166667	-8.24309964	18.22491676	68.49263289	-23.82363896	-84.36112406	9.65145196	25.11747309
5.20000000	-8.42778999	18.06887742	68.36941160	-23.52336484	-83.02562915	9.90533961	23.90846795
5.20833333	-8.62021315	17.74797705	68.26623308	-23.02828569	-81.86736635	9.86334100	22.78671665
5.21666667	-8.77845092	17.42810901	68.05595377	-22.62159807	-80.70324658	9.99409820	21.22509690
5.22500000	-8.93689253	17.12709000	67.80179824	-22.13203499	-79.68171320	9.97693997	19.93152112
5.23333333	-9.11187705	16.79684329	67.52398441	-21.64204598	-78.73489816	9.98018783	18.68575905
5.24166667	-9.21264972	16.42012774	67.13803349	-21.27005704	-77.83441976	10.07341232	17.19039900
5.25000000	-9.44374799	16.21130329	66.87049629	-20.87122276	-77.14286636	10.08502193	16.83823960
5.25833333	-9.61313484	15.94516769	66.46181781	-20.45246859	-76.51308803	9.96036385	16.18205135
5.26666667	-9.87057582	15.69301563	66.17622306	-19.99768191	-76.13689189	9.95024636	16.29070392
5.27500000	-10.09704040	15.43983008	65.78876434	-19.58471598	-75.85770335	9.72845201	16.99354573
5.28333333	-10.38784232	15.22771695	65.47244020	-19.13806726	-75.71726070	9.53870654	17.90872849
5.29166667	-10.71269972	15.03190991	65.18015335	-18.66417894	-75.60658958	9.30326894	18.83106424
5.30000000	-11.06630482	14.91052126	64.87930339	-18.22433874	-75.44737513	8.94918232	19.86760209
5.30833333	-11.42792506	14.77810244	64.58813596	-17.75982716	-75.17465178	8.54031174	20.79057765
5.31666667	-11.81259006	14.69623687	64.30101278	-17.33323790	-74.78359683	7.97021102	21.71533335
5.32500000	-12.19881399	14.63304538	64.00845914	-16.91557029	-74.27644496	7.30867408	22.42188962
5.33333333	-12.53580881	14.54660615	63.69307442	-16.51961852	-73.69988380	6.57608041	22.91737925
5.34166667	-12.85039962	14.46299225	63.40149111	-16.21142778	-73.13553897	5.65211014	23.22265077
5.35000000	-13.03634213	14.24457991	62.93527090	-15.91861927	-72.47957477	4.83343530	23.19807315
5.35833333	-13.27376083	14.09076130	62.59280440	-15.58742978	-71.97663204	3.74020600	23.33187556
5.36666667	-13.45745153	13.79676408	62.18871115	-15.21968434	-71.45151919	2.44955082	23.34363828
5.37500000	-13.43729302	13.22228049	61.54350703	-14.87598050	-70.87873968	1.25362214	23.13198562
5.38333333	-13.67249282	13.27599260	61.17778793	-14.81171569	-70.31275670	-0.10199161	23.15128289
5.39166667	-13.82972787	13.09475022	60.65544435	-14.64405574	-69.65467571	-1.66514960	23.05384636
5.40000000	-13.99044756	13.15692815	60.08121740	-14.71583006	-68.92081284	-3.29954211	23.03318663
5.40833333	-14.08564206	13.29136760	59.39136793	-14.94218906	-68.08941219	-5.00217516	22.98327863
5.41666667	-14.19941955	13.45173432	58.67993695	-15.22352420	-67.22777744	-6.64235232	22.92391141
5.42500000	-14.31887713	13.64164633	57.94456220	-15.56702550	-66.34849227	-8.38274913	22.87716724
5.43333333	-14.41314365	14.05332353	57.16036390	-16.18183116	-65.38734275	-10.04359984	22.80219951
5.44166667	-14.51426088	14.57079474	56.39256400	-16.82575758	-64.40425597	-11.89198171	22.49555716
5.45000000	-14.56805945	15.25809181	55.56491776	-17.88500095	-63.38576874	-13.40091214	22.43164273
5.45833333	-14.63358129	15.86773960	54.75110396	-18.90244548	-62.38781634	-15.07933092	22.24926125
5.46666667	-14.81137539	16.90025264	54.12263249	-20.17668619	-61.40404648	-16.83581171	21.91662563
5.47500000	-14.75224555	17.53354422	53.17463950	-21.60598460	-60.40275114	-18.28639451	21.80173282
5.48333333	-14.68349944	18.44231220	52.23370299	-23.41381855	-59.36257073	-19.82457037	21.59642162
5.49166667	-14.67849844	19.52387602	51.43638772	-25.32284692	-58.43345018	-21.85270232	21.31925587
5.50000000	-14.49826310	20.64258816	50.37107042	-27.81205090	-57.33089141	-23.33030953	21.14235446
5.50833333	-14.44356705	21.87247965	49.50075508	-30.34137975	-56.35126032	-25.50399753	20.88006214
5.51666667	-14.17404364	23.17438160	48.36859975	-33.36185823	-55.27332969	-27.32033254	20.65517315
5.52500000	-13.94773665	24.58825855	47.28051252	-36.64778506	-54.18438877	-28.85050651	20.42938607
5.53333333	-13.63019531	26.05728469	46.09058892	-40.17705718	-53.06230903	-29.97663613	20.19815256
5.54166667	-13.40560591	27.56400258	45.06110454	-43.64185073	-52.09319543	-32.11268855	19.95928006
5.55000000	-13.21878610	29.21837826	44.06392029	-47.31774534	-51.11243110	-33.35257445	19.79458106
5.55833333	-12.82194478	30.70627283	42.85130764	-51.12675138	-50.02876868	-33.84681107	19.52955929
5.56666667	-12.42305441	32.09759962	41.71116012	-54.87107356	-49.10251245	-33.63103785	19.25244671
5.57500000	-12.18867063	33.74073936	40.70359262	-58.51534183	-48.09480036	-35.21091286	18.98053840
5.58333333	-11.99549443	35.35976777	39.79340236	-62.16172851	-47.17044202	-34.98023002	18.75947954
5.59166667	-11.74834868	37.04087139	38.79226096	-65.80057337	-46.19727117	-34.62489168	18.49156283
5.60000000	-11.42233453	38.53955997	37.75575011	-69.30267238	-45.31880083	-33.28214665	18.21899024
5.60833333	-11.15381765	40.10497831	36.79020656	-72.72350139	-44.43530310	-31.70286456	17.98006045
5.61666667	-10.92447087	41.72467508	35.83395767	-76.04267914	-43.50752791	-29.81677244	17.74750470
5.62500000	-10.66775248	43.31989489	34.93010822	-79.24899599	-42.67401150	-27.71951646	17.50315464
5.63333333	-10.50399869	44.91925337	34.12851818	-82.27465418	-41.87938751	-25.43335619	17.30677344
5.64166667	-10.75898001	47.18248020	33.90081734	-85.33672680	-41.28888572	-22.33483928	17.42965263
5.65000000	-10.45588238	48.55611991	32.83735158	-87.90132317	-40.34011629	-19.91395877	17.13815611
5.65833333	-9.97699318	49.71991998	31.55552552	-90.38371154	-39.33366750	-14.62253778	17.01076012
5.66666667	-9.76320891	51.20136844	30.68472921	-92.56133014	-38.49318448	-12.54447236	16.76909744
5.67500000	-9.44294205	52.53965628	29.67015794	-94.63441916	-37.65609786	-7.58467692	16.78277314
5.68333333	-9.07792445	53.76911982	28.53944393	-96.39837694	-36.65499712	-3.89133303	16.49662039
5.69166667	-8.89504668	55.14322262	27.67220418	-97.81830938	-35.75781889	-2.11265032	16.22089030
5.70000000	-8.37601798	56.08958087	26.38249496	-99.15144552	-34.79188084	2.49323351	16.15185797
5.70833333	-8.15496752	57.37003476	25.43526391	-100.17042311	-33.81192937	4.51554855	15.77563751
5.71666667	-7.85485901	58.40561867	24.48084778	-100.96277866	-32.93659797	7.44802171	15.63579419
5.72500000	-7.36296881	59.22589806	23.21537265	-101.45320248	-31.98122766	9.25131590	15.44126036
5.73333333	-7.15775929	60.28081835	22.39183955	-101.77555483	-31.14942110	11.05303353	15.20464165
5.74166667	-6.95165613	61.25212010	21.54604097	-101.85258359	-30.33262084	12.52115432	15.02570420
5.75000000	-6.61964466	61.98336257	20.58989241	-101.67020742	-29.51863277	13.64894629	14.77544411
5.75833333	-6.57422665	62.87919723	19.96310251	-101.23018222	-28.72813736	14.29894425	14.35701243
5.76666667	-6.54329770	63.85962972	19.46124967	-100.71263980	-28.10141865	14.44979370	14.37179157
5.77500000	-6.23301167	64.25478130	18.47026694	-99.93486549	-27.24303093	16.27840899	14.15800408
5.78333333	-6.28600532	65.11944555	17.98368049	-99.02699846	-26.48992827	16.36877498	14.03341424
5.79166667	-6.18989840	65.63273382	17.40603614	-97.85972626	-25.85852266	16.80543771	13.53024542
5.80000000	-6.27962967	66.37768520	16.94019043	-96.68970722	-25.11536314	16.93635614	13.53773011
5.80833333	-6.05573889	66.52282534	16.23272087	-95.34160340	-24.54823253	18.25881241	13.41730908
5.81666667	-6.20015913	67.14475547	15.87213706	-93.91143642	-23.86824185	18.25434518	13.31814336
5.82500000	-6.24158595	67.41925525	15.55352309	-92.26327529	-23.41630845	18.54534881	12.95700088
5.83333333	-6.21233569	67.53659197	15.01810040	-90.54743165	-22.82568004	18.88328152	12.89646381
5.84166667	-6.36460225	67.83475222	14.72775543	-88.78898386	-22.24320942	18.69953054	12.76927741
5.85000000	-6.49891467	67.95391688	14.53835733	-86.93783978	-21.81950530	18.41847491	12.50186755
5.85833333	-6.69776608	68.09590676	14.34796024	-85.11314310	-21.34096633	18.08402265	12.41220886
5.86666667	-6.82825293	68.12359195	14.14946973	-83.29610344	-20.92379727	17.55635295	12.31047121
5.87500000	-6.90990299	68.03903268	13.86033389	-81.49223527	-20.51476291	16.86615930	12.20842817
5.88333333	-7.05338192	68.00161074	13.62502617	-79.82826697	-20.07897087	16.47641995	12.24173656
5.89166667	-7.10034188	67.78321160	13.35879697	-78.17686106	-19.71111158	15.40988372	12.08333113
5.90000000	-7.08193292	67.45737029	13.01061893	-76.61980607	-19.38140528	14.52657688	12.06690250
5.90833333	-7.01372021	67.10642238	12.57619818	-75.23697161	-19.05818407	13.57125451	12.07394475
5.91666667	-6.54391715	66.26004665	11.61351523	-73.94613656	-18.66838113	12.54187400	12.10519877
5.92500000	-6.56066285	65.95780896	11.36381285	-72.85295427	-18.47969866	11.47959184	12.11848058
5.93333333	-6.62710083	65.64079191	11.12146794	-71.95295785	-18.19276530	10.59868606	12.13378366
5.94166667	-6.65737723	65.34490697	10.92412331	-71.18925620	-18.06976946	9.58436139	12.13247307
5.95000000	-6.64643860	65.03325586	10.64166071	-70.59851042	-17.92674474	8.62907277	12.14239609
5.95833333	-6.31188605	64.30439289	9.99757391	-70.12074498	-17.80335912	8.12981657	12.14014716
5.96666667	-6.38347749	64.06318692	9.86848500	-69.88979107	-17.80607684	7.98870588	12.15736019
5.97500000	-6.45432724	63.85536036	9.77773682	-69.83039294	-17.83246818	7.98200172	12.16215000
5.98333333	-6.45059731	63.53128452	9.61426656	-69.87760541	-17.83494729	8.49857785	12.18193615
5.99166667	-6.46157814	63.21941194	9.51064691	-70.01060307	-17.90218320	9.10198587	12.15684326
6.00000000	-6.55086027	63.03489574	9.42621950	-70.20385216	-17.92905917	9.69328730	12.09263941
6.00833333	-6.67792942	62.92051042	9.40168962	-70.38525900	-17.98133730	10.25065487	11.96225608
6.01666667	-6.79247716	62.80940895	9.33772710	-70.52250777	-18.00833718	10.47992170	11.86427159
6.02500000	-6.97500699	62.72829768	9.32855366	-70.51627586	-17.96229830	10.94375403	11.56933693
6.03333333	-7.19095154	62.67027338	9.38338006	-70.43179486	-17.91632645	11.22420900	11.16987359
6.04166667	-7.73645727	63.00345640	9.86110825	-70.33151610	-17.95754023	11.19017176	10.70518718
6.05000000	-7.88881079	62.86900334	9.81397266	-70.16464399	-17.91008088	11.24858806	10.55394925
6.05833333	-8.11111951	62.71496682	9.73793073	-69.92023509	-17.58750494	11.48993879	9.48983199
6.06666667	-8.32936212	62.57529716	9.65986552	-69.67386666	-17.35285834	11.57803408	8.71723355
6.07500000	-8.54433980	62.34755033	9.59361637	-69.35559287	-17.08906534	11.65656050	7.82778213
6.08333333	-8.53893956	61.92515246	9.17295626	-69.01128981	-16.82947161	11.55717134	6.94206762
6.09166667	-8.83582067	61.74502614	9.10684267	-68.65467390	-16.43457016	11.76929536	5.98301574
6.10000000	-9.15007821	61.57960875	9.05979611	-68.28137634	-16.02465304	11.93118891	4.58608757
6.10833333	-9.45220929	61.27080201	9.00220751	-67.78745661	-15.57494913	12.06856012	3.44748521
6.11666667	-9.73603256	60.90251724	8.96763074	-67.17006314	-15.12342924	12.17204245	1.77622905
6.12500000	-9.94147962	60.56411602	8.79626972	-66.66360816	-14.68213434	12.18665901	0.00312476
6.13333333	-10.12128672	60.13536077	8.65534150	-66.11235810	-14.26440342	12.21576546	-1.71102752
6.14166667	-10.19725128	59.53949789	8.42501529	-65.46528484	-13.85909388	12.19924001	-3.54936903
6.15000000	-10.40166342	58.99200703	8.41316103	-64.74131030	-13.49758336	12.23868407	-5.50043152
6.15833333	-10.32418202	58.21221184	8.03309172	-64.03719002	-13.16600901	12.17548348	-7.49727772
6.16666667	-10.58509169	57.78380905	8.22239166	-63.28979623	-13.00813559	12.08167574	-9.62800726
6.17500000	-10.81389901	57.22128023	8.42278360	-62.42967609	-12.86610108	11.99215794	-11.77507860
6.18333333	-11.03777674	56.64855755	8.68293597	-61.57710267	-12.82692681	11.88679523	-13.83319836
6.19166667	-11.25804769	56.09947121	8.89269705	-60.66781207	-12.74856383	11.70051085	-16.16650046
6.20000000	-11.42702911	55.50663821	9.13788598	-59.77598462	-12.81990762	11.51066492	-18.16448419
6.20833333	-11.54449032	54.77409754	9.40645371	-58.77167184	-13.03514409	11.32365612	-20.00787939
6.21666667	-11.66658313	54.10082117	9.74986084	-57.84133181	-13.39350787	11.12607029	-21.45741259
6.22500000	-11.73224257	53.34256019	10.08482262	-56.81772486	-13.95315544	10.90805392	-22.57440409
6.23333333	-11.78731477	52.66190466	10.44054469	-55.92595527	-14.70067209	10.66197901	-23.33670159
6.24166667	-11.73169824	51.84449732	10.82682518	-54.95938259	-15.75616833	10.39080020	-23.55912551
6.25000000	-11.84925367	51.21213210	11.56813436	-54.05481233	-16.90631793	10.12956917	-23.62693601
6.25833333	-11.73200722	50.30881704	12.15021101	-53.08555814	-18.62383296	9.96687883	-23.26372833
6.26666667	-11.70488735	49.59124546	12.96085449	-52.23845525	-20.46768709	9.70170587	-23.00538528
6.27500000	-11.53555212	48.75857351	13.60847862	-51.42264562	-22.59844509	9.46642808	-22.62720784
6.28333333	-11.27284157	47.79344783	14.38308443	-50.54585303	-25.16982767	9.32225931	-21.48009861
6.29166667	-11.17128737	47.05821106	15.20782928	-49.75891006	-27.43483649	9.00218186	-21.59158126
6.30000000	-11.03187877	46.29352487	16.19923773	-48.96075685	-30.15519639	8.77231446	-20.98605030
6.30833333	-10.75154450	45.34537103	16.98723693	-48.14527295	-32.88646741	8.64333875	-19.78831832
6.31666667	-10.76506236	44.73096862	18.18128176	-47.30793665	-35.52753605	8.30210793	-19.80887491
6.32500000	-10.43693502	43.71619960	18.98294069	-46.49085957	-38.27448100	8.19722839	-18.55482106
6.33333333	-10.25038963	42.88733921	19.92205819	-45.68456507	-40.97517426	8.02538373	-17.43883073
6.34166667	-10.34700495	42.45114754	21.32137523	-44.97786338	-43.70761422	7.77849707	-16.83718220
6.35000000	-10.13411085	41.66596810	22.19406735	-44.27975606	-46.28993424	7.63979489	-15.45310774
6.35833333	-10.03739204	41.01497308	23.29367464	-43.56962209	-48.87185334	7.46246847	-13.89506966
6.36666667	-10.27395538	40.80752200	24.86390794	-42.96531914	-51.53216661	7.28708719	-12.22410473
6.37500000	-10.14802728	40.20279901	25.83708081	-42.37287928	-53.83855940	7.13274101	-10.64916481
6.38333333	-10.63755764	40.32836669	27.72408537	-41.87647201	-56.35030112	7.00494460	-8.54524828
6.39166667	-10.47689552	39.58745697	28.60648232	-41.15499837	-58.31630313	6.84623677	-7.03006759
6.40000000	-10.39889412	39.05655160	29.59093522	-40.59510037	-60.19220031	6.68067827	-5.45598431
6.40833333	-10.94827437	39.33052928	31.39503914	-40.20942002	-62.22655926	6.64371861	-2.84966220
6.41666667	-10.88103595	38.87000493	32.28103085	-39.72220384	-63.70812203	6.49249055	-1.40307170
6.42500000	-11.12450253	38.79384487	33.58454383	-39.29038314	-65.22043822	6.43119632	0.80182015
6.43333333	-11.11504718	38.33254190	34.46232928	-38.71750167	-66.35447027	6.29259025	2.59448459
6.44166667	-11.18065876	37.95703179	35.40922760	-38.16503267	-67.31265862	6.19345766	4.26064833
6.45000000	-11.13069077	37.50226984	36.06591238	-37.65569338	-67.91107951	6.08336704	5.23771723
6.45833333	-11.30173798	37.36157475	37.01741324	-37.25286034	-68.55159160	6.02312417	7.24671980
6.46666667	-11.20225976	36.85353495	37.54138433	-36.70881281	-68.83458171	5.88420142	8.56962287
6.47500000	-11.16113923	36.43850632	38.04662886	-36.20154491	-68.88355865	5.72174240	9.57205002
6.48333333	-11.11259772	36.01929416	38.50687171	-35.71153141	-68.78466682	5.61836054	10.60595753
6.49166667	-11.08341131	35.54719138	38.91216581	-35.13847628	-68.45725996	5.54031687	11.49062491
6.50000000	-11.15304856	35.25220473	39.35874606	-34.64657662	-67.92641974	5.51589798	11.72806068
6.50833333	-11.03906100	34.65231787	39.53600078	-34.02652887	-67.23629418	5.37105795	12.93265200
6.51666667	-10.98211066	34.18947222	39.71178880	-33.47062331	-66.36635101	5.22161619	13.53195266
6.52500000	-11.06477343	33.91971011	39.96144377	-32.96116898	-65.30795200	5.08622524	13.83490538
6.53333333	-11.13062359	33.62558828	40.12847392	-32.45479428	-64.09737874	4.96132896	14.15254380
6.54166667	-11.17085628	33.32494590	40.14504641	-32.00485101	-62.70937138	4.79558503	14.78490801
6.55000000	-11.13576053	32.77543994	40.04863658	-31.30502237	-61.18104744	4.79297058	15.29492695
6.55833333	-11.32585717	32.56333878	40.13545429	-30.74179818	-59.49539515	4.70729384	15.32620091
6.56666667	-11.33834209	32.16169264	39.92262076	-30.15920478	-57.65232978	4.42531160	15.36412985
6.57500000	-11.21407128	31.58807412	39.48770406	-29.55324699	-55.72157626	4.48445869	15.61143910
6.58333333	-11.43036374	31.46925338	39.40504174	-29.05846996	-53.71372229	4.32808510	15.34318749
6.59166667	-11.52946811	31.24482348	39.07681007	-28.61479408	-51.58586823	4.18915751	15.04092337
6.60000000	-11.77244136	31.12488522	38.93145796	-28.10810662	-49.47987623	4.17096901	14.84576950
6.60833333	-11.60830613	30.46340169	38.23003661	-27.46389842	-47.24347839	3.97837665	14.34322332
6.61666667	-11.31451816	29.64340668	37.31309772	-26.79847994	-44.99855801	4.07071138	14.33113693
6.62500000	-11.50734523	29.55208958	36.98695509	-26.41689105	-42.84397897	3.98188728	13.75460195
6.63333333	-11.69577214	29.43423127	36.72090237	-25.97308648	-40.80285559	3.93821654	13.24539051
6.64166667	-11.55577816	28.99618183	35.95482623	-25.63551925	-38.75769633	4.06684164	13.08959598
6.65000000	-11.89266342	29.07461608	35.53537177	-25.30800053	-36.65823527	3.99631387	12.52028308
6.65833333	-11.96077898	28.94695047	34.93950801	-25.10359617	-34.81482667	4.11187880	12.18192961
6.66666667	-12.17320746	28.96038733	34.58905335	-24.88395602	-33.11558823	4.12950432	11.81307766
6.67500000	-12.33317356	28.84064328	34.10423248	-24.56911756	-31.45927186	4.05351749	10.78475927
6.68333333	-12.31991064	28.58199562	33.47006884	-24.33795970	-30.03878931	4.21506983	10.30004274
6.69166667	-12.53776481	28.64914431	33.11397277	-24.18608067	-28.71646981	4.20355418	9.40811620
6.70000000	-12.71138147	28.73580636	32.72487625	-24.14861928	-27.56507212	4.25223269	8.72237551
6.70833333	-12.77030161	28.68952091	32.07602648	-24.10070516	-26.40612159	4.32882657	7.58573790
6.71666667	-12.88999453	28.65003782	31.55933890	-23.99458577	-25.41546280	4.40316554	6.88187412
6.72500000	-13.06021604	28.65845691	31.26386305	-23.87145136	-24.72279628	4.46977264	6.41619334
6.73333333	-13.12651868	28.53189666	30.96517738	-23.68285491	-24.14118375	4.52080557	6.00399632
6.74166667	-13.00527982	28.28275196	30.40701697	-23.63361095	-23.55612387	4.51939123	5.83162697
6.75000000	-13.34529200	28.55452968	30.00732777	-23.65804702	-22.82564037	4.60075616	5.81832758
6.75833333	-13.56471045	28.70929024	29.85689153	-23.64039822	-22.41606742	4.64906086	5.88005544
6.76666667	-13.75655556	28.79996101	29.68767014	-23.58565903	-21.98091921	4.66429086	5.83368306
6.77500000	-13.94609366	28.89810021	29.60653865	-23.51412378	-21.65139521	4.61911964	5.58569406
6.78333333	-14.02734923	28.83280130	29.49860754	-23.36030236	-21.35208788	4.53412026	5.39932147
6.79166667	-14.11136072	28.79384943	29.38526534	-23.24032168	-21.05578801	4.49134811	5.25027206
6.80000000	-14.19586983	28.76819780	29.28831144	-23.09998774	-20.80307299	4.47809622	5.13328031
6.80833333	-14.02132286	28.47306274	28.85271937	-22.98379927	-20.43040819	4.44688787	4.74430816
6.81666667	-13.94583303	28.16305831	28.57526758	-22.73149791	-20.17135103	4.38878193	4.60096976
6.82500000	-13.88355280	27.79029069	28.31043141	-22.38848908	-19.97752554	4.39792456	4.61936828
6.83333333	-14.06489830	27.78166238	28.35768280	-22.17291021	-19.85157253	4.41518987	4.64373779
6.84166667	-13.91775474	27.35818951	28.04489638	-21.84200525	-19.72570751	4.33804320	4.63811230
6.85000000	-14.03432390	27.32706154	28.04016080	-21.65217427	-19.64434432	4.32499924	4.65874838
6.85833333	-14.16526180	27.23739150	28.03158374	-21.38985515	-19.52817725	4.33176243	4.69422674
6.86666667	-14.23949518	26.96871022	28.05145292	-20.95899755	-19.48106459	4.20375900	4.67106883
6.87500000	-14.34740060	26.85015975	28.07480917	-20.68006341	-19.40718333	4.18619841	4.75517990
6.88333333	-14.49202178	26.86734120	28.05642667	-20.51041731	-19.24152401	4.17549968	4.78156920
6.89166667	-14.66698148	26.90813149	27.95161630	-20.35557899	-18.94495030	4.18008651	4.79835488
6.90000000	-14.80517764	26.90679331	27.91265782	-20.17558726	-18.72158567	4.19268856	4.73740732
6.90833333	-14.92555891	26.84825968	27.91453429	-19.97636122	-18.54263758	4.19844076	4.72206462
6.91666667	-15.06501131	26.79216271	27.90382857	-19.74581442	-18.34167638	4.22346253	4.73465651
6.92500000	-15.14138828	26.75335541	27.75940059	-19.62144958	-18.06063043	4.18441730	4.67638824
6.93333333	-15.27649788	26.80000595	27.66276103	-19.51441139	-17.80091880	4.18445254	4.71191452
6.94166667	-15.28759801	26.74762528	27.41321739	-19.45295258	-17.49688884	4.20001504	4.58845157
6.95000000	-15.35458968	26.71155073	27.32877061	-19.33974804	-17.32911079	4.19837878	4.66526117
6.95833333	-15.53711338	26.86288015	27.47223416	-19.31657640	-17.33316505	4.21535369	4.69030884
6.96666667	-15.54673935	26.72119874	27.25478570	-19.14585420	-17.05690061	4.10590632	4.64675924
6.97500000	-15.65550565	26.77370287	27.29569281	-19.10315778	-17.00932659	4.13902823	4.69033289
6.98333333	-15.62598588	26.56988478	26.90008590	-18.91640352	-16.60455919	4.09066044	4.63658214
6.99166667	-15.54970275	26.43414720	26.58518537	-18.89887977	-16.33293380	4.14665744	4.57339734
7.00000000	-15.62284013	26.46078669	26.54263158	-18.85984010	-16.21275443	4.19610329	4.61518257
7.00833333	-15.65234028	26.40942484	26.40141982	-18.76478768	-15.98790158	4.20325920	4.59813612
7.01666667	-15.68461274	26.38021446	26.23359961	-18.69975757	-15.70895205	4.22319875	4.53697187
7.02500000	-15.74134733	26.36620612	26.10364659	-18.60704170	-15.44863542	4.27217325	4.44261957
7.03333333	-15.87706162	26.40447698	26.06490261	-18.46697852	-15.21814584	4.32024860	4.43600436
7.04166667	-15.90273060	26.31925200	25.79374819	-18.34878841	-14.81193350	4.34521992	4.22354130
7.05000000	-16.01822538	26.28401627	25.65345944	-18.15351329	-14.45734986	4.37535763	4.19866934
7.05833333	-16.29274345	26.42677694	25.71497880	-17.95831914	-14.16446484	4.39242327	4.23123039
7.06666667	-16.41287503	26.41223193	25.59207096	-17.76479787	-13.78247543	4.28840541	3.98070660
7.07500000	-16.52896455	26.43155497	25.52953751	-17.60727174	-13.53181024	4.28311151	3.93480316
7.08333333	-16.48997094	26.29382675	25.34294663	-17.47398369	-13.39712638	4.35788340	4.00839497
7.09166667	-16.62536853	26.34239345	25.33353075	-17.31203755	-13.17169179	4.29739037	3.90769812
7.10000000	-16.70395790	26.33122822	25.35037577	-17.16806603	-13.06702821	4.26475459	3.84576598
7.10833333	-16.82582391	26.36819488	25.42736320	-17.02956424	-12.98729032	4.27995994	3.88076558
7.11666667	-16.94347475	26.30888477	25.52817562	-16.78213507	-12.92309926	4.18645796	3.79184446
7.12500000	-17.06751529	26.33287599	25.58519496	-16.65396844	-12.83181103	4.17762746	3.83573286
7.13333333	-17.10877653	26.05663998	25.53292426	-16.31545373	-12.71502976	4.04908095	3.78061842
7.14166667	-17.22283460	26.07873000	25.54435795	-16.19927864	-12.60162961	4.08623179	3.82350650
7.15000000	-17.31909845	26.11497655	25.54949615	-16.10711533	-12.49024261	4.09370697	3.84217468
7.15833333	-17.39002843	26.14239580	25.54290487	-16.04352653	-12.40959128	4.09020043	3.84142384
7.16666667	-17.25012304	25.98061234	25.20578268	-16.05457724	-12.21069463	4.19267002	3.70959810
7.17500000	-17.30459061	25.97169549	25.23543178	-15.97569134	-12.20791304	4.20795037	3.77166725
7.18333333	-17.36244729	26.01725875	25.32047035	-15.97454096	-12.27598760	4.23442558	3.82782960
7.19166667	-17.43280904	26.06035981	25.41914893	-15.93925149	-12.35489021	4.25916730	3.87765833
7.20000000	-17.47868324	26.05277880	25.51073383	-15.90298800	-12.43832774	4.21301548	3.91145795
7.20833333	-17.53595742	26.11916061	25.62450032	-15.92495875	-12.55609183	4.26426751	3.97323727
7.21666667	-17.58677135	26.15876715	25.68630928	-15.94483689	-12.60122912	4.27946040	4.03635778
7.22500000	-17.61418626	26.24928746	25.81979068	-16.06926082	-12.79969652	4.31065695	4.07285573
7.23333333	-17.64920765	26.22010609	25.80417821	-15.99785584	-12.74316561	4.32374409	4.14418751
7.24166667	-17.67249837	26.24780258	25.85423290	-16.02770458	-12.82999563	4.34397080	4.19056675
7.25000000	-17.70157105	26.25467072	25.85976516	-16.02702248	-12.83448254	4.35133294	4.24485904
7.25833333	-17.71502196	26.27928889	25.93609748	-16.06740917	-12.96808202	4.37527656	4.27967360
7.26666667	-17.72438775	26.23329475	25.91188368	-16.02577458	-12.95617541	4.36419125	4.33215792
7.27500000	-17.40853642	25.81517369	25.42096908	-15.93811892	-12.75768533	4.36800979	4.24536340
7.28333333	-17.48884995	25.87391275	25.54044733	-15.94131820	-12.84975207	4.39277352	4.30559142
7.29166667	-17.56723499	25.91787010	25.64130444	-15.91064865	-12.93079098	4.38917341	4.35695500
7.30000000	-17.63950275	25.99995400	25.75288843	-15.93089102	-13.04002080	4.42206998	4.40868803
7.30833333	-17.69869069	26.04941183	25.83236197	-15.93161063	-13.11231583	4.44250398	4.46108038
7.31666667	-17.71899600	26.00829814	25.81344697	-15.87059849	-13.09818261	4.38536798	4.49151844
7.32500000	-17.74354704	26.10782954	25.94790893	-16.00712250	-13.31516870	4.42040282	4.52118474
7.33333333	-17.75859863	26.05609530	25.86487171	-15.88663370	-13.19095727	4.40249273	4.57244649
7.34166667	-17.80208567	26.14912766	25.98597317	-15.96476811	-13.34256246	4.44345210	4.61185943
7.35000000	-17.85430037	26.21034371	26.04017597	-15.96381008	-13.37795354	4.46933177	4.66953780
7.35833333	-17.84708370	26.15938000	25.97097084	-15.90155955	-13.32345124	4.41375740	4.67464487
7.36666667	-17.87395169	26.28050517	26.03739533	-16.02866272	-13.39882780	4.43762053	4.72195536
7.37500000	-17.84034723	26.19601065	25.98230787	-15.95699340	-13.38493619	4.37225535	4.68551048
7.38333333	-17.87491725	26.29754025	26.12720272	-16.07119991	-13.56131691	4.41480666	4.71446204
7.39166667	-17.93821346	26.28185551	26.13976076	-15.97554801	-13.49419043	4.44757855	4.76450534
7.40000000	-17.96503188	26.28934586	26.18829019	-15.97122857	-13.54041995	4.44570550	4.78665541
7.40833333	-18.00695615	26.38531234	26.31980944	-16.07260814	-13.69993927	4.47777060	4.81315987
7.41666667	-18.00651842	26.29903726	26.26163369	-15.97044815	-13.62485741	4.44634202	4.82662904
7.42500000	-18.01408242	26.41444398	26.42525032	-16.15806625	-13.83878554	4.47594647	4.84787087
7.43333333	-17.96399708	26.21620290	26.23512437	-15.97766587	-13.66107759	4.40622913	4.83922477
7.44166667	-18.01578648	26.28151728	26.24611654	-16.03326440	-13.62747068	4.44372425	4.87303194
7.45000000	-18.04333657	26.31160070	26.25884151	-16.06342225	-13.62045254	4.47841270	4.88811481
7.45833333	-18.05823272	26.41552164	26.39649696	-16.24253415	-13.82449890	4.50760083	4.90471029
7.46666667	-18.07347913	26.35902803	26.30068305	-16.15569475	-13.66319237	4.53215583	4.91665820
7.47500000	-18.06484417	26.36970813	26.28945134	-16.21780842	-13.67381197	4.55788842	4.93768890
7.48333333	-18.08380188	26.45487484	26.39594954	-16.33084595	-13.81632898	4.59179608	4.96046225
7.49166667	-18.01212925	26.33190749	26.21464552	-16.28788451	-13.68148375	4.58558459	4.95788722
7.50000000	-18.04604756	26.43399537	26.32920743	-16.40439712	-13.82092761	4.62016467	4.98924576
7.50833333	-17.87470808	26.17181025	25.97338515	-16.30667034	-13.59650890	4.61981187	4.94354236
7.51666667	-17.91909914	26.22404583	26.03316433	-16.34707450	-13.62940989	4.64399969	4.99641310
7.52500000	-17.97704594	26.29296338	26.10022617	-16.35589523	-13.68018165	4.66915469	5.03396680
7.53333333	-18.01744866	26.30799962	26.11411642	-16.35164187	-13.65968447	4.65722775	5.06032553
7.54166667	-18.05395096	26.34040907	26.12917342	-16.35487993	-13.66038566	4.65916777	5.07680844
7.55000000	-18.09461238	26.37311171	26.17048678	-16.36478863	-13.68667932	4.67332234	5.09830256
7.55833333	-18.12631527	26.40020780	26.17482346	-16.36937456	-13.67269793	4.67785057	5.11890908
7.56666667	-17.90087101	26.09885241	25.85529063	-16.28547389	-13.61402583	4.65503123	5.11877788
7.57500000	-17.98091102	26.17287664	25.94775139	-16.29213360	-13.64160987	4.69069536	5.15536806
7.58333333	-18.03672763	26.28532916	26.08449806	-16.37816474	-13.77717600	4.72448349	5.18602642
7.59166667	-18.11040666	26.32254309	26.08293532	-16.32693800	-13.68838069	4.74011596	5.23339813
7.60000000	-18.13235601	26.33732787	26.06776144	-16.32166404	-13.65354287	4.71113847	5.20676424
7.60833333	-18.19977844	26.41172840	26.15093060	-16.33540147	-13.70333775	4.75352239	5.24631854
7.61666667	-18.24143009	26.42322648	26.14554380	-16.31368551	-13.64692450	4.74839225	5.26002001
7.62500000	-18.23797067	26.39111656	26.12277263	-16.28832353	-13.63808396	4.73000880	5.23332740
7.63333333	-18.29118267	26.44074933	26.16457932	-16.30112302	-13.63916636	4.75952203	5.26887079
7.64166667	-18.25101559	26.38569164	26.06557683	-16.29137793	-13.57717374	4.75870174	5.23429800
7.65000000	-18.31138999	26.40984688	26.10819328	-16.26871341	-13.57141720	4.78527625	5.26344931
7.65833333	-18.35206913	26.41233598	26.12181755	-16.22758908	-13.55494388	4.78583543	5.26729377
7.66666667	-18.39758213	26.44301267	26.16123861	-16.24847278	-13.55678170	4.80816030	5.29820832
7.67500000	-18.39731503	26.39431072	26.12883034	-16.19600015	-13.53314260	4.78907085	5.28178444
7.68333333	-18.45003225	26.43372595	26.15459752	-16.20285100	-13.51667079	4.82326534	5.32471691
7.69166667	-18.49776858	26.44606704	26.19795406	-16.17476973	-13.52414869	4.85082142	5.34625055
7.70000000	-18.50680569	26.40038544	26.17762298	-16.12858550	-13.49415145	4.83635590	5.34236096
7.70833333	-18.49582693	26.34187882	26.15746020	-16.08546786	-13.49202887	4.82977975	5.34535243
7.71666667	-18.33072643	26.09919612	25.90990894	-16.02492741	-13.40640813	4.83076434	5.32457291
7.72500000	-18.35192369	26.05667794	25.92119536	-15.97934335	-13.41065720	4.87179218	5.36025498
7.73333333	-18.45510744	26.21748269	26.10425303	-16.08403440	-13.53922104	4.90306184	5.38790426
7.74166667	-18.21214940	25.84264341	25.65951634	-15.93271290	-13.30021136	4.88693461	5.36335363
7.75000000	-18.28949290	25.91432151	25.73679936	-15.93761398	-13.30189291	4.90380594	5.39085365
7.75833333	-18.60745348	26.30631453	26.14166111	-16.01775934	-13.40482205	4.86571543	5.40082055
7.76666667	-18.71383785	26.42906301	26.22946093	-16.05254947	-13.38918240	4.88783358	5.42234183
7.77500000	-18.73195088	26.43274724	26.20927072	-16.04740258	-13.33447290	4.89917414	5.41454595
7.78333333	-18.77099227	26.46036910	26.22314719	-16.04104668	-13.31692725	4.93036943	5.42943957
7.79166667	-18.78710728	26.46131193	26.18864483	-16.04681727	-13.24271037	4.93634511	5.42012097
7.80000000	-18.75011778	26.40694111	26.08779819	-16.03916845	-13.17391590	4.93804403	5.36716623
7.80833333	-18.80653482	26.51280991	26.19511500	-16.13547710	-13.27671584	4.98150276	5.40934433
7.81666667	-18.79899244	26.43401119	26.03550400	-16.04722128	-13.05776157	4.95614797	5.37021272