0.00000000	-17.90637702	25.39230945	24.85152216	-12.15342491	-11.70831507	2.74875607	5.47258038
0.00833333	-17.90486671	25.45351100	24.85870175	-12.28949393	-11.73086299	2.83235436	5.42472130
0.01666667	-17.87718916	25.39526119	24.81252617	-12.25261273	-11.68046853	2.90315817	5.30977690
0.02500000	-17.83653379	25.35423640	24.75904730	-12.24935481	-11.68496750	2.84076355	5.39940940
0.03333333	-17.87047143	25.39164008	24.79868954	-12.26439659	-11.68968630	2.90137956	5.44228759
0.04166667	-17.85226168	25.36080758	24.77432800	-12.23861415	-11.68365017	2.86035825	5.42563908
0.05000000	-17.88390341	25.40902025	24.81882960	-12.26818066	-11.70135769	2.90187808	5.48413323
0.05833333	-17.82237220	25.32791334	24.72559632	-12.23007747	-11.66732715	2.83153335	5.42610781
0.06666667	-17.84180551	25.34029713	24.75420033	-12.21898943	-11.67710089	2.84589963	5.42636226
0.07500000	-17.88102333	25.39675514	24.80967608	-12.24946216	-11.70187246	2.89501030	5.46941466
0.08333333	-17.80622038	25.29121090	24.69691420	-12.20411671	-11.66491000	2.84065346	5.37611568
0.09166667	-17.84697547	25.35161641	24.76695724	-12.23127963	-11.70941698	2.89522881	5.42171667
0.10000000	-17.71214522	25.17598383	24.58071343	-12.16196856	-11.66429056	2.74316117	5.39822225
0.10833333	-17.78146244	25.22842091	24.67631880	-12.14189046	-11.68546773	2.82243435	5.39749508
0.11666667	-17.80601470	25.26847895	24.71139829	-12.15639930	-11.70210663	2.83059363	5.40772806
0.12500000	-17.74275126	25.18087016	24.62874436	-12.11945691	-11.67907502	2.79596111	5.38927326
0.13333333	-17.78538022	25.23563614	24.69421440	-12.14816359	-11.71235951	2.85383717	5.42907336
0.14166667	-17.81985266	25.29398547	24.75525598	-12.18173902	-11.75299483	2.88875000	5.45448575
0.15000000	-17.79231314	25.25683805	24.68435354	-12.16010888	-11.70135469	2.80716172	5.41233262
0.15833333	-17.80245635	25.28807835	24.68994357	-12.19869507	-11.70299601	2.82441004	5.39724902
0.16666667	-17.83720751	25.36377488	24.77345475	-12.25213937	-11.78722443	2.89467806	5.44191735
0.17500000	-17.81881356	25.31157788	24.71957867	-12.21375407	-11.71455588	2.85635555	5.42489545
0.18333333	-17.84564656	25.36387283	24.76009112	-12.26147202	-11.75053925	2.89477192	5.47016290
0.19166667	-17.84562157	25.34767327	24.73926591	-12.23662506	-11.72143845	2.87354597	5.45731468
0.20000000	-17.87102975	25.40435232	24.81047971	-12.26620953	-11.78949570	2.91844078	5.48043537
0.20833333	-17.84899225	25.35596160	24.74924508	-12.23586372	-11.72924095	2.86948051	5.44507420
0.21666667	-17.83166263	25.34309058	24.73119092	-12.24484872	-11.73341212	2.86982374	5.46223054
0.22500000	-17.81217619	25.31812385	24.69064303	-12.24381992	-11.71486530	2.85961091	5.45378650
0.23333333	-17.83727023	25.37126579	24.74695957	-12.28061060	-11.76685376	2.91939906	5.49826497
0.24166667	-17.80728691	25.30949093	24.69688157	-12.24497826	-11.74059877	2.88011566	5.44902323
0.25000000	-17.74466362	25.23381860	24.60217397	-12.24765176	-11.69929769	2.84199185	5.41342582
0.25833333	-17.77105774	25.29753278	24.68125702	-12.28577475	-11.78605439	2.91365444	5.45079568
0.26666667	-17.75689522	25.24961619	24.64909683	-12.24563739	-11.75074347	2.88363614	5.41121541
0.27500000	-17.66753325	25.15185001	24.53464104	-12.24557801	-11.72739629	2.84353206	5.39182566
0.28333333	-17.67389289	25.16371807	24.55916792	-12.26416912	-11.76344615	2.89083896	5.41618081
0.29166667	-17.70521577	25.18852354	24.61372302	-12.25670657	-11.79435910	2.91562469	5.44518689
0.30000000	-17.72789760	25.24175167	24.68372466	-12.29171046	-11.87181642	2.95891211	5.47765646
0.30833333	-17.74393683	25.22331011	24.67798596	-12.26393824	-11.84521812	2.96532522	5.51458353
0.31666667	-17.69876317	25.18344859	24.65252127	-12.26841965	-11.87406277	2.89022994	5.48705623
0.32500000	-17.71603578	25.21802398	24.68073533	-12.29573207	-11.89697570	2.94235467	5.53993843
0.33333333	-17.64465433	25.11807354	24.60082106	-12.26363230	-11.89217078	2.91862615	5.53128069
0.34166667	-17.65816058	25.13090792	24.62418167	-12.26970100	-11.91049840	2.94518802	5.57039878
0.35000000	-17.66036403	25.12310832	24.65384439	-12.26517444	-11.94489027	2.95667562	5.60012971
0.35833333	-17.67576009	25.15444659	24.68207603	-12.29981996	-11.97015774	2.97869050	5.64806563
0.36666667	-17.68288619	25.15978308	24.69933489	-12.30653631	-11.98363069	2.98319195	5.66841704
0.37500000	-17.66169488	25.14162817	24.69075119	-12.31602395	-12.01433889	2.94488955	5.66151375
0.38333333	-17.68711413	25.18188532	24.74535980	-12.34478310	-12.05590393	3.00292433	5.69319922
0.39166667	-17.60548599	25.04708470	24.64553070	-12.27003501	-12.03947211	2.94940442	5.67037036
0.40000000	-17.66514047	25.13398898	24.73486814	-12.31632506	-12.07175649	3.00960104	5.73037661
0.40833333	-17.71719413	25.18616516	24.78240719	-12.32120260	-12.06590946	3.02842038	5.75917521
0.41666667	-17.66428724	25.13942083	24.72232930	-12.34005621	-12.05356955	2.98188369	5.71503804
0.42500000	-17.68944730	25.19113917	24.77510719	-12.37116382	-12.09354884	3.03845203	5.75283917
0.43333333	-17.70346452	25.20850795	24.77945831	-12.37859989	-12.06743084	3.06411581	5.77216300
0.44166667	-17.68146623	25.16886451	24.71856265	-12.36916465	-12.00675226	3.01612165	5.72429684
0.45000000	-17.71178321	25.21193415	24.75440561	-12.40042908	-12.01121740	3.06564446	5.74193669
0.45833333	-17.56022869	25.02677087	24.54981556	-12.35778199	-11.94885524	2.97654669	5.67900752
0.46666667	-17.59783906	25.08187581	24.60943175	-12.39146834	-11.98065139	3.05070318	5.70230305
0.47500000	-17.61343385	25.09397457	24.62124047	-12.38290821	-11.96386562	3.04434022	5.65907447
0.48333333	-17.64151363	25.13677907	24.65322828	-12.41098160	-11.96198689	3.07125281	5.67361851
0.49166667	-17.63130853	25.12574182	24.63970237	-12.41470694	-11.95183951	3.03228900	5.62617460
0.50000000	-17.64176602	25.13267893	24.65754311	-12.40796032	-11.96452786	3.05657762	5.63792433
0.50833333	-17.65831300	25.16044681	24.68772879	-12.42153770	-11.98621275	3.06735964	5.65327979
0.51666667	-17.67151404	25.16452888	24.70929001	-12.41455436	-12.00074739	3.05653605	5.65473063
0.52500000	-17.70766067	25.22341196	24.76198676	-12.46129012	-12.03429853	3.10378513	5.70429244
0.53333333	-17.56145586	25.04331123	24.56744942	-12.41537708	-11.98156945	3.08067179	5.65835399
0.54166667	-17.60434311	25.09025572	24.62574638	-12.43067624	-12.00414867	3.10087642	5.69432019
0.55000000	-17.63845722	25.12325126	24.67308056	-12.42770533	-12.01742200	3.10801449	5.70028753
0.55833333	-17.64007090	25.13390778	24.68095485	-12.43374267	-12.02717527	3.05630390	5.64543269
0.56666667	-17.67999967	25.17921412	24.75116259	-12.44548753	-12.06670803	3.11905371	5.67401103
0.57500000	-17.69467102	25.16626726	24.76606727	-12.40807948	-12.05394466	3.09407785	5.64059794
0.58333333	-17.67090956	25.15405628	24.72713169	-12.41891367	-12.05455895	3.05677666	5.62411190
0.59166667	-17.69168062	25.17128397	24.75571953	-12.41618084	-12.06441115	3.07333223	5.64243518
0.60000000	-17.72553948	25.22889017	24.81891437	-12.44151077	-12.11555690	3.12707947	5.68132035
0.60833333	-17.74047741	25.21145958	24.82560746	-12.41353478	-12.08791787	3.12611059	5.71172852
0.61666667	-17.65685891	25.10902064	24.71865589	-12.40950400	-12.04117187	3.13706272	5.68219118
0.62500000	-17.68276171	25.13007402	24.75550146	-12.39468081	-12.05678674	3.10939830	5.69238989
0.63333333	-17.72480569	25.18335227	24.81688481	-12.41776948	-12.08120240	3.13714380	5.72353630
0.64166667	-17.74892122	25.20284934	24.84686838	-12.41114835	-12.09188019	3.11471567	5.72165195
0.65000000	-17.77374348	25.20453245	24.87198403	-12.37583693	-12.08692069	3.10471861	5.72143754
0.65833333	-17.75323435	25.20817502	24.85547913	-12.40574104	-12.10302150	3.07020922	5.70939050
0.66666667	-17.80031779	25.27102330	24.92847742	-12.42840533	-12.13523120	3.12957767	5.75260049
0.67500000	-17.81352669	25.25724123	24.93265027	-12.38457098	-12.11916562	3.10888665	5.74294923
0.68333333	-17.78763052	25.23072750	24.90717725	-12.38490945	-12.12766039	3.06861328	5.68720841
0.69166667	-17.81396126	25.26412987	24.93553689	-12.40601668	-12.12784926	3.11365867	5.72283405
0.70000000	-17.83729712	25.30171541	24.97167933	-12.41973214	-12.14849338	3.14559739	5.72902331
0.70833333	-17.76645592	25.20468345	24.86421873	-12.40148552	-12.09404246	3.07037414	5.67523451
0.71666667	-17.79733059	25.24271548	24.91128904	-12.41732317	-12.11482086	3.12965680	5.71104540
0.72500000	-17.81902944	25.27749592	24.94209035	-12.42871656	-12.12818442	3.16023804	5.74488847
0.73333333	-17.71685385	25.14918936	24.78267553	-12.40855267	-12.05768355	3.08837372	5.69660834
0.74166667	-17.75208725	25.18037658	24.84434343	-12.40629891	-12.09149265	3.13599460	5.72926944
0.75000000	-17.73128333	25.16607652	24.81996724	-12.41659137	-12.09010585	3.07320181	5.68867296
0.75833333	-17.77555657	25.21216146	24.86664213	-12.41839642	-12.09833776	3.12866251	5.72814581
0.76666667	-17.79354396	25.23226414	24.90215076	-12.42705898	-12.11587306	3.14571169	5.74448133
0.77500000	-17.57813868	24.96241380	24.62847654	-12.35748892	-12.06523184	3.11036736	5.69867014
0.78333333	-17.62965900	25.02197781	24.69245310	-12.36915102	-12.08322617	3.09498035	5.74057093
0.79166667	-17.64652280	25.05524064	24.72006819	-12.39095758	-12.09502118	3.10110340	5.76427365
0.80000000	-17.67415314	25.09914407	24.74742618	-12.42255448	-12.09851941	3.13438498	5.79552020
0.80833333	-17.69934691	25.12185163	24.77992936	-12.42163912	-12.10343081	3.12389134	5.77014560
0.81666667	-17.73988090	25.19551259	24.85008843	-12.46438338	-12.14611462	3.17958599	5.79557228
0.82500000	-17.74669688	25.18094027	24.83019253	-12.45383692	-12.10516656	3.16652461	5.76845838
0.83333333	-17.73382794	25.17149412	24.82094949	-12.44790052	-12.11832836	3.13459864	5.74067912
0.84166667	-17.74916397	25.20239327	24.79096315	-12.46354042	-12.09310064	3.12326680	5.74250240
0.85000000	-17.75882586	25.22975212	24.83846202	-12.49741110	-12.13208945	3.16731628	5.79718667
0.85833333	-17.66370066	25.07873241	24.73076290	-12.44175164	-12.12278465	3.11960329	5.79728092
0.86666667	-17.68473709	25.09063837	24.75677955	-12.42776460	-12.13043865	3.13201087	5.82367755
0.87500000	-17.70315267	25.11616183	24.76903214	-12.43259645	-12.13726632	3.12661776	5.85135142
0.88333333	-17.72425066	25.15516644	24.81126398	-12.45955819	-12.16888869	3.16528773	5.89336935
0.89166667	-17.74306973	25.16117275	24.83095549	-12.44899295	-12.17763730	3.17204825	5.92230243
0.90000000	-17.77476835	25.20191748	24.88736529	-12.45955422	-12.22416726	3.19989301	5.95965864
0.90833333	-17.77810154	25.17750103	24.85555456	-12.43029512	-12.18353961	3.16733517	5.96263917
0.91666667	-17.74740262	25.14285336	24.82069680	-12.42269643	-12.20336388	3.11032306	5.93464416
0.92500000	-17.68711097	25.05652296	24.74522870	-12.39217425	-12.20586243	3.12174634	5.94433196
0.93333333	-17.72172118	25.10163547	24.79364887	-12.41587514	-12.22650935	3.15239425	5.97821025
0.94166667	-17.76060614	25.15045996	24.84834274	-12.43241810	-12.25384433	3.18726858	6.00813809
0.95000000	-17.74254933	25.12880139	24.79713712	-12.41357421	-12.21891967	3.10870033	5.98268002
0.95833333	-17.77588678	25.16845975	24.83872447	-12.44140129	-12.24097814	3.16292983	6.01372693
0.96666667	-17.79955011	25.19248687	24.85895224	-12.44372704	-12.23432874	3.17645044	6.03267334
0.97500000	-17.81290307	25.21381778	24.85871065	-12.45749245	-12.22185407	3.16744283	6.03252881
0.98333333	-17.83471076	25.24271217	24.89096227	-12.48271642	-12.24907586	3.18064240	6.04503238
0.99166667	-17.84444986	25.24961458	24.88808469	-12.46825480	-12.23679262	3.16699225	6.04760825
1.00000000	-17.82469240	25.22705765	24.87028333	-12.46542506	-12.25436014	3.11881088	6.01117617
1.00833333	-17.85323975	25.27411506	24.90872492	-12.49262427	-12.27970111	3.16781853	6.05159759
1.01666667	-17.81790381	25.21443090	24.84304482	-12.45892048	-12.26599319	3.10380442	6.03933533
1.02500000	-17.84264674	25.22447005	24.87179148	-12.44999108	-12.27356554	3.13873183	6.06567783
1.03333333	-17.70501631	25.01391008	24.75040937	-12.33045590	-12.34952104	3.03950584	6.13182333
1.04166667	-17.74928975	25.08699183	24.80874844	-12.36921019	-12.36698784	3.09378105	6.16219648
1.05000000	-17.77641826	25.12260712	24.84026592	-12.38099091	-12.37840049	3.11991252	6.18037771
1.05833333	-17.81314964	25.15894646	24.88292108	-12.37629722	-12.39461077	3.15122607	6.20853671
1.06666667	-17.83235311	25.16468935	24.88935536	-12.37327951	-12.36167658	3.13799910	6.21210562
1.07500000	-17.86365753	25.22067307	24.95544922	-12.40689921	-12.42864369	3.17353634	6.22446947
1.08333333	-17.87897999	25.21140550	24.93025611	-12.38637998	-12.37070966	3.13943552	6.20954807
1.09166667	-17.86588214	25.21144712	24.92114781	-12.39581576	-12.37671189	3.09614621	6.16590266
1.10000000	-17.89193283	25.23991161	24.93497594	-12.40318197	-12.37187628	3.11849225	6.18347789
1.10833333	-17.89422110	25.22521212	24.93256932	-12.38593435	-12.36056568	3.09845770	6.15411976
1.11666667	-17.93578160	25.27546991	24.97303790	-12.40511533	-12.35830332	3.14268314	6.19403275
1.12500000	-17.91553246	25.24503943	24.92599830	-12.38954034	-12.32511348	3.08243933	6.14273013
1.13333333	-17.96225041	25.27961950	24.96958025	-12.37794506	-12.32586436	3.13385700	6.17595861
1.14166667	-17.88161669	25.16524406	24.85351204	-12.33361236	-12.26342070	3.09385715	6.10691026
1.15000000	-17.91928378	25.19173934	24.87691650	-12.31384885	-12.25641249	3.10414237	6.13231524
1.15833333	-17.94423506	25.22249869	24.90449656	-12.32369854	-12.25028583	3.07089333	6.12211064
1.16666667	-17.99206131	25.28098292	24.96111677	-12.34849473	-12.27160598	3.13049800	6.17541967
1.17500000	-18.03321173	25.30743832	25.00728443	-12.32414782	-12.26741755	3.12322948	6.17231246
1.18333333	-17.91986430	25.15962757	24.84463507	-12.27098631	-12.22978814	3.08514146	6.14037366
1.19166667	-17.95614601	25.24998096	24.88887035	-12.31724069	-12.24209031	3.04132752	6.13112974
1.20000000	-17.96926845	25.28566227	24.89283292	-12.34668592	-12.23936692	3.04385372	6.11161174
1.20833333	-18.01821939	25.26990335	24.94921815	-12.28405822	-12.23229025	3.06788780	6.09718060
1.21666667	-18.06145414	25.29894345	24.99679731	-12.27867625	-12.23253461	3.06365451	6.08258785
1.22500000	-18.02562409	25.33150574	24.94478985	-12.33865470	-12.22862562	3.05840085	6.06273416
1.23333333	-18.07180868	25.32891625	24.99349915	-12.30014836	-12.22455777	3.10682311	6.09257794
1.24166667	-18.09716379	25.32286268	25.03325484	-12.26699325	-12.22785936	3.06680815	6.06871075
1.25000000	-18.13598152	25.39724453	25.11184904	-12.31325919	-12.28787591	3.12141926	6.11231343
1.25833333	-18.16100669	25.40540208	25.12166532	-12.29230441	-12.25982315	3.12764066	6.13455501
1.26666667	-18.11335000	25.33301745	25.06786699	-12.27217283	-12.24716086	3.07324503	6.06997458
1.27500000	-18.14595599	25.36182760	25.09667121	-12.26575513	-12.24297532	3.06079745	6.09074980
1.28333333	-18.18765684	25.40372762	25.14466647	-12.28208100	-12.25579921	3.11019336	6.12893522
1.29166667	-18.18545778	25.40619590	25.13518459	-12.26738949	-12.25008303	3.05034045	6.09579529
1.30000000	-18.20381672	25.41373137	25.15757895	-12.26418564	-12.24828265	3.06405103	6.11691821
1.30833333	-18.12834405	25.30693639	25.05201717	-12.23888340	-12.20721459	3.07020387	6.10244153
1.31666667	-18.14793806	25.32993513	25.06060725	-12.23959800	-12.19338620	3.08070812	6.11911652
1.32500000	-18.19184976	25.38953786	25.12440121	-12.26862988	-12.21403844	3.11864811	6.15932517
1.33333333	-18.12195787	25.29432460	25.01932852	-12.23905553	-12.17223338	3.07968797	6.07232318
1.34166667	-18.13432360	25.29764620	25.03278078	-12.23161305	-12.17953748	3.06953563	6.07537112
1.35000000	-18.16848870	25.33663396	25.06994807	-12.23820416	-12.17741662	3.10197173	6.10669178
1.35833333	-18.20295056	25.39162492	25.13880717	-12.27580758	-12.23419890	3.14618287	6.13434727
1.36666667	-18.21524492	25.38161281	25.12237467	-12.24037592	-12.18265927	3.12614484	6.14186114
1.37500000	-18.16902109	25.34225730	25.08032692	-12.27197153	-12.22134500	3.09461065	6.11466651
1.38333333	-18.21189067	25.38445996	25.13567457	-12.27518402	-12.23487579	3.15047293	6.15701521
1.39166667	-18.15755465	25.31273811	25.07815849	-12.25743286	-12.23882123	3.12275870	6.15876149
1.40000000	-18.18281279	25.35161285	25.11214432	-12.27774227	-12.25462895	3.15892486	6.18656490
1.40833333	-18.14917672	25.30218890	25.04853442	-12.25052638	-12.22625612	3.10172461	6.16417845
1.41666667	-18.17475210	25.34256470	25.09272278	-12.26588157	-12.24633017	3.14431555	6.20148784
1.42500000	-18.13399267	25.25814252	25.01431155	-12.21407928	-12.20615810	3.07085641	6.18423846
1.43333333	-18.15994224	25.29441584	25.06018831	-12.23363384	-12.23655979	3.11302308	6.22052502
1.44166667	-18.10643728	25.21107551	24.97067324	-12.19142596	-12.19251929	3.05066104	6.18547310
1.45000000	-18.12545912	25.20781198	24.98992720	-12.16839516	-12.18975316	3.07318465	6.19585729
1.45833333	-18.16045780	25.27252996	25.05219124	-12.20415717	-12.24277826	3.11772013	6.21985393
1.46666667	-18.17583474	25.27496052	25.04901757	-12.20904809	-12.19560948	3.10692559	6.22482909
1.47500000	-18.18370545	25.28533384	25.04769001	-12.19889729	-12.19572029	3.10234415	6.21097001
1.48333333	-18.14665659	25.26617090	25.00923095	-12.23017475	-12.21283294	3.08002165	6.17462559
1.49166667	-18.17410872	25.29131019	25.04238219	-12.23798097	-12.21463642	3.12489543	6.20038343
1.50000000	-18.20003301	25.30658423	25.06777501	-12.21425123	-12.21720983	3.12424034	6.18131752
1.50833333	-18.17872184	25.28915154	25.03530372	-12.23193003	-12.20917939	3.10354668	6.14009137
1.51666667	-18.22266124	25.36512993	25.12024465	-12.26645852	-12.28385458	3.17580582	6.17234604
1.52500000	-18.20212916	25.31369890	25.06291747	-12.23032333	-12.21414081	3.11177370	6.09610630
1.53333333	-18.24916546	25.39659550	25.13353105	-12.27307568	-12.26930286	3.18235767	6.13333762
1.54166667	-18.15709927	25.24467496	25.01709489	-12.20122859	-12.23690014	3.09464078	6.09810215
1.55000000	-18.19327571	25.31981240	25.08687034	-12.24532667	-12.28882214	3.16181509	6.13119313
1.55833333	-18.19796052	25.29786747	25.04608384	-12.21829841	-12.21648766	3.13277020	6.12403549
1.56666667	-18.16512871	25.26227472	24.99306808	-12.20021839	-12.20423876	3.08884903	6.09280845
1.57500000	-18.18047970	25.28957769	25.01144049	-12.22074318	-12.20801089	3.12228074	6.11729751
1.58333333	-18.20323218	25.30655388	25.03489874	-12.21786924	-12.20788460	3.14186589	6.15927221
1.59166667	-18.19613362	25.30178850	25.00511054	-12.19897739	-12.18993850	3.09823376	6.14123512
1.60000000	-18.22727515	25.35512558	25.05912180	-12.24055245	-12.21695158	3.14658488	6.17740736
1.60833333	-18.25076526	25.36885131	25.07437706	-12.22447230	-12.19539833	3.14292872	6.16981654
1.61666667	-18.20373006	25.33631639	25.01225413	-12.22735837	-12.18730427	3.07973788	6.12870279
1.62500000	-18.22183110	25.37084857	25.05061176	-12.24337945	-12.19233132	3.11640205	6.13550043
1.63333333	-18.20849048	25.40784397	25.06466958	-12.27881408	-12.23039891	3.08921737	6.11681903
1.64166667	-18.15127988	25.35633212	24.96455793	-12.28072684	-12.19507777	3.03542125	6.05869066
1.65000000	-18.18211295	25.39443629	25.03126505	-12.28854597	-12.24302863	3.10194198	6.11354636
1.65833333	-18.17085086	25.35460918	24.99860010	-12.23730853	-12.20948797	3.06557688	6.10332818
1.66666667	-17.99129637	25.13805530	24.77833278	-12.19333084	-12.17946186	3.03941938	6.07924980
1.67500000	-18.04720840	25.19702279	24.83582408	-12.20021641	-12.17559873	3.08002445	6.14414825
1.68333333	-18.05367813	25.20410145	24.85447653	-12.18852588	-12.18325601	3.05840267	6.16323668
1.69166667	-18.04804366	25.20268254	24.85089449	-12.18363210	-12.19513887	3.02190447	6.16961542
1.70000000	-18.06868506	25.22083298	24.87233855	-12.17825389	-12.18770212	3.04032991	6.18903541
1.70833333	-18.07521867	25.22894341	24.86801022	-12.17913108	-12.15664954	3.02883717	6.20191963
1.71666667	-18.06563144	25.24643588	24.88008357	-12.18974821	-12.19100436	3.01648035	6.20295527
1.72500000	-18.10020945	25.29640727	24.94701535	-12.21015107	-12.22907708	3.06688601	6.23158672
1.73333333	-18.09222780	25.25126536	24.92185725	-12.15423114	-12.19018499	3.00420681	6.19519428
1.74166667	-18.12894488	25.33000107	25.00600834	-12.20086492	-12.25846513	3.06067673	6.22631268
1.75000000	-18.06303994	25.24553936	24.90073475	-12.17142211	-12.19204394	2.96809232	6.17761400
1.75833333	-18.13480803	25.31969294	25.00562353	-12.17701051	-12.23479516	3.03652944	6.22588266
1.76666667	-17.97424564	25.09708056	24.82558104	-12.10186914	-12.22568139	3.10006136	6.19109928
1.77500000	-18.00522966	25.13448880	24.85946284	-12.09036212	-12.21988339	2.96109981	6.19525299
1.78333333	-18.03864113	25.17363058	24.91385050	-12.09470213	-12.23542909	2.96666368	6.19391126
1.79166667	-18.05428316	25.19645751	24.95013229	-12.09649308	-12.25321542	2.97818681	6.19392201
1.80000000	-18.07360842	25.22616742	24.98131197	-12.10945893	-12.26259067	2.96280088	6.18432201
1.80833333	-18.01051149	25.15350446	24.90493602	-12.10090219	-12.24139751	2.95722751	6.19207622
1.81666667	-18.04401821	25.22792794	24.98134014	-12.14595744	-12.30281525	3.02675824	6.21859312
1.82500000	-18.09409956	25.26891033	25.03481456	-12.14182831	-12.29547252	3.06916597	6.25733404
1.83333333	-18.05776655	25.22664660	24.98383125	-12.12396338	-12.25809538	2.95804326	6.21061969
1.84166667	-18.14197629	25.37381840	25.15287522	-12.21098540	-12.40250296	3.07578106	6.27308199
1.85000000	-18.10343233	25.27096745	25.05525922	-12.11625224	-12.27678333	2.96829720	6.20902443
1.85833333	-18.14562476	25.36070165	25.14119457	-12.17514260	-12.34378832	3.03730021	6.25869985
1.86666667	-18.03383088	25.20530580	24.97817698	-12.11052655	-12.27715915	2.93981102	6.17265594
1.87500000	-18.10111118	25.26577029	25.07376881	-12.11359447	-12.30290360	3.00520857	6.24623475
1.88333333	-18.18148918	25.35081517	25.19835710	-12.12187124	-12.35416166	3.04489182	6.31919175
1.89166667	-18.02022638	25.16454090	24.99159464	-12.09057479	-12.30218462	2.92641645	6.24298118
1.90000000	-18.01438229	25.15911738	24.99661436	-12.08721790	-12.32219433	2.90740208	6.30668236
1.90833333	-18.08238849	25.23262927	25.09795535	-12.11278288	-12.36869116	2.96753753	6.37921313
1.91666667	-18.16179811	25.32815208	25.22049280	-12.14204876	-12.42845216	3.00598411	6.44138982
1.92500000	-18.11418979	25.27438108	25.18517774	-12.13592576	-12.45809314	2.92867049	6.40519331
1.93333333	-17.87176080	24.98597788	24.86668701	-12.14674079	-12.35549556	3.01445222	6.33458233
1.94166667	-17.88151836	25.01078185	24.93753379	-12.18190589	-12.45368073	3.02623806	6.39796416
1.95000000	-17.90044300	25.05217352	25.00460882	-12.23065910	-12.54262076	3.08503634	6.45658441
1.95833333	-17.87445941	25.01132829	25.00288926	-12.23422683	-12.60125077	3.08183986	6.54245041
1.96666667	-17.80281670	24.95250586	24.98694079	-12.28215550	-12.70137258	3.06787462	6.64762000
1.97500000	-17.80188614	24.98404663	25.06002686	-12.36166272	-12.84314431	3.13235790	6.69946561
1.98333333	-17.71503555	24.88420565	25.03661661	-12.40019689	-12.95270277	3.12609539	6.83642848
1.99166667	-17.70993802	24.92738512	25.11129382	-12.49717152	-13.11702764	3.19738375	6.87185865
2.00000000	-17.74585878	24.98663034	25.19273340	-12.55937501	-13.12114139	3.19293193	6.77765366
2.00833333	-17.72422045	25.06517719	25.26979745	-12.73203566	-13.30575725	3.26456194	6.83025710
2.01666667	-17.67544026	25.08834040	25.28816148	-12.88046438	-13.43643797	3.33837447	6.92303950
2.02500000	-17.52303513	24.98824076	25.18991298	-13.02549624	-13.56946739	3.42506869	7.09946173
2.03333333	-17.44423515	24.98935726	25.17589189	-13.21756618	-13.69646876	3.50500265	7.16719234
2.04166667	-17.17393927	24.72923560	24.91066812	-13.28257056	-13.76031567	3.51833713	7.21361159
2.05000000	-17.12414275	24.79467525	24.93014967	-13.53618083	-13.91092965	3.61323338	7.28496035
2.05833333	-16.94329678	24.66642847	24.76786370	-13.71425617	-14.00964304	3.75291612	7.45472857
2.06666667	-16.89403492	24.63512005	24.76095510	-13.78880447	-14.09080229	3.64439851	7.41951882
2.07500000	-16.84717265	24.69002670	24.76916776	-14.10618903	-14.22694041	3.85552759	7.54713782
2.08333333	-16.70004796	24.73082509	24.68552640	-14.51500964	-14.34657221	4.03966977	7.64973635
2.09166667	-16.51876804	24.68546620	24.43052764	-14.78973440	-14.32507651	4.05453307	7.62212006
2.10000000	-16.42463374	24.78776121	24.37513680	-15.24771119	-14.42794427	4.25185459	7.75125322
2.10833333	-16.29106176	24.80910257	24.28393975	-15.52922791	-14.52529197	4.07027955	7.77380153
2.11666667	-16.01417661	24.77784969	23.98148301	-16.04409081	-14.53925711	4.19953774	7.78795447
2.12500000	-15.83973611	24.98967941	23.84498878	-16.78269709	-14.64142459	4.46856124	7.93397739
2.13333333	-15.56788892	24.92060287	23.57250561	-17.19576644	-14.74248771	4.30284467	8.03403873
2.14166667	-15.39962770	25.08170800	23.35529113	-17.94749092	-14.77235018	4.63212710	8.13547009
2.15000000	-15.05227178	25.01794499	22.91717977	-18.57456327	-14.72956847	4.55863886	8.14750221
2.15833333	-14.90212285	25.31015719	22.71928693	-19.49345032	-14.77519345	4.83816636	8.30949929
2.16666667	-14.70384063	25.57686868	22.44006098	-20.44062419	-14.79101154	5.04955454	8.45307126
2.17500000	-14.32056001	25.51704932	21.97387688	-21.08769091	-14.84761375	4.56357800	8.55524133
2.18333333	-14.11610084	25.88327795	21.72937066	-22.17754522	-14.90965170	4.72704789	8.73816319
2.19166667	-13.67797032	25.89949656	21.20843756	-23.05674077	-14.93888677	4.36478183	8.79945448
2.20000000	-13.43730227	26.26846603	20.95618266	-24.23474017	-15.03467206	4.39151611	8.96938376
2.20833333	-13.15632985	26.61083177	20.67388728	-25.39508923	-15.13465988	4.23234749	9.12064065
2.21666667	-12.77111744	26.81516361	20.28021202	-26.49263085	-15.24075806	3.72244417	9.12016730
2.22500000	-12.47335085	27.19486188	19.98405205	-27.72504736	-15.33928219	3.32007838	9.29417442
2.23333333	-12.24753174	27.61299922	19.75220551	-28.90184056	-15.41722084	2.51652943	9.37868627
2.24166667	-11.97532281	28.07869152	19.47504916	-30.21117386	-15.50803524	2.10821907	9.42795361
2.25000000	-11.67159627	28.54469433	19.14986323	-31.56641899	-15.61030690	1.65825980	9.49179302
2.25833333	-11.48683097	29.12410467	18.95074536	-32.76808132	-15.69915491	-0.23735439	9.64056966
2.26666667	-11.16645134	29.66310987	18.56865672	-34.22471788	-15.72297087	-0.73770559	9.70697645
2.27500000	-10.53261331	29.82468002	17.77106452	-35.52848496	-15.70163306	-2.44231986	9.92649436
2.28333333	-10.02532691	30.26492178	17.17530829	-37.03390223	-15.72821667	-3.42113124	10.06083056
2.29166667	-9.18562661	30.17208711	16.14456104	-38.32212566	-15.65715662	-4.74631014	10.17691991
2.30000000	-8.83951218	30.72363378	15.74539326	-39.82388098	-15.70147214	-5.25540458	10.21385908
2.30833333	-8.48803030	31.33194032	15.36155577	-41.34182441	-15.78199460	-6.56071412	10.43688731
2.31666667	-8.16346140	31.90806356	14.97153138	-42.76438348	-15.81569975	-7.44803774	10.56421964
2.32500000	-7.85385335	32.49215075	14.58444972	-44.11920618	-15.84177454	-8.25319489	10.68169943
2.33333333	-7.55386896	33.04116841	14.19461853	-45.36485725	-15.84106627	-8.61242657	10.70704927
2.34166667	-7.23394263	33.57389890	13.82268410	-46.53375613	-15.92304016	-9.47590497	10.87818983
2.35000000	-6.95805894	34.05309654	13.46427490	-47.53445247	-15.93564397	-9.65980302	10.89020682
2.35833333	-6.50178210	34.23588290	12.94453040	-48.32363117	-16.01855021	-10.56053895	11.11110315
2.36666667	-6.38507592	34.67224459	12.82442415	-49.04735179	-16.13543008	-10.57308741	11.19603042
2.37500000	-6.18838034	35.02424315	12.64287259	-49.55086916	-16.27302946	-10.71920673	11.37210121
2.38333333	-5.92286814	35.24695325	12.34204278	-49.85811031	-16.36566818	-11.41226002	11.49051266
2.39166667	-5.75533011	35.54532530	12.14592082	-50.07680767	-16.46666451	-11.74870522	11.61006699
2.40000000	-5.54571985	35.73142783	11.92011357	-50.13641921	-16.55834126	-11.94380332	11.70521597
2.40833333	-5.45357882	36.01790834	11.72337591	-50.10974767	-16.56733265	-11.75519128	11.79103000
2.41666667	-5.38692712	36.28700959	11.58203196	-49.98217473	-16.60115295	-11.51004060	11.85438632
2.42500000	-5.28456521	36.32288469	11.51751666	-49.39781591	-16.78292194	-13.03173449	11.93957214
2.43333333	-5.16193964	36.41201390	11.39211640	-48.97380733	-16.94641696	-12.65415138	12.03845148
2.44166667	-4.84820250	36.12162168	11.02616259	-48.20410377	-16.97480229	-13.40662355	12.11955214
2.45000000	-4.87663509	36.21188089	10.97858962	-47.43572399	-17.01215463	-13.87413077	12.21075971
2.45833333	-4.91290986	36.37228900	10.94627460	-46.67851571	-17.07216061	-13.76126124	12.25752985
2.46666667	-4.87395611	36.25305524	10.81512257	-45.67929328	-17.14694284	-13.62256521	12.49075159
2.47500000	-4.92462923	36.29659596	10.79831038	-44.66633214	-17.21591660	-13.65152830	12.58098615
2.48333333	-4.55246832	35.66463590	10.30757831	-43.33157366	-17.18404913	-15.32689856	12.61389930
2.49166667	-4.59152243	35.60952469	10.34121834	-42.17023216	-17.35585424	-15.45774972	12.75336309
2.50000000	-4.48703423	35.27341764	10.18471595	-40.85359868	-17.48829338	-16.24870102	13.11073548
2.50833333	-4.35560218	34.88672716	9.81400730	-39.42817264	-17.43190135	-17.75093311	13.24086516
2.51666667	-4.38230050	34.69713668	9.82622350	-38.13156428	-17.63355959	-18.48626231	13.53755985
2.52500000	-4.36306098	34.47817126	9.81959879	-36.84803016	-17.90539069	-19.14368523	13.74745077
2.53333333	-4.26135275	34.12611014	9.66551429	-35.52136642	-18.07267811	-20.28511196	14.06020731
2.54166667	-3.85064181	33.28894358	9.05064771	-34.01879640	-18.01732709	-21.85479307	14.09488520
2.55000000	-3.92286068	33.11917517	9.03962122	-32.71407859	-18.22800300	-22.80397550	14.40048047
2.55833333	-3.91642554	32.81838832	9.05576153	-31.39440711	-18.57713641	-23.74278408	14.69272842
2.56666667	-3.85381381	32.42617317	9.03615956	-30.06803258	-18.92659664	-24.86055027	15.06895697
2.57500000	-3.82085277	32.07943889	9.07184960	-28.76384723	-19.35691555	-25.63596021	15.33434519
2.58333333	-3.58574033	31.43176087	8.72800066	-27.46141659	-19.54719540	-26.33765969	15.65674029
2.59166667	-3.66530128	31.21899653	8.84401968	-26.24313754	-19.99937501	-27.21632425	16.07508662
2.60000000	-3.63704974	30.86944103	8.95826059	-25.16075411	-20.56999667	-26.98735896	16.51489089
2.60833333	-3.63847935	30.55279790	9.14883977	-24.02705563	-21.21350719	-27.83659384	16.99249490
2.61666667	-3.61736464	30.20753900	9.29246010	-23.04661510	-21.84755172	-27.36889352	17.44619465
2.62500000	-3.61602628	29.96533583	9.44915510	-22.03707904	-22.51077690	-27.97476551	17.97141436
2.63333333	-3.65018912	29.66162068	9.66551606	-21.00598949	-23.23133583	-28.33765035	18.31916670
2.64166667	-4.02223670	29.76205964	10.48808082	-20.39284919	-24.29500014	-27.34449040	19.14650681
2.65000000	-3.98414302	29.37984669	10.73479754	-19.49505722	-25.14960115	-27.63432445	19.44877171
2.65833333	-4.38296964	29.58627559	11.60423648	-19.00489123	-26.29237927	-27.01106253	20.34010483
2.66666667	-4.40365207	29.30304123	11.99179981	-18.27179438	-27.31179431	-27.29339952	20.99976602
2.67500000	-4.59006942	29.24813743	12.45482727	-17.64579496	-28.28810883	-27.31010563	21.69110174
2.68333333	-4.92323603	29.39000454	13.28534232	-17.37157111	-29.46076021	-26.59097098	22.35246662
2.69166667	-4.86019039	29.01733253	13.52508105	-16.82728001	-30.42520376	-26.73729641	22.67585841
2.70000000	-5.44730116	29.48628697	14.61450348	-16.58233721	-31.73996641	-26.36945023	23.87485087
2.70833333	-5.35800164	29.09083051	14.88702536	-16.14864221	-32.81003631	-26.48522419	24.22699929
2.71666667	-5.46288771	28.96750017	15.38447200	-15.80631512	-33.92022950	-26.60621720	25.28340271
2.72500000	-5.46414660	28.66177800	15.63660925	-15.49466302	-34.89247412	-26.63337247	25.64037450
2.73333333	-6.27122759	29.42104913	17.03686011	-15.54195976	-36.32283895	-25.98298978	26.89761050
2.74166667	-6.35401321	29.24811444	17.48450412	-15.37330829	-37.39967800	-26.02959104	27.61211207
2.75000000	-6.74885396	29.46323940	18.25918877	-15.36378675	-38.53977796	-25.87144270	28.30017155
2.75833333	-6.70105623	29.13332484	18.46338881	-15.24584366	-39.53541165	-26.02799328	28.67662014
2.76666667	-6.79545369	28.97583721	18.82124055	-15.14256235	-40.51606797	-26.27145924	29.65533788
2.77500000	-6.92223109	28.86941657	19.19203847	-15.13636741	-41.49273244	-26.50041041	30.33742446
2.78333333	-6.91314235	28.57612915	19.38499419	-15.13539903	-42.44206404	-26.66245281	30.63925743
2.79166667	-7.72541703	29.26971004	20.72108078	-15.25899953	-43.75588887	-27.01682645	31.63188876
2.80000000	-7.73639543	28.98936789	20.89211547	-15.27781963	-44.63870614	-27.32156497	32.18587649
2.80833333	-7.74744042	28.68626806	21.04494542	-15.33070742	-45.52457584	-27.56649179	32.59811922
2.81666667	-7.91885292	28.55128274	21.47341765	-15.38799858	-46.51347001	-27.90918659	33.52613226
2.82500000	-8.19865101	28.54518196	21.98011156	-15.46833552	-47.50741278	-27.84606553	34.13971437
2.83333333	-8.23764911	28.24768423	22.14629676	-15.54996765	-48.38472839	-27.68808016	34.39770023
2.84166667	-9.08431990	28.97191469	23.45133877	-15.92051461	-49.64415962	-26.19542003	35.24473532
2.85000000	-9.14588092	28.68888997	23.70726581	-16.01090644	-50.60887119	-24.80869362	35.82683928
2.85833333	-9.64162555	29.01116766	24.43520291	-16.36342521	-51.65462683	-22.67828625	36.40733203
2.86666667	-9.64207241	28.66670406	24.65772140	-16.45000823	-52.66476317	-20.89318774	36.91517515
2.87500000	-9.75510959	28.49657140	24.95875450	-16.64857687	-53.63138530	-18.51642120	37.48387151
2.88333333	-10.40410949	29.07880205	25.82138201	-17.14264695	-54.64494623	-16.05438669	38.00295878
2.89166667	-10.40132565	28.81290671	25.96271150	-17.28291312	-55.54777489	-14.23974461	38.42463260
2.90000000	-10.47061004	28.71286912	26.14288797	-17.51090900	-56.43846423	-12.59666363	38.82824699
2.90833333	-10.58108607	28.66107545	26.30924362	-17.70352748	-57.28052577	-10.98566761	39.16863162
2.91666667	-10.62481116	28.59006929	26.45590447	-17.95390549	-58.16745113	-9.67811170	39.36475740
2.92500000	-11.37531431	29.42981006	27.42993251	-18.37366938	-59.17369593	-7.88479265	39.50918611
2.93333333	-11.38639487	29.40341717	27.53615884	-18.75219496	-60.08501726	-6.52070425	39.57107088
2.94166667	-11.40137637	29.43770031	27.73087062	-19.19555580	-61.09818088	-5.21304533	39.40600566
2.95000000	-11.78026047	29.94813146	28.40686017	-19.68601000	-62.24728284	-4.29257192	38.76990410
2.95833333	-11.68005706	29.91449487	28.56332866	-20.22768172	-63.45901058	-3.21084037	38.30145793
2.96666667	-11.57013245	29.88252123	28.87610689	-20.76913408	-64.87654929	-2.21060444	37.50438930
2.97500000	-11.87688503	30.34846157	29.91049857	-21.32394022	-66.57008301	-1.69172951	35.95452629
2.98333333	-11.73667766	30.26993296	30.40629020	-21.86549447	-68.31119796	-0.85711398	34.68976393
2.99166667	-11.82610119	30.49122811	31.42608925	-22.45149223	-70.31356131	-0.27176446	32.94230926
3.00000000	-11.67693641	30.48602615	32.27727999	-23.09751120	-72.40673259	0.28371071	31.10407509
3.00833333	-11.46928294	30.39288532	33.10275772	-23.69755995	-74.48185053	0.80652946	28.98866110
3.01666667	-11.25403959	30.28864495	34.11091072	-24.30616859	-76.70228516	1.31911507	26.81193807
3.02500000	-11.44619000	30.66410274	35.66154359	-24.92576399	-78.91845383	1.57987546	24.09598624
3.03333333	-10.99265895	30.26760817	36.42059645	-25.45894215	-80.90857058	2.07278786	22.00788696
3.04166667	-10.55585028	29.76773036	37.22638926	-25.81024638	-82.76316800	2.53691824	19.89406398
3.05000000	-10.21846922	29.27803156	38.10721354	-26.02485852	-84.43339641	2.91227861	17.86472676
3.05833333	-9.85385167	28.84308123	38.87444267	-26.35062418	-85.86352847	3.18686512	16.86141052
3.06666667	-9.47686789	28.19501947	39.65108801	-26.35241954	-87.09563248	3.70022267	15.53687404
3.07500000	-9.18398236	27.65201252	40.45246448	-26.39333539	-88.09314681	4.05185488	15.06944336
3.08333333	-8.94630836	27.14165879	41.24220449	-26.36292840	-88.81733767	4.17524377	15.09622070
3.09166667	-8.44297539	26.53260885	41.64395530	-26.51406455	-89.28059659	4.63124975	15.16961397
3.10000000	-8.20586850	26.06270569	42.26976402	-26.49219064	-89.54421305	4.94047709	15.52201310
3.10833333	-8.04605678	25.63851989	43.00065648	-26.44415810	-89.65595421	5.04309490	15.65252713
3.11666667	-7.79708187	25.20963028	43.56669195	-26.51335824	-89.57890368	5.48143207	16.08622972
3.12500000	-7.66567525	24.81042560	44.19979161	-26.44261393	-89.28106389	5.56600245	16.12533798
3.13333333	-7.41925169	24.31877662	44.57593037	-26.47964865	-88.77443930	5.99843849	16.19475795
3.14166667	-7.30277416	23.98111352	45.17611996	-26.51414319	-88.18811740	6.06458417	16.21274374
3.15000000	-7.02155220	23.50487393	45.41863881	-26.58885030	-87.33021107	6.43114787	16.12194783
3.15833333	-6.84989870	23.11773675	45.82238103	-26.62434972	-86.38703533	6.65228148	15.85058212
3.16666667	-6.56053505	22.59779932	46.04603138	-26.66041741	-85.29279208	6.88245659	15.61178061
3.17500000	-6.48130026	22.20817662	46.30613143	-26.60037056	-83.97540138	7.12694857	15.25497289
3.18333333	-6.44013557	21.94211171	46.64237349	-26.60829233	-82.55220008	7.33751419	14.69333234
3.19166667	-6.32914800	21.63569671	46.88844067	-26.66925459	-80.98628308	7.59380549	13.95708540
3.20000000	-6.07357125	21.14020572	46.81818494	-26.70402601	-79.24109273	7.85810813	13.38630311
3.20833333	-6.07935896	20.93688013	47.00003476	-26.74232054	-77.36273347	8.10484810	12.25236463
3.21666667	-6.00740219	20.69350978	46.98810482	-26.85309781	-75.30369829	8.36457628	10.94734544
3.22500000	-6.04323128	20.50293457	47.01984138	-26.86934766	-73.12989360	8.63520032	9.42721848
3.23333333	-6.05814537	20.38443446	46.96075900	-27.04912017	-70.82860016	8.92835706	7.61722298
3.24166667	-6.05199684	20.23633152	46.80414649	-27.22862829	-68.38876556	9.24304886	5.58159719
3.25000000	-6.00979034	20.07350363	46.52996970	-27.46454318	-65.83345767	9.58178959	3.30256192
3.25833333	-5.94086885	19.90863371	46.09604123	-27.75019603	-63.15718770	9.93250106	0.88098454
3.26666667	-5.80184592	19.69419481	45.56283555	-28.06709159	-60.41843554	10.29570838	-1.60033357
3.27500000	-5.63967280	19.48366219	44.92480990	-28.44044096	-57.59421899	10.67819233	-4.16975971
3.28333333	-5.54133466	19.32606347	44.24224937	-28.82409664	-54.71864298	11.08994009	-6.74292650
3.29166667	-5.52912820	19.25390258	43.55942244	-29.23272985	-51.80560672	11.53581864	-9.22190945
3.30000000	-5.40202773	19.07993529	42.74286091	-29.70126692	-48.87310256	11.99472744	-11.61404303
3.30833333	-5.31430260	18.95679523	41.88974989	-30.17233424	-45.96739158	12.47984994	-13.78057164
3.31666667	-5.21134235	18.85218452	40.96483811	-30.71889067	-43.20337619	12.96971816	-15.66131163
3.32500000	-5.16078986	18.76525105	40.12565549	-31.22638006	-40.48017554	13.52189929	-17.36636173
3.33333333	-5.16396347	18.76379676	39.26467931	-31.81355573	-37.90017834	14.06721094	-18.79533236
3.34166667	-5.10273583	18.72790535	38.34954380	-32.45697073	-35.51037266	14.65290875	-20.01912552
3.35000000	-4.97060094	18.60490205	37.42290223	-33.10758054	-33.39873487	15.22428812	-20.99617100
3.35833333	-4.93230381	18.60839095	36.56453329	-33.81065916	-31.46350154	15.82727828	-21.79325004
3.36666667	-4.93226152	18.67650416	35.78329972	-34.56991605	-29.73928435	16.45011407	-22.50078549
3.37500000	-4.82006008	18.64629835	34.93392049	-35.37959226	-28.20839449	17.08019108	-23.28380439
3.38333333	-4.94182321	18.87228118	34.31918297	-36.21696355	-26.95354167	17.77638506	-23.93490735
3.39166667	-4.97335706	19.07759998	33.70748163	-37.15412694	-25.87734840	18.10035333	-24.06646320
3.40000000	-4.98030613	19.28256078	32.89811489	-38.13008763	-24.67132528	18.94468282	-25.49201139
3.40833333	-5.32124928	19.92113168	32.60553217	-39.25439369	-23.79458517	19.68665630	-26.25888401
3.41666667	-5.43700101	20.20108070	32.09531461	-40.20021548	-23.06873886	20.44446131	-26.77322031
3.42500000	-5.64201763	20.66105041	31.53500221	-41.30447427	-22.16477552	21.16798138	-27.50664271
3.43333333	-5.86682099	21.08342731	31.13989780	-42.31033276	-21.61643217	21.93579810	-27.87050304
3.44166667	-6.09101771	21.55392299	30.70229616	-43.40438115	-21.01572536	22.66191161	-28.16423213
3.45000000	-6.34565725	22.04961145	30.22373124	-44.50576888	-20.40311172	23.42593171	-28.43264491
3.45833333	-6.83061342	22.88677452	30.15546243	-45.75096693	-19.92306696	24.34715559	-28.72066197
3.46666667	-6.93897809	23.11943637	29.53103954	-46.70236942	-19.37669475	24.76620575	-28.66091751
3.47500000	-7.07910146	23.44382409	28.98838031	-47.74243526	-18.88487102	25.40874187	-28.54839933
3.48333333	-7.22018707	23.77660577	28.45991208	-48.78455305	-18.38958062	26.19253936	-28.12804887
3.49166667	-7.92743687	24.86532172	28.80017643	-50.16105948	-18.45588999	27.66833742	-26.32532685
3.50000000	-8.17103025	25.28003388	28.37064377	-51.20784106	-18.11519309	28.38777029	-24.49198343
3.50833333	-8.75194285	26.08912255	28.57317185	-52.30911346	-18.25607922	29.22955675	-21.95507063
3.51666667	-8.93797022	26.34665822	28.16548677	-53.26745959	-18.10053755	29.94589983	-19.34530309
3.52500000	-9.15841371	26.71212205	27.90867801	-54.29987479	-18.11682577	30.60732998	-16.54742814
3.53333333	-9.53675437	27.26807916	28.10134015	-55.36216048	-18.56200557	31.44933730	-13.67016783
3.54166667	-9.71569975	27.50215599	27.83092861	-56.31137397	-18.65553956	32.01207483	-11.24279687
3.55000000	-10.33020062	28.35314834	28.20367942	-57.47121467	-19.03671208	32.65659395	-8.75709551
3.55833333	-10.35098182	28.47481621	28.26278337	-58.40521241	-19.47671948	33.00334268	-6.64080659
3.56666667	-10.30287834	28.57015007	28.10594738	-59.44952238	-19.78264368	33.32882746	-4.85944576
3.57500000	-10.81307308	29.33798632	28.68712302	-60.62072391	-20.20932944	33.56376669	-3.00935020
3.58333333	-10.69691356	29.41769064	28.66189148	-61.76213688	-20.75207730	33.55837457	-1.34166220
3.59166667	-10.80860075	29.77040000	28.62073709	-63.00423057	-21.10137729	33.29962446	0.26840971
3.60000000	-11.09137606	30.57876623	29.18932975	-64.53735270	-21.77504161	32.54447803	1.45285941
3.60833333	-10.74668065	30.73554444	28.97518243	-66.14004512	-22.42028914	31.84140102	2.81120155
3.61666667	-10.45953959	31.01371016	28.77848767	-67.84103250	-23.03421949	30.82186048	4.02200088
3.62500000	-10.84521591	32.23494148	29.31558426	-69.76142391	-23.74841981	29.00619892	5.00432546
3.63333333	-10.57361418	32.80065979	29.10988788	-71.79999996	-24.42067644	27.55472890	5.97241531
3.64166667	-10.31439820	33.50827592	28.86892742	-73.93741281	-24.97646085	25.69614847	6.89724342
3.65000000	-10.16787302	34.44482778	28.85667316	-76.05326300	-25.59767744	22.82900496	7.44860454
3.65833333	-9.86491441	35.30868274	28.65182029	-78.29880654	-26.21029572	20.65444309	8.11651846
3.66666667	-9.57642920	36.16806499	28.39780613	-80.40778856	-26.81990830	18.39450406	8.66004019
3.67500000	-9.40384998	37.25948454	28.19733540	-82.46531252	-27.30023253	15.42801996	9.10886252
3.68333333	-9.13670943	38.14004203	27.88061766	-84.32369547	-27.70584855	13.20088748	9.62150818
3.69166667	-8.62780682	38.99651558	27.19769724	-86.14138465	-27.93857948	10.62287912	10.01235158
3.70000000	-8.11134544	39.60257469	26.43014733	-87.55672264	-28.10328035	8.30439078	10.43955899
3.70833333	-7.80170329	40.40109821	25.96664821	-88.89681413	-28.30493815	7.49683544	10.78854829
3.71666667	-7.49862125	41.14134393	25.33902197	-90.03134788	-28.22767027	6.88213742	11.23964304
3.72500000	-7.08278496	41.61823469	24.38524594	-90.73874353	-27.87839143	6.02148848	11.40300707
3.73333333	-6.94460535	42.35778861	23.82317027	-91.31177471	-27.58996121	6.48580597	11.63450935
3.74166667	-6.60918388	42.78074108	22.96337292	-91.55804891	-27.13346026	6.34382504	11.73011390
3.75000000	-6.38202983	43.20935110	22.21221997	-91.46334142	-26.73295867	6.39502026	11.86483136
3.75833333	-6.29346749	43.80277591	21.70980301	-91.24851648	-26.38534578	6.98630913	11.97136850
3.76666667	-5.72965705	43.67628985	20.55372820	-90.59837866	-25.87611556	5.49638482	12.02958142
3.77500000	-5.60567911	44.02698882	19.93009559	-89.89883958	-25.47005122	4.69166229	12.12717013
3.78333333	-5.63838819	44.58097509	19.56591342	-89.20083812	-25.16545085	4.90411689	12.21488741
3.79166667	-5.19823208	44.35976982	18.55418926	-88.06351724	-24.62678528	4.03112576	12.29020699
3.80000000	-5.23889591	44.78220734	18.14325797	-86.97932517	-24.23362832	4.15533009	12.33619244
3.80833333	-4.81341529	44.45481653	17.15241208	-85.48922003	-23.73737432	2.75058733	12.33797600
3.81666667	-4.95792266	44.86027634	16.79071800	-84.12056528	-23.29282006	2.74351591	12.42039075
3.82500000	-4.61374479	44.53092708	15.85893420	-82.36199102	-22.71548666	1.41523444	12.34983764
3.83333333	-4.77980408	44.75866220	15.57793537	-80.61179966	-22.34940129	1.02263212	12.42571560
3.84166667	-4.97060148	44.94514293	15.28396949	-78.74901819	-21.94649299	0.46267327	12.51394884
3.85000000	-5.09410280	44.99497231	15.01979781	-76.74706229	-21.64083255	-0.35161634	12.62097259
3.85833333	-5.14739347	44.85496740	14.60691095	-74.56655095	-21.26999631	-1.40771483	12.73084878
3.86666667	-5.20455644	44.63709677	14.16037255	-72.26270728	-20.88709001	-2.71326066	12.87278584
3.87500000	-5.37854578	44.48274107	13.90513728	-69.89095698	-20.62897056	-3.85672976	13.08462556
3.88333333	-4.89630650	43.43598572	12.98594988	-67.17226338	-20.39321241	-6.63310668	13.28958589
3.89166667	-5.09370246	43.15925340	12.84607072	-64.60887572	-20.28550317	-8.31568567	13.60188814
3.90000000	-5.17061183	42.66941595	12.66058806	-61.92653576	-20.35890275	-10.32122280	13.96673867
3.90833333	-5.15117865	41.98367978	12.45111917	-59.13999226	-20.54521157	-12.52836477	14.38089156
3.91666667	-4.89325815	40.84893331	12.03901463	-56.09692748	-20.83926523	-15.55176229	14.85207192
3.92500000	-4.91114838	40.14747617	11.95614971	-53.30615593	-21.27127277	-17.61086742	15.35083707
3.93333333	-4.93929313	39.36419661	11.96647653	-50.44089828	-21.80645328	-19.55281889	15.89433200
3.94166667	-4.89205215	38.42514191	11.97626464	-47.53058620	-22.48734125	-21.43029932	16.50582408
3.95000000	-4.62497688	37.09157920	11.73103331	-44.55599577	-23.16522268	-22.99121673	17.17641231
3.95833333	-4.72978751	36.26695246	11.97054727	-41.72155484	-24.04426019	-24.63793901	17.85989974
3.96666667	-4.44145025	34.97009840	11.76015265	-39.03368607	-24.85065213	-24.92976634	18.60767772
3.97500000	-4.60101922	34.13881546	12.18562963	-36.38916390	-25.92954944	-25.80517344	19.44079911
3.98333333	-4.77409492	33.32946059	12.57637166	-33.80526631	-27.01197745	-27.06876978	20.31989029
3.99166667	-5.05433057	32.71698707	13.16856272	-31.62125452	-28.21414561	-26.70641111	21.23977596
4.00000000	-5.35026975	32.04231905	13.78414381	-29.47169833	-29.43625658	-26.90400815	22.14583029
4.00833333	-5.54978579	31.39722609	14.33598872	-27.56616675	-30.75451706	-27.08864760	23.14302874
4.01666667	-5.72675163	30.75115890	14.88211802	-25.77845892	-32.14113283	-27.61444181	24.21200543
4.02500000	-6.17799095	30.53709140	15.76531607	-24.44572556	-33.63375623	-27.25473986	25.34353386
4.03333333	-6.39700233	30.10113871	16.31702011	-23.26554649	-35.00622459	-27.20920348	26.34335317
4.04166667	-6.46418668	29.52935741	16.75111032	-22.17502504	-36.45584191	-27.53207931	27.35591909
4.05000000	-7.06470546	29.64942074	17.94556942	-21.50822879	-38.21979548	-27.28524933	28.48528928
4.05833333	-7.12491206	29.14486984	18.38258488	-20.75773024	-39.71804461	-27.54378594	29.44823077
4.06666667	-7.64051947	29.14700981	19.53537573	-20.27924888	-41.53456253	-27.54328095	30.47540873
4.07500000	-7.70764923	28.66948256	20.01037283	-19.82345185	-43.07416253	-27.75185202	31.41235183
4.08333333	-8.44662898	28.96412552	21.48518238	-19.62779861	-44.99947580	-27.50877409	32.30574155
4.09166667	-8.55277219	28.54283748	22.01019046	-19.39240808	-46.54449648	-27.04038167	33.22126523
4.10000000	-8.92153842	28.46188531	22.81766226	-19.31759122	-48.11581719	-25.76443567	34.05110261
4.10833333	-9.69874200	29.04783863	24.08035295	-19.67572294	-49.74943011	-23.63790436	34.91973850
4.11666667	-10.03150794	28.94409789	24.93694602	-19.83548213	-51.42958221	-21.09548957	35.78960937
4.12500000	-10.45197668	29.03279892	25.64692201	-20.13913910	-52.90110910	-18.16954074	36.69091767
4.13333333	-10.96522534	29.26555462	26.69703324	-20.55064305	-54.59948705	-15.02534109	37.46134323
4.14166667	-10.97320250	28.90420803	27.00519120	-20.79869040	-56.05912570	-12.28351068	38.10560537
4.15000000	-11.39057595	29.19420870	27.79208182	-21.27708836	-57.65992698	-9.48543317	38.63518138
4.15833333	-11.32877551	29.00153341	28.14723999	-21.71570010	-59.30301400	-7.18065590	38.99970606
4.16666667	-11.92350721	29.71232242	29.34501857	-22.37406618	-61.17612014	-5.16254294	39.05693568
4.17500000	-12.27387417	30.19316127	30.28496288	-23.02801443	-63.10418291	-3.32916627	38.89282292
4.18333333	-12.09071007	30.02901713	30.73408671	-23.63147478	-65.04165552	-1.54605237	38.48922040
4.19166667	-12.14775573	30.19075970	31.41959809	-24.28706631	-67.10875025	0.09290772	37.74730073
4.20000000	-12.16395653	30.41449002	32.40903549	-25.02805492	-69.45836703	1.41751545	36.56221989
4.20833333	-12.48658297	31.12529759	33.96179539	-25.95867960	-72.03473791	2.37897985	34.85752853
4.21666667	-12.23637393	30.95570089	34.65102358	-26.63247232	-74.36668024	3.67414941	33.27736181
4.22500000	-11.96218186	30.79030167	35.46705124	-27.37029039	-76.81372842	4.73770848	31.52310618
4.23333333	-11.95560350	31.05597402	36.66958995	-28.19723198	-79.23331350	5.42135313	29.06758133
4.24166667	-11.80229833	31.16514611	37.79388654	-29.14656724	-81.60913877	6.23962714	26.76757993
4.25000000	-11.29189706	30.81133625	38.64169629	-29.98026117	-83.92578284	6.99503625	24.68311976
4.25833333	-10.76164868	30.43949230	39.30628224	-30.82462116	-85.90589292	7.55149837	22.13104006
4.26666667	-10.15367620	29.95395687	39.89382735	-31.60895625	-87.72120002	8.20112374	20.07317979
4.27500000	-9.76713351	29.57550909	40.53318235	-32.27491211	-89.19542098	8.80576343	17.79903486
4.28333333	-9.38300082	29.15494668	41.16826536	-32.77802844	-90.52515867	9.31262062	16.41962442
4.29166667	-9.00563367	28.58899003	41.82051543	-33.06113522	-91.57054285	9.83332523	15.49747017
4.30000000	-8.60419307	27.88150762	42.33714414	-33.09114545	-92.28557517	10.17797390	14.91012184
4.30833333	-7.99298111	26.86169471	42.48659882	-32.96049328	-92.62185985	10.24403234	14.63216972
4.31666667	-7.96504767	26.43338375	43.12081890	-32.87224753	-92.69048115	10.42882422	14.76984613
4.32500000	-8.06089720	26.09781491	43.76957184	-32.75255691	-92.48085882	10.97409264	15.19570211
4.33333333	-8.05716224	25.75451623	44.37386476	-32.68420946	-92.10701319	11.06372420	15.26972092
4.34166667	-8.00395896	25.29421183	44.83834210	-32.48777747	-91.48618939	11.41872637	15.42647489
4.35000000	-8.04808619	24.88507934	45.20438405	-32.27913794	-90.56789310	11.61603030	15.45139735
4.35833333	-8.20279856	24.47876559	45.62476227	-31.94448261	-89.43567481	11.77161487	15.43693047
4.36666667	-8.23667683	24.06644705	45.97801579	-31.70142376	-88.15863242	11.93566893	15.27335162
4.37500000	-8.34574776	23.67818833	46.24932623	-31.42037296	-86.66578557	12.07031046	15.06155469
4.38333333	-8.30525059	23.21418566	46.28529292	-31.22942458	-84.95715472	12.17562254	14.51780641
4.39166667	-8.48866899	22.79950313	46.46263115	-30.79786920	-83.07854807	12.29147847	14.24691533
4.40000000	-8.43143569	22.21131405	46.38128717	-30.44457049	-81.06345828	12.34332953	13.21923041
4.40833333	-8.50737711	21.78459021	46.32474495	-30.10004236	-78.89698135	12.40675350	12.38036152
4.41666667	-8.61687638	21.35308230	46.29235267	-29.69451231	-76.56543717	12.50495030	11.30940133
4.42500000	-8.53276748	20.71809135	45.83562319	-29.32158644	-74.00964658	12.57020859	9.82448048
4.43333333	-8.69570966	20.34454381	45.67115605	-28.97682055	-71.41015748	12.70992026	8.30263666
4.44166667	-8.82854519	19.95544923	45.46646691	-28.63145765	-68.72004752	12.87464733	6.52042691
4.45000000	-8.62196713	19.17991528	44.68867445	-28.31588947	-65.77975915	13.05637657	4.19695785
4.45833333	-8.88175538	18.91755299	44.45486406	-28.00516397	-62.89134771	13.26076922	2.25610290
4.46666667	-9.03408463	18.61177342	44.05987514	-27.81607848	-59.89952519	13.49983061	0.11414842
4.47500000	-8.48445043	17.50589301	42.69732485	-27.59539348	-56.62582188	13.87204557	-2.55023379
4.48333333	-8.73336428	17.36750481	42.24749166	-27.56580767	-53.49488946	14.22461019	-4.83874684
4.49166667	-8.79022377	17.05646035	41.57137196	-27.58554154	-50.32365414	14.61855608	-7.10856311
4.50000000	-8.76231315	16.61881055	40.69957835	-27.59137794	-47.10035284	15.09381033	-9.31843515
4.50833333	-8.74147694	16.25826371	39.90214437	-27.70770972	-43.96380925	15.58278988	-11.48090433
4.51666667	-8.26294308	15.31639355	38.42140187	-27.74593538	-40.79125750	16.17456692	-13.09940425
4.52500000	-8.45873980	15.26848289	37.78344810	-28.04062730	-37.77732615	16.65795418	-14.95318225
4.53333333	-8.31718331	14.92770166	36.81897867	-28.50365094	-34.99769342	17.25690444	-16.38580424
4.54166667	-8.47185533	14.87325641	36.14830968	-28.88970987	-32.21715243	17.87820304	-17.90053936
4.55000000	-8.58021674	14.81239883	35.37517322	-29.41219822	-29.61976281	18.54277441	-19.24026801
4.55833333	-8.18059869	14.12563774	34.21989928	-29.80661468	-27.44226992	19.24006073	-19.94360333
4.56666667	-8.34050413	14.14002517	33.67719740	-30.38906043	-25.35646440	19.91544460	-20.94363141
4.57500000	-8.49792204	14.17039003	33.15114475	-31.06388841	-23.58900317	20.69454801	-21.70798609
4.58333333	-8.59111676	14.15643851	32.69485179	-31.74016347	-22.01605732	21.43122535	-22.45357036
4.59166667	-8.72092857	14.20050100	32.27188266	-32.47284242	-20.69214007	22.16394339	-23.14640449
4.60000000	-8.91739202	14.32947901	31.88527547	-33.28805571	-19.51348690	22.97015547	-23.88431933
4.60833333	-9.05705929	14.36244619	31.51217439	-34.04786781	-18.52634052	23.39889551	-24.07874411
4.61666667	-9.24764977	14.47296786	31.24720200	-34.85672716	-17.71811969	24.44447258	-25.23060454
4.62500000	-9.49856324	14.75306982	30.95756748	-35.86487295	-16.97728127	25.27198861	-25.84593655
4.63333333	-9.56375751	14.84357322	30.52267676	-36.86011481	-16.42522628	25.59766224	-25.96600653
4.64166667	-9.71873402	14.99891489	30.08710392	-37.85647466	-15.86503802	26.29756870	-26.37055395
4.65000000	-10.51855150	16.03014768	30.42598593	-39.24893588	-15.53968536	27.84504543	-27.10883502
4.65833333	-10.74688393	16.33871134	30.12270553	-40.41695892	-15.37014819	28.57029320	-26.53997703
4.66666667	-10.98998674	16.49421800	29.87107878	-41.39447489	-15.34581289	29.31491614	-25.36458458
4.67500000	-11.19646336	16.75817950	29.74047957	-42.56058397	-15.78455103	29.97261276	-23.36990049
4.68333333	-11.37620101	16.99077538	29.46411084	-43.80294682	-16.18908050	30.57511151	-20.78167085
4.69166667	-11.59234055	17.26582561	29.29791665	-45.09102865	-16.80512446	31.18589703	-17.73599340
4.70000000	-11.62118966	17.37209467	28.87636053	-46.44819452	-17.38027881	31.55696004	-14.60765170
4.70833333	-11.94584783	17.88590388	29.07805821	-47.97173384	-18.28910282	32.04749164	-11.47275258
4.71666667	-11.90500247	18.04190328	28.79865405	-49.54973652	-19.03206667	32.04842758	-8.68584198
4.72500000	-12.55788893	19.17777912	29.34856388	-51.54194860	-19.84939022	32.08055432	-6.07185024
4.73333333	-12.90897466	20.12921396	29.66015488	-53.67433994	-20.60455627	31.62100591	-3.78645333
4.74166667	-12.87076710	20.66735588	29.43216025	-55.84134920	-21.21570105	30.91514331	-1.61499746
4.75000000	-13.72620837	22.53239443	30.38909527	-58.47260976	-21.98556282	29.81843642	0.13547416
4.75833333	-13.60838946	23.18870561	30.14159923	-60.84955592	-22.59488790	28.47424392	1.96172561
4.76666667	-14.26919410	24.92889943	30.88418742	-63.47523519	-23.29461179	26.48606516	3.38675169
4.77500000	-14.14134821	25.78112433	30.60951449	-66.01713247	-23.87150808	24.61622676	5.04365268
4.78333333	-14.42427039	27.24708910	30.77778910	-68.61270267	-24.39741096	21.88101289	6.34454049
4.79166667	-14.57872091	28.67979138	30.81546420	-71.27642185	-24.92019755	19.26665912	7.70288176
4.80000000	-14.29716439	29.64773233	30.24275447	-73.76221994	-25.29201156	16.67120663	8.94430538
4.80833333	-14.03116584	30.65085715	29.58023355	-76.18931812	-25.55573529	14.37900087	10.11979216
4.81666667	-13.77204304	31.72020461	29.01058105	-78.47524706	-25.85720287	12.15220471	11.08555107
4.82500000	-13.66997965	33.04934723	28.50594530	-80.62454483	-25.98620976	9.70545701	11.59084680
4.83333333	-13.70323432	34.38640261	28.30355607	-82.39688725	-26.35079177	7.49811920	12.24245793
4.84166667	-13.37681849	35.37650309	27.58806292	-84.04774499	-26.48783615	6.57759610	12.83345382
4.85000000	-13.02758162	36.16542647	26.70492881	-85.15190423	-26.43255581	5.09995622	13.17747038
4.85833333	-12.74017485	36.97696693	25.89772835	-86.05550970	-26.38222108	5.11430045	13.69909625
4.86666667	-12.11964068	37.26762349	24.62385577	-86.40378040	-26.13556718	3.77172950	13.84841364
4.87500000	-11.75348646	37.81022421	23.67288096	-86.54159364	-25.92835833	3.28597470	14.08409313
4.88333333	-11.38529192	38.11433880	22.70614906	-86.24205697	-25.70888028	2.81819611	14.32058300
4.89166667	-10.93785257	38.40478038	21.39880913	-85.79255463	-25.07232113	2.74093322	14.24562370
4.90000000	-10.44749907	38.51965362	20.18586981	-85.04809606	-24.56930512	2.34641856	14.20001868
4.90833333	-10.27149083	38.97903151	19.47043171	-84.20075251	-24.23726514	2.52199824	14.09010246
4.91666667	-9.65776782	38.82414547	17.97809168	-82.96795284	-23.55064548	1.78434008	14.04011436
4.92500000	-9.75429286	39.50681524	17.32699995	-81.76689043	-22.95779035	1.90189246	14.00802628
4.93333333	-9.05490262	39.10130731	15.73384081	-80.12369804	-22.26825221	1.51636855	13.91231756
4.94166667	-9.03254762	39.50008101	15.15135687	-78.48304427	-21.85277272	1.52226672	13.74896980
4.95000000	-8.85381221	39.63355459	14.43136605	-76.63650415	-21.51963228	1.65354721	13.74258012
4.95833333	-8.40815904	39.34079340	13.19273167	-74.57299791	-20.90572891	2.21589561	13.62829657
4.96666667	-8.57602391	39.78843388	12.71214051	-72.51429616	-20.44796500	2.17967300	13.51392620
4.97500000	-8.42403912	39.70037289	11.96930037	-70.14856676	-19.99448067	2.26495735	12.88278178
4.98333333	-7.53977776	38.67296922	10.28620763	-67.54535442	-19.40909699	2.80204063	12.64991531
4.99166667	-7.61285687	38.75513937	9.80672821	-64.98656325	-19.05552695	2.68440217	12.25250195
5.00000000	-7.85215215	39.00794432	9.44173897	-62.42191478	-18.75853139	2.60610988	12.21422202
5.00833333	-7.00973599	37.85030501	7.84152947	-59.41553862	-18.16789118	1.89927307	11.66580519
5.01666667	-7.05362887	37.72592670	7.35934692	-56.52148728	-17.87272391	1.42176308	11.36779150
5.02500000	-6.50445185	36.79398667	6.03198016	-53.41321584	-17.35192980	0.67393203	11.17205789
5.03333333	-6.64502661	36.75466459	5.64087458	-50.51560631	-17.09806808	-0.05285196	10.97352717
5.04166667	-6.24749263	35.97256871	4.61836408	-47.40587208	-16.80021249	-0.91432647	10.85242010
5.05000000	-6.26741911	35.71444623	4.09835283	-44.45614772	-16.57287711	-1.87881321	10.68408011
5.05833333	-5.84476446	34.87486736	2.89320277	-41.41074596	-16.08757099	-2.73852634	10.57729819
5.06666667	-6.06228811	34.81434583	2.58212641	-38.49660682	-15.92305911	-3.87748788	10.60180940
5.07500000	-6.12001186	34.55953950	2.13985670	-35.60358301	-15.80565719	-5.07392365	10.61514687
5.08333333	-5.54702164	33.52623419	0.80994242	-32.73036512	-15.39829312	-5.28479802	10.55873659
5.09166667	-5.79567134	33.46440051	0.52163223	-29.95891919	-15.27974248	-6.49223691	10.59886986
5.10000000	-5.62508237	32.98887079	-0.15716680	-27.42939765	-15.25925251	-6.42579138	10.68273546
5.10833333	-5.44972751	32.44100801	-0.93243224	-24.86363162	-15.10514847	-6.56773048	10.75274525
5.11666667	-5.47189856	32.18959034	-1.41111902	-22.56354735	-15.08490140	-6.52783948	10.78934353
5.12500000	-5.42076311	31.91572534	-1.98086931	-20.50428023	-15.06659412	-6.17631497	10.77515604
5.13333333	-5.65028237	31.93354241	-2.21442219	-18.39803002	-15.11158325	-6.76727530	10.75550552
5.14166667	-5.41101393	31.58327876	-3.01393177	-17.05704218	-15.06899693	-5.22314893	10.72227862
5.15000000	-5.49307521	31.58733304	-3.38114838	-15.67371384	-15.18863009	-4.71463250	10.69968473
5.15833333	-5.68327115	31.73958018	-3.60969258	-14.53941738	-15.35122113	-4.18944033	10.68639481
5.16666667	-5.85140934	31.85153041	-3.70390116	-13.53271548	-15.75470823	-3.75408746	10.68637515
5.17500000	-6.02806707	31.87444080	-3.81432770	-12.43654025	-16.11163364	-3.86456696	10.64218113
5.18333333	-6.30552867	32.16915741	-3.72370869	-11.99055909	-16.63424734	-3.36245093	10.57995620
5.19166667	-6.42827882	32.11540395	-3.78841846	-11.36720760	-17.14751761	-3.63942484	10.39707220
5.20000000	-6.59680278	32.08862774	-3.82508614	-10.93298033	-17.64001594	-4.21249413	10.13454969
5.20833333	-6.76968387	32.14254364	-3.79832203	-10.93516259	-18.23307467	-5.13987398	9.71744341
5.21666667	-6.92306752	32.18215731	-3.67645732	-11.19306923	-18.98109017	-6.24652923	9.22670307
5.22500000	-7.23714053	32.38305080	-3.34875718	-11.54920662	-19.79164676	-7.56300143	8.68028186
5.23333333	-7.24856090	32.32275611	-3.27971350	-12.18826867	-20.73758081	-8.56223955	7.95313505
5.24166667	-7.13895438	32.20523055	-3.25085815	-13.03049986	-21.82436082	-9.02649892	7.36893656
5.25000000	-7.50823609	32.47958627	-2.49884105	-13.42833885	-23.12672082	-10.37949587	6.23091646
5.25833333	-7.39104723	32.32987595	-2.07239447	-14.13766607	-24.76308189	-10.41118086	5.04576139
5.26666667	-7.14631844	32.07725486	-1.70557853	-14.94488888	-26.49068440	-10.37115157	4.05115704
5.27500000	-7.71773311	32.56561028	-0.21485498	-15.33019947	-28.50609362	-10.76039835	1.86475695
5.28333333	-7.52219126	32.25718328	0.56207814	-15.95491799	-30.62398437	-10.28501861	-0.20573535
5.29166667	-7.59220480	32.18963350	1.64726897	-16.53257016	-32.72387247	-9.96152965	-2.75673591
5.30000000	-8.01365215	32.45800956	3.36809681	-16.97661450	-35.11701290	-9.85072074	-5.30148251
5.30833333	-7.89694468	32.07725032	4.46469267	-17.37005228	-37.37885897	-9.19803125	-7.77623359
5.31666667	-8.36549583	32.30291092	6.27614120	-17.71066569	-39.66914124	-8.93935222	-10.29109619
5.32500000	-8.89676280	32.61541716	8.31443473	-18.05281469	-42.11437499	-8.47211074	-12.37957369
5.33333333	-8.87559179	32.16390541	9.63419797	-18.14978750	-44.32768395	-7.79545364	-14.04759384
5.34166667	-9.15777700	32.08726151	11.42039263	-18.28262669	-46.64934737	-7.26162088	-15.41217761
5.35000000	-9.79523214	32.43944015	13.73438914	-18.49245743	-49.08668948	-6.62115974	-16.14448039
5.35833333	-10.82670646	33.30402130	16.48381079	-18.84302153	-51.44447573	-6.34685676	-16.67795003
5.36666667	-11.41572152	33.59661491	18.66194012	-19.05139058	-53.58872907	-5.76629356	-16.80559132
5.37500000	-11.43466584	33.10992452	20.15483841	-18.94439329	-55.53672912	-5.15576993	-16.18639605
5.38333333	-11.66999479	32.89824796	21.92151757	-18.90439741	-57.36147724	-4.65045323	-15.60670533
5.39166667	-12.83370212	33.92317362	24.90259258	-19.27391027	-59.17006130	-4.12840956	-16.19881404
5.40000000	-13.02108353	33.65997184	26.56050986	-19.24602723	-60.58092643	-3.60407416	-15.83547926
5.40833333	-13.28506843	33.38606631	28.02129169	-19.15031165	-61.61956245	-3.04200283	-15.56621031
5.41666667	-13.21538278	32.69181516	29.16390711	-18.94108308	-62.50381849	-2.54391612	-14.64912965
5.42500000	-13.35869191	32.30632004	30.41053678	-18.93537825	-63.03728962	-1.84754036	-15.05349969
5.43333333	-13.26429885	31.58614204	31.48320927	-18.68341580	-63.58799592	-1.45194744	-14.08451565
5.44166667	-13.16902599	30.86993185	32.60297815	-18.43046076	-63.99490589	-1.04763011	-13.27356955
5.45000000	-13.13906653	30.19641349	33.38846906	-18.25651698	-63.92274310	-0.55102398	-12.39601694
5.45833333	-13.04003576	29.44290691	34.25104451	-18.01569949	-63.83482892	-0.14899955	-11.50467475
5.46666667	-12.68200829	28.46943951	34.65993672	-17.98628215	-63.46238174	0.78973437	-10.10443210
5.47500000	-12.67664160	27.72149296	35.56829477	-17.58713140	-63.03731949	1.14142955	-9.03752217
5.48333333	-12.38612489	26.85329818	35.99970490	-17.52086343	-62.49142308	1.74434373	-7.11700525
5.49166667	-12.37671898	26.21795201	36.67585547	-17.33138824	-61.67246407	2.20623626	-5.91349199
5.50000000	-12.36209850	25.66219203	37.37386761	-17.22544775	-60.79223122	2.67522839	-4.68104432
5.50833333	-11.99267105	24.56474643	37.67843762	-16.93740505	-59.83642369	3.36919385	-2.71324291
5.51666667	-11.98624795	23.99744218	38.24137300	-16.81555850	-58.59912576	3.86921377	-1.72611412
5.52500000	-11.89692540	23.23006777	38.67096130	-16.53830344	-57.20378968	4.39120288	-0.79779268
5.53333333	-11.36802356	21.96439713	38.49657304	-16.27708160	-55.62101403	4.97652139	0.39894147
5.54166667	-10.99976282	20.82932561	38.42234347	-15.95961118	-53.83620664	5.50601530	1.03912020
5.55000000	-11.08895454	20.33669874	38.78754282	-15.85119732	-52.01283698	5.94975892	1.24513203
5.55833333	-11.04214681	19.69448917	39.08118958	-15.70132802	-50.17671882	6.39600718	1.38389010
5.56666667	-11.08258136	19.18092402	39.54049444	-15.57534579	-48.32541233	6.59572743	1.43774773
5.57500000	-10.17985861	17.37411740	38.63406454	-15.15060148	-46.05796571	7.24932267	1.19011301
5.58333333	-10.14546971	16.74548021	38.82418405	-14.99580893	-44.00658714	7.59109912	0.88975649