0.00000000	-19.26011470	26.08369854	26.35641943	-12.16032801	-12.42410883	2.75761879	5.27780916
0.00833333	-19.23344513	26.10917792	26.28308514	-12.19609291	-12.38151094	2.70702625	5.32408423
0.01666667	-19.23918706	26.11087811	26.32181468	-12.21508360	-12.42575828	2.75466104	5.33656371
0.02500000	-19.15608768	25.99540097	26.19702176	-12.18590285	-12.38017877	2.69090180	5.25790750
0.03333333	-19.16940884	26.01667252	26.20499883	-12.19135979	-12.39371711	2.72834141	5.28454638
0.04166667	-19.17895748	25.99568418	26.21879653	-12.15228405	-12.39073367	2.73607837	5.28896489
0.05000000	-19.17461546	25.97183217	26.21978009	-12.13256595	-12.39313820	2.71378782	5.27999815
0.05833333	-19.12956842	25.95721048	26.14088868	-12.16913200	-12.37630794	2.69739526	5.28017013
0.06666667	-19.14736269	25.93427719	26.15862434	-12.12670163	-12.37406971	2.73290432	5.28783735
0.07500000	-19.09194989	25.86896203	26.09862843	-12.12044949	-12.37639479	2.70530822	5.26111325
0.08333333	-19.13235896	25.89775114	26.14075238	-12.12047288	-12.36433001	2.75484375	5.29973244
0.09166667	-19.15243797	25.91097115	26.15415719	-12.11940736	-12.36404034	2.76646521	5.30475762
0.10000000	-19.18064332	25.98835507	26.24107483	-12.18213952	-12.46259590	2.81964247	5.33066311
0.10833333	-19.16336293	25.93079554	26.17020511	-12.13429345	-12.37311048	2.74398189	5.28195195
0.11666667	-19.18192649	25.96988394	26.20454525	-12.16399572	-12.40106519	2.79181058	5.31233046
0.12500000	-19.19804788	25.98874556	26.22467984	-12.18295661	-12.41075762	2.82408962	5.33134073
0.13333333	-19.07099532	25.82354739	26.03888352	-12.14577435	-12.33328499	2.74235364	5.24535226
0.14166667	-19.09089859	25.85519731	26.06228028	-12.17328318	-12.34866377	2.77158203	5.26499722
0.15000000	-19.08926073	25.86216841	26.05308523	-12.17496100	-12.33939993	2.75627063	5.25797876
0.15833333	-19.12223020	25.89314540	26.08926383	-12.18924656	-12.34342890	2.78146794	5.27662901
0.16666667	-19.14415988	25.89097789	26.10625647	-12.17595943	-12.34108560	2.80159755	5.28974312
0.17500000	-19.14858377	25.91022998	26.10863938	-12.19962339	-12.33709102	2.80135618	5.30684960
0.18333333	-19.16285103	25.89680491	26.12723848	-12.18349327	-12.34379171	2.81965767	5.31637265
0.19166667	-19.14926740	25.87872677	26.12528618	-12.17736865	-12.36364942	2.78913274	5.29334938
0.20000000	-19.16285273	25.90317631	26.14120027	-12.19763580	-12.37579529	2.82745801	5.32278053
0.20833333	-19.12053987	25.90298030	26.08651005	-12.24004893	-12.37529244	2.78731787	5.29607005
0.21666667	-19.12317276	25.91071835	26.06603390	-12.25455508	-12.35421477	2.83204022	5.32369199
0.22500000	-19.08473682	25.85218700	26.03696249	-12.22435269	-12.37343757	2.80293880	5.29052949
0.23333333	-18.90273362	25.61888562	25.76697254	-12.17609440	-12.26982198	2.82754361	5.25736961
0.24166667	-18.95795536	25.63104412	25.83557721	-12.14624319	-12.29521774	2.87757858	5.30370224
0.25000000	-19.01117619	25.66009585	25.92387262	-12.12629255	-12.33223661	2.88536562	5.32497845
0.25833333	-19.02207047	25.69243832	25.93748539	-12.15451061	-12.33433398	2.83283523	5.30283484
0.26666667	-19.05574983	25.75363158	26.00451638	-12.17915247	-12.39399484	2.90287594	5.34318327
0.27500000	-19.06559333	25.72941151	25.99584934	-12.15637360	-12.35636893	2.88628389	5.33803513
0.28333333	-19.08892669	25.75317143	25.98064127	-12.16823688	-12.33197564	2.87124723	5.33232783
0.29166667	-19.11288727	25.79336486	26.01229123	-12.18966868	-12.34504621	2.90943483	5.35836770
0.30000000	-19.13217308	25.81741054	26.04486304	-12.21293843	-12.36427501	2.95234880	5.39516603
0.30833333	-19.09425686	25.78238600	26.07942108	-12.19903136	-12.45193427	2.88054812	5.36459445
0.31666667	-19.10022727	25.78434573	26.03075568	-12.19767296	-12.39448219	2.89022134	5.37150185
0.32500000	-19.08522947	25.74017342	26.01201470	-12.18205156	-12.38949280	2.87942865	5.35072945
0.33333333	-19.09595975	25.78544858	26.08725499	-12.21836136	-12.46141195	2.93109740	5.39048197
0.34166667	-19.11261663	25.80843004	26.12752281	-12.22293339	-12.49279079	2.94416290	5.41851169
0.35000000	-19.11961128	25.81013562	26.09031527	-12.20825071	-12.46013382	2.91464391	5.41284098
0.35833333	-19.02031940	25.70019586	25.96915783	-12.20349624	-12.44412044	2.90571510	5.39668340
0.36666667	-19.04858402	25.73711453	26.06011571	-12.21463037	-12.50927919	2.94824869	5.42299364
0.37500000	-19.07638026	25.77469239	26.11797732	-12.21389612	-12.55437260	2.97923974	5.44529941
0.38333333	-19.10752461	25.78707590	26.16314811	-12.18827963	-12.55501316	2.93497244	5.43284264
0.39166667	-19.12034659	25.77635165	26.18593271	-12.16820390	-12.56126874	2.90520358	5.40560429
0.40000000	-19.15335485	25.87336858	26.26905984	-12.24212690	-12.65532360	2.97291325	5.44722964
0.40833333	-19.12443940	25.83973000	26.20329508	-12.23573375	-12.59358027	2.90319756	5.41287564
0.41666667	-19.14763976	25.87398793	26.24542302	-12.25970436	-12.60206738	2.95428172	5.44755888
0.42500000	-19.15091935	25.86473396	26.24001690	-12.22916712	-12.59382285	2.94032497	5.43572212
0.43333333	-19.17765186	25.91881494	26.28928866	-12.27241425	-12.63119445	2.98174773	5.46709575
0.44166667	-18.99898984	25.67457013	26.05036695	-12.16544902	-12.56418317	2.85183508	5.40430414
0.45000000	-19.03661898	25.72048048	26.09569425	-12.18102243	-12.56557487	2.90023830	5.43219374
0.45833333	-19.05404610	25.73484630	26.12295908	-12.17655567	-12.57213679	2.89198025	5.41611457
0.46666667	-19.08639783	25.79454839	26.17523458	-12.20789724	-12.59703859	2.93538396	5.44349436
0.47500000	-19.08635890	25.79195136	26.16111884	-12.19915042	-12.57517388	2.88926897	5.40876989
0.48333333	-19.05007745	25.82799125	26.11079526	-12.26528239	-12.56762819	2.86747126	5.40674719
0.49166667	-19.06865410	25.86517911	26.13155978	-12.28820913	-12.56291125	2.91337702	5.43764797
0.50000000	-19.02712054	25.81728521	26.07106268	-12.26797777	-12.54288408	2.85618607	5.38209779
0.50833333	-19.02697577	25.81234456	26.07388613	-12.25832745	-12.53709432	2.86132914	5.37992461
0.51666667	-19.05585570	25.86832568	26.13210371	-12.29621547	-12.58256320	2.91944496	5.41878220
0.52500000	-19.04572036	25.82117599	26.08964218	-12.23854241	-12.51975786	2.85249932	5.37505659
0.53333333	-19.07895881	25.87893065	26.15520485	-12.26011204	-12.56762473	2.90951131	5.40814655
0.54166667	-19.06804283	25.84452824	26.11388001	-12.23439355	-12.50573348	2.86152924	5.38049757
0.55000000	-19.08388013	25.86242980	26.13332076	-12.23945347	-12.49864049	2.88269311	5.40462611
0.55833333	-19.10678111	25.91698740	26.18298386	-12.26143576	-12.54524833	2.91654656	5.42493810
0.56666667	-19.10087323	25.87501649	26.15446454	-12.21803269	-12.49420408	2.86012508	5.39522015
0.57500000	-19.03436030	25.81279418	26.08239219	-12.20941468	-12.50426036	2.79680524	5.37037977
0.58333333	-19.05661507	25.81396556	26.12295053	-12.18667281	-12.51376668	2.82717818	5.39210732
0.59166667	-19.07802191	25.84559711	26.14859805	-12.20152946	-12.51309009	2.84792672	5.41607896
0.60000000	-19.08089819	25.86088648	26.15377240	-12.19994494	-12.51208811	2.82155023	5.37798889
0.60833333	-19.09689713	25.87838261	26.17268277	-12.20416614	-12.50834422	2.84411522	5.37351801
0.61666667	-19.10972735	25.89686906	26.19325592	-12.21419733	-12.51060107	2.85569869	5.36236629
0.62500000	-19.06272747	25.85008178	26.11011578	-12.21439594	-12.46600292	2.79395301	5.28859624
0.63333333	-19.08889452	25.92985699	26.20207874	-12.28144548	-12.56083738	2.85721739	5.32009975
0.64166667	-19.09275355	25.88516204	26.16644671	-12.20069213	-12.48590314	2.82952674	5.31692886
0.65000000	-19.08433102	25.87222649	26.17007711	-12.19183505	-12.49343313	2.77657162	5.30621781
0.65833333	-19.03815460	25.78428046	26.14178027	-12.11492543	-12.54382936	2.68150767	5.39764973
0.66666667	-19.07746079	25.85498464	26.20668855	-12.14510058	-12.57832844	2.75332449	5.42635893
0.67500000	-19.08369978	25.85340015	26.20973724	-12.13122113	-12.55826337	2.73488819	5.39375381
0.68333333	-19.10448490	25.88327378	26.23303274	-12.13633112	-12.55801288	2.75812855	5.41092667
0.69166667	-19.10662448	25.88513337	26.24597866	-12.15399560	-12.56092884	2.73031156	5.38578250
0.70000000	-19.14158154	25.93396809	26.26949225	-12.15273645	-12.54939547	2.76011427	5.40643440
0.70833333	-19.14185888	25.95310648	26.28408789	-12.17639318	-12.55213240	2.75943607	5.39487998
0.71666667	-19.12730709	25.93693905	26.25971763	-12.16709777	-12.52904110	2.71891729	5.34720310
0.72500000	-19.16831362	25.99071081	26.30203182	-12.19517340	-12.52977076	2.77179811	5.39423457
0.73333333	-19.16245853	25.98323848	26.29968741	-12.16650584	-12.52231733	2.73543025	5.35521535
0.74166667	-19.17482189	26.00676502	26.31507365	-12.17965517	-12.51851264	2.75417911	5.36891859
0.75000000	-19.20730011	26.08750228	26.41914475	-12.22745418	-12.61951194	2.81026120	5.39072148
0.75833333	-19.09016103	25.89205423	26.23017349	-12.11355127	-12.54442478	2.64656322	5.38824942
0.76666667	-19.11356457	25.91438738	26.27860223	-12.09675725	-12.57039828	2.68496126	5.40209019
0.77500000	-19.14592471	25.99902262	26.37384480	-12.15445497	-12.65970666	2.74299452	5.42772785
0.78333333	-19.12292075	25.95207480	26.29147172	-12.12102450	-12.55590952	2.65063105	5.36798919
0.79166667	-19.15907725	26.02440419	26.38094018	-12.14724625	-12.62461647	2.71823620	5.40147201
0.80000000	-19.17050548	25.99293358	26.35907193	-12.11018280	-12.55656307	2.70910954	5.40642242
0.80833333	-19.17581709	26.00544648	26.36912064	-12.10288630	-12.55115742	2.68445317	5.38748945
0.81666667	-19.19098539	26.05029110	26.40902700	-12.13862252	-12.59192381	2.70132862	5.39600468
0.82500000	-19.20086211	26.05294541	26.41269331	-12.11600915	-12.56065504	2.68840636	5.39139819
0.83333333	-19.21871675	26.11349111	26.49105275	-12.16002693	-12.65263704	2.72702866	5.39973745
0.84166667	-19.12543163	25.97177132	26.32636691	-12.10039067	-12.53146493	2.62135129	5.28454511
0.85000000	-19.10216231	25.96308129	26.31375054	-12.10195537	-12.53644295	2.59163936	5.27275353
0.85833333	-19.13018417	25.99454001	26.36358728	-12.10410761	-12.54733592	2.64067624	5.30277529
0.86666667	-19.12331780	25.97010364	26.36475071	-12.06785260	-12.53386654	2.59441200	5.26718874
0.87500000	-19.10730600	25.95136516	26.37661624	-12.03929519	-12.56266316	2.52059223	5.26184228
0.88333333	-19.13781305	26.02457467	26.45078688	-12.09030598	-12.62211485	2.59417438	5.29580801
0.89166667	-19.13293616	25.98446552	26.41046750	-12.03644534	-12.55293275	2.55419513	5.26957588
0.90000000	-19.13906115	25.99578216	26.41950326	-12.03551046	-12.53317474	2.52427342	5.25835408
0.90833333	-19.15417657	26.00051529	26.44390303	-12.01893808	-12.53310673	2.53342610	5.25651220
0.91666667	-19.18285475	26.05482992	26.50623085	-12.05054787	-12.57698978	2.59290623	5.29204662
0.92500000	-19.19821738	26.06308826	26.51388956	-12.03586538	-12.53613169	2.59790396	5.29109201
0.93333333	-19.20594975	26.06197273	26.52096389	-12.02466583	-12.51571533	2.58039258	5.26908810
0.94166667	-19.19555030	26.05839700	26.53786573	-12.02368569	-12.54121748	2.51934000	5.20303174
0.95000000	-19.22480178	26.12250201	26.60337253	-12.06118455	-12.57789795	2.58185234	5.24170038
0.95833333	-19.24132134	26.12712127	26.59412121	-12.04653095	-12.52392844	2.57583296	5.23940493
0.96666667	-19.24556276	26.12618731	26.60128708	-12.03007404	-12.53148179	2.54465223	5.20146767
0.97500000	-19.26060902	26.13113372	26.62954943	-12.00957130	-12.51814854	2.53793764	5.19352939
0.98333333	-19.29024378	26.22300309	26.72610397	-12.06940476	-12.61739346	2.58954784	5.21600106
0.99166667	-19.24703911	26.13920677	26.62667929	-12.01138339	-12.50941694	2.48999810	5.12024527
1.00000000	-19.26525727	26.18270847	26.66184633	-12.04273581	-12.51453617	2.51826390	5.14910547
1.00833333	-19.27821566	26.17401770	26.66624892	-11.99466447	-12.50641920	2.48583079	5.12323146
1.01666667	-19.29482794	26.19693989	26.69359964	-12.00716238	-12.50275476	2.49902203	5.13971170
1.02500000	-19.22917364	26.13054484	26.61243418	-12.00544852	-12.49538688	2.47525548	5.08275638
1.03333333	-19.27174277	26.19918918	26.68849984	-12.03315054	-12.54397499	2.53888483	5.13328152
1.04166667	-19.29546691	26.17701785	26.67297554	-11.98264398	-12.46891237	2.52336190	5.15285252
1.05000000	-19.32074604	26.20385432	26.71678040	-11.97380449	-12.47963557	2.52083639	5.15745171
1.05833333	-19.32098319	26.21828122	26.71333073	-11.97768481	-12.46402984	2.44067213	5.11586168
1.06666667	-19.33691026	26.26945178	26.77835130	-12.01673588	-12.52454661	2.49887668	5.14982927
1.07500000	-19.38594480	26.32751902	26.83454100	-12.02581764	-12.54027913	2.54578511	5.18699231
1.08333333	-19.40255649	26.31972622	26.82524200	-11.99319261	-12.48442773	2.52480731	5.18365887
1.09166667	-19.39039470	26.29652472	26.80508802	-11.97351281	-12.47319265	2.45913032	5.14272677
1.10000000	-19.37487540	26.29299426	26.76782903	-11.99894292	-12.47794389	2.48653606	5.12019080
1.10833333	-19.40675064	26.33570271	26.81421697	-12.01797012	-12.49359887	2.52419745	5.16641724
1.11666667	-19.40679409	26.32742720	26.79124768	-11.98521568	-12.45538406	2.46514501	5.16003095
1.12500000	-19.42500800	26.39691431	26.85485385	-12.05458583	-12.52094768	2.50496771	5.18816768
1.13333333	-19.43781515	26.39470261	26.85588137	-12.02652992	-12.50253500	2.48389783	5.17150096
1.14166667	-19.44531684	26.40646488	26.86261561	-12.02519192	-12.49018618	2.46509858	5.15579170
1.15000000	-19.44359598	26.41336077	26.88815469	-12.02543529	-12.51984240	2.45969289	5.15786836
1.15833333	-19.28358995	26.21982326	26.71696572	-11.97528160	-12.52438982	2.38162769	5.14993672
1.16666667	-19.32426781	26.28584733	26.78293158	-11.99669856	-12.54949750	2.43464469	5.18739737
1.17500000	-19.34909815	26.33001370	26.80775096	-12.00207034	-12.54586097	2.38145288	5.14814337
1.18333333	-19.36972165	26.36691880	26.83479160	-12.01470417	-12.54708574	2.38699962	5.14538197
1.19166667	-19.41020748	26.42821322	26.90834896	-12.04158589	-12.60076552	2.45686199	5.18369754
1.20000000	-19.40858437	26.40852162	26.88350696	-12.03134765	-12.54429097	2.43910321	5.17525365
1.20833333	-19.41309961	26.41949640	26.89133898	-12.04318365	-12.53921099	2.42110964	5.15094693
1.21666667	-19.42538864	26.46375254	26.91712021	-12.09005329	-12.54402329	2.44129665	5.16835056
1.22500000	-19.39098967	26.41947025	26.87019679	-12.06141811	-12.53015073	2.36753347	5.10274523
1.23333333	-19.41657818	26.43327111	26.90207693	-12.04360552	-12.52099498	2.38162066	5.11994397
1.24166667	-19.43018501	26.44578874	26.92622816	-12.03278674	-12.52580426	2.36920205	5.12298825
1.25000000	-19.45979904	26.49689114	26.97323523	-12.04322560	-12.53673903	2.39781196	5.14690600
1.25833333	-19.40836211	26.44058915	26.90813948	-12.01820506	-12.51468032	2.30621475	5.06555194
1.26666667	-19.44615817	26.49966069	26.97319985	-12.02095015	-12.53894681	2.36102530	5.10931397
1.27500000	-19.47436087	26.51820780	26.98873531	-11.98817986	-12.50065434	2.37078486	5.12104513
1.28333333	-19.47069336	26.49367786	26.98072395	-11.95474134	-12.47158450	2.27851810	5.04252051
1.29166667	-19.49766886	26.52669802	27.00191752	-11.95818695	-12.44976790	2.29118214	5.05505572
1.30000000	-19.50591124	26.54155768	27.01299339	-11.95097112	-12.44292664	2.24654700	5.01056955
1.30833333	-19.52979672	26.57839110	27.05306172	-11.97081952	-12.44785145	2.28930388	5.04337769
1.31666667	-19.54596830	26.56833680	27.04983443	-11.93924714	-12.39998278	2.27165831	5.02892554
1.32500000	-19.57120590	26.59427877	27.07506827	-11.93126431	-12.37866157	2.27971973	5.03937431
1.33333333	-19.59419966	26.62994802	27.11732506	-11.93257248	-12.39687848	2.29636226	5.04881831
1.34166667	-19.61396796	26.64421095	27.12773652	-11.91206314	-12.36648403	2.29015577	5.04327594
1.35000000	-19.58371706	26.61327118	27.07932081	-11.89446243	-12.33967731	2.17075102	4.92896592
1.35833333	-19.44950974	26.50088215	26.92064523	-11.89400118	-12.34013267	2.19456090	4.94274772
1.36666667	-19.47322067	26.52565475	26.94330982	-11.87769430	-12.32809861	2.15068847	4.96439275
1.37500000	-19.48556440	26.54691498	26.95355794	-11.87555179	-12.31649668	2.10686195	4.92714117
1.38333333	-19.52839349	26.58197383	26.99898952	-11.87220519	-12.31944597	2.16024526	4.95964617
1.39166667	-19.52096459	26.56153827	26.98145935	-11.85460446	-12.28983802	2.09653163	4.90393870
1.40000000	-19.54581990	26.59247756	27.00727372	-11.85738436	-12.28560104	2.13370809	4.93373386
1.40833333	-19.54818664	26.57368723	26.99006427	-11.81441126	-12.25366786	2.10659264	4.91367558
1.41666667	-19.55651086	26.59299358	27.00997786	-11.83531222	-12.25697692	2.10461221	4.90261364
1.42500000	-19.58562221	26.63423974	27.05325547	-11.84637015	-12.28042673	2.14585643	4.92069884
1.43333333	-19.58964270	26.62147373	27.04187603	-11.83337977	-12.23304879	2.12310319	4.89665100
1.44166667	-19.50063228	26.51796267	26.92943850	-11.80470351	-12.23183542	2.07334161	4.84476999
1.45000000	-19.53130465	26.55611983	26.97983420	-11.81607239	-12.25052573	2.11645876	4.88262921
1.45833333	-19.54373298	26.55858942	26.97590589	-11.79438725	-12.22369004	2.07513299	4.87319425
1.46666667	-19.56138042	26.57077329	26.99544246	-11.79485167	-12.21758406	2.09189491	4.89834392
1.47500000	-19.55810206	26.57362851	27.00955959	-11.79656816	-12.23468069	2.05119922	4.89331798
1.48333333	-19.56935200	26.57545336	27.02730900	-11.78723318	-12.23929182	2.07911310	4.91738805
1.49166667	-19.56908566	26.58383101	27.04418758	-11.79536119	-12.25302002	2.06467148	4.92027416
1.50000000	-19.60265692	26.64162616	27.10882121	-11.82377918	-12.30586181	2.12083585	4.96037354
1.50833333	-19.60121846	26.60773999	27.09116406	-11.79413757	-12.25647691	2.08909086	4.95015628
1.51666667	-19.51854438	26.51452247	27.00386420	-11.80127643	-12.24698646	2.06351892	4.89293790
1.52500000	-19.55150261	26.55614870	27.04767330	-11.81379781	-12.25535973	2.09731034	4.92560097
1.53333333	-19.55672994	26.55832634	27.07716601	-11.79242123	-12.27946724	2.04265795	4.89910933
1.54166667	-19.58947454	26.57449479	27.11006811	-11.76654200	-12.27547627	2.07133778	4.93260327
1.55000000	-19.58400847	26.54394266	27.13507992	-11.75090126	-12.30467366	2.00869122	4.90814792
1.55833333	-19.61723662	26.58223417	27.18170796	-11.75449960	-12.32523533	2.05992368	4.95387870
1.56666667	-19.64392865	26.59558815	27.22579887	-11.75019785	-12.33705407	2.08082315	4.98338701
1.57500000	-19.65828940	26.62476313	27.25479920	-11.75926170	-12.36933434	2.08517678	4.99989173
1.58333333	-19.55491438	26.53460983	27.12223674	-11.84835497	-12.30971333	2.20810604	4.93726352
1.59166667	-19.56092871	26.53558936	27.18062519	-11.85105304	-12.37172111	2.16424485	4.98093457
1.60000000	-19.59428725	26.58803382	27.23404702	-11.87576118	-12.41476560	2.15329309	5.03146790
1.60833333	-19.63703226	26.63457202	27.28065169	-11.88762853	-12.44415166	2.19898754	5.10442846
1.61666667	-19.63391197	26.62774200	27.30203924	-11.87582615	-12.50362724	2.15401990	5.13057718
1.62500000	-19.65671754	26.67100066	27.37438724	-11.91624135	-12.60489391	2.22193545	5.19277795
1.63333333	-19.62573531	26.61076643	27.36779028	-11.88846352	-12.67177763	2.18236878	5.24736570
1.64166667	-19.61933321	26.58153150	27.40269995	-11.89718676	-12.76188330	2.19328075	5.32364705
1.65000000	-19.63287819	26.66318908	27.50299656	-11.99279099	-12.93102196	2.26616734	5.36990645
1.65833333	-19.52840312	26.53977915	27.34875802	-11.99531114	-12.91626738	2.23511254	5.46972128
1.66666667	-19.58140836	26.59811851	27.31985637	-12.03881026	-12.90415067	2.32487173	5.51572226
1.67500000	-19.59483829	26.65765966	27.42926622	-12.12485706	-13.07439561	2.38707881	5.56651510
1.68333333	-19.56402607	26.56780026	27.44465911	-12.07633541	-13.14597551	2.38639881	5.67420533
1.69166667	-19.46102973	26.47667974	27.43754624	-12.11560744	-13.30783635	2.32923219	5.80853727
1.70000000	-19.39701415	26.43884315	27.45545385	-12.15371509	-13.44433202	2.35214831	5.87382473
1.70833333	-19.36031448	26.45969473	27.53822520	-12.25647057	-13.65562155	2.41169355	5.92933306
1.71666667	-19.09584285	26.10857019	27.24347898	-12.16794142	-13.61282605	2.34616919	5.90407945
1.72500000	-19.08907133	26.15572707	27.33866162	-12.27226213	-13.81777414	2.40959256	5.97509424
1.73333333	-19.01833552	26.06132229	27.35385539	-12.26563967	-14.00491948	2.42161349	6.13962003
1.74166667	-18.88822314	25.88595971	27.32028639	-12.24970987	-14.18998371	2.38923185	6.26801524
1.75000000	-18.85153189	25.94458851	27.39948086	-12.40537338	-14.40962008	2.45868896	6.32101340
1.75833333	-18.76444672	25.86923611	27.41488663	-12.47673062	-14.59068429	2.50748664	6.44295943
1.76666667	-18.55910135	25.64082806	27.27122204	-12.50834795	-14.72001487	2.46951135	6.56479719
1.77500000	-18.51103968	25.61795448	27.31175167	-12.60716323	-14.89131618	2.54695619	6.60596288
1.78333333	-18.50164142	25.62650777	27.32571269	-12.69476325	-15.01022761	2.57756711	6.74550353
1.79166667	-18.47773745	25.59198329	27.38577024	-12.66445153	-15.12939456	2.44286441	6.66689402
1.80000000	-18.45779360	25.65262671	27.41492659	-12.85901600	-15.28493228	2.54695481	6.81326777
1.80833333	-18.40665174	25.70557872	27.41595346	-13.06642370	-15.41428853	2.62190247	6.90371354
1.81666667	-18.17088059	25.51430681	27.17115677	-13.15170328	-15.47056428	2.56497235	6.93924590
1.82500000	-18.13038498	25.53535972	27.20572821	-13.34572446	-15.59997971	2.65631366	6.99254708
1.83333333	-18.08065219	25.48685977	27.18414004	-13.49276891	-15.66086647	2.77015612	7.08396615
1.84166667	-18.05833791	25.51179913	27.18262358	-13.69915077	-15.71413514	2.87217954	7.14799834
1.85000000	-17.97112170	25.50191928	27.10278699	-13.89858378	-15.73315273	2.86322765	7.18880498
1.85833333	-17.88903784	25.66169892	27.00785066	-14.30508401	-15.75259716	2.91710486	7.20752110
1.86666667	-17.81620583	25.80387009	27.08114564	-14.72290226	-16.03529462	2.98851636	7.19996434
1.87500000	-17.50364632	25.47142633	26.53146495	-14.71372427	-15.73973167	2.68199878	7.09817361
1.88333333	-17.46922336	25.62357471	26.50970542	-15.15104014	-15.83769143	2.84015258	7.17913301
1.89166667	-17.36678462	25.77907413	26.39208777	-15.69992551	-15.89674849	3.11134208	7.35783111
1.90000000	-17.18981457	25.85841924	26.22345620	-16.23206673	-15.95702903	3.22336898	7.49047545
1.90833333	-16.95501713	25.76973575	25.98226905	-16.53559476	-16.02112378	2.78435027	7.53638782
1.91666667	-16.92046669	26.02347515	25.96980681	-17.12922863	-16.12802638	2.72731057	7.76352517
1.92500000	-16.80735759	26.26143446	25.78199089	-17.88882899	-16.10658327	2.97335306	7.88597010
1.93333333	-16.60242690	26.38160573	25.48123685	-18.49714277	-16.09837308	2.71283655	7.96343044
1.94166667	-16.42783529	26.62108273	25.27060373	-19.25903262	-16.17042847	2.53286944	8.15558034
1.95000000	-16.21375607	26.96063660	25.01775374	-20.28016674	-16.18324042	2.63841394	8.27400608
1.95833333	-15.81762405	26.92463638	24.55238661	-21.00522263	-16.18577654	2.12767661	8.31712530
1.96666667	-15.63041971	27.25117657	24.34100630	-22.03609806	-16.22257617	2.20109407	8.38787682
1.97500000	-15.35708797	27.57759599	23.99151462	-23.17841497	-16.22525582	2.13665680	8.48538019
1.98333333	-15.03359098	27.83390858	23.54186585	-24.15311056	-16.17188860	1.33918835	8.49576034
1.99166667	-14.77119283	28.26618850	23.22769225	-25.40714537	-16.20660686	1.20932770	8.57350673
2.00000000	-14.42253765	28.58754637	22.86607900	-26.50187738	-16.37951922	0.05633984	8.87262262
2.00833333	-14.11718152	29.07105255	22.51859262	-27.89212637	-16.40603220	-0.14553747	8.93515242
2.01666667	-13.74529662	29.52584244	22.06794591	-29.30595912	-16.41397999	-0.81856970	9.07505039
2.02500000	-13.41630865	30.04576628	21.70907444	-30.74617721	-16.45818824	-1.12878423	9.09045721
2.03333333	-12.93094353	30.36846789	21.14613730	-32.01084244	-16.48010848	-2.71014866	9.21527994
2.04166667	-12.59742889	30.96309681	20.75245557	-33.47798711	-16.50095361	-2.99211326	9.25546879
2.05000000	-12.05591392	31.24641082	20.06635434	-34.73547458	-16.53526157	-4.25211714	9.49143127
2.05833333	-11.76737908	31.78898209	19.67088900	-36.05047474	-16.49622833	-4.39747788	9.50975459
2.06666667	-11.50891024	32.40685450	19.31768720	-37.38824280	-16.47875500	-4.74391983	9.64768226
2.07500000	-11.23869160	32.92131601	18.95386072	-38.50436120	-16.45489113	-4.83662632	9.65740490
2.08333333	-10.96575816	33.42236676	18.62664515	-39.52016065	-16.46965651	-4.91921927	9.70063071
2.09166667	-10.20596224	33.24830643	17.73742084	-40.19209247	-16.52055098	-5.78050287	9.96670127
2.10000000	-9.99948598	33.68392135	17.44924225	-40.88321425	-16.50344315	-5.74723020	9.97523302
2.10833333	-9.83951201	34.14817636	17.24308510	-41.51310039	-16.53048845	-5.49296436	10.07005784
2.11666667	-9.71557249	34.55949657	17.00738470	-41.91124718	-16.44899008	-5.40551164	10.09637891
2.12500000	-9.66698091	34.97072069	16.73518658	-42.14161192	-16.28810173	-5.31513376	10.14299218
2.13333333	-9.68846306	35.35566883	16.82094618	-42.11388586	-16.54084388	-5.23962646	10.45956011
2.14166667	-9.59854655	35.64951784	16.61751200	-42.05355007	-16.42844102	-5.13382688	10.45744412
2.15000000	-9.32378143	35.63872710	16.23983233	-41.82636827	-16.33483357	-5.10521054	10.41552609
2.15833333	-9.29273308	35.90994636	16.11318281	-41.49781090	-16.28308226	-5.06228297	10.44345276
2.16666667	-9.06576206	35.82514757	15.72910991	-41.02155533	-16.12484735	-5.28404407	10.45455732
2.17500000	-9.09890894	36.02519867	15.60458040	-40.46629066	-16.02996532	-5.29336711	10.50910854
2.18333333	-8.76375498	35.64085005	15.01339766	-39.59252362	-15.77622646	-6.43142472	10.51323071
2.19166667	-8.76250900	35.77544364	14.80426492	-38.91245202	-15.65068057	-6.67627987	10.60833204
2.20000000	-8.59064893	35.63011110	14.47052151	-38.08946279	-15.55482777	-7.40080943	10.70148021
2.20833333	-8.26706069	35.25699812	13.99368541	-37.10114894	-15.48660480	-8.46867471	10.79381283
2.21666667	-8.22831933	35.25355260	13.88042467	-36.21527875	-15.54280851	-8.99110874	10.90979074
2.22500000	-8.02002530	34.93103066	13.55331698	-35.18978117	-15.49969302	-10.20111956	11.08605188
2.23333333	-7.95586907	34.82234568	13.42345842	-34.20203237	-15.58606671	-11.09734465	11.24027920
2.24166667	-7.65205009	34.32254866	12.85898670	-33.00087141	-15.42872624	-12.64743793	11.41049245
2.25000000	-7.64143413	34.16009165	12.79140183	-31.91284103	-15.52072452	-13.79583783	11.64475413
2.25833333	-7.61767629	34.02129704	12.70224046	-30.83258244	-15.64886817	-14.88609347	11.89991815
2.26666667	-7.49081136	33.62565794	12.47490568	-29.61558819	-15.73321081	-16.07221707	12.17555133
2.27500000	-7.31152271	33.21803459	12.23751941	-28.44718397	-15.88296436	-17.21465888	12.40147618
2.28333333	-7.33725371	33.03622341	12.17681475	-27.31186618	-16.05194881	-18.29436623	12.65386178
2.29166667	-7.31837286	32.79439327	12.08824093	-26.17752965	-16.26785141	-19.29505402	12.94327271
2.30000000	-7.33201538	32.53838499	12.13551646	-25.01359273	-16.62363407	-19.90446788	13.13811407
2.30833333	-7.03556744	31.94977532	11.75992749	-23.98391643	-16.83693843	-20.38815039	13.51994257
2.31666667	-7.07110141	31.74813465	11.89951567	-22.93299502	-17.33516962	-21.13916827	13.83586940
2.32500000	-7.17072745	31.62591748	12.05483252	-21.93764501	-17.77525621	-21.92958971	14.37882662
2.33333333	-7.23992339	31.44783341	12.22876422	-20.96532784	-18.30076262	-22.49835206	14.83845558
2.34166667	-7.28723500	31.31894947	12.40225663	-20.30597719	-18.85554067	-21.80378569	15.21209089
2.35000000	-7.28697460	31.08223877	12.57238409	-19.38270440	-19.49565931	-22.47453566	15.69501887
2.35833333	-7.49638700	31.05508999	13.02439763	-18.60596237	-20.25892454	-22.63990656	16.26478098
2.36666667	-7.53024106	30.86409437	13.23841824	-17.83246043	-20.96244801	-23.06866345	16.81283479
2.37500000	-7.69043378	30.86526219	13.69708818	-17.34170101	-21.81790410	-22.58994077	17.37370742
2.38333333	-7.70302030	30.60275966	13.98519452	-16.64120657	-22.66293736	-22.97176420	17.97809698
2.39166667	-7.95298307	30.70188903	14.57570521	-16.21110050	-23.63496861	-22.74746688	18.58271246
2.40000000	-7.87764642	30.38348156	14.82001372	-15.65267454	-24.55809136	-22.93589106	18.90521521
2.40833333	-7.99754756	30.30131347	15.23563997	-15.19307427	-25.51650445	-23.20844246	19.99739896
2.41666667	-8.15589215	30.24456800	15.84531621	-14.81937836	-26.66326053	-23.17777099	20.74199381
2.42500000	-8.06772163	29.93965164	16.07698932	-14.47221349	-27.64464453	-23.26486070	21.00400598
2.43333333	-8.16309505	29.90221821	16.45959899	-14.25737904	-28.63603150	-23.26404228	22.06095954
2.44166667	-8.09096577	29.57280464	16.71869126	-13.98892013	-29.67829855	-23.27502723	22.35000441
2.45000000	-8.63982261	30.13000362	17.85676331	-14.15761106	-31.03637647	-22.81078415	23.41206619
2.45833333	-8.49474983	29.76605111	18.04341225	-14.00286000	-32.09696225	-22.86497208	23.75983930
2.46666667	-8.45234638	29.56935189	18.21268761	-13.93443364	-33.03936776	-22.86529532	24.85043568
2.47500000	-8.50442059	29.47508187	18.49578670	-13.93333274	-34.02607688	-22.80501294	25.64957980
2.48333333	-8.44088274	29.16881063	18.68437397	-13.88336788	-35.03553856	-22.81135356	25.97660319
2.49166667	-9.13384724	29.87450901	19.98923350	-14.08346939	-36.47457342	-22.78176185	27.10361633
2.50000000	-8.98469653	29.49785133	20.19076956	-14.11407582	-37.61338768	-22.84260408	27.48498426
2.50833333	-8.98984213	29.30967861	20.48667610	-14.18909856	-38.70898506	-22.91363394	28.63198989
2.51666667	-9.04486874	29.16721152	21.03441622	-14.27524554	-40.08804687	-22.99751760	29.47864005
2.52500000	-8.93925843	28.82128199	21.27725834	-14.34107839	-41.26119575	-23.07589841	29.77433376
2.53333333	-9.10317852	28.82207160	21.72646168	-14.50791504	-42.40416768	-23.27734721	30.93027589
2.54166667	-9.51827494	29.04239625	22.69389397	-14.58768415	-43.89883414	-23.47669646	31.79683159
2.55000000	-9.57418674	28.88027972	23.23136114	-14.80720570	-45.20583447	-23.72590871	32.35662666
2.55833333	-9.77092385	28.82947054	24.05784570	-14.98433180	-46.73771597	-24.01844741	32.91602319
2.56666667	-9.74924017	28.61532387	24.29439700	-15.19333209	-47.84338436	-24.00536736	33.59712768
2.57500000	-10.31598209	29.03930620	25.42177784	-15.44320260	-49.35850005	-23.57000470	34.44165959
2.58333333	-10.31701991	28.81039109	25.66472934	-15.61159317	-50.47066864	-22.70039132	35.15023750
2.59166667	-10.82897498	29.21686626	26.53377794	-15.92804943	-51.79888641	-21.03173020	35.98154145
2.60000000	-10.91716366	29.07881334	26.89797202	-16.14097431	-52.97819488	-19.13665152	36.65911324
2.60833333	-11.35515108	29.43096795	27.79882304	-16.58156851	-54.37369394	-16.73799391	37.33858987
2.61666667	-11.34067941	29.20063279	28.08980892	-16.81491850	-55.55127923	-14.46745917	37.90777492
2.62500000	-11.42132882	29.10495762	28.51149510	-17.09151359	-56.79434996	-12.25530728	38.47535103
2.63333333	-11.55350026	29.14373122	28.86800326	-17.45495555	-57.93007794	-10.11409027	39.05302360
2.64166667	-11.69786307	29.21123861	29.34641330	-17.77998622	-59.18220789	-8.31185419	39.48204942
2.65000000	-11.73952050	29.21174204	29.67552138	-18.16732927	-60.35545635	-6.65240761	39.80939163
2.65833333	-11.93656306	29.38265879	30.15155646	-18.52192569	-61.60723474	-4.96675216	40.03624299
2.66666667	-12.13350383	29.64201994	30.77425445	-18.98861196	-62.97559427	-3.58249543	39.98913316
2.67500000	-12.70269733	30.45245098	31.84082270	-19.64637504	-64.42398032	-2.70517154	39.58396289
2.68333333	-12.64306048	30.49750275	32.21405005	-20.27381957	-65.92096835	-1.59753094	39.11285101
2.69166667	-12.53223636	30.58311221	32.66680997	-21.05177374	-67.54537359	-0.73865467	38.32611547
2.70000000	-12.60052936	30.88254538	33.44826947	-21.81676466	-69.33141217	-0.01316449	37.07490857
2.70833333	-13.16114309	31.88376471	34.99601879	-22.79088131	-71.38082455	0.00881453	35.40593469
2.71666667	-12.79742695	31.80142826	35.48296351	-23.72707163	-73.36611511	0.67650872	33.77039061
2.72500000	-12.57991123	31.87337651	36.34098878	-24.63373755	-75.48703257	0.99184219	31.56935471
2.73333333	-12.10981538	31.58834038	36.91072996	-25.50393041	-77.54095255	1.59716681	29.53827814
2.74166667	-11.96450328	31.52842096	37.94327538	-26.23405891	-79.57467640	2.21475507	26.83676213
2.75000000	-11.28950464	31.02716260	38.38418519	-26.91967049	-81.52414154	2.69793754	24.52930168
2.75833333	-10.40847951	29.94978180	38.53576035	-27.13450575	-83.19900859	3.01579460	21.97709427
2.76666667	-10.00541174	29.37167533	39.23718053	-27.35186487	-84.79160467	3.45661703	20.17454523
2.77500000	-9.58237501	28.66285370	39.91548980	-27.39665633	-86.10444837	3.87836174	18.30830151
2.78333333	-9.35763784	28.08029061	40.76739297	-27.30825286	-87.29574244	4.28465655	17.52238300
2.79166667	-9.21906461	27.47981218	41.63936206	-27.02630172	-88.20335379	4.59699275	17.05321318
2.80000000	-8.96494629	26.82196958	42.33138735	-26.81161809	-88.80629359	4.81707486	16.79944272
2.80833333	-8.92532786	26.40899363	43.05926203	-26.63027728	-89.12599338	5.10531470	17.00856127
2.81666667	-8.82478834	25.95174814	43.78080842	-26.48540924	-89.27916366	5.21207895	17.11271992
2.82500000	-8.80904544	25.61470271	44.47874007	-26.41039739	-89.14808200	5.65771977	17.22949040
2.83333333	-8.67835322	25.19927061	45.00783428	-26.36267220	-88.78109548	5.77396713	16.60848658
2.84166667	-8.57654486	24.83947763	45.58197068	-26.36872548	-88.31767032	5.89998005	16.69736777
2.85000000	-8.42510412	24.57243428	45.92448296	-26.56299729	-87.62585167	6.31385010	16.82034566
2.85833333	-8.36528018	24.15335095	46.38212594	-26.50085732	-86.73009520	6.54700065	16.74627152
2.86666667	-8.28860337	23.85736824	46.84088830	-26.58811173	-85.72028867	6.62841973	16.70756113
2.87500000	-8.26756216	23.62284748	47.03699144	-26.65451217	-84.46746130	6.89315848	16.74643765
2.88333333	-8.18847262	23.32217744	47.33878267	-26.71081672	-83.07087771	7.08021822	16.26633014
2.89166667	-8.01735803	22.97337042	47.49612264	-26.84839578	-81.53140825	7.34778139	15.61354097
2.90000000	-7.49783397	22.06568952	47.06093291	-26.76011583	-79.74260071	7.52590546	15.50789628
2.90833333	-7.48712394	21.83696690	47.26484520	-26.86788975	-77.87011874	7.81447283	14.51140607
2.91666667	-7.48598961	21.67225313	47.38110922	-27.05342698	-75.84072981	8.11175171	13.34890902
2.92500000	-7.47112548	21.48434895	47.35535763	-27.22696591	-73.59236498	8.41624621	11.94419373
2.93333333	-7.32655790	21.22070059	47.13902559	-27.49796420	-71.19508171	8.75413371	10.17453718
2.94166667	-6.93573727	20.70169267	46.46905164	-27.77693407	-68.57144462	9.15533665	8.14630151
2.95000000	-6.95462951	20.61119720	46.28310439	-28.05850153	-65.97314004	9.50871545	5.85570854
2.95833333	-6.89605932	20.50624301	45.94054279	-28.47767720	-63.22533034	9.88287534	3.36212485
2.96666667	-6.87708912	20.44947732	45.51817382	-28.92690044	-60.39679589	10.29766658	0.73941092
2.97500000	-6.89330466	20.45390259	45.06216635	-29.44680690	-57.50046477	10.77673280	-1.93950759
2.98333333	-6.80676864	20.43938268	44.43375298	-30.06645665	-54.52697165	11.25428561	-4.71335957
2.99166667	-6.70906480	20.40054463	43.67318083	-30.68083139	-51.50728235	11.76366204	-7.32182173
3.00000000	-6.64276929	20.37476257	42.86120319	-31.31459222	-48.49408324	12.33447254	-9.74462398
3.00833333	-6.62678920	20.40799205	42.04721641	-31.99957349	-45.50952188	12.95541257	-11.93020608
3.01666667	-6.65191015	20.44078571	41.31399040	-32.65564871	-42.69084241	13.64039294	-13.95055031
3.02500000	-6.20737850	19.98774218	39.93279210	-33.34973120	-39.90017654	14.39619630	-15.50760651
3.03333333	-6.27713654	20.12020440	39.20293600	-34.09163637	-37.29073586	15.04334216	-17.06843223
3.04166667	-6.33188034	20.26420646	38.46911204	-34.94432247	-34.89515019	15.78959752	-18.64897785
3.05000000	-6.32537128	20.33366060	37.66382796	-35.77745826	-32.68294926	16.52718878	-19.86424285
3.05833333	-6.29453960	20.42729320	36.84095405	-36.70935296	-30.63369732	17.28315754	-20.97815100
3.06666667	-6.23100440	20.53726320	36.04565763	-37.70855095	-28.87985775	18.03940836	-21.99131258
3.07500000	-6.21158536	20.68948556	35.29739920	-38.73312941	-27.22542938	18.83123323	-22.88839692
3.08333333	-6.21412387	20.89674537	34.60249660	-39.80571954	-25.79263285	19.59935316	-23.77033321
3.09166667	-6.28045900	21.19277082	33.99185144	-40.91941063	-24.48622643	20.41328368	-24.54753282
3.10000000	-6.37215838	21.54158401	33.42161572	-42.07588375	-23.30449015	21.19319822	-25.26128252
3.10833333	-6.54044205	21.94657957	32.87660450	-43.20868649	-22.18316309	21.98276890	-25.92681355
3.11666667	-6.74149637	22.40550251	32.37978550	-44.35392723	-21.12503853	22.73094448	-26.57427572
3.12500000	-6.98239073	22.90950198	31.93052439	-45.53287688	-20.20524216	23.48522461	-27.02536496
3.13333333	-7.36253287	23.60600973	31.62119148	-46.78652168	-19.34087679	24.24263985	-27.57535940
3.14166667	-7.63604895	24.11481466	31.19783887	-47.94945017	-18.52663416	25.02105352	-27.89775960
3.15000000	-7.74337583	24.42361140	30.63768814	-49.06095422	-17.93626118	25.33921824	-27.78562558
3.15833333	-8.09128820	25.04899329	30.32204752	-50.28682618	-17.35803147	26.43638783	-27.37160414
3.16666667	-8.80357720	26.10252980	30.58438062	-51.59154031	-17.25901667	27.36827247	-25.96769447
3.17500000	-8.98890197	26.50664969	30.11233378	-52.77377211	-16.93145906	28.10508448	-24.20652782
3.18333333	-9.17937959	26.87798484	29.74253797	-53.89067281	-16.84834629	28.80055810	-21.79260065
3.19166667	-9.44649476	27.33371675	29.59514360	-55.05688730	-17.02022327	29.49576406	-18.80631472
3.20000000	-9.98272388	28.11324262	30.02184372	-56.28366272	-17.61931351	30.40429845	-15.75602248
3.20833333	-10.22630108	28.53688454	30.00189433	-57.45826033	-18.03080980	31.13331019	-12.85131666
3.21666667	-10.24842357	28.68049161	29.80893792	-58.57542884	-18.43186211	31.56949014	-10.33293840
3.22500000	-10.24652698	28.84964102	29.69059897	-59.72714789	-18.89725301	31.83095476	-7.97696432
3.23333333	-10.36092187	29.13710450	29.77360130	-60.96558768	-19.37726828	32.08289425	-5.85714148
3.24166667	-10.47328781	29.45894547	29.91553989	-62.25042680	-19.94356285	32.10898387	-3.98216082
3.25000000	-11.17902799	30.70176685	30.83350783	-63.93033755	-20.57616299	32.17408343	-2.41443987
3.25833333	-11.01432763	30.94036546	30.80124253	-65.47945934	-21.28631214	31.59547265	-0.89796164
3.26666667	-10.83137291	31.28362371	30.70877146	-67.21583340	-21.99320285	30.79562997	0.34593129
3.27500000	-10.66937773	31.76851323	30.54198524	-69.11876103	-22.62733198	29.57452636	1.85550017
3.28333333	-11.01581555	33.11396370	31.14569999	-71.29053368	-23.46920021	27.42159246	3.02097880
3.29166667	-10.76930409	33.79506024	30.89206858	-73.50525238	-24.13645212	25.70774324	4.17023228
3.30000000	-10.40209009	34.49690645	30.68011988	-75.79588231	-24.88834892	23.61959133	5.07435294
3.30833333	-10.08756973	35.38572427	30.54830539	-78.07877344	-25.60814750	20.60530803	5.69704845
3.31666667	-9.70219011	36.21653535	30.28486506	-80.33570173	-26.37369486	18.28174712	6.44008628
3.32500000	-9.29587640	37.11060228	29.93792641	-82.51276832	-26.97181077	15.26490383	6.97426477
3.33333333	-8.86811425	37.96687652	29.60060745	-84.51711702	-27.63501409	13.06539427	7.55792395
3.34166667	-8.35939617	38.71649864	29.03926236	-86.28634270	-28.01722138	10.24547866	7.95806922
3.35000000	-8.02349661	39.54473402	28.59238364	-87.85905295	-28.36151217	9.32592294	8.32356304
3.35833333	-7.61593146	40.28153563	27.71882306	-89.12309698	-28.24239004	7.40285784	8.87134144
3.36666667	-7.32915412	41.10592097	27.12797087	-90.22122812	-28.24370750	7.37602396	9.32118001
3.37500000	-7.04885149	41.73794235	26.35513908	-90.94280918	-27.90797741	7.48237719	9.71814135
3.38333333	-6.75371043	42.30144979	25.51403485	-91.23098995	-27.53289122	6.15193709	9.87319167
3.39166667	-6.57923385	42.91247961	24.79328763	-91.32585597	-27.10578593	6.06760729	10.11241273
3.40000000	-6.49536207	43.52925270	24.26268972	-91.18670404	-26.78464337	6.83108066	10.32923141
3.40833333	-6.18619138	43.80545192	23.39439781	-90.62283923	-26.25955385	4.84984443	10.32670019
3.41666667	-6.10416354	44.25868139	22.76599366	-89.85891975	-25.93171407	3.80017502	10.60924711
3.42500000	-5.72163380	44.34605696	21.85382758	-88.94249178	-25.54240857	3.05126902	10.74007934
3.43333333	-5.42754562	44.43821691	21.10667494	-87.84599578	-25.19382377	2.54534341	10.84724830
3.44166667	-5.55563098	44.95496280	20.65302054	-86.59306742	-24.88626228	2.10444592	11.20412658
3.45000000	-5.33421244	45.01072543	20.06578701	-85.22337656	-24.58670029	2.03369676	11.32766112
3.45833333	-5.42218079	45.31331419	19.62805382	-83.64802626	-24.20304251	1.93126408	11.48031544
3.46666667	-5.50240639	45.55285261	19.15570891	-81.90948081	-23.79191283	1.62436647	11.67179668
3.47500000	-4.83407996	44.76825562	17.61028471	-79.84721573	-23.03505390	1.29257590	11.71804951
3.48333333	-4.95084307	44.85456171	17.23440894	-77.77593590	-22.69732118	0.51951976	11.93413446
3.49166667	-5.12966793	44.92226573	16.93094839	-75.55426000	-22.37887381	-0.23011197	12.13806246
3.50000000	-5.22700416	44.78824221	16.56955189	-73.14204102	-22.12170886	-1.72734177	12.36746021
3.50833333	-5.23641243	44.43607065	16.01076426	-70.57742540	-21.76761685	-3.33268016	12.60767890
3.51666667	-5.36823100	44.13712745	15.61462621	-67.93955009	-21.43250102	-4.92743503	12.89812902
3.52500000	-4.48526354	42.46245330	14.02792563	-64.83711259	-20.97270130	-8.88111326	13.12363120
3.53333333	-4.69568185	42.10794125	13.89670842	-62.05560557	-20.91619290	-10.94860871	13.51254701
3.54166667	-4.52526056	41.12673512	13.41380826	-58.91873318	-20.96300831	-15.65195925	13.89298604
3.55000000	-4.66940725	40.53810122	13.32675279	-56.01224441	-21.17231613	-17.64045060	14.35477853
3.55833333	-4.45163012	39.38707850	12.87552428	-52.84257135	-21.46221628	-21.10416600	14.94187090
3.56666667	-4.59711478	38.68579997	12.90947491	-49.86379889	-21.91343057	-23.08473397	15.50104436
3.57500000	-4.35863066	37.38658599	12.57424623	-46.72057789	-22.41459640	-25.23542371	16.10243882
3.58333333	-4.45910785	36.54626466	12.74329549	-43.72639443	-23.18304283	-27.11183919	16.78377966
3.59166667	-4.50985975	35.57472727	12.90923425	-40.71193747	-24.05538885	-28.83962161	17.57924774
3.60000000	-4.32776566	34.29288207	12.78176596	-37.84966821	-24.83488665	-28.83332794	18.23562251
3.60833333	-4.46021811	33.43041386	13.11131028	-35.02075088	-25.91317272	-30.20634248	19.13058011
3.61666667	-4.62712132	32.63654585	13.52620540	-32.52951332	-27.08846691	-29.71232308	20.05105606
3.62500000	-4.75837764	31.80886997	13.92953786	-30.09900219	-28.31855213	-30.01967236	20.97423696
3.63333333	-4.95150916	31.14980013	14.39666565	-27.97341605	-29.57408332	-29.99993068	21.93395782
3.64166667	-5.09033517	30.48891408	14.79508673	-26.08299028	-30.83625084	-29.90548803	22.88333685
3.65000000	-5.47227542	30.18616360	15.56989247	-24.46782006	-32.32762606	-29.84411456	24.01303093
3.65833333	-5.66797674	29.72623792	16.14115397	-23.09679009	-33.81927624	-29.85276938	25.09608993
3.66666667	-6.00824265	29.50949806	16.89142537	-21.94412568	-35.34707805	-29.91914970	26.17914892
3.67500000	-6.17201837	29.13953851	17.39137414	-20.96504500	-36.77750799	-30.12050251	27.25250763
3.68333333	-6.83950525	29.44493144	18.64297675	-20.41839596	-38.55017755	-29.73448131	28.38002615
3.69166667	-6.95000800	29.03991334	19.06395628	-19.71179484	-39.97165320	-29.98011259	29.41662963
3.70000000	-7.64326079	29.37648626	20.30027415	-19.41194215	-41.68158486	-29.72063447	30.48587926
3.70833333	-7.77891707	28.98334993	20.74405923	-18.93211614	-43.10786516	-29.87519687	31.49598931
3.71666667	-8.48916983	29.33046059	22.00137322	-18.81186908	-44.85559396	-29.34606978	32.60859738
3.72500000	-8.60875695	28.92621304	22.39448512	-18.53787996	-46.23079027	-28.67888051	33.57196385
3.73333333	-9.00317994	28.85241245	23.20230480	-18.50175443	-47.82462793	-27.11076217	34.51498322
3.74166667	-9.53007764	29.02467472	24.08491011	-18.82846824	-49.28265166	-24.67305636	35.39368573
3.75000000	-9.62364428	28.61528441	24.44245969	-18.97328723	-50.69556865	-22.13097353	36.26286016
3.75833333	-10.19982132	28.89781149	25.43793814	-19.45661947	-52.31986959	-18.82866000	37.01007782
3.76666667	-10.64697785	29.13000734	26.25274759	-20.12364450	-53.85652873	-15.51128250	37.68925352
3.77500000	-10.70553897	28.76238198	26.59799466	-20.41812412	-55.32894550	-12.67842867	38.28669147
3.78333333	-10.83983560	28.63182138	27.07062753	-20.86358269	-56.91123540	-9.98619039	38.67195498
3.79166667	-11.68394468	29.50826319	28.53217774	-21.53451967	-58.79159159	-7.48400619	38.74754198
3.80000000	-12.05755152	29.80048752	29.49675497	-22.04938236	-60.70251002	-5.39159848	38.58009557
3.80833333	-11.98628566	29.62430703	29.95784301	-22.52348075	-62.59032457	-3.48403077	38.26833623
3.81666667	-12.76359353	30.53342068	31.71355010	-23.13585329	-64.95862644	-1.95451685	37.39170620
3.82500000	-12.61867146	30.39915878	32.31382405	-23.72855576	-67.15095501	-0.38271932	36.47552373
3.83333333	-12.54543326	30.35438932	33.20295965	-24.31713076	-69.57548259	1.06660728	35.15488029
3.84166667	-12.67549208	30.54629724	34.59214373	-24.88460537	-72.27607497	2.30524468	33.43186436
3.85000000	-13.11667567	31.18940417	36.34952796	-25.61620997	-74.95658657	3.15942328	31.31949185
3.85833333	-12.73116849	30.82631163	37.10347821	-26.29173918	-77.45040635	4.24629987	29.54875258
3.86666667	-12.37428749	30.48699679	38.05793626	-26.90921856	-79.98426390	5.31546454	27.40564493
3.87500000	-12.04462894	30.18587015	38.91572940	-27.56926143	-82.25487477	6.13417745	25.29979794
3.88333333	-11.99802741	30.27258598	40.22343050	-28.31873480	-84.40703822	6.68835911	22.84799554
3.89166667	-11.60119969	29.93928002	40.96509417	-29.09333426	-86.22808227	7.31941876	21.12428749
3.90000000	-11.18061678	29.67157311	41.69075420	-29.87724949	-87.82242604	7.86241788	19.66610057
3.90833333	-10.77908224	29.34569375	42.30700283	-30.59631353	-89.04028263	8.22656612	18.84566208
3.91666667	-10.46981233	28.96851040	42.90658305	-31.07835285	-89.89343562	8.55653404	18.30077833
3.92500000	-9.96810322	28.26744767	43.15215411	-31.29412503	-90.35344760	9.10610104	17.36333175
3.93333333	-9.52452587	27.41735637	43.42253730	-31.25823719	-90.48241279	9.33378238	16.97927227
3.94166667	-9.47956667	26.99533348	44.09665026	-31.20635960	-90.42829337	9.81243287	17.00595141
3.95000000	-9.49887796	26.56144606	44.72150586	-31.04587179	-90.04426268	10.21169610	16.90047604
3.95833333	-9.38736227	26.00249976	45.10971753	-30.88308642	-89.33720586	10.52416325	16.59115907
3.96666667	-9.46806211	25.57896417	45.65003446	-30.64676283	-88.47678292	10.64447707	16.58269441
3.97500000	-9.30555035	24.70073822	45.84451997	-30.02383801	-87.34249066	10.93757030	15.76227266
3.98333333	-9.16933601	24.03155666	46.04460797	-29.68841988	-86.07711373	11.18918115	15.53955563
3.99166667	-9.25268512	23.56745482	46.40990028	-29.33065934	-84.63143066	11.36824906	15.31543155
4.00000000	-9.39276634	23.02223456	46.52322650	-28.88519277	-82.82216080	11.65566094	14.74343459
4.00833333	-9.48538961	22.57727064	46.78501215	-28.53091517	-81.00525622	11.83252310	14.27104185
4.01666667	-9.26018234	21.68502219	46.32511572	-28.13379889	-78.76452111	12.02669982	13.19447228
4.02500000	-9.54775980	21.38654282	46.42176252	-27.80678317	-76.48702776	12.27768746	12.31577290
4.03333333	-9.61635778	21.01755308	46.42634844	-27.62542397	-74.17092550	12.49648837	11.14192131
4.04166667	-9.66407091	20.55202573	46.19073059	-27.38016290	-71.61560532	12.70914772	9.86206685
4.05000000	-9.57584703	19.95553006	45.71607282	-27.13161254	-68.90798576	12.91915399	8.31852474
4.05833333	-9.52210845	19.23290860	45.10542167	-26.75008987	-66.04242668	13.17957388	6.76254909
4.06666667	-9.73067136	18.96248503	44.88250488	-26.57388183	-63.16122613	13.46268430	4.82739043
4.07500000	-9.87191200	18.63704804	44.48595043	-26.42690276	-60.15863820	13.76035393	2.66534619
4.08333333	-9.32382678	17.56369996	43.13580812	-26.28525815	-56.90816030	14.10341022	0.33493745
4.09166667	-9.59700347	17.29791134	42.75720863	-26.11750804	-53.76016365	14.48715371	-1.93150769
4.10000000	-9.52363968	16.80645042	41.83574523	-26.20153940	-50.47071490	14.97708853	-4.49642339
4.10833333	-9.68767808	16.56455007	41.24673970	-26.27308409	-47.23858710	15.44303539	-7.00399251
4.11666667	-9.68776787	16.27618552	40.52354631	-26.52430888	-44.06779911	15.97711914	-9.50895589
4.12500000	-9.70374165	15.87142178	39.71247449	-26.67116186	-40.90508710	16.57246432	-11.91114326
4.13333333	-9.09417752	14.86711156	38.04117610	-26.94260533	-37.70693966	17.19171999	-13.83016224
4.14166667	-9.22445269	14.81168226	37.36730391	-27.44766575	-34.71562143	17.76896242	-15.83049699
4.15000000	-9.31170593	14.66637978	36.67647035	-27.93942262	-31.91351164	18.44002521	-17.65740492
4.15833333	-9.01680870	14.13973611	35.53133719	-28.49796143	-29.30311576	19.08898401	-18.88406759
4.16666667	-9.19796768	14.22873810	34.90399704	-29.21513023	-26.78976893	19.72583762	-20.18385255
4.17500000	-9.35589843	14.30830075	34.41477790	-29.98432460	-24.60114242	20.44411259	-21.22750656
4.18333333	-9.39787582	14.32320988	33.86555787	-30.85496391	-22.71833104	21.11545165	-21.79316000
4.19166667	-9.56981519	14.42651476	33.49030101	-31.65599979	-20.99400105	21.56215035	-21.95268211
4.20000000	-9.93281313	14.75249605	33.21061247	-32.55399597	-19.33590652	22.59484830	-23.00442833
4.20833333	-10.18102643	15.04239955	32.99874458	-33.54443453	-18.02522716	23.36302467	-23.44790407
4.21666667	-10.43565577	15.34250793	32.89175716	-34.55757123	-17.05409786	24.10134903	-23.84216394
4.22500000	-10.52274353	15.52979225	32.44494420	-35.66819230	-16.03285014	24.85283587	-24.39601968
4.23333333	-10.73648325	15.70051605	32.18030386	-36.64934093	-15.20791743	25.48614454	-24.90773563
4.24166667	-11.04188863	15.98625159	32.03862810	-37.68643193	-14.54082402	26.18410006	-25.45000483
4.25000000	-11.16022011	16.05166986	31.70748724	-38.70731969	-14.08397587	26.53540023	-25.56206725
4.25833333	-11.79892125	16.90176512	31.98777267	-40.13636022	-13.85791945	27.71917393	-26.26706581
4.26666667	-11.82808719	16.91782803	31.59461068	-41.25430434	-13.75442711	28.06660312	-26.31437705
4.27500000	-12.05815559	17.17361909	31.42013800	-42.51622629	-13.84041445	28.85781564	-25.81984463
4.28333333	-12.14954090	17.17997639	31.12576824	-43.63264104	-14.11905855	29.34744796	-24.63036740
4.29166667	-12.17837071	17.12222155	30.78751217	-44.78975722	-14.55306474	29.77243498	-22.70399395
4.30000000	-12.24225588	17.33620270	30.55079169	-46.31475181	-15.23060880	30.27833683	-20.23282070
4.30833333	-12.22428789	17.38099796	30.19239726	-47.75402629	-15.94500678	30.41398573	-17.30187152
4.31666667	-12.28863849	17.71086769	29.94720070	-49.46897442	-16.72523297	30.46332678	-14.13549446
4.32500000	-12.28983946	18.00618346	29.59853391	-51.27112530	-17.48104704	30.26205103	-11.04798804
4.33333333	-13.00520744	19.26965684	30.29079137	-53.35771459	-18.46199052	30.05633416	-8.05317033
4.34166667	-12.92581104	19.52094397	30.00652892	-55.24115313	-19.24749816	29.42190953	-5.59215572
4.35000000	-12.97955629	20.08526928	29.82692698	-57.33350324	-19.85075044	28.55538016	-3.06948976
4.35833333	-14.06398412	22.13450047	31.00793718	-59.92330989	-20.67808544	27.23127942	-1.02081180
4.36666667	-13.98919017	22.76852627	30.68123876	-62.27892637	-21.20753441	25.81874699	1.01325988
4.37500000	-14.86631812	24.69589804	31.67021001	-64.88978127	-22.03277063	23.61482232	2.63462388
4.38333333	-15.07281787	26.04067410	31.76326329	-67.56018209	-22.60594216	21.09428563	4.18433157
4.39166667	-14.82373409	26.87184897	31.29115456	-70.12274584	-23.17147313	18.86891607	5.69794837
4.40000000	-15.09944843	28.58134104	31.44431100	-72.79469530	-23.69466234	15.29743830	6.92402580
4.40833333	-15.20045321	30.11178611	31.47504651	-75.34305354	-24.39917238	12.28076137	8.16506292
4.41666667	-14.87137162	31.17161214	30.91634447	-77.76160964	-24.93780200	10.14547828	9.33665559
4.42500000	-14.93242313	32.69715544	30.90002176	-79.93036176	-25.62095101	7.03337246	10.08274842
4.43333333	-14.65534982	33.78253746	30.42022983	-81.86711541	-26.15760558	5.08791119	10.81323537
4.44166667	-14.22853687	34.71439393	29.72745753	-83.58861435	-26.62772468	4.26346420	11.59686783
4.45000000	-13.52932225	35.22638937	28.68700425	-84.72879946	-26.93075009	2.24088391	11.92337491
4.45833333	-13.22804243	36.06298370	28.06557649	-85.56947250	-27.27778529	1.15460090	12.42645336
4.46666667	-12.87357809	36.89010024	27.26384882	-86.19548181	-27.37652816	1.36966085	12.88051839
4.47500000	-12.44756240	37.47958634	26.24073642	-86.39118661	-27.24672873	1.38403557	13.12006151
4.48333333	-11.46097067	37.26746032	24.44660247	-85.98542140	-26.79552648	-0.20602870	13.18107066
4.49166667	-11.44222880	38.14031649	23.76161128	-85.61495591	-26.46808059	0.22913157	13.36684158
4.50000000	-11.19576645	38.78419612	22.83378137	-84.94365986	-26.07998962	0.25962605	13.46790303
4.50833333	-10.33515803	38.54723367	20.99226983	-83.83656006	-25.32352356	-0.36917293	13.51204214
4.51666667	-10.40109088	39.38513050	20.28853839	-82.73070007	-24.75941695	-0.20347787	13.55742443
4.52500000	-9.59887800	39.08420462	18.54505455	-81.20494442	-24.04973381	0.15139072	13.49522411
4.53333333	-9.61036119	39.72542612	17.85012231	-79.63892132	-23.53641981	0.37411745	13.30724594
4.54166667	-9.38123294	39.92974773	16.85794544	-77.79499234	-22.98221530	0.88969076	13.06107751
4.55000000	-8.54783133	39.31485096	15.02620983	-75.69674150	-22.19075167	2.32837307	12.93587800
4.55833333	-8.61039522	39.74747153	14.46959971	-73.54719518	-21.75655504	2.58018918	12.58479954
4.56666667	-7.85980340	39.03594173	12.77139935	-71.05670469	-20.99958986	3.46576666	12.28220424
4.57500000	-7.99052375	39.37354753	12.24067065	-68.59216904	-20.55576567	3.50177367	11.87982804
4.58333333	-7.43211921	38.78631449	10.88989935	-65.85616130	-19.98759358	3.38580197	11.53129704
4.59166667	-7.55807416	38.91791191	10.32454759	-63.08665305	-19.52227456	3.17134768	11.12596317
4.60000000	-6.97238839	38.13573123	8.91647883	-60.11182181	-18.93012371	2.59094709	10.60974090
4.60833333	-6.79358157	37.78138807	8.04169463	-57.10648512	-18.46185532	1.88169299	10.21409736
4.61666667	-6.37185829	37.05914030	7.12071328	-53.93525119	-18.24427177	1.08002917	9.98588413
4.62500000	-5.59059209	35.85881576	5.43173663	-50.61729820	-17.60161897	-0.05628928	9.67774055
4.63333333	-5.80753052	35.82438797	4.99242310	-47.48666261	-17.24705958	-1.00663901	9.46642795
4.64166667	-5.23684018	34.77805038	3.62762257	-44.16746766	-16.83025592	-1.91597827	9.21468185
4.65000000	-5.30320345	34.50783319	3.09360994	-40.97950163	-16.56203014	-3.02344690	9.01358613
4.65833333	-4.81368897	33.53875320	1.85464363	-37.74968491	-16.15871783	-3.80913742	8.81213034
4.66666667	-5.05938759	33.45176490	1.44074416	-34.68707959	-15.83523837	-5.09247687	8.68041635
4.67500000	-4.62032966	32.53918841	0.29763483	-31.70856888	-15.51523163	-5.17872011	8.48183028
4.68333333	-4.82924021	32.40229878	-0.04339274	-28.78443706	-15.37461719	-6.58681299	8.43364441
4.69166667	-4.36019366	31.48345788	-1.27182832	-26.05379497	-15.03176399	-6.32883026	8.31059976
4.70000000	-4.48128463	31.29638401	-1.73560945	-23.54756382	-14.91839286	-6.52632004	8.27709417
4.70833333	-4.38784421	30.90541862	-2.45839339	-21.19165469	-14.78045638	-6.54566556	8.16338462
4.71666667	-4.64754679	30.88576988	-2.71933880	-18.86773833	-14.79809206	-7.16059374	8.13377539
4.72500000	-4.33043519	30.44949221	-3.49336095	-17.38754787	-14.90935658	-5.71023887	8.07766964
4.73333333	-4.56969087	30.50490659	-3.65892783	-15.56471457	-15.10399297	-5.90665751	8.07906148
4.74166667	-4.64095274	30.61785553	-3.86886881	-14.67555527	-15.55858948	-4.55548229	8.20871388
4.75000000	-4.61194998	30.54026848	-4.29093940	-13.77815104	-15.76848574	-3.69667266	8.13162261
4.75833333	-4.86242169	30.78099852	-4.27253555	-13.03249915	-16.25919009	-3.07839281	8.22159491
4.76666667	-4.97750714	30.73147531	-4.36919558	-12.20437201	-16.77870018	-2.89799889	8.13061058
4.77500000	-5.10994966	30.73621595	-4.43648907	-11.70758190	-17.32868365	-2.65427741	8.05016772
4.78333333	-5.44369250	31.14904544	-4.34304074	-11.88520340	-17.82569746	-2.02870001	7.96525784
4.79166667	-5.46167446	31.05851535	-4.47473166	-11.98025009	-18.48321033	-2.24160818	7.76822083
4.80000000	-5.49442201	30.90459097	-4.54442431	-12.00617169	-19.22047326	-3.10011255	7.47915896
4.80833333	-5.46335443	30.77042091	-4.60756199	-12.42093872	-20.08165433	-3.96264399	7.10350651
4.81666667	-5.86719904	31.04203000	-4.17447806	-12.71258328	-20.96700765	-5.65736062	6.58180083
4.82500000	-5.82283165	30.93599526	-4.06116324	-13.28954075	-22.07792368	-7.00687152	5.83417909
4.83333333	-6.08193453	31.14018961	-3.39688246	-13.80789933	-23.50988527	-8.33132670	5.06057438
4.84166667	-5.94837168	31.01341597	-2.99209610	-14.51882588	-25.19356996	-9.03344896	3.94666187
4.85000000	-5.98655274	31.07819641	-2.27918999	-15.19714959	-27.00924960	-9.48618209	2.50745095
4.85833333	-6.08076056	31.19924228	-1.26664911	-15.89455371	-29.11404868	-9.56166594	0.84670624
4.86666667	-6.71802061	31.92241294	0.64078053	-16.54411217	-31.61708192	-10.00660314	-0.83652053
4.87500000	-6.95806614	32.13880170	2.11687664	-17.16889431	-34.06723024	-9.82685069	-3.02993647
4.88333333	-6.76266613	31.83221451	3.06903181	-17.79060783	-36.35813177	-9.17523299	-5.43285671
4.89166667	-7.19224688	32.17434001	4.95194298	-18.31187433	-38.87800465	-8.98679338	-7.94129949
4.90000000	-7.09407362	31.86394711	6.14406632	-18.77130846	-41.18124263	-8.23922377	-10.30081808
4.90833333	-7.62194226	32.27548479	8.18220678	-19.26959092	-43.60581944	-7.94300506	-12.59620662
4.91666667	-7.52085327	31.87707918	9.41411385	-19.60597139	-45.81781525	-7.18270630	-14.33313079
4.92500000	-8.39191640	32.64814700	11.98806994	-20.06437294	-48.29147551	-6.86485202	-15.86006740
4.93333333	-8.31381221	32.16592496	13.26561362	-20.19341170	-50.38120997	-6.13617594	-16.56703875
4.94166667	-9.26628070	33.00511307	15.95906462	-20.63227730	-52.71998880	-5.70959457	-17.31122741
4.95000000	-9.18190467	32.47272775	17.36444977	-20.63252399	-54.71727646	-5.05193669	-16.96691090
4.95833333	-10.04445219	33.10556170	19.88659702	-20.88974064	-56.63178356	-4.67790397	-17.49733701
4.96666667	-9.99322393	32.53937191	21.23367844	-20.75338515	-58.29811687	-4.13718280	-16.38080964
4.97500000	-10.93743139	33.17264449	23.81355351	-20.82909166	-59.84862323	-3.75590743	-16.94790819
4.98333333	-10.90410093	32.55724319	25.12597498	-20.57350611	-61.10172450	-3.30724552	-15.73543280
4.99166667	-11.51232449	32.69130250	27.04862668	-20.45764638	-62.02443283	-2.95784005	-16.38884906
5.00000000	-11.46976620	32.03307345	28.28002566	-20.14293271	-62.89200694	-2.58372935	-15.27438640
5.00833333	-11.91442721	31.95548760	29.91276948	-19.98528065	-63.40774920	-2.17169957	-15.65879902
5.01666667	-11.80903412	31.24687533	31.00631176	-19.71168279	-63.86421633	-1.84587275	-14.69158465
5.02500000	-11.80318205	30.57846873	31.97625874	-19.40731320	-63.95522283	-1.48047319	-13.78051936
5.03333333	-11.82085318	29.94005757	32.88536593	-19.14494323	-63.84761091	-1.11201351	-12.89985312
5.04166667	-11.81087569	29.33076859	33.79756754	-18.92503259	-63.62225746	-0.70319987	-11.92503970
5.05000000	-11.53713175	28.47967404	34.35986144	-18.86043747	-63.24922275	0.17238818	-10.22788896
5.05833333	-11.64606656	27.94111149	35.31283197	-18.59763285	-62.74567174	0.60980025	-8.48849312
5.06666667	-11.27898103	26.95970008	35.46507916	-18.44291024	-61.90874614	1.09414903	-6.64379318
5.07500000	-11.42662638	26.56371612	36.22299616	-18.35140772	-61.02504652	1.62745082	-4.93396180
5.08333333	-11.22826579	25.79614196	36.73038218	-18.14385362	-60.07973350	2.08439827	-3.31934359
5.09166667	-11.12229014	25.01710513	37.07996416	-17.85650979	-58.74913188	2.51479129	-2.17947191
5.10000000	-11.05574134	24.29805997	37.36765345	-17.63047368	-57.27677821	3.06127549	-1.00522328
5.10833333	-10.62703485	23.17505724	37.37710804	-17.28633834	-55.86357185	3.54851847	0.40287159
5.11666667	-10.69198625	22.78650155	37.72099990	-17.30381273	-54.14560831	4.05951019	0.85329183
5.12500000	-10.16047242	21.45106784	37.42267889	-16.84462357	-52.28011343	4.43525808	1.60152526
5.13333333	-10.24176802	20.98058086	37.73808054	-16.71051350	-50.35567512	4.96212024	1.86751375
5.14166667	-10.30450545	20.56979138	38.15793119	-16.63898319	-48.44110093	5.19539965	1.98311345
5.15000000	-10.03790911	19.76938042	37.94407398	-16.60114429	-46.30243857	5.87926730	2.13015345
5.15833333	-9.09689915	18.02881935	36.98121778	-16.20490448	-44.02889597	6.22763971	2.45012095
5.16666667	-9.11372041	17.69452267	37.08245273	-16.39037935	-41.79861214	6.68315122	2.21514834
5.17500000	-8.57777667	16.45836254	36.43648487	-16.13285722	-39.44325365	6.96824601	2.27148334
5.18333333	-8.63655947	16.20322645	36.45436613	-16.40357150	-37.10578861	7.44262105	1.80335310
5.19166667	-8.64443776	15.69271244	36.39315451	-16.35468648	-34.72062286	7.82161505	1.35669121
5.20000000	-8.55927385	15.18480485	36.18792972	-16.46054554	-32.30945599	8.26418608	0.92877988
5.20833333	-8.41763591	14.59974493	35.84039533	-16.57266889	-29.90138212	8.70494301	0.55320511