0.00000000	-17.91836944	24.01401892	23.87919878	-12.27469960	-10.82783722	5.07823821	9.07760588
0.00833333	-18.35216026	24.39109760	24.30565319	-12.09648944	-10.80215055	4.76160920	8.91130602
0.01666667	-17.92882717	23.86855878	23.92996951	-11.93885616	-10.86616781	4.78410261	8.83628470
0.02500000	-17.93989869	23.87438007	23.92180158	-11.94284017	-10.86736168	4.78396512	8.83615739
0.03333333	-17.93193181	23.88123767	23.92307882	-11.94746967	-10.86374346	4.78402523	8.83586343
0.04166667	-17.91675784	23.88761146	23.92256584	-11.95550182	-10.86144815	4.78403706	8.83507160
0.05000000	-17.91625469	23.88763741	23.92171965	-11.95714935	-10.86147726	4.78402856	8.83493654
0.05833333	-17.90791548	23.88969289	23.91953302	-11.96799321	-10.85900928	4.78415477	8.83429841
0.06666667	-17.90751502	23.88962562	23.91909400	-11.96933069	-10.85898824	4.78421213	8.83420309
0.07500000	-17.89877290	23.89085606	23.91687878	-11.98054630	-10.85669972	4.78461405	8.83343901
0.08333333	-17.89778080	23.89093011	23.91671994	-11.98166525	-10.85659683	4.78469754	8.83336788
0.09166667	-17.88447943	23.89344996	23.91656065	-11.99159013	-10.85415295	4.78518920	8.83282931
0.10000000	-17.84033438	23.90635703	23.87880446	-12.08545417	-10.87060860	4.78969261	8.82270745
0.10833333	-17.84015328	23.90948005	23.87773055	-12.08861656	-10.86950905	4.79053879	8.82237758
0.11666667	-17.83403204	23.91263997	23.87979562	-12.08990619	-10.86732181	4.79109647	8.82229155
0.12500000	-17.83436422	23.91255499	23.87972185	-12.09059816	-10.86717570	4.79121260	8.82227932
0.13333333	-17.83417625	23.91392442	23.87923295	-12.09548543	-10.86473807	4.79230505	8.82226562
0.14166667	-17.83315982	23.91440942	23.87958806	-12.09576132	-10.86446675	4.79247882	8.82226319
0.15000000	-17.82300745	23.91905098	23.88210198	-12.09996971	-10.86132373	4.79374151	8.82208583
0.15833333	-17.82303283	23.91905782	23.88199545	-12.10060983	-10.86140202	4.79390670	8.82204583
0.16666667	-17.82094359	23.91983909	23.88065882	-12.10853004	-10.86000347	4.79543859	8.82167024
0.17500000	-17.82041657	23.92016644	23.88074116	-12.10893569	-10.86000358	4.79562515	8.82164189
0.18333333	-17.80437021	23.93073577	23.85293694	-12.16697693	-10.86592150	4.81132678	8.81760014
0.19166667	-17.80392089	23.93034074	23.85312295	-12.16879282	-10.86441516	4.81250469	8.81780286
0.20000000	-17.80315488	23.93035005	23.85346515	-12.16898878	-10.86422192	4.81271064	8.81782106
0.20833333	-17.79707027	23.93122765	23.85542926	-12.17191629	-10.86209457	4.81429658	8.81798041
0.21666667	-17.79684141	23.93120811	23.85550439	-12.17219662	-10.86218768	4.81450421	8.81798310
0.22500000	-17.79977636	23.92874059	23.85400664	-12.17626831	-10.86197959	4.81651619	8.81816385
0.23333333	-17.79946680	23.92858757	23.85419984	-12.17648840	-10.86194421	4.81678672	8.81819106
0.24166667	-17.79232317	23.92875251	23.85529453	-12.17952074	-10.86012877	4.82009018	8.81837286
0.25000000	-17.79648201	23.91222492	23.84886707	-12.18185264	-10.85960491	4.83825898	8.81877165
0.25833333	-17.80155738	23.90692949	23.84695194	-12.18126301	-10.85948576	4.84105079	8.81873838
0.26666667	-17.80103479	23.90670298	23.84727448	-12.18075322	-10.85932089	4.84144678	8.81874048
0.27500000	-17.79880551	23.90275736	23.84867461	-12.17719392	-10.85724287	4.84507410	8.81855605
0.28333333	-17.79851934	23.90237600	23.84883384	-12.17658993	-10.85732491	4.84546663	8.81851599
0.29166667	-17.79253567	23.89768940	23.85109446	-12.16963969	-10.85614154	4.85027858	8.81773873
0.30000000	-17.79406491	23.89664166	23.85056125	-12.16917897	-10.85662848	4.85067703	8.81765169
0.30833333	-17.81352883	23.71177173	23.91440564	-11.87446921	-10.92596393	4.98524807	8.78379918
0.31666667	-17.81346382	23.71202672	23.91426266	-11.87478004	-10.92618548	4.98506609	8.78385404
0.32500000	-17.81170185	23.71372913	23.91487913	-11.87699910	-10.92622323	4.98395812	8.78424604
0.33333333	-17.81147308	23.71389416	23.91495022	-11.87713521	-10.92639931	4.98384159	8.78429397
0.34166667	-17.81007689	23.71443378	23.91538620	-11.87739983	-10.92621506	4.98365877	8.78437353
0.35000000	-17.80870419	23.71599458	23.91447965	-11.88040386	-10.92690654	4.98258018	8.78478022
0.35833333	-17.80831862	23.71622226	23.91457084	-11.88045979	-10.92708528	4.98252653	8.78480318
0.36666667	-17.80808892	23.71625877	23.91447307	-11.88072850	-10.92716788	4.98245171	8.78483239
0.37500000	-17.79926503	23.71998091	23.91490322	-11.88478020	-10.92749971	4.98122045	8.78515135
0.38333333	-17.79953928	23.71987794	23.91451194	-11.88513701	-10.92790157	4.98113752	8.78514890
0.39166667	-17.79892099	23.72003098	23.91451477	-11.88554138	-10.92790553	4.98103981	8.78515255
0.40000000	-17.78033249	23.72162818	23.89974363	-11.92313226	-10.93855610	4.97418269	8.78382229
0.40833333	-17.77972346	23.72180121	23.89985140	-11.92336493	-10.93843617	4.97413849	8.78382533
0.41666667	-17.77503657	23.72319632	23.89960915	-11.92724304	-10.93704871	4.97369841	8.78381518
0.42500000	-17.77442272	23.72334181	23.89964976	-11.92760809	-10.93693663	4.97366517	8.78380073
0.43333333	-17.77384746	23.72350959	23.89957091	-11.92808140	-10.93681760	4.97363798	8.78379619
0.44166667	-17.76789439	23.72565957	23.89888964	-11.93319030	-10.93568163	4.97341312	8.78368528
0.45000000	-17.76757477	23.72580894	23.89839134	-11.93373308	-10.93597361	4.97339501	8.78365058
0.45833333	-17.76705922	23.72625423	23.89792159	-11.93431512	-10.93620995	4.97338200	8.78363237
0.46666667	-17.73174665	23.72173467	23.87825661	-12.01880730	-10.94378486	4.97451757	8.78298128
0.47500000	-17.73159947	23.72205078	23.87774522	-12.01885176	-10.94418215	4.97463820	8.78295485
0.48333333	-17.73067432	23.72287038	23.87740154	-12.01881411	-10.94451163	4.97475768	8.78294104
0.49166667	-17.70849250	23.73365160	23.87970693	-12.02124181	-10.94806747	4.97610569	8.78265329
0.50000000	-17.70790546	23.73374709	23.87917600	-12.02231569	-10.94888288	4.97619610	8.78260299
0.50833333	-17.71458095	23.73049866	23.87473660	-12.03099894	-10.95260889	4.97709451	8.78244743
0.51666667	-17.71360633	23.73072178	23.87509625	-12.03142298	-10.95266552	4.97721609	8.78243587
0.52500000	-17.71271654	23.73070731	23.87562577	-12.03205385	-10.95251054	4.97733556	8.78242293
0.53333333	-17.70315147	23.73014804	23.87836192	-12.04299154	-10.95415334	4.97954835	8.78182093
0.54166667	-17.70282131	23.73005396	23.87834484	-12.04358249	-10.95450430	4.97969426	8.78175322
0.55000000	-17.70241655	23.72994132	23.87826743	-12.04430438	-10.95480693	4.97984061	8.78169157
0.55833333	-17.66071290	23.71322299	23.87951258	-12.12724835	-10.99774906	5.00055824	8.77431888
0.56666667	-17.66090402	23.71330121	23.87892778	-12.12724628	-10.99853970	5.00081531	8.77425077
0.57500000	-17.66072176	23.71375709	23.87841062	-12.12723241	-10.99931870	5.00107110	8.77419330
0.58333333	-17.66088967	23.71403947	23.87770745	-12.12737960	-11.00013893	5.00132571	8.77414085
0.59166667	-17.56788765	23.59770755	23.94228530	-12.14978101	-11.25647366	5.25351702	8.78390274
0.60000000	-17.56768796	23.59806597	23.94210569	-12.14953604	-11.25610423	5.25343188	8.78405735
0.60833333	-17.56713711	23.59854488	23.94212930	-12.14937374	-11.25551179	5.25334242	8.78421149
0.61666667	-17.56632342	23.59933430	23.94213529	-12.14918771	-11.25482945	5.25325304	8.78436378
0.62500000	-17.56345931	23.60593084	23.93674435	-12.17279357	-11.20905843	5.24460602	8.79672840
0.63333333	-17.56241038	23.60679058	23.93672386	-12.17252553	-11.20908911	5.24457638	8.79676955
0.64166667	-17.56136282	23.60822670	23.93615878	-12.17225836	-11.20926371	5.24452972	8.79682089
0.65000000	-17.55580866	23.61790532	23.92978546	-12.17315300	-11.21100147	5.24384721	8.79744249
0.65833333	-17.55585211	23.61837941	23.92904911	-12.17409207	-11.21114189	5.24366820	8.79757882
0.66666667	-17.55614381	23.61881527	23.92829345	-12.17463212	-11.21138705	5.24357168	8.79766464
0.67500000	-17.55652395	23.61916453	23.92741856	-12.17528796	-11.21164507	5.24347031	8.79775766
0.68333333	-17.55617765	23.61985486	23.92694563	-12.17585029	-11.21171997	5.24337104	8.79785798
0.69166667	-17.55646092	23.62023175	23.92617976	-12.17658479	-11.21189988	5.24327090	8.79795866
0.70000000	-17.55651376	23.62068421	23.92560761	-12.17733685	-11.21194606	5.24317623	8.79806217
0.70833333	-17.55676112	23.62103284	23.92497227	-12.17815298	-11.21200032	5.24308781	8.79816256
0.71666667	-17.55684188	23.62137055	23.92442320	-12.17898899	-11.21200241	5.24299882	8.79825766
0.72500000	-17.55632456	23.62188780	23.92425430	-12.17975829	-11.21179257	5.24291534	8.79834917
0.73333333	-17.53989172	23.62582081	23.91735908	-12.26157369	-11.19967303	5.23747753	8.80501047
0.74166667	-17.53940053	23.62618628	23.91718442	-12.26164997	-11.19966281	5.23754022	8.80503230
0.75000000	-17.53887718	23.62636938	23.91720873	-12.26185114	-11.19950742	5.23759907	8.80505424
0.75833333	-17.53841629	23.62644210	23.91727658	-12.26211365	-11.19933746	5.23766074	8.80507216
0.76666667	-17.53773297	23.62651067	23.91761987	-12.26240628	-11.19899891	5.23772264	8.80508235
0.77500000	-17.53774329	23.62630786	23.91764655	-12.26282203	-11.19880682	5.23779353	8.80508103
0.78333333	-17.53763942	23.62620588	23.91761575	-12.26320431	-11.19868482	5.23786729	8.80506710
0.79166667	-17.53717290	23.62642311	23.91771832	-12.26346910	-11.19856284	5.23794509	8.80504128
0.80000000	-17.53740192	23.62635184	23.91740342	-12.26389838	-11.19865394	5.23802247	8.80500405
0.80833333	-17.53694980	23.62675509	23.91731467	-12.26416873	-11.19868211	5.23810388	8.80496040
0.81666667	-17.53693244	23.62702038	23.91700404	-12.26456575	-11.19879222	5.23818393	8.80491381
0.82500000	-17.53708488	23.62735015	23.91649031	-12.26496920	-11.19901662	5.23826417	8.80486505
0.83333333	-17.53735196	23.62772185	23.91587417	-12.26540549	-11.19925801	5.23834549	8.80481985
0.84166667	-17.53754497	23.62815502	23.91533155	-12.26584384	-11.19937441	5.23843164	8.80477945
0.85000000	-17.53632211	23.63329421	23.91196769	-12.27403399	-11.19868359	5.24006766	8.80413215
0.85833333	-17.53641325	23.63311751	23.91212598	-12.27457689	-11.19859134	5.24016903	8.80408858
0.86666667	-17.53683809	23.63303878	23.91197352	-12.27517664	-11.19850663	5.24026196	8.80405589
0.87500000	-17.53685441	23.63318281	23.91192153	-12.27571790	-11.19826769	5.24034191	8.80402761
0.88333333	-17.53628535	23.63376443	23.91202283	-12.27611964	-11.19790332	5.24041019	8.80400254
0.89166667	-17.53609024	23.63437405	23.91194617	-12.27656201	-11.19755161	5.24046533	8.80398124
0.90000000	-17.53743793	23.63572277	23.91047352	-12.27807717	-11.19696067	5.24059137	8.80394734
0.90833333	-17.53749160	23.63642364	23.91019463	-12.27852346	-11.19656649	5.24064025	8.80394472
0.91666667	-17.54495109	23.67026772	23.91441644	-12.32900003	-11.13594259	5.24836095	8.80381818
0.92500000	-17.54602855	23.67035943	23.91357724	-12.32929254	-11.13620901	5.24845420	8.80374376
0.93333333	-17.54662055	23.67082625	23.91298020	-12.32945679	-11.13629528	5.24855535	8.80368321
0.94166667	-17.54758567	23.67119542	23.91219467	-12.32969876	-11.13636306	5.24865104	8.80362740
0.95000000	-17.55470060	23.67479458	23.90719793	-12.33194917	-11.13388705	5.24984221	8.80317750
0.95833333	-17.55512280	23.67506617	23.90704564	-12.33204922	-11.13348932	5.24996547	8.80315184
0.96666667	-17.55585004	23.67527812	23.90672161	-12.33218061	-11.13305865	5.25008470	8.80312969
0.97500000	-17.55678785	23.67554306	23.90630600	-12.33230585	-11.13256952	5.25020018	8.80311485
0.98333333	-17.55809163	23.67566554	23.90570641	-12.33249280	-11.13206301	5.25031873	8.80310169
0.99166667	-17.59511581	23.71404579	23.89566494	-12.32950610	-11.05961636	5.26398924	8.80148149
1.00000000	-17.59557199	23.71406378	23.89548016	-12.32971380	-11.05913468	5.26406306	8.80146604
1.00833333	-17.59614971	23.71409549	23.89526236	-12.32993844	-11.05860135	5.26412979	8.80145293
1.01666667	-17.59705885	23.71398751	23.89492103	-12.33024290	-11.05805603	5.26419849	8.80144637
1.02500000	-17.60170428	23.71579961	23.89340449	-12.33183440	-11.05131318	5.26498099	8.80137290
1.03333333	-17.60206125	23.71601954	23.89323738	-12.33184192	-11.05076443	5.26507129	8.80134894
1.04166667	-17.60267373	23.71622898	23.89305986	-12.33192318	-11.05013786	5.26515637	8.80133081
1.05000000	-17.60376869	23.71627265	23.89273364	-12.33209873	-11.04952134	5.26524011	8.80131672
1.05833333	-17.64627244	23.75473636	23.88114106	-12.32736407	-10.97264532	5.27619447	8.80017059
1.06666667	-17.64807019	23.75407944	23.88004190	-12.32787654	-10.97243950	5.27625302	8.80011803
1.07500000	-17.64783934	23.75448406	23.88007216	-12.32795349	-10.97191643	5.27630224	8.80009828
1.08333333	-17.64793930	23.75478868	23.87990805	-12.32813592	-10.97142097	5.27635032	8.80008202
1.09166667	-17.64904928	23.75548519	23.87911611	-12.32887875	-10.97009432	5.27647621	8.80002702
1.10000000	-17.64995896	23.75554547	23.87856893	-12.32926585	-10.96969245	5.27653084	8.80000186
1.10833333	-17.65484723	23.75735707	23.87452924	-12.33243486	-10.96542179	5.27711990	8.79971271
1.11666667	-17.65460852	23.75782149	23.87446773	-12.33258981	-10.96489219	5.27720497	8.79968254
1.12500000	-17.65455027	23.75824622	23.87426868	-12.33289993	-10.96437707	5.27727227	8.79965266
1.13333333	-17.65467450	23.75866414	23.87393354	-12.33329418	-10.96394361	5.27732554	8.79962443
1.14166667	-17.66602410	23.77904782	23.84865314	-12.35934984	-10.93194496	5.28153605	8.79892081
1.15000000	-17.66580126	23.77944981	23.84863598	-12.35967380	-10.93139402	5.28158712	8.79894442
1.15833333	-17.66625917	23.77957136	23.84834452	-12.36022117	-10.93092012	5.28162582	8.79897385
1.16666667	-17.67596151	23.77887129	23.84210970	-12.36706419	-10.92606443	5.28228728	8.79933815
1.17500000	-17.67507953	23.77958176	23.84231537	-12.36719353	-10.92542411	5.28236817	8.79937443
1.18333333	-17.67489892	23.77994441	23.84221508	-12.36753148	-10.92492025	5.28244041	8.79940304
1.19166667	-17.67491154	23.78023629	23.84212246	-12.36795364	-10.92443129	5.28250482	8.79943180
1.20000000	-17.67571174	23.78016018	23.84167933	-12.36858906	-10.92408699	5.28255617	8.79945419
1.20833333	-17.69032812	23.79007056	23.81985246	-12.39184446	-10.90265506	5.28657964	8.80113490
1.21666667	-17.68964643	23.79054884	23.82005114	-12.39199274	-10.90211051	5.28665469	8.80118061
1.22500000	-17.68998553	23.79049468	23.81980029	-12.39244973	-10.90174532	5.28671488	8.80122537
1.23333333	-17.69019463	23.79055952	23.81965139	-12.39289782	-10.90136420	5.28677637	8.80126886
1.24166667	-17.69835855	23.78848835	23.81455795	-12.39785276	-10.89930301	5.28745054	8.80167099
1.25000000	-17.69773084	23.78905533	23.81462391	-12.39794198	-10.89884589	5.28755952	8.80172987
1.25833333	-17.69817949	23.78915335	23.81424949	-12.39830902	-10.89855189	5.28766464	8.80178797
1.26666667	-17.71087070	23.78726405	23.80516439	-12.40514462	-10.89427061	5.28963690	8.80291511
1.27500000	-17.70995843	23.78784796	23.80534233	-12.40514073	-10.89371077	5.28978596	8.80299620
1.28333333	-17.71038470	23.78783257	23.80510054	-12.40547337	-10.89333726	5.28992857	8.80307475
1.29166667	-17.73068289	23.79127643	23.77886141	-12.41829558	-10.86823502	5.30092579	8.80939548
1.30000000	-17.73005744	23.79160981	23.77900616	-12.41830108	-10.86769555	5.30108596	8.80951182
1.30833333	-17.73034977	23.79149937	23.77882820	-12.41854292	-10.86729979	5.30123664	8.80962420
1.31666667	-17.73106105	23.79119135	23.77848851	-12.41888145	-10.86698839	5.30138816	8.80973963
1.32500000	-17.73972177	23.78733067	23.77378230	-12.42186337	-10.86469308	5.30283797	8.81084351
1.33333333	-17.73926861	23.78766006	23.77386792	-12.42176982	-10.86423201	5.30300853	8.81097289
1.34166667	-17.74062055	23.78710517	23.77327112	-12.42209851	-10.86410224	5.30317132	8.81109675
1.35000000	-17.75394807	23.78159827	23.76661482	-12.42457106	-10.86189845	5.30540538	8.81276422
1.35833333	-17.75326649	23.78199094	23.76688045	-12.42431999	-10.86141591	5.30561930	8.81291219
1.36666667	-17.75414552	23.78157166	23.76647707	-12.42445862	-10.86125614	5.30582101	8.81305665
1.37500000	-17.76727976	23.77616547	23.75910489	-12.42535034	-10.85845969	5.30919832	8.81550329
1.38333333	-17.76668444	23.77662208	23.75920641	-12.42498151	-10.85801515	5.30944258	8.81567905
1.39166667	-17.76746105	23.77632273	23.75868356	-12.42499306	-10.85782755	5.30968156	8.81585222
1.40000000	-17.76940656	23.77568399	23.75755417	-12.42508662	-10.85741563	5.31020702	8.81624168
1.40833333	-17.78114421	23.77122682	23.75041081	-12.42558682	-10.85561159	5.31279518	8.81822538
1.41666667	-17.78082061	23.77151603	23.75037643	-12.42529552	-10.85517064	5.31304720	8.81842652
1.42500000	-17.78125138	23.77144762	23.74999784	-12.42521220	-10.85487605	5.31327484	8.81862061
1.43333333	-17.80113012	23.76680158	23.70202090	-12.40170280	-10.79567161	5.34786379	8.85005628
1.44166667	-17.80314683	23.76604766	23.70111743	-12.40209197	-10.79506017	5.34819237	8.85045276
1.45000000	-17.81266544	23.76190100	23.69671902	-12.40347189	-10.79253980	5.34959938	8.85217635
1.45833333	-17.81202216	23.76224881	23.69702577	-12.40322968	-10.79197359	5.34975970	8.85236179
1.46666667	-17.81269541	23.76201433	23.69671101	-12.40326369	-10.79169917	5.34992149	8.85253884
1.47500000	-17.82223498	23.75745566	23.69256465	-12.40445666	-10.78898209	5.35175802	8.85433659
1.48333333	-17.82237414	23.75748466	23.69253428	-12.40434397	-10.78852013	5.35198377	8.85453186
1.49166667	-17.83280600	23.75272998	23.68719390	-12.40427344	-10.78308284	5.35546015	8.85730967
1.50000000	-17.83230554	23.75304596	23.68719182	-12.40383354	-10.78214309	5.35588465	8.85762619
1.50833333	-17.83277312	23.75300641	23.68687567	-12.40371623	-10.78173521	5.35613906	8.85781550
1.51666667	-17.84404681	23.74933064	23.68024736	-12.40242677	-10.77637689	5.35974423	8.86056090
1.52500000	-17.84325826	23.74974809	23.68051145	-12.40197468	-10.77568198	5.36001249	8.86076006
1.53333333	-17.85948159	23.74421037	23.67333168	-12.39909519	-10.76906071	5.36441837	8.86388989
1.54166667	-17.85587462	23.74563716	23.67499418	-12.39723022	-10.76653348	5.36537650	8.86452720
1.55000000	-17.85693189	23.74537046	23.67459019	-12.39671886	-10.76564507	5.36592992	8.86487746
1.55833333	-17.87505189	23.73871785	23.66794611	-12.39414781	-10.76046245	5.36991085	8.86741858
1.56666667	-17.87451104	23.73906975	23.66826178	-12.39347667	-10.75964253	5.37025683	8.86763059
1.57500000	-17.87539826	23.73882366	23.66793342	-12.39308811	-10.75910508	5.37059391	8.86783479
1.58333333	-17.95567223	23.72797730	23.65285098	-12.24918979	-10.58254290	5.47769743	8.92620067
1.59166667	-17.95528698	23.72806951	23.65299222	-12.24925005	-10.58257126	5.47779090	8.92619193
1.60000000	-17.95486032	23.72832985	23.65324292	-12.24925848	-10.58255779	5.47788396	8.92617721
1.60833333	-17.96568215	23.72331669	23.64969459	-12.25183771	-10.58472026	5.47868842	8.92604787
1.61666667	-17.96496109	23.72359940	23.65022693	-12.25170106	-10.58456655	5.47880199	8.92604759
1.62500000	-17.96555091	23.72324171	23.65024334	-12.25182894	-10.58468124	5.47890459	8.92603892
1.63333333	-17.96640945	23.72281450	23.65021950	-12.25197698	-10.58485470	5.47901115	8.92603299
1.64166667	-17.97572230	23.71807262	23.64970780	-12.25270406	-10.58619707	5.48045180	8.92608680
1.65000000	-17.97630060	23.71793749	23.64968350	-12.25260230	-10.58626864	5.48059874	8.92611140
1.65833333	-17.97665730	23.71801144	23.64981997	-12.25240877	-10.58625595	5.48074636	8.92613459
1.66666667	-17.98670062	23.71523177	23.64948802	-12.25057672	-10.58653758	5.48285084	8.92660160
1.67500000	-17.98664698	23.71542293	23.64987095	-12.25021884	-10.58635353	5.48302592	8.92665346
1.68333333	-17.98720462	23.71543460	23.64994842	-12.24996877	-10.58626580	5.48319720	8.92670326
1.69166667	-17.98768062	23.71559919	23.65005111	-12.24966704	-10.58616516	5.48336485	8.92675133
1.70000000	-18.00491665	23.71868207	23.66329544	-12.23481917	-10.57488352	5.49293421	8.92989364
1.70833333	-18.00407146	23.71950132	23.66376995	-12.23428029	-10.57488291	5.49308670	8.92990442
1.71666667	-18.00470315	23.71981799	23.66353979	-12.23414319	-10.57497610	5.49321923	8.92991730
1.72500000	-18.00539037	23.72028335	23.66318499	-12.23393197	-10.57512540	5.49334698	8.92992193
1.73333333	-18.00650872	23.72063211	23.66258147	-12.23381928	-10.57530094	5.49346545	8.92992404
1.74166667	-18.01721572	23.72228634	23.65797239	-12.23339305	-10.57585537	5.49467542	8.93005766
1.75000000	-18.01642964	23.72353799	23.65873577	-12.23309132	-10.57507277	5.49495347	8.93013192
1.75833333	-18.01633868	23.72423986	23.65878729	-12.23297795	-10.57477369	5.49506387	8.93015427
1.76666667	-18.02428153	23.73175850	23.65481584	-12.23512524	-10.57205968	5.49726313	8.93033518
1.77500000	-18.02381649	23.73248692	23.65522362	-12.23569138	-10.57160589	5.49740210	8.93033359
1.78333333	-18.02358586	23.73498050	23.65416033	-12.23624689	-10.57130700	5.49765492	8.93029332
1.79166667	-18.03918429	23.98993702	23.65667760	-12.58049946	-10.57447816	5.54899155	8.93713175
1.80000000	-18.03894079	23.99219589	23.65450555	-12.57972425	-10.57489304	5.54923828	8.93715380
1.80833333	-18.03999657	24.00149604	23.64136808	-12.58039930	-10.57723406	5.55025029	8.93688267
1.81666667	-18.04393353	24.00759525	23.62702768	-12.59222669	-10.57785450	5.55154219	8.93616371
1.82500000	-18.04499598	24.10472073	23.71026973	-12.71898153	-10.96494583	5.56237101	9.28966333
1.83333333	-18.04757605	24.11562053	23.69674232	-12.72178889	-10.96634397	5.56238419	9.28853213
1.84166667	-18.01457100	24.17333737	23.63680218	-12.90967757	-10.90602155	5.55709177	9.26935956
1.85000000	-17.97936752	24.34485547	23.50239225	-13.24973296	-10.78517019	5.57667266	9.21494761
1.85833333	-17.97582150	24.36396301	23.48728362	-13.25232150	-10.78540385	5.57674787	9.21408701
1.86666667	-17.92963759	24.59673788	23.30519952	-13.73017965	-10.59373200	5.59065582	9.15531868
1.87500000	-17.91496190	24.64854008	23.24325816	-13.85808087	-10.54722055	5.58485042	9.14906115
1.88333333	-17.64314234	24.36838767	22.84623021	-13.75242280	-10.62992234	5.30050912	9.10329582
1.89166667	-17.59738848	24.47010915	22.74750116	-14.01296884	-10.57181295	5.30800603	9.13688020
1.90000000	-17.57461348	24.69704304	22.65432550	-14.40317232	-10.50666438	5.37078312	9.20311267
1.90833333	-17.48727170	24.81347485	22.53906960	-14.74558692	-10.52811583	5.45744163	9.24080800
1.91666667	-17.43999797	24.83843557	22.47911114	-14.85753249	-10.55823869	5.45231607	9.23965924
1.92500000	-17.09252221	24.60546501	21.97669989	-15.03206623	-10.40802292	5.45083202	9.27417932
1.93333333	-17.00906323	24.72331864	21.92001311	-15.36316573	-10.50337261	5.43988896	9.30508967
1.94166667	-16.90464937	24.77920228	21.84883888	-15.64899695	-10.60960534	5.52846652	9.33789044
1.95000000	-16.82024920	24.75990868	21.77971812	-15.79087179	-10.68404585	5.53826267	9.33707659
1.95833333	-16.65119851	24.73269255	21.75575165	-16.06302271	-10.92839187	5.79465091	9.43231796
1.96666667	-16.43528214	24.48315665	21.57819277	-16.08335720	-10.98504634	5.91241856	9.60110183
1.97500000	-16.39739156	24.47947537	21.53956016	-16.15611849	-11.03896653	5.89641499	9.59279833
1.98333333	-15.92284099	23.97903762	20.96297025	-16.17317807	-10.96269420	5.72542334	9.66179109
1.99166667	-15.84944917	23.93466460	20.93403131	-16.32916657	-11.12393303	5.76236067	9.67400819
2.00000000	-15.80747013	23.95496141	21.07697667	-16.50592853	-11.47256871	6.13980989	9.84779904
2.00833333	-15.69678350	23.93727222	21.02379405	-16.71814328	-11.61793613	6.15530098	9.86110447
2.01666667	-15.58190652	23.87455069	20.98557939	-16.82963152	-11.76880424	6.35888384	10.15464489
2.02500000	-15.47216234	23.96724361	20.98444705	-17.16191223	-12.05906014	6.47020277	10.25198640
2.03333333	-15.33296725	23.96317228	20.96721534	-17.43861298	-12.34908862	6.67126264	10.34879483
2.04166667	-15.13320492	23.73069339	20.78550862	-17.44879129	-12.37496225	6.71746258	10.42212948
2.05000000	-15.03514968	23.70448674	20.86559038	-17.64620522	-12.74981032	6.87896608	10.52538737
2.05833333	-14.93359133	23.66840783	20.82395411	-17.84270049	-12.96448497	6.92355800	10.54905012
2.06666667	-14.86218186	23.54492926	21.01052510	-17.89371440	-13.49265220	7.29963678	10.75618404
2.07500000	-14.89390140	23.70354243	21.12811374	-18.11383913	-13.54494304	7.19772478	10.75068108
2.08333333	-14.75684185	23.71065705	21.20103612	-18.37727724	-14.01667776	7.33494268	10.81414622
2.09166667	-14.64960650	23.69954245	21.21800184	-18.58429554	-14.45728804	7.59433292	11.07377119
2.10000000	-14.56620097	23.62413511	21.24993096	-18.66984733	-14.75579149	7.60234647	11.16234256
2.10833333	-14.41605419	23.54339796	21.37322043	-18.88424456	-15.32128317	7.69167685	11.26102494
2.11666667	-14.63787073	23.86648605	21.93404102	-19.09419156	-15.74466465	7.75663007	11.21638520
2.12500000	-14.50327517	23.69009777	22.15054829	-19.14955251	-16.43860222	8.05435696	11.35263551
2.13333333	-14.31046571	23.65702184	22.27853884	-19.46579425	-17.12410231	8.19406085	11.55496397
2.14166667	-14.07270337	23.54610673	22.48287081	-19.71880410	-17.93526864	8.36740444	11.71361415
2.15000000	-13.90875810	23.45248908	22.71834009	-19.91068885	-18.70804220	8.51662781	11.79940040
2.15833333	-13.72053796	23.32515042	22.90479774	-20.10861032	-19.49961272	8.53656264	11.73621849
2.16666667	-13.76003528	23.35639200	23.45723091	-20.12252101	-20.35095550	8.57899468	11.63146176
2.17500000	-13.56397008	23.29622405	23.82370612	-20.46280401	-21.40585552	8.82391046	11.74587147
2.18333333	-13.44587559	23.14764641	24.39685364	-20.53311739	-22.53591202	9.02641497	11.76512934
2.19166667	-13.28103532	23.21946525	24.80892073	-20.92227202	-23.64303977	9.08118799	11.70333392
2.20000000	-13.01047054	23.03561807	25.16023137	-21.13850384	-24.75883808	9.11272458	11.51577602
2.20833333	-13.25071266	23.44410064	26.31924866	-21.36013374	-26.03385109	9.10357128	10.71570336
2.21666667	-13.02191338	23.31502311	26.80202737	-21.60842942	-27.39314677	9.33991955	10.53942801
2.22500000	-12.81720024	23.20308386	27.45823699	-21.83106592	-28.91791560	9.51965973	10.20192260
2.23333333	-13.08525538	23.67273530	28.74879759	-22.10067399	-30.50126748	9.35910074	9.06471828
2.24166667	-12.72480236	23.41916835	29.39411834	-22.35262185	-32.16035999	9.61928209	8.64384837
2.25000000	-12.42505967	23.19219520	30.17909906	-22.48925829	-33.72081093	9.58796061	7.20600645
2.25833333	-12.08137562	22.87692019	30.81027150	-22.64185974	-35.38396414	9.83239508	6.73094101
2.26666667	-12.07432096	22.86595811	31.93769137	-22.74201061	-37.08940339	9.87761637	5.16801056
2.27500000	-11.65603290	22.50309277	32.60478134	-22.94546913	-38.81000765	10.17180678	4.48347240
2.28333333	-11.17641593	21.97934868	33.30273552	-22.97104831	-40.54502922	10.31518148	3.16626391
2.29166667	-10.80932901	21.66095809	34.00264930	-23.15261764	-42.15187424	10.47238248	1.85904037
2.30000000	-10.54126746	21.43036234	34.76207163	-23.30830222	-43.72346609	10.59479883	0.83972689
2.30833333	-10.22728361	21.09821386	35.39817943	-23.37760500	-45.14335180	10.57624624	0.50920582
2.31666667	-9.81700107	20.79332391	36.10021881	-23.62073455	-46.61776158	10.90351224	-0.67125098
2.32500000	-9.54785348	20.47571311	36.70149064	-23.66292130	-47.82235997	10.86197763	-0.86462930
2.33333333	-9.26156638	20.26119035	37.37029239	-23.87954521	-48.95612447	11.13736746	-1.88235713
2.34166667	-9.02086756	20.00961514	37.90235267	-23.97136168	-49.85651788	11.17716496	-1.86063700
2.35000000	-8.80104888	19.80954050	38.40040511	-24.10722796	-50.59078605	11.26523312	-1.73591660
2.35833333	-8.60420171	19.62852889	38.87052107	-24.23566741	-51.15195965	11.37189028	-1.53861897
2.36666667	-8.47057898	19.60359113	39.32853924	-24.53399385	-51.60057689	11.81518511	-0.30951070
2.37500000	-8.32441611	19.45687490	39.73863060	-24.61829972	-51.80854082	11.84852402	-0.14832875
2.38333333	-8.21416205	19.51446849	40.04022438	-24.98193244	-51.79279997	12.06142777	0.46646628
2.39166667	-8.13120162	19.41815650	40.39121909	-25.03837574	-51.64889915	12.07652597	0.52567732
2.40000000	-7.82918574	19.26283576	40.34479565	-25.32939303	-51.42546803	12.20781529	1.74033149
2.40833333	-7.74688812	19.21116576	40.62900424	-25.45067759	-51.03439933	12.22894489	1.77725217
2.41666667	-7.62624882	19.25429350	40.68928447	-25.82984908	-50.40576257	12.42880235	1.81961341
2.42500000	-7.59721595	19.21455675	40.88379287	-25.91897640	-49.71989056	12.49352930	1.83483282
2.43333333	-7.47692210	19.16978024	40.90083698	-26.19454089	-48.88634139	12.71037478	1.61188435
2.44166667	-7.43642931	19.16269897	40.99721114	-26.36933662	-47.99748651	12.79928996	1.56082806
2.45000000	-7.23314146	19.00992498	40.84472434	-26.62504032	-47.01104353	13.04436726	1.08321440
2.45833333	-7.15286163	18.95375026	40.80714710	-26.83295816	-45.91814733	13.20403548	0.54880446
2.46666667	-7.03749022	18.84597853	40.75175922	-27.03072361	-44.76249836	13.42741637	-0.25796996
2.47500000	-6.98128043	18.78861255	40.61803644	-27.22925008	-43.47667715	13.61241586	-1.22378775
2.48333333	-6.81834701	18.64100137	40.39564060	-27.44948030	-42.18308744	13.78875730	-2.68521187
2.49166667	-6.79450915	18.61927772	40.26003952	-27.66588914	-40.75500584	14.01349030	-3.86227984
2.50000000	-6.64566009	18.44637176	40.02898032	-27.86970925	-39.32039168	14.20607032	-5.85042686
2.50833333	-6.51755360	18.38232319	39.71389555	-28.18902316	-37.80403545	14.45271797	-7.80998002
2.51666667	-6.48683608	18.45395181	39.48729881	-28.55956073	-36.28540343	14.71203640	-9.24452658
2.52500000	-6.26640996	18.34940130	39.07569237	-28.99153502	-34.80453266	14.98332443	-11.61361917
2.53333333	-6.17477075	18.39649579	38.76693681	-29.46613656	-33.32189932	15.28256404	-13.59669931
2.54166667	-6.09958510	18.49050764	38.49895683	-29.98817363	-31.88332544	15.58718399	-15.45331000
2.55000000	-5.96431978	18.53978632	38.16488181	-30.54287790	-30.47153716	15.91613242	-17.26744477
2.55833333	-5.83488997	18.61092606	37.77075336	-31.13782807	-29.04920987	16.24362272	-18.92113971
2.56666667	-5.74725246	18.74540973	37.40357543	-31.78521828	-27.69451135	16.60704001	-20.40579682
2.57500000	-5.74014463	18.96899143	37.10589148	-32.42059353	-26.36477038	16.97680598	-21.36794750
2.58333333	-5.70863998	19.19609346	36.79433286	-33.15837517	-25.18274516	17.46832790	-22.69122943
2.59166667	-5.72871323	19.48569944	36.56028643	-33.87013605	-24.06798787	17.82824674	-23.85654309
2.60000000	-5.67245553	19.68683842	36.24410494	-34.57145070	-22.97138135	18.26166258	-24.63238360
2.60833333	-5.61231921	19.89516029	35.94087852	-35.27922566	-22.02223155	18.51356768	-24.82786803
2.61666667	-5.62081999	20.19302135	35.61107280	-36.07323176	-20.96107371	19.22339707	-26.17255042
2.62500000	-5.68220560	20.53029856	35.36244674	-36.80258424	-20.04733474	19.64179791	-26.52896234
2.63333333	-5.66649175	20.85513966	35.12198829	-37.65635523	-19.29457835	20.19208380	-27.02426913
2.64166667	-5.67737624	21.23172529	34.83848164	-38.54230183	-18.50765462	20.67271719	-27.45236260
2.65000000	-5.67754170	21.58090919	34.59255433	-39.39999557	-17.83685512	21.15608894	-27.76829255
2.65833333	-5.66695775	21.86028500	34.23773228	-40.19701090	-17.16337328	21.41948562	-27.79416521
2.66666667	-5.81782662	22.39263017	34.08059700	-41.14676910	-16.57304757	22.18317272	-28.18244071
2.67500000	-5.84295020	22.74139680	33.79403924	-41.98169060	-15.98744592	22.58367197	-28.30413322
2.68333333	-5.86578070	23.12212321	33.60047531	-42.92660132	-15.62025874	23.25830842	-28.63515455
2.69166667	-5.97642350	23.57353223	33.41047828	-43.84756463	-15.21753839	23.85624472	-28.85519742
2.70000000	-5.97043943	23.84742542	33.07478809	-44.66684625	-14.84347494	24.15533942	-28.86961352
2.70833333	-6.30546954	24.62811250	33.21587299	-45.74420230	-14.67335061	25.01417870	-29.16521204
2.71666667	-6.26711399	24.89923273	32.90657619	-46.63228161	-14.47518623	25.56314673	-29.28931809
2.72500000	-6.31537217	25.25593101	32.67009534	-47.54541243	-14.33864414	26.21289416	-29.33619072
2.73333333	-6.51118137	25.80061433	32.63780494	-48.50466577	-14.25250964	26.85524056	-29.34833166
2.74166667	-6.44320417	26.01534471	32.31334429	-49.36463401	-14.18027401	27.38979517	-29.39453077
2.75000000	-6.44979152	26.26473182	32.05973932	-50.20250955	-14.17933423	28.07424434	-29.38921085
2.75833333	-6.49126279	26.51894906	31.73878940	-51.01263557	-14.07372643	28.67789620	-29.34514802
2.76666667	-6.51217180	26.80064550	31.56374683	-51.85118705	-14.13546718	29.32619222	-29.31483458
2.77500000	-6.44835883	26.91995334	31.17772586	-52.58649254	-14.08527428	29.43587280	-29.28822183
2.78333333	-6.59159339	27.29123972	30.98715598	-53.42990567	-14.01645307	30.48659066	-29.25011236
2.79166667	-6.76420426	27.70865657	30.84737223	-54.29148464	-13.98324491	31.17285526	-29.12427568
2.80000000	-6.79487547	27.95610376	30.62575823	-55.06506490	-13.99331496	31.71575372	-29.07166201
2.80833333	-6.96577480	28.31972641	30.38830692	-55.88319008	-13.90550358	32.30734006	-28.95615362
2.81666667	-7.04883683	28.59388137	30.15830967	-56.67996073	-13.89699626	32.83211860	-28.86243219
2.82500000	-7.23629836	28.96795498	29.99041479	-57.46770998	-13.86790957	33.44435912	-28.71628109
2.83333333	-7.27436926	29.15705149	29.61857257	-58.19856071	-13.76130955	33.63352198	-28.62897433
2.84166667	-7.37546232	29.43551100	29.44105595	-58.99767518	-13.82543706	34.38391068	-28.49916195
2.85000000	-7.57864134	29.81849937	29.24158902	-59.82583976	-13.75623200	34.99030644	-28.32172906
2.85833333	-7.60357937	29.98261516	28.89766903	-60.53756497	-13.69969526	35.14663009	-28.27721250
2.86666667	-7.83588304	30.35507707	28.76160485	-61.29405412	-13.74443449	35.90976569	-28.16935844
2.87500000	-7.99852693	30.71224760	28.56836326	-62.16853782	-13.73743518	36.36681735	-28.02572373
2.88333333	-8.07417546	30.91241167	28.25082115	-62.88024665	-13.67383003	36.53680940	-27.89898490
2.89166667	-8.58600366	31.67291494	28.49906887	-63.81390856	-13.83100515	37.34803582	-26.53821122
2.90000000	-8.75882582	32.05853340	28.46338704	-64.65837258	-13.97649564	37.74063297	-25.33632435
2.90833333	-8.96289057	32.40394930	28.24638469	-65.51195155	-14.02796998	38.16760286	-23.54380580
2.91666667	-8.99365267	32.65085803	28.05488905	-66.45916968	-14.17039386	38.51883106	-21.80605786
2.92500000	-9.35870895	33.21038567	28.25235397	-67.33113526	-14.61065628	38.89624907	-19.18165928
2.93333333	-9.33506732	33.39848002	28.00238706	-68.28257032	-14.67756429	39.06522390	-17.25007114
2.94166667	-9.44139518	33.70963383	27.88557546	-69.24174431	-14.86157451	39.24522629	-15.11685617
2.95000000	-9.53066605	34.04418008	27.90713582	-70.21492800	-15.16685261	39.34771570	-13.13322120
2.95833333	-9.57845105	34.34978062	27.90154660	-71.23627187	-15.50192683	39.39406645	-11.34109460
2.96666667	-9.61737266	34.64150793	27.89532926	-72.23042574	-15.88849815	39.35257899	-9.54597795
2.97500000	-9.45688237	34.74093551	27.94926455	-73.17110003	-16.50630287	39.24775591	-7.86640561
2.98333333	-9.53628320	35.02538936	27.87990876	-74.17581329	-16.84386339	39.08503813	-6.29918023
2.99166667	-9.35566779	35.12933889	28.05271627	-75.10645545	-17.64372827	38.86626403	-4.73807155
3.00000000	-9.19195524	35.19471038	28.11702949	-76.04491573	-18.40996344	38.57370868	-3.44840132
3.00833333	-9.14746446	35.37878143	28.14308838	-77.03060271	-18.97575849	38.26256859	-1.92582564
3.01666667	-9.00967954	35.44618891	28.18907512	-77.94243650	-19.74321770	37.85024293	-0.71357077
3.02500000	-8.80499323	35.51989232	28.18681217	-78.92343636	-20.37080491	37.35640533	0.71420074
3.03333333	-8.62803217	35.60193775	28.10264977	-79.91667956	-20.97958077	36.75309411	1.75080281
3.04166667	-8.55900490	35.85907174	27.99401975	-81.00010715	-21.38721809	36.01217258	3.15998590
3.05000000	-8.48414937	36.17110940	27.95755394	-82.17324627	-21.83197643	35.11055311	4.26116143
3.05833333	-8.52493926	36.67862451	27.92457067	-83.40575278	-22.19122222	34.00870386	5.42140821
3.06666667	-8.49158879	37.20888035	27.89858827	-84.75134590	-22.55917876	32.70394095	6.34757003
3.07500000	-8.45367368	37.84072780	27.94274300	-86.14734391	-22.98820444	31.14323313	7.24986134
3.08333333	-8.89992802	39.12652045	28.55881322	-87.60450856	-23.59404130	29.02030523	8.00340949
3.09166667	-8.69300941	39.65473438	28.33241692	-89.07828519	-23.93580266	27.31668986	8.55368639
3.10000000	-9.08240590	41.00244179	28.69328696	-90.55270546	-24.48100402	24.81655141	9.37090056
3.10833333	-8.56553504	41.27690862	28.13000306	-92.02595478	-24.69410400	22.94655542	9.65462367
3.11666667	-8.10846302	41.69335065	27.56253148	-93.42305774	-24.90677701	20.71779823	9.90989868
3.12500000	-7.74823232	42.22592280	27.19214415	-94.75891040	-25.30688847	18.89823037	10.32041844
3.13333333	-7.23440176	42.57949603	26.46069007	-95.85443670	-25.47331342	16.19480599	10.78958967
3.14166667	-6.72287646	42.97602212	25.79309332	-97.05942281	-25.61393450	14.64965603	11.12998301
3.15000000	-6.32464644	43.48795405	25.32317830	-98.16784757	-25.84626219	13.56477724	11.45989434
3.15833333	-6.00934859	44.09182514	24.71081597	-99.17091923	-25.85281694	12.76627499	11.85792336
3.16666667	-5.70725676	44.65653332	24.18635263	-99.99247632	-25.88613870	12.58125496	12.15330112
3.17500000	-5.50614125	45.30050560	23.75842008	-100.56639300	-25.83715656	12.68887459	12.18802416
3.18333333	-5.14224191	45.70153064	22.95471958	-100.89631201	-25.63147248	12.65832455	12.45434299
3.19166667	-4.94872473	46.28280579	22.57761460	-101.08301660	-25.61560659	13.35914723	12.57939067
3.20000000	-4.64823803	46.65854401	21.92910030	-100.95821344	-25.35366402	12.89447723	12.66306125
3.20833333	-4.56053897	47.23974650	21.51228476	-100.65342773	-25.20294111	12.58448147	12.82701019
3.21666667	-4.33219094	47.61111296	20.93681601	-100.17159983	-24.96780306	12.08266851	12.94753729
3.22500000	-4.31820010	48.21250087	20.69763129	-99.56118365	-24.85410067	11.35750633	13.13142339
3.23333333	-4.38324566	48.84329955	20.33948279	-98.74405532	-24.64337948	10.59763430	13.38807307
3.24166667	-4.16661541	49.03612477	19.87021204	-97.73869633	-24.41457465	9.98080823	13.43466564
3.25000000	-4.17950093	49.50409349	19.47429900	-96.61730084	-24.15333395	9.11181410	13.49044889
3.25833333	-4.18865159	49.88767961	19.18428379	-95.40647687	-23.94156694	9.15711179	13.59421347
3.26666667	-4.15788670	50.15412811	18.89139221	-94.01757940	-23.74834904	9.01373103	13.68795938
3.27500000	-3.76385889	49.91484674	18.37017085	-92.39232244	-23.62285694	8.15546637	13.56221153
3.28333333	-3.88148398	50.26523326	18.19252192	-90.78210181	-23.52085248	7.56967906	13.65847359
3.29166667	-3.99557699	50.50940754	18.03309475	-88.99174903	-23.50630399	6.86167476	13.80937581
3.30000000	-4.07761306	50.63711821	17.86504847	-87.10428095	-23.42816512	6.17985143	14.00105384
3.30833333	-3.98202662	50.49917596	17.69554211	-85.04942279	-23.63032322	5.04409023	14.16569707
3.31666667	-3.85764215	50.19891698	17.37225939	-82.81811733	-23.63159501	3.32708814	14.42724235
3.32500000	-3.98618615	50.18490992	17.28283234	-80.66402882	-23.68452948	2.20817821	14.67004223
3.33333333	-3.78733024	49.66311626	16.88051646	-78.19404791	-23.81798664	-0.46380492	14.91942762
3.34166667	-3.87210493	49.43152837	16.84322927	-75.82548185	-24.00306592	-1.81680707	15.23451045
3.35000000	-3.38351607	48.40081378	16.26875529	-73.14582416	-24.15975875	-5.05828075	15.28293761
3.35833333	-3.46717251	48.02280546	16.31108859	-70.62793508	-24.49509902	-6.62143468	15.65109244
3.36666667	-3.12407646	46.97395414	15.83132153	-67.76731344	-24.75762487	-10.01355178	16.13922561
3.37500000	-3.32416369	46.57247088	15.90487235	-65.12733450	-25.14400983	-11.71106818	16.59665311
3.38333333	-3.30131950	45.80058933	15.88610755	-62.21042098	-25.81014148	-15.44073388	17.50222965
3.39166667	-3.33177871	45.10208117	16.03103841	-59.48811416	-26.43840448	-17.10897115	17.94194577
3.40000000	-3.35003190	44.28639756	16.10708845	-56.68205075	-27.03636034	-18.83030303	18.52094597
3.40833333	-3.39665359	43.45034020	16.20432308	-53.89029180	-27.68079051	-20.53586037	19.17545879
3.41666667	-2.95890365	41.93913173	15.94093047	-50.95931177	-28.34307240	-22.29538051	19.98181292
3.42500000	-3.01614929	41.09404389	16.12945932	-48.24575966	-29.09624399	-23.88031707	20.61982506
3.43333333	-3.16780881	40.27077226	16.29257493	-45.53908774	-29.78268182	-25.30194894	21.38948509
3.44166667	-3.96449512	40.89792346	17.61659243	-44.18113206	-31.19950758	-15.67992054	22.79923142
3.45000000	-3.99991081	39.93992944	17.77021197	-41.65914480	-32.01425539	-16.88658083	23.52387909
3.45833333	-4.04770654	39.00351637	18.01746321	-39.26067238	-32.96834315	-17.91098782	24.43033731
3.46666667	-3.98306298	37.95358208	18.18839210	-37.05397411	-33.96868317	-18.44961686	25.53684692
3.47500000	-4.04071169	37.08575008	18.45372622	-34.93070977	-35.03016618	-19.22063967	26.37314950
3.48333333	-3.95901936	36.06091163	18.60749222	-33.06023807	-36.08756711	-19.60090650	27.46018745
3.49166667	-3.97540869	35.21292387	18.91646340	-31.31041344	-37.29068055	-19.99660533	28.46714925
3.50000000	-4.00475659	34.41518822	19.24360467	-29.66716322	-38.53879541	-20.53144197	29.32940164
3.50833333	-4.15718714	33.74025249	19.68013796	-28.20447361	-39.72903826	-20.80290755	30.57906807
3.51666667	-4.23806201	33.05751750	20.09620939	-26.86296908	-41.01398876	-21.17846759	31.64225191
3.52500000	-4.74702332	32.90454919	20.86840343	-25.70203159	-42.31866051	-21.36900944	32.91498285
3.53333333	-4.86786563	32.32444140	21.27042540	-24.55088953	-43.60106132	-21.76719738	33.77301411
3.54166667	-5.22668353	32.00845504	22.14713514	-23.53845393	-45.06195532	-22.08651219	34.99716266
3.55000000	-5.76584432	32.00966122	23.14067546	-22.83947981	-46.45103305	-22.07487329	35.94101856
3.55833333	-5.76725309	31.31970333	23.58497599	-21.93895665	-47.85112936	-22.30373676	36.72045702
3.56666667	-6.22687082	31.18139143	24.47020669	-21.31255334	-49.21028697	-22.25542942	37.79245648
3.57500000	-6.42692789	30.78845891	24.98255845	-20.64140520	-50.54264100	-22.24920891	38.61987735
3.58333333	-6.88257488	30.68534696	25.99853746	-20.23148704	-52.01539856	-22.07457538	39.71473500
3.59166667	-7.65520957	31.06815694	27.22862466	-19.92820291	-53.52966490	-21.89840418	40.71351148
3.60000000	-7.69513146	30.56414951	27.59150336	-19.56252903	-54.85167397	-22.02302622	41.42407785
3.60833333	-8.09629838	30.46065028	28.49687786	-19.37708489	-56.29171248	-21.83058062	42.45629225
3.61666667	-8.22091748	30.11139370	28.84218264	-19.20871165	-57.52974580	-21.48736416	43.22454448
3.62500000	-8.72139138	30.28608651	29.84071340	-19.43639402	-58.97902190	-19.95304677	44.14786321
3.63333333	-8.91578978	30.05027704	30.34141355	-19.43639124	-60.31252314	-18.13979232	44.88320163
3.64166667	-9.36537441	30.25428210	31.22626818	-19.88711574	-61.76114080	-15.52872972	45.85008604
3.65000000	-9.38646037	30.12195794	31.56711144	-20.28762743	-63.09184088	-12.76823294	46.37306586
3.65833333	-9.61378849	30.20916247	32.16785335	-20.76512241	-64.52465653	-9.64737312	47.13123622
3.66666667	-9.84527261	30.24069384	32.86021853	-21.20925767	-66.00205255	-6.63097963	47.60321839
3.67500000	-10.14548155	30.47219462	33.51908044	-21.58462302	-67.46996937	-4.08501836	48.00104184
3.68333333	-10.24822480	30.49015454	34.07604399	-21.92614792	-68.95686320	-1.84062619	48.21579793
3.69166667	-10.33076536	30.57788858	34.59346761	-22.36479398	-70.44328048	0.19519892	48.26294463
3.70000000	-10.33762720	30.69311702	35.08854589	-22.96199715	-72.02195624	2.10434553	48.19301568
3.70833333	-10.56310367	31.19299376	35.93464487	-23.62249820	-73.80372679	3.74668684	47.69008425
3.71666667	-10.38816909	31.24751086	36.37837612	-24.31188410	-75.56970302	5.41323623	47.21032493
3.72500000	-10.43702864	31.65569550	37.19178365	-25.20278057	-77.55790691	6.80622891	46.13740600
3.73333333	-10.17552129	31.62422027	37.65884975	-25.97441650	-79.51220465	8.30965402	45.29607605
3.74166667	-10.06891543	31.82117174	38.57065547	-26.85366279	-81.78323077	9.50779211	43.77816308
3.75000000	-9.73825736	31.73397658	39.24162972	-27.65704986	-83.96060726	10.66027958	42.17109399
3.75833333	-9.45743150	31.71588060	40.11946931	-28.46459357	-86.25959729	11.67904404	40.33398953
3.76666667	-9.27852004	31.78464837	41.23211806	-29.29794744	-88.55719487	12.57238216	38.20060416
3.77500000	-8.88489257	31.66711682	42.08153399	-30.07288940	-90.73350299	13.24346900	36.03431719
3.78333333	-8.68891620	31.80254358	43.25302077	-30.97899148	-92.89041681	13.83463724	33.74700739
3.79166667	-8.20589033	31.67675953	44.11178875	-31.93382992	-94.80905377	14.29067219	31.56682651
3.80000000	-7.59753350	31.39678194	44.77834479	-32.86745633	-96.50285825	14.71869491	29.80887541
3.80833333	-7.17713881	31.29058568	45.56683913	-33.77284670	-97.96669938	15.06419474	28.48823457
3.81666667	-6.47229982	30.78405922	45.96742802	-34.57697134	-99.03471932	15.34859356	27.51290286
3.82500000	-6.01196523	30.50515916	46.56618341	-35.36494256	-99.80782326	15.89958715	27.53008370
3.83333333	-5.55016207	30.10876166	47.07880415	-35.98382831	-100.25887519	16.41615379	27.60346654
3.84166667	-4.58776185	28.54810498	46.74458550	-35.01008535	-100.19174014	8.15506524	27.48799922
3.85000000	-4.34522445	28.24290992	47.37018081	-35.35770459	-100.07356074	8.31915810	27.53129454
3.85833333	-4.13836811	27.89944519	47.92276638	-35.61671876	-99.71049553	8.97825737	27.56636655
3.86666667	-3.96244015	27.55734394	48.44417278	-35.75021960	-99.09464233	9.35377091	27.49486134
3.87500000	-3.60985051	26.95168829	48.73836636	-35.79433630	-98.28786365	9.62626184	27.74156210
3.88333333	-3.53715919	26.62930686	49.20902589	-35.82855997	-97.21485564	9.85607298	27.43147417
3.89166667	-3.21551695	26.12895665	49.38610510	-35.99369401	-96.02224922	10.25941510	27.29494567
3.90000000	-2.77685513	25.39962959	49.32994695	-35.96473960	-94.58882312	10.44295653	27.08528998
3.90833333	-2.70921118	25.14987905	49.57977970	-36.07774827	-92.98433144	10.68133757	26.41187533
3.91666667	-2.51023776	24.77652491	49.61528045	-36.22256271	-91.26715881	10.96461079	25.76093188
3.92500000	-2.31699438	24.39972960	49.62733917	-36.36378448	-89.37727992	11.21097018	24.81019812
3.93333333	-2.26198613	24.18378822	49.62334356	-36.49249018	-87.32845158	11.47522680	23.63059740
3.94166667	-2.28664083	24.02910926	49.67153084	-36.57522274	-85.12217969	11.72999219	22.28374054
3.95000000	-2.18339097	23.78438029	49.53422372	-36.78715698	-82.84371566	12.01995577	20.27063435
3.95833333	-2.19043773	23.66834887	49.38822473	-36.94590640	-80.37042891	12.29826151	18.17390098
3.96666667	-2.15030130	23.48294922	49.12940147	-37.15727343	-77.80941952	12.59511841	15.41897736
3.97500000	-2.09486662	23.27536834	48.79553869	-37.33045860	-75.10639383	12.91044533	12.43178189
3.98333333	-2.14447526	23.29712416	48.46699041	-37.72334634	-72.32806668	13.29177448	9.36294501
3.99166667	-2.18366773	23.30066580	48.11996699	-38.10794877	-69.53048912	13.69444125	6.15836714
4.00000000	-2.14432584	23.21449591	47.61202178	-38.42201785	-66.60802488	14.07027309	3.03010843
4.00833333	-2.09532094	23.08059427	46.96079979	-38.74254834	-63.64281848	14.48497457	-0.37954077
4.01666667	-2.10896740	23.06402117	46.34540829	-39.13413571	-60.63502230	14.91957014	-3.52878146
4.02500000	-2.08097827	23.02839886	45.66869099	-39.57229835	-57.64983189	15.38115918	-6.49107672
4.03333333	-2.09657776	23.06454922	44.93179273	-40.02882124	-54.67636946	15.85425974	-9.21153160
4.04166667	-2.11305349	23.07904337	44.14692390	-40.53224952	-51.67885775	16.36732044	-11.77216156
4.05000000	-2.02028716	22.99877705	43.18928464	-41.05632181	-48.71979755	16.92247659	-14.18504756
4.05833333	-2.13571852	23.19525730	42.45022179	-41.68616553	-45.97015804	17.56792455	-16.11716033
4.06666667	-2.12710004	23.18471443	41.58459984	-42.20198527	-43.32045950	18.16109131	-18.23909504
4.07500000	-2.11625037	23.20414631	40.64303580	-42.86120868	-40.74230315	18.86628892	-20.14393142
4.08333333	-2.08503226	23.17476762	39.77127446	-43.42006004	-38.48768881	19.55193741	-21.70029293
4.09166667	-2.13714528	23.35885838	38.98545260	-44.25878227	-36.36256545	20.33633289	-23.21319513
4.10000000	-2.23856841	23.54486589	38.17044930	-45.05872933	-34.36974515	21.13950588	-24.47770974
4.10833333	-2.23368468	23.64831912	37.39322059	-45.88877918	-32.59725634	21.96803700	-25.76061840
4.11666667	-2.41847974	23.98007530	36.70934677	-46.77131227	-30.97788378	22.74922859	-26.59760831
4.12500000	-2.74953669	24.51364553	36.24331379	-47.75442927	-29.54307092	23.57433774	-27.52006592
4.13333333	-2.96089960	24.91386889	35.72392033	-48.68983079	-28.25125812	24.38336812	-28.29326181
4.14166667	-3.28632264	25.43773233	35.19896270	-49.68071395	-27.07885835	25.23498850	-28.72981288
4.15000000	-3.33055436	25.67094839	34.42146152	-50.68202188	-25.83431469	26.00544409	-29.70664137
4.15833333	-3.98009188	26.58583974	34.36027536	-51.73335236	-24.99988720	26.81754406	-29.92670667
4.16666667	-4.12480335	26.88741612	33.60780041	-52.70250460	-24.02867684	27.60219198	-30.04509016
4.17500000	-4.41074760	27.28023196	33.04132322	-53.58721473	-23.25878772	28.36180307	-30.10225361
4.18333333	-4.63728332	27.68073035	32.43775135	-54.59743035	-22.50057939	29.14595791	-30.16584717
4.19166667	-4.88918385	28.03437762	31.80400723	-55.50592714	-21.84569560	29.88097584	-30.15679992
4.20000000	-5.23769563	28.54992638	31.27268613	-56.56491007	-21.17317703	30.67919465	-30.15096362
4.20833333	-5.46503551	28.81312498	30.72236174	-57.38501046	-20.76954713	31.44004581	-30.09207693
4.21666667	-5.70151841	29.11394318	30.14807113	-58.29197582	-20.33322136	32.16043605	-29.92855049
4.22500000	-6.20462726	29.80663342	29.84072410	-59.39034518	-19.93596937	32.95701834	-29.76700474
4.23333333	-6.40104725	30.06442087	29.38173145	-60.25592470	-19.75227840	33.70430211	-29.58882040
4.24166667	-6.68809101	30.41275657	28.90665671	-61.21016990	-19.48027144	34.46547266	-29.15010648
4.25000000	-6.99608668	30.82561492	28.50935591	-62.17349632	-19.27348781	35.14352113	-28.34457648
4.25833333	-7.82871270	31.92570957	28.76360332	-63.42029565	-19.22759150	35.94833297	-26.43144370
4.26666667	-8.11844469	32.23630652	28.44143111	-64.31796986	-19.12266820	36.68325556	-24.41448950
4.27500000	-8.52972972	32.76039515	28.20493582	-65.31271768	-19.16310177	37.37966329	-21.51029413
4.28333333	-8.49580684	32.75227564	27.53572032	-66.22166315	-19.08136455	38.04634328	-18.52669232
4.29166667	-8.77159577	33.12063365	27.10418370	-67.25300204	-18.78593747	38.59157491	-15.77574033
4.30000000	-9.25447338	33.70688407	27.09500747	-68.25702936	-18.89216474	39.18964051	-12.37385932
4.30833333	-9.39279971	33.98438097	26.60039621	-69.35137473	-18.56149245	39.54998762	-9.83268386
4.31666667	-9.65054412	34.41352711	26.35971463	-70.45005442	-18.45330324	39.80778694	-7.10770900
4.32500000	-9.75679831	34.69969029	26.14497187	-71.56391167	-18.49492916	39.89340491	-4.65636797
4.33333333	-10.09476552	35.29630825	26.30097368	-72.75994021	-18.91660279	39.77204073	-2.05680713
4.34166667	-10.14131521	35.66056236	26.04632177	-74.12056125	-19.01137696	39.56763515	-0.15888364
4.35000000	-10.14105542	36.00144824	26.11643446	-75.51216366	-19.45219339	39.11680244	1.79936706
4.35833333	-9.99498145	36.34834666	25.94966705	-77.07650028	-19.93865605	38.39654582	3.46445697
4.36666667	-9.89363614	36.79205335	25.81612236	-78.80546896	-20.41193832	37.47537461	5.15041591
4.37500000	-9.75023613	37.26219753	25.78076384	-80.56595358	-21.07983166	36.23218941	6.81363913
4.38333333	-9.54382293	37.78487166	25.65541501	-82.51701187	-21.68825884	34.79232151	8.24691817
4.39166667	-9.24973260	38.28391858	25.36452428	-84.45758656	-22.25173024	33.06970714	9.57408878
4.40000000	-9.15965503	39.09947464	25.32804891	-86.46855846	-22.92349770	31.12140023	10.89083409
4.40833333	-8.79558864	39.64815842	25.13418164	-88.33516453	-23.69343238	28.90232565	11.92240015
4.41666667	-8.45919696	40.25654962	25.03884833	-90.22939933	-24.59295344	26.94001105	12.59206007
4.42500000	-8.18546487	41.03203354	24.97642774	-91.90464335	-25.37887217	23.57196993	13.33632305
4.43333333	-7.89515833	41.66263571	24.77647903	-93.56415883	-25.98343336	21.43959486	13.85158143
4.44166667	-7.58822557	42.29381811	24.63679158	-94.89509199	-26.68348111	17.77478476	14.08953658
4.45000000	-7.26434024	42.87438890	24.13509335	-96.30855119	-26.94044370	16.15495047	14.73781353
4.45833333	-6.77034396	43.24001041	23.58707713	-97.30235789	-27.37422506	13.13375021	15.30818958
4.46666667	-6.25119784	43.45971270	22.75664395	-98.21863870	-27.28195343	11.81515333	15.76881267
4.47500000	-5.78605916	43.70337096	21.95710489	-98.91376719	-27.17168688	10.66564198	16.18716258
4.48333333	-5.69603510	44.28157293	21.43882031	-99.40755028	-27.00400424	10.10784799	16.70518440
4.49166667	-5.61526840	44.81031171	21.08046403	-99.72307260	-26.90485939	10.17464813	17.01196415
4.50000000	-5.44755107	45.15511282	20.60131251	-99.66989881	-26.79164349	9.89191625	17.43146514
4.50833333	-5.46341678	45.64274925	20.11043649	-99.45774028	-26.44530864	10.08301964	17.55781942
4.51666667	-5.46055403	46.02238723	19.60596010	-99.00032615	-26.18052931	9.21527730	17.84042741
4.52500000	-5.40389521	46.31160066	19.09382540	-98.41966592	-25.88374665	9.46389724	17.90967792
4.53333333	-5.47997629	46.72950903	18.61212559	-97.69265304	-25.46851886	9.48725688	18.01578980
4.54166667	-4.84036632	46.22740652	17.17238560	-96.58747213	-24.77838139	8.04371448	17.80222747
4.55000000	-4.95477319	46.58487008	16.79359176	-95.54113259	-24.40728980	8.04736335	17.90084344
4.55833333	-5.07587359	46.87630235	16.34607006	-94.32718523	-23.94806959	7.88300811	17.94550825
4.56666667	-4.96118218	46.72821639	15.66232294	-92.76375282	-23.51228546	5.58763114	17.77338232
4.57500000	-5.14702973	47.00829679	15.34072430	-91.30322310	-23.08183002	5.08559583	17.79456322
4.58333333	-5.19326458	47.00664972	14.81949859	-89.62082425	-22.61731012	4.12742868	17.71373559
4.59166667	-5.33651253	47.08973297	14.34404866	-87.86935186	-22.01105401	3.15471989	17.77014997
4.60000000	-4.83049489	46.27621039	13.17194370	-85.77959411	-21.51518962	1.01039397	17.78836448
4.60833333	-4.98840426	46.23432433	12.84621525	-83.73320166	-21.13029233	-0.34641796	17.91898777
4.61666667	-5.24019082	46.13683613	12.59680642	-81.59115426	-20.78683706	-1.79926059	18.07511185
4.62500000	-5.09031152	45.48953507	11.99546291	-79.13392068	-20.50956179	-4.11292491	18.46545432
4.63333333	-5.39404887	45.35729502	11.78881203	-76.78462121	-20.19081607	-5.64505891	18.62449257
4.64166667	-5.24638793	44.61151676	11.21426380	-74.12302170	-20.03074981	-8.49918832	18.96185263
4.65000000	-5.51737259	44.20796417	11.15712308	-71.47629602	-20.01307090	-10.18526190	19.18297058
4.65833333	-5.47657037	43.43887464	10.76899529	-68.65012980	-19.97590150	-12.23621988	19.89886907
4.66666667	-5.71966886	42.95058797	10.65183775	-65.87057940	-20.00021824	-14.02739774	20.13972772
4.67500000	-5.86739608	42.26867511	10.51103821	-62.93800600	-20.15781936	-15.88667984	20.59119484
4.68333333	-5.60690785	40.91825465	9.97789871	-59.67060376	-20.35819552	-18.38589106	21.34878258
4.69166667	-5.82907861	40.22097202	10.02395653	-56.60858912	-20.79210525	-20.03516578	21.84677175
4.70000000	-6.11396429	40.20838106	10.42172762	-54.61265066	-21.56430757	-11.48601232	22.79092886
4.70833333	-6.35025784	39.42281841	10.44001550	-51.47872905	-22.01085706	-12.97193501	23.30854664
4.71666667	-6.49572106	38.48906531	10.47996828	-48.26285929	-22.64657481	-14.38793891	24.06797801
4.72500000	-6.44296090	37.26865908	10.40680114	-44.96081887	-23.39419284	-15.60157782	25.16296193
4.73333333	-6.67115493	36.41637512	10.53957112	-41.79330752	-24.13395628	-16.72212373	25.85596070
4.74166667	-6.82961127	35.46113256	10.65455345	-38.63264152	-24.94457775	-17.62214653	26.75726671
4.75000000	-6.72222531	34.29349650	10.48510530	-35.76202770	-25.74268485	-17.34374414	27.93903195
4.75833333	-7.01769026	33.50608487	10.71489375	-32.77895468	-26.62399803	-18.00906816	28.68385082
4.76666667	-7.14956972	32.66232685	10.93807682	-30.13011380	-27.70099311	-17.74035449	30.00804906
4.77500000	-7.43658089	32.13527713	11.18578806	-27.83788593	-28.67887012	-17.30455055	31.04093203
4.78333333	-7.67680613	31.51047742	11.57757253	-25.49945763	-29.90827219	-17.25296235	32.05267412
4.79166667	-7.92880117	31.01689429	11.98471285	-23.41466236	-31.20479660	-17.30833389	33.13658073
4.80000000	-8.26197669	30.65151523	12.53129069	-21.57202559	-32.59490296	-17.35777655	34.23551031
4.80833333	-8.54421703	30.26905692	12.85525728	-19.83124150	-33.86558124	-17.64821881	35.05625632
4.81666667	-9.15330638	30.52700743	13.78796100	-18.77771606	-35.47290470	-17.39629607	36.14924219
4.82500000	-9.40206955	30.25084065	14.41814527	-17.47787341	-37.17950824	-17.82387999	37.10669485
4.83333333	-9.98956692	30.61171707	15.52828727	-16.74665594	-39.06462207	-17.87448705	38.05010051
4.84166667	-10.07595739	30.27255000	15.86314826	-15.85969792	-40.71298985	-18.16204746	38.86550423
4.85000000	-10.21666278	30.03292998	16.35966042	-15.15162095	-42.47548483	-18.40117428	39.72071285
4.85833333	-11.16055339	30.73992884	18.13865186	-14.82744814	-44.82505460	-18.53204717	40.49150062
4.86666667	-11.19258803	30.41955016	18.37492905	-14.52704182	-46.47909078	-18.74450976	41.20210832
4.87500000	-11.95537178	30.99721267	19.85799604	-14.51493112	-48.73072901	-19.11533513	41.67474857
4.88333333	-11.96808688	30.65021616	20.09604270	-14.53111022	-50.45516853	-19.14425772	42.38011889
4.89166667	-12.24861918	30.70923582	20.87086319	-14.81335518	-52.55033221	-18.66152421	42.62350204
4.90000000	-12.38550579	30.61161702	21.39599039	-15.26023240	-54.48893850	-17.40820737	43.12744924
4.90833333	-12.39699171	30.35251088	21.77189598	-15.90275048	-56.43900616	-15.38720107	43.63570174
4.91666667	-12.89174163	30.74981713	22.81009344	-16.84150338	-58.63872848	-12.40160108	43.79003948
4.92500000	-13.02378911	30.64142742	23.32591912	-17.66953064	-60.63405954	-8.92746945	43.92434190
4.93333333	-13.20096034	30.61259284	23.91383677	-18.56451481	-62.69979689	-5.26038800	43.95048143
4.94166667	-13.75010043	31.24635449	24.99241368	-19.85769078	-64.88821367	-1.63895502	43.74056521
4.95000000	-13.63530494	31.03514279	25.33626028	-20.79873256	-67.02360645	1.48097998	43.44185735
4.95833333	-14.29407573	31.82981879	26.78721896	-21.83954181	-69.53612685	4.28214806	42.68590482
4.96666667	-14.24787724	31.84997951	27.36024505	-22.78309608	-71.88540030	6.88786039	41.98436695
4.97500000	-14.64462941	32.54792517	28.82693208	-23.85624061	-74.68707029	8.86278741	40.42493990
4.98333333	-15.16631129	33.26898786	30.53454076	-24.82814326	-77.46818732	10.70747464	38.68074565
4.99166667	-15.02625554	33.25059537	31.51500978	-25.70545320	-80.14565505	12.51099195	37.07181399
5.00000000	-14.97403712	33.14774771	32.73155208	-25.46031227	-82.87640052	4.49920675	34.67676921
5.00833333	-14.78081720	33.22565755	33.79015936	-26.59538754	-85.39425554	5.87260848	32.26039780
5.01666667	-14.53080927	33.26786722	34.97117336	-27.75849566	-87.81399211	6.97266869	30.04068130
5.02500000	-14.22429697	33.24483326	36.00747026	-28.90258661	-89.95132217	7.82914363	28.29793991
5.03333333	-13.80819977	32.99146471	36.74145097	-29.96647527	-91.64194453	8.89780107	27.46037801
5.04166667	-13.15118567	32.42396996	37.18487442	-30.86865340	-93.00078871	9.29836221	26.35845512
5.05000000	-12.74347387	32.05134128	37.85120979	-31.70472275	-94.02762387	10.01389917	26.36805477
5.05833333	-11.83361679	30.75916472	37.70749469	-31.98729457	-94.45633701	10.65526701	26.17624843
5.06666667	-11.78051929	30.37569219	38.58079884	-32.19921573	-94.77709716	11.15168337	26.34631156
5.07500000	-11.69760163	29.85325101	39.47274185	-32.15105126	-94.82369860	11.26939164	26.40610938
5.08333333	-11.57620264	29.04976434	40.09529006	-31.80040479	-94.46545183	11.79697946	26.48545003
5.09166667	-11.56929217	28.34044516	40.95701709	-31.35294504	-93.95615233	11.85262767	26.50088008
5.10000000	-11.30033280	27.19002799	41.31822363	-30.69167502	-93.04320172	12.05434020	26.27727000
5.10833333	-11.40767247	26.45689081	42.20612182	-29.99359230	-92.09099922	12.09815191	26.25959124
5.11666667	-10.85084756	24.86963573	42.14637225	-29.13067211	-90.69927601	12.18737305	26.12763504
5.12500000	-11.08361652	24.18150150	43.00359963	-28.32288519	-89.29671906	12.27261795	25.96869843
5.13333333	-11.16065078	23.39825585	43.59717541	-27.61736543	-87.64365047	12.25596189	25.61389426
5.14166667	-11.03182699	22.37038065	43.90051738	-26.85049888	-85.79325127	12.29202501	25.29059391
5.15000000	-11.23404850	21.76284890	44.48296168	-26.17841143	-83.77183717	12.28693168	25.15271945
5.15833333	-11.09672881	20.81499030	44.53681303	-25.53970164	-81.53214961	12.23209644	24.79489860
5.16666667	-11.01807375	19.89012247	44.56304320	-24.86873027	-79.07271645	12.18433455	24.42156546
5.17500000	-11.03054881	19.14004933	44.64714289	-24.30349074	-76.49190070	12.15897121	23.95771844
5.18333333	-10.78422638	17.97839817	44.29442404	-23.54978408	-73.66393941	12.21483977	23.34570170
5.19166667	-10.88937960	17.36729900	44.33444893	-23.04024646	-70.77185176	12.01874932	22.70647372
5.20000000	-10.75075782	16.48527937	43.97508806	-22.51307527	-67.68115430	12.05501809	21.88707328
5.20833333	-10.92960498	15.99712784	43.95339397	-22.05070980	-64.55967292	11.73464064	21.22631275
5.21666667	-10.62979878	14.93212585	43.24463512	-21.53771742	-61.19831863	11.77306155	20.09992200
5.22500000	-10.69419945	14.42176461	42.92263262	-21.27928196	-57.80166815	11.55485357	19.11654468
5.23333333	-10.65682230	13.71139462	42.48249451	-20.92265822	-54.36353874	11.51602009	17.80313649
5.24166667	-10.49100457	12.86698880	41.84599295	-20.54465885	-50.87584393	11.50756554	16.39283009
5.25000000	-10.36205873	12.11718233	41.18824585	-20.28687134	-47.31600221	11.57599637	14.85375942
5.25833333	-10.27669952	11.34058793	40.60810865	-19.96999119	-43.82419622	11.71395201	13.13655660
5.26666667	-10.16274589	10.57828726	39.96238314	-19.70487393	-40.39295225	11.84666530	11.41895636
5.27500000	-10.03936438	9.74905956	39.35832034	-19.38907815	-37.07615982	11.94987032	9.71671966
5.28333333	-9.99124900	9.04436298	38.84071263	-19.15048167	-33.87378646	12.07846994	7.94548641
5.29166667	-10.02472860	8.44959308	38.43571110	-18.94699019	-30.82178210	12.26437190	6.14371281
5.30000000	-10.08139801	7.86033544	38.09733721	-18.75077085	-27.96776952	12.49014436	4.30483052
5.30833333	-9.62317164	6.70418442	37.16929351	-18.49619342	-25.23522501	12.63546972	3.09966012
5.31666667	-9.93645149	6.40683663	37.22470859	-18.38885160	-22.78111507	12.78694436	1.44610772
5.32500000	-10.04643566	5.97401964	37.14809309	-18.40943689	-20.71882380	12.94518419	-0.23669228
5.33333333	-10.08500699	5.50152684	36.97088032	-18.46701233	-18.81006441	13.19933749	-1.44682280
5.34166667	-9.93961095	4.64136892	36.70315712	-18.33253189	-17.38468260	13.27555772	-1.26928570
5.35000000	-10.14497445	4.29142415	36.77458828	-18.38173454	-15.79689013	13.27055879	-1.95295706
5.35833333	-9.99529233	3.54328698	36.58933167	-18.39549569	-14.85271304	13.32710208	-1.84087043
5.36666667	-10.19162562	3.27007554	36.66767888	-18.57514131	-13.67154236	13.28734067	-2.22575035
5.37500000	-10.35483441	2.98847136	36.73404054	-18.81144844	-12.78052768	13.27221611	-2.32150152
5.38333333	-10.23302545	2.43887268	36.57366155	-19.10553506	-12.40708322	13.15207561	-2.18520367
5.39166667	-10.33304868	2.15947781	36.56112387	-19.47839277	-11.92967728	13.01965548	-2.42098237
5.40000000	-10.37031246	1.92384432	36.54255626	-20.02920426	-11.83814610	12.82105922	-2.75382343
5.40833333	-10.37364280	1.68401748	36.42309090	-20.63627705	-11.93633877	12.44289663	-3.32073057
5.41666667	-10.71229828	1.96725667	36.64059168	-21.40786250	-12.08580633	11.56697325	-4.54287352
5.42500000	-10.62079020	1.82596294	36.52282877	-22.34291128	-12.86289188	11.10669420	-5.10052286
5.43333333	-10.83931241	2.14139346	36.74477023	-23.39655726	-13.62136413	10.12919162	-6.04854751
5.44166667	-10.70468374	2.28321106	36.76028603	-24.79241500	-14.88557752	9.15330902	-6.19705459
5.45000000	-11.16701959	3.08726290	37.45444448	-26.18334112	-15.89749798	7.74587018	-7.29839079
5.45833333	-10.82413013	3.21798282	37.28600971	-27.84757298	-17.19215265	6.09098288	-6.81106935
5.46666667	-10.50965670	3.57586987	37.10427261	-29.83030224	-18.37646844	4.38587296	-6.33536098
5.47500000	-10.25577076	4.02389705	36.91496281	-31.74406164	-19.34427511	2.00378114	-6.39594686
5.48333333	-9.87271652	4.70501396	36.56128394	-34.17760627	-20.41589157	-0.18676445	-5.88605901
5.49166667	-9.60738626	5.23094456	36.18688948	-36.21987883	-21.24435028	-2.91718495	-5.37201274
5.50000000	-9.53578237	6.47614311	35.87127938	-38.86455513	-21.76140165	-5.62290520	-5.02113945
5.50833333	-9.80033971	7.96851190	35.98618571	-41.29122079	-22.45212108	-8.46468429	-4.28221418
5.51666667	-9.65476191	9.13126921	35.39474410	-43.79098466	-22.72793425	-10.88645011	-3.56543799
5.52500000	-10.52306527	11.52088158	36.02300899	-46.41073145	-23.17895133	-13.59446274	-2.31558172
5.53333333	-10.78094729	13.28524506	35.83709311	-48.91469152	-23.36981438	-15.82947574	-1.25725827
5.54166667	-11.21282672	15.23128578	35.81746001	-51.34883815	-23.54055343	-17.77582279	-0.21598221
5.55000000	-11.52801012	17.15010037	35.69530280	-53.73265663	-23.72612486	-19.61322468	0.71783358
5.55833333	-11.63001770	18.72133396	35.30113942	-55.85674566	-23.82021440	-21.18354571	1.56624293
5.56666667	-12.02301556	20.70232769	35.31196336	-57.89564848	-24.07348565	-22.83243081	2.49185620
5.57500000	-12.14248039	22.33199735	34.98875318	-59.71424942	-24.21629432	-24.12933567	3.31649591
5.58333333	-12.27111918	23.95734494	34.58407600	-61.39620315	-24.19403056	-24.91964164	4.01835088
5.59166667	-12.43894659	25.50925193	34.26161946	-62.72740943	-24.27895522	-25.76891487	4.85299039
5.60000000	-12.45170873	26.87071611	33.67528011	-63.88245883	-24.17501455	-26.14423407	5.55727646
5.60833333	-12.44439627	28.19203688	32.98040022	-64.86195446	-23.93472187	-26.28032443	6.18823651
5.61666667	-12.33793800	29.30064927	32.10339191	-65.62186914	-23.52919943	-25.73245853	6.75976012
5.62500000	-12.00840725	30.03390219	30.96655743	-65.96568811	-23.16926114	-26.00250042	7.31015284
5.63333333	-11.91241449	31.18174632	30.09565345	-66.44825701	-22.72950397	-24.80190302	7.69021569
5.64166667	-11.49721191	31.78535399	28.80063674	-66.54693482	-22.30368640	-25.23566399	8.42144581
5.65000000	-11.16981308	32.58756034	27.55003978	-66.95159180	-21.67682887	-21.27444107	8.73876156
5.65833333	-11.08446524	33.47970169	26.68030993	-66.65720692	-21.27838555	-20.82997941	9.56048201
5.66666667	-10.51152536	33.72023034	25.19382036	-66.11605900	-20.82013743	-20.10011229	10.12264884
5.67500000	-10.44551215	34.69916726	24.27395859	-65.93834592	-20.29378575	-16.37628545	10.29581584
5.68333333	-10.30356581	35.31542861	23.34666782	-65.04440274	-19.90949150	-15.49133978	11.14254611
5.69166667	-10.27928810	36.08466137	22.47275376	-64.06541585	-19.38217071	-14.40845973	11.41619095
5.70000000	-9.42686091	35.73454009	20.62072605	-62.76422480	-18.87154884	-12.53359296	12.41850855
5.70833333	-9.44418334	36.42092590	19.92616948	-61.41438248	-18.45818852	-11.52443594	12.75186268