0.00000000	-17.09903837	24.10524209	24.00044557	-13.81470037	-13.14704329	4.68061523	6.77206834
0.00833333	-17.11830315	24.13531977	24.01336699	-13.82843616	-13.13490257	4.68972959	6.75430977
0.01666667	-17.14262786	24.15014133	24.05259383	-13.80911868	-13.14376941	4.65449916	6.73191388
0.02500000	-17.16666150	24.21804176	24.07698799	-13.87050894	-13.14768725	4.68951937	6.73591001
0.03333333	-17.20353569	24.27470587	24.12448127	-13.88176156	-13.16161652	4.65673998	6.66923598
0.04166667	-17.20045052	24.26982839	24.10789575	-13.86870666	-13.14177460	4.63644394	6.64572497
0.05000000	-17.21849897	24.28604378	24.12298326	-13.85848217	-13.13392302	4.64955219	6.65260260
0.05833333	-17.24399138	24.31597280	24.14398655	-13.85867553	-13.11823611	4.66706068	6.67121615
0.06666667	-17.10509908	24.08796427	23.98916972	-13.70555073	-13.12168072	4.48851761	6.66746954
0.07500000	-17.14202017	24.14133454	24.03979522	-13.75354381	-13.13729665	4.55233733	6.70155746
0.08333333	-17.18616578	24.20197060	24.09956260	-13.74621632	-13.14012764	4.59264660	6.72355820
0.09166667	-17.19973218	24.19305088	24.08412371	-13.72659607	-13.09018163	4.56504423	6.71175325
0.10000000	-17.22702789	24.24920303	24.13087100	-13.77106216	-13.12042656	4.58926227	6.71916711
0.10833333	-17.18481369	24.20063064	24.07042216	-13.75653708	-13.08620336	4.54096446	6.65388302
0.11666667	-17.20088742	24.21486110	24.08474385	-13.75428675	-13.07889915	4.54961024	6.64595959
0.12500000	-17.23196999	24.25733455	24.11869661	-13.77280702	-13.07697282	4.58601348	6.67024717
0.13333333	-17.12907137	24.11225615	24.00788812	-13.70849291	-13.09264265	4.51604808	6.65280582
0.14166667	-17.17425858	24.16303715	24.05321279	-13.71644218	-13.07778022	4.54278425	6.68277276
0.15000000	-17.21596884	24.20759702	24.09673327	-13.71782170	-13.06605547	4.54025241	6.68318511
0.15833333	-17.25389480	24.26282488	24.14508122	-13.74033955	-13.07672107	4.56068405	6.70136127
0.16666667	-17.28671099	24.29830395	24.17149125	-13.74110586	-13.05048419	4.57815166	6.72100105
0.17500000	-17.29725617	24.31447114	24.20134269	-13.74923903	-13.07789959	4.55157997	6.70250935
0.18333333	-17.27346273	24.30134522	24.16691024	-13.76945798	-13.07095122	4.53314598	6.70800460
0.19166667	-17.33217058	24.36522612	24.26118378	-13.77276188	-13.10552993	4.56253256	6.72527011
0.20000000	-17.30384783	24.32744127	24.22615211	-13.76109856	-13.09573317	4.54093303	6.70280771
0.20833333	-17.30344146	24.32732795	24.22809018	-13.75575497	-13.09394363	4.53523635	6.67773771
0.21666667	-17.33295551	24.36780453	24.27093445	-13.77551893	-13.11340504	4.57973049	6.70450924
0.22500000	-17.23245538	24.22456862	24.15708110	-13.70392244	-13.10667839	4.49329536	6.68283448
0.23333333	-17.26415804	24.27888771	24.21031317	-13.72749882	-13.12752210	4.54428047	6.70501481
0.24166667	-17.29176343	24.28936758	24.22694566	-13.71282260	-13.09792477	4.55410958	6.70897588
0.25000000	-17.29195966	24.28837111	24.21953683	-13.71059106	-13.09024755	4.50563417	6.67255025
0.25833333	-17.37456862	24.40880457	24.34552485	-13.76564363	-13.15853966	4.59946225	6.73247204
0.26666667	-17.29760514	24.29517907	24.23091166	-13.71683143	-13.08957658	4.50916706	6.65724379
0.27500000	-17.31667476	24.31319822	24.26486867	-13.71187374	-13.09255188	4.54142065	6.67668905
0.28333333	-17.30720499	24.29981610	24.25175269	-13.70417502	-13.08237429	4.51800385	6.67170832
0.29166667	-17.33778422	24.34774243	24.29231233	-13.72264641	-13.09251981	4.56183306	6.70771997
0.30000000	-17.36323648	24.37228129	24.29791819	-13.72575016	-13.05298587	4.57042373	6.73463895
0.30833333	-17.32614939	24.32449991	24.25205011	-13.70482570	-13.06648231	4.52560979	6.71564039
0.31666667	-17.35912576	24.36332352	24.28638456	-13.72401982	-13.07063790	4.56071062	6.74616218
0.32500000	-17.36967408	24.38577094	24.30708633	-13.72266134	-13.08891881	4.52568870	6.72178285
0.33333333	-17.42969826	24.46400962	24.38722716	-13.75856181	-13.11980226	4.59397105	6.76410126
0.34166667	-17.44009247	24.46812553	24.39345161	-13.74550015	-13.10972938	4.59180065	6.74542737
0.35000000	-17.48770400	24.58781446	24.52982610	-13.84335171	-13.25568327	4.65178130	6.76647641
0.35833333	-17.47868616	24.49698374	24.42337025	-13.73156151	-13.10352917	4.59679761	6.73562130
0.36666667	-17.45461205	24.47133410	24.40397450	-13.73339510	-13.11203501	4.56212036	6.69401946
0.37500000	-17.23818307	24.17689185	24.12420655	-13.63073676	-13.05473033	4.49384802	6.66178458
0.38333333	-17.28456557	24.24189324	24.19346162	-13.65529276	-13.08649400	4.52741128	6.69696639
0.39166667	-17.29876196	24.25726164	24.20515414	-13.64612285	-13.08523150	4.49182452	6.67477859
0.40000000	-17.32845403	24.28352695	24.23351163	-13.64484016	-13.08526598	4.50964966	6.68232810
0.40833333	-17.33764239	24.30441950	24.25186477	-13.66243170	-13.09469331	4.52639903	6.70018806
0.41666667	-17.37522766	24.35974354	24.30986802	-13.68856110	-13.12071577	4.56493144	6.73128473
0.42500000	-17.30057355	24.25186533	24.20307428	-13.63712430	-13.08399453	4.51739510	6.66526974
0.43333333	-17.33241894	24.29982756	24.25487312	-13.65924292	-13.11041731	4.55697669	6.70207215
0.44166667	-17.34337375	24.29478668	24.25998082	-13.64500712	-13.10460613	4.54916768	6.70643984
0.45000000	-17.36565597	24.32468352	24.28969873	-13.65663838	-13.11657413	4.56809540	6.72470555
0.45833333	-17.39177989	24.35683069	24.31598663	-13.66726334	-13.11723181	4.56928882	6.74118120
0.46666667	-17.33955186	24.31215516	24.26609426	-13.68056460	-13.13659617	4.53011218	6.71083830
0.47500000	-17.37637593	24.36618762	24.33080351	-13.70061222	-13.17877537	4.58678723	6.74613046
0.48333333	-17.39578338	24.36710605	24.32897500	-13.68231522	-13.14087789	4.59170500	6.78177884
0.49166667	-17.36594247	24.33885051	24.30109531	-13.68262048	-13.16245690	4.52961856	6.78000303
0.50000000	-17.35839736	24.31963202	24.28859695	-13.67159284	-13.16252936	4.53388612	6.78126742
0.50833333	-17.38580719	24.37004881	24.33352323	-13.70917569	-13.18487195	4.58059346	6.82311772
0.51666667	-17.39830444	24.37054984	24.33927967	-13.69837331	-13.18313125	4.58843161	6.83086099
0.52500000	-17.40134546	24.37140983	24.34131388	-13.69228374	-13.18296246	4.58084081	6.83436334
0.53333333	-17.36257688	24.33218160	24.29231960	-13.68872782	-13.19640227	4.53062561	6.80676010
0.54166667	-17.38121983	24.32846505	24.29633552	-13.65975699	-13.17341483	4.56065972	6.82699148
0.55000000	-17.24203698	24.16387079	24.15054002	-13.63190754	-13.18435653	4.50253485	6.78435001
0.55833333	-17.28423734	24.26486185	24.25494693	-13.71020246	-13.27057492	4.56580455	6.81464291
0.56666667	-17.29097409	24.23491978	24.20313300	-13.66546867	-13.17654600	4.52963242	6.81893811
0.57500000	-17.31336816	24.25894241	24.24926863	-13.67197092	-13.21021012	4.53242701	6.83327746
0.58333333	-17.36036146	24.30496622	24.29186935	-13.67203537	-13.19412588	4.58094327	6.87646994
0.59166667	-17.36550795	24.29827568	24.29764103	-13.65316743	-13.21637195	4.54706986	6.85801515
0.60000000	-17.39307744	24.33804039	24.33769934	-13.67499631	-13.22931478	4.59277920	6.89361685
0.60833333	-17.39657902	24.32585230	24.34976021	-13.64935137	-13.24199303	4.58160436	6.88627581
0.61666667	-17.23634065	24.10160001	24.14467180	-13.55574370	-13.20472400	4.47754317	6.87925251
0.62500000	-17.29233028	24.17269808	24.21973922	-13.57959680	-13.22653893	4.52606704	6.88337420
0.63333333	-17.31976226	24.22022537	24.28139747	-13.60751747	-13.27298070	4.54382799	6.88646382
0.64166667	-17.35455800	24.28628118	24.35003982	-13.64624622	-13.32935876	4.59875921	6.91207515
0.65000000	-17.37604217	24.27886481	24.33894944	-13.62131343	-13.26697207	4.59909051	6.92333693
0.65833333	-17.25536294	24.18183971	24.20433497	-13.63708677	-13.27202024	4.54416694	6.87190323
0.66666667	-17.31636348	24.19637584	24.26040224	-13.59511915	-13.25813501	4.55056363	6.88857935
0.67500000	-17.34485586	24.24181740	24.30768326	-13.62195782	-13.28094413	4.58918313	6.91446180
0.68333333	-17.36736816	24.25949370	24.32967879	-13.61740882	-13.27592066	4.60479951	6.92490148
0.69166667	-17.33873513	24.22403797	24.30150933	-13.60622753	-13.27863986	4.57093613	6.87998204
0.70000000	-17.36995566	24.26273335	24.33779009	-13.62792270	-13.27912429	4.59195351	6.90812550
0.70833333	-17.39472705	24.29093938	24.36980680	-13.62747174	-13.28338847	4.60125250	6.91248550
0.71666667	-17.42316761	24.31992814	24.38468572	-13.62793707	-13.25941841	4.61372862	6.92677322
0.72500000	-17.43383279	24.33036536	24.39514439	-13.63393527	-13.26226037	4.60578879	6.91109359
0.73333333	-17.44441597	24.33047028	24.38981606	-13.62501513	-13.22186583	4.60433794	6.90981066
0.74166667	-17.45162150	24.35078007	24.39225805	-13.63118469	-13.22256723	4.58595832	6.88220460
0.75000000	-17.48699567	24.40186513	24.43920495	-13.65780629	-13.23967003	4.64326898	6.91609746
0.75833333	-17.50240141	24.43090215	24.44442323	-13.68481396	-13.22123630	4.66190130	6.92747241
0.76666667	-17.25079509	24.05147572	24.10650777	-13.51717025	-13.13583739	4.54998534	6.88396302
0.77500000	-17.30285513	24.12113793	24.16450886	-13.54017411	-13.13202052	4.56406810	6.88324814
0.78333333	-17.35452779	24.18732655	24.22048779	-13.57348388	-13.13360339	4.61498433	6.91183607
0.79166667	-17.39021555	24.24987641	24.27691651	-13.61708178	-13.15139793	4.64445126	6.91995275
0.80000000	-17.43067383	24.30699441	24.29911838	-13.63534988	-13.12955033	4.60783919	6.87296621
0.80833333	-17.45935933	24.33761990	24.33062774	-13.64642080	-13.12181318	4.65530846	6.89235056
0.81666667	-17.52601567	24.42683496	24.40713456	-13.68960585	-13.13107997	4.70603855	6.92586109
0.82500000	-17.44322149	24.32077998	24.30713281	-13.65872392	-13.10743128	4.67575742	6.84583686
0.83333333	-17.47740900	24.35633272	24.32778589	-13.65948035	-13.08284920	4.68837099	6.86844762
0.84166667	-17.51548153	24.41832586	24.39098889	-13.68565757	-13.11335338	4.73824612	6.89686849
0.85000000	-17.44870444	24.31470939	24.28079425	-13.65012749	-13.04575354	4.65402413	6.83499004
0.85833333	-17.49039906	24.35692365	24.32211347	-13.64912903	-13.03084383	4.70124667	6.86675210
0.86666667	-17.41219184	24.22753688	24.19635078	-13.56886988	-12.97744217	4.64218495	6.82867397
0.87500000	-17.48089506	24.31412374	24.28821373	-13.60222328	-12.99799687	4.70063215	6.88825912
0.88333333	-17.48848474	24.30037776	24.27875872	-13.56290532	-12.97457603	4.66619944	6.86628812
0.89166667	-17.46940892	24.29462985	24.26290029	-13.58581663	-12.97418567	4.63090535	6.82504722
0.90000000	-17.52449462	24.37125108	24.31431424	-13.62748087	-12.97032218	4.69238502	6.86982685
0.90833333	-17.51195966	24.34307747	24.28814205	-13.59893773	-12.95109676	4.64699467	6.81472123
0.91666667	-17.53132337	24.37402156	24.29598295	-13.62032772	-12.93382281	4.68356839	6.84067401
0.92500000	-17.36067618	24.14629072	24.06769312	-13.54660460	-12.86675501	4.61284663	6.78259814
0.93333333	-17.40362707	24.21381562	24.13092354	-13.58097984	-12.89008276	4.66589204	6.81096018
0.94166667	-17.45095116	24.25141296	24.15716457	-13.57815881	-12.84478349	4.69363336	6.83005529
0.95000000	-17.48276321	24.30457522	24.21087227	-13.59657756	-12.87013621	4.71785024	6.82668912
0.95833333	-17.52313439	24.34177009	24.23077561	-13.61175972	-12.83504033	4.72107148	6.82615800
0.96666667	-17.51465691	24.33196962	24.20126468	-13.61106254	-12.80716611	4.65686621	6.73988765
0.97500000	-17.46845499	24.26749995	24.14393771	-13.59364659	-12.79835497	4.66491850	6.72530505
0.98333333	-17.52613372	24.34127256	24.21362873	-13.62309763	-12.80587674	4.72786583	6.77239118
0.99166667	-17.51979650	24.31095070	24.18804676	-13.58564973	-12.77369999	4.67917929	6.73225587
1.00000000	-17.55848074	24.37535696	24.25108003	-13.63414906	-12.81315928	4.73080583	6.76462314
1.00833333	-17.56443345	24.34854392	24.20796988	-13.58716268	-12.73236243	4.69191617	6.73732482
1.01666667	-17.59244205	24.38734501	24.23243052	-13.60112527	-12.71943812	4.71628167	6.75500890
1.02500000	-17.54954204	24.34216379	24.16638232	-13.60973454	-12.69687981	4.67705580	6.70196827
1.03333333	-17.60519229	24.39792896	24.22162103	-13.61280391	-12.69116816	4.73090139	6.74256669
1.04166667	-17.66509961	24.44630916	24.23472530	-13.60545445	-12.63119394	4.74194492	6.76236063
1.05000000	-17.57470017	24.30231697	24.14198822	-13.51042541	-12.66488392	4.67421412	6.72236625
1.05833333	-17.60820816	24.36293010	24.19375444	-13.56191922	-12.65124151	4.69959025	6.74805992
1.06666667	-17.63558070	24.39018467	24.21014257	-13.55784505	-12.64131908	4.69660545	6.73797159
1.07500000	-17.66623863	24.43102632	24.22781342	-13.58126404	-12.61571267	4.71633955	6.74876726
1.08333333	-17.65841058	24.41371726	24.20191753	-13.56757438	-12.57255673	4.67456571	6.68362582
1.09166667	-17.66549436	24.43707676	24.19077485	-13.60093799	-12.53961282	4.69856561	6.65952026
1.10000000	-17.69468916	24.47734842	24.22877420	-13.62528133	-12.54216560	4.74482608	6.68144753
1.10833333	-17.68973885	24.46497002	24.19438744	-13.60227454	-12.49838807	4.72489140	6.63601567
1.11666667	-17.57685453	24.32552727	24.01409237	-13.59288569	-12.41636688	4.71344349	6.62653496
1.12500000	-17.61239659	24.37188291	24.04825827	-13.61391116	-12.40632854	4.76082143	6.60221186
1.13333333	-17.69657585	24.47128500	24.15165445	-13.63236826	-12.41903794	4.78572211	6.61707565
1.14166667	-17.73272016	24.52954051	24.19880682	-13.66489597	-12.43362150	4.82677399	6.64599035
1.15000000	-17.68761867	24.46803843	24.09547133	-13.65440099	-12.35219650	4.76152699	6.58399424
1.15833333	-17.72695620	24.51114329	24.12790464	-13.66335626	-12.33819159	4.80556887	6.61682117
1.16666667	-17.72114338	24.50097192	24.12321958	-13.64866174	-12.33574576	4.76928442	6.58445126
1.17500000	-17.73761461	24.52320694	24.12388713	-13.65742073	-12.32167617	4.78457976	6.59946297
1.18333333	-17.74625910	24.51992494	24.12358559	-13.64016471	-12.30747586	4.78026475	6.59742915
1.19166667	-17.73883016	24.51620501	24.12164452	-13.65306605	-12.32039279	4.77057866	6.59320912
1.20000000	-17.77387372	24.58298803	24.19702738	-13.69336655	-12.38861178	4.82789521	6.63103800
1.20833333	-17.62727491	24.37272231	23.99209645	-13.62206328	-12.32890248	4.75159671	6.61581434
1.21666667	-17.65505287	24.40877062	24.03373962	-13.63961501	-12.34744977	4.78996209	6.63779134
1.22500000	-17.70753682	24.50360743	24.14258373	-13.69319794	-12.44804425	4.85521548	6.68274539
1.23333333	-17.70703870	24.46307923	24.11510753	-13.64164703	-12.40324380	4.79613096	6.65226229
1.24166667	-17.71150102	24.47619205	24.13252211	-13.65531645	-12.42981353	4.78555137	6.64770324
1.25000000	-17.73652982	24.53019304	24.19098617	-13.68972103	-12.48694018	4.83385566	6.67807477
1.25833333	-17.76881590	24.56206874	24.22716096	-13.69730026	-12.50097566	4.87395293	6.72033915
1.26666667	-17.56587498	24.26612204	23.94479421	-13.56591533	-12.39765684	4.72228102	6.64721613
1.27500000	-17.60311202	24.32377983	24.00572452	-13.59612595	-12.44122278	4.78304822	6.68268147
1.28333333	-17.63077106	24.33713948	24.02656219	-13.56626018	-12.42244848	4.76169333	6.67700417
1.29166667	-17.66240182	24.40356221	24.08204016	-13.63159358	-12.48241260	4.77764226	6.68604400
1.30000000	-17.68673829	24.41672346	24.10480705	-13.62213082	-12.45817311	4.80754797	6.70814388
1.30833333	-17.69474310	24.43825039	24.12400079	-13.63562835	-12.49794964	4.78437379	6.69059642
1.31666667	-17.71128707	24.45624216	24.14769159	-13.64633449	-12.50386849	4.82246744	6.71177347
1.32500000	-17.73725192	24.48457690	24.16500643	-13.65838604	-12.49757933	4.84492146	6.73404649
1.33333333	-17.70263776	24.45141952	24.11097436	-13.66056297	-12.48705322	4.79956633	6.68698021
1.34166667	-17.59946059	24.30022418	23.98308925	-13.60962577	-12.46609000	4.79960014	6.69533424
1.35000000	-17.63551765	24.35473956	24.02280130	-13.64638324	-12.46332237	4.84730524	6.73542182
1.35833333	-17.66713011	24.39606706	24.04847227	-13.65774505	-12.46336406	4.82202173	6.71786142
1.36666667	-17.70398427	24.44087425	24.07815778	-13.67300442	-12.44892150	4.83054927	6.71448847
1.37500000	-17.67770943	24.41241315	24.05363460	-13.67192775	-12.46734331	4.82836412	6.73414371
1.38333333	-17.74060470	24.47910217	24.12724768	-13.68858269	-12.47647691	4.86626360	6.76544683
1.39166667	-17.75312434	24.48917503	24.13814056	-13.68330998	-12.46285337	4.82520608	6.72567381
1.40000000	-17.79174567	24.55584190	24.18860272	-13.70850033	-12.48917772	4.88108624	6.75583896
1.40833333	-17.76451605	24.52173641	24.12781532	-13.73126554	-12.41856956	4.84880803	6.71185176
1.41666667	-17.81060356	24.59458247	24.19022566	-13.75970615	-12.45521031	4.90833957	6.73805088
1.42500000	-17.84747251	24.62642853	24.16754578	-13.78294171	-12.36009223	4.92327314	6.74652092
1.43333333	-17.86985137	24.65112257	24.15814343	-13.79546046	-12.31049421	4.92901617	6.71585743
1.44166667	-17.88295362	24.68087556	24.14987808	-13.82453929	-12.27057084	4.91700338	6.64561702
1.45000000	-17.94545347	24.76191840	24.20639598	-13.86485984	-12.24572895	4.98303573	6.68887792
1.45833333	-17.95242976	24.75707799	24.18454935	-13.85375697	-12.19822334	4.93913155	6.58334578
1.46666667	-18.01443118	24.85289123	24.26365663	-13.89936463	-12.23247107	5.02372577	6.64451256
1.47500000	-18.07634486	24.87782514	24.26303318	-13.88103523	-12.10822607	5.04402358	6.65410083
1.48333333	-17.72511829	24.43261862	23.77803506	-13.77586716	-11.96096617	4.99654098	6.54653125
1.49166667	-17.84459897	24.55535860	23.88024875	-13.78330640	-11.90734589	5.01238274	6.53887915
1.50000000	-17.91600590	24.64282908	23.93515995	-13.81991002	-11.86765838	5.05569209	6.56944334
1.50833333	-17.94837742	24.66727582	23.92333289	-13.80704673	-11.79879510	5.02465626	6.47035385
1.51666667	-18.01070503	24.73970086	23.97927690	-13.83184453	-11.77362706	5.08129317	6.51219802
1.52500000	-18.00406118	24.70459316	23.92795398	-13.79337634	-11.70252315	5.01974635	6.42285077
1.53333333	-18.06269589	24.74980021	23.94882441	-13.77202063	-11.61734011	5.03328830	6.43812858
1.54166667	-18.13506724	24.83364136	24.00456776	-13.80483604	-11.57898752	5.08282765	6.48785937
1.55000000	-18.19172926	24.86938387	23.99248451	-13.78125479	-11.45756748	5.07572143	6.48365235
1.55833333	-18.25422557	24.93097698	24.02303507	-13.78493951	-11.38969129	5.08959476	6.48553101
1.56666667	-18.26332395	24.95297958	23.99082684	-13.80654125	-11.32723732	5.02864510	6.36987071
1.57500000	-18.12096890	24.75348121	23.81117407	-13.74034461	-11.35006086	5.05103175	6.47355755
1.58333333	-18.21087388	24.86651581	23.84891700	-13.77751945	-11.24956974	5.03436226	6.42253789
1.59166667	-18.26902712	24.90768258	23.85682998	-13.75271122	-11.16477547	5.07867304	6.42651260
1.60000000	-18.27037483	24.91012696	23.78160417	-13.76056080	-11.03902254	5.05259403	6.27574138
1.60833333	-18.32583363	24.94446689	23.77829775	-13.73039256	-10.94549348	5.08076778	6.27897712
1.61666667	-18.36708057	24.97787161	23.76891091	-13.71296413	-10.84470510	5.04772675	6.20335920
1.62500000	-18.48433750	25.10839816	23.85690121	-13.73930888	-10.79630421	5.09796036	6.24959648
1.63333333	-18.31374702	24.88606252	23.58297592	-13.67062100	-10.67216694	5.04017465	6.11383919
1.64166667	-18.39220857	24.98501962	23.64042690	-13.71525538	-10.66132232	5.08124641	6.16168503
1.65000000	-18.22851418	24.77467265	23.37745540	-13.66403818	-10.57008521	5.02895310	6.10778932
1.65833333	-18.30554818	24.84321803	23.45282554	-13.65407874	-10.56161300	5.02780056	6.13317286
1.66666667	-18.38301982	24.92512324	23.50828640	-13.66734914	-10.52898542	5.06740071	6.18078186
1.67500000	-18.42908179	24.96741929	23.52640434	-13.66642662	-10.49692501	5.03425009	6.10592342
1.68333333	-18.44442380	24.98441296	23.50679791	-13.67546967	-10.45524000	5.05013322	6.07453022
1.69166667	-18.48177606	24.99763590	23.53029590	-13.65033731	-10.42362223	5.08002227	6.09286311
1.70000000	-18.52460845	25.02753412	23.55312167	-13.65036897	-10.39147472	5.10956909	6.12107277
1.70833333	-18.56580166	25.05122922	23.55851491	-13.63135261	-10.35446317	5.11619185	6.11509227
1.71666667	-18.44812230	24.89207302	23.40592275	-13.58572064	-10.36777148	5.03840379	6.08311074
1.72500000	-18.49227809	24.92074370	23.43418192	-13.57638125	-10.35219247	5.07526338	6.05969947
1.73333333	-18.56151962	24.98930275	23.50156308	-13.59067675	-10.36516892	5.13415768	6.12385992
1.74166667	-18.56107919	24.96495193	23.46192166	-13.56018635	-10.30832083	5.07644265	6.07513843
1.75000000	-18.62104271	25.02946576	23.52104341	-13.57797087	-10.32241991	5.12835293	6.12998715
1.75833333	-18.66502932	25.07926141	23.58832438	-13.56232979	-10.34793654	5.16540793	6.15593995
1.76666667	-18.66659181	25.03966769	23.53446194	-13.53042931	-10.27297864	5.09176895	6.10897215
1.77500000	-18.69108893	25.06352558	23.56347047	-13.54017504	-10.26200876	5.12398425	6.16032034
1.78333333	-18.71477049	25.06837607	23.57082292	-13.52795905	-10.23442206	5.13656864	6.19810365
1.79166667	-18.60238348	24.91745475	23.48274801	-13.49123469	-10.32378092	5.12108178	6.21131456
1.80000000	-18.62603708	24.93143971	23.50941523	-13.48060550	-10.33207714	5.14288430	6.25673409
1.80833333	-18.65291061	24.95933387	23.53733935	-13.49643514	-10.33005229	5.16909512	6.29649984
1.81666667	-18.67178342	24.95768992	23.55252501	-13.45944814	-10.34781110	5.13933749	6.26854189
1.82500000	-18.70526755	25.00064599	23.58783334	-13.48471997	-10.37137387	5.17249302	6.30073228
1.83333333	-18.74437181	25.06877551	23.68540136	-13.51934903	-10.47552781	5.21342316	6.31808124
1.84166667	-18.74465092	25.02151751	23.61280154	-13.47022374	-10.37194135	5.17522904	6.29175767
1.85000000	-18.71363376	24.98973923	23.58165858	-13.46639247	-10.38803283	5.12464791	6.22507455
1.85833333	-18.72805128	24.99586939	23.58506497	-13.46350081	-10.38265154	5.14410284	6.24590437
1.86666667	-18.61871611	24.85329130	23.43444062	-13.43160440	-10.31552188	5.10296590	6.20908690
1.87500000	-18.66525617	24.93336503	23.52897754	-13.46386243	-10.40367174	5.17161509	6.25700263
1.88333333	-18.70031957	24.94442894	23.53591410	-13.44864878	-10.36012706	5.18599907	6.28734606
1.89166667	-18.72978547	24.96587495	23.55958814	-13.44437304	-10.34982071	5.19029487	6.29606280
1.90000000	-18.73901112	24.96970412	23.55680038	-13.44001948	-10.35234511	5.17855863	6.28713498
1.90833333	-18.71769602	24.95694181	23.53538093	-13.45823586	-10.36445201	5.16858413	6.24579252
1.91666667	-18.74342808	24.98274527	23.56947699	-13.47120595	-10.37149716	5.20423589	6.28222287
1.92500000	-18.62375213	24.82498866	23.40253178	-13.42766428	-10.34461950	5.17517734	6.26250855
1.93333333	-18.66101786	24.87481712	23.44733753	-13.44785090	-10.35411910	5.18281642	6.27427127
1.94166667	-18.71427244	24.96522414	23.55868751	-13.49321373	-10.45537869	5.24431446	6.32336952
1.95000000	-18.74155945	24.95644822	23.52327935	-13.46394832	-10.34434629	5.23563129	6.34562402
1.95833333	-18.75688249	24.97019939	23.52733887	-13.45799421	-10.33889595	5.20159177	6.31751251
1.96666667	-18.79039931	25.00993196	23.54692320	-13.48080460	-10.32050343	5.22205371	6.34004477
1.97500000	-18.78873796	24.99659106	23.53243298	-13.46620329	-10.30830504	5.21075843	6.31520778
1.98333333	-18.80254729	25.01083013	23.53643062	-13.47284147	-10.29997619	5.22194475	6.32213342
1.99166667	-18.76376762	24.97800922	23.46897963	-13.48289536	-10.28370947	5.20443004	6.28037060
2.00000000	-18.77471136	24.96768974	23.47620607	-13.45759474	-10.27848789	5.22609407	6.29191359
2.00833333	-18.80337850	25.00933745	23.51807084	-13.48502257	-10.29950618	5.26930648	6.33639684
2.01666667	-18.82899617	25.03237264	23.53711927	-13.48361280	-10.29431317	5.28493328	6.34905450
2.02500000	-18.83843362	25.03387265	23.53485899	-13.48027437	-10.28110608	5.28687806	6.34898398
2.03333333	-18.83010249	25.00922380	23.50833659	-13.45495241	-10.26130114	5.25732837	6.31579748
2.04166667	-18.86204575	25.08576238	23.60060464	-13.50718425	-10.37447144	5.31075554	6.34778352
2.05000000	-18.61328588	24.70736941	23.28445162	-13.34973354	-10.31876846	5.20168787	6.34573389
2.05833333	-18.65122124	24.76724181	23.34425489	-13.38324154	-10.35031376	5.24010287	6.37978023
2.06666667	-18.68153045	24.79499410	23.36544502	-13.38312463	-10.33794535	5.21175299	6.34874390
2.07500000	-18.70760621	24.82802017	23.39592629	-13.39794701	-10.34738515	5.23027136	6.36562069
2.08333333	-18.74128161	24.87274420	23.44308691	-13.41645748	-10.35512766	5.25689440	6.39433071
2.09166667	-18.80280552	24.94171809	23.51157875	-13.42544962	-10.38468908	5.29055714	6.43573432
2.10000000	-18.77960074	24.91073473	23.48952711	-13.40362261	-10.38255630	5.21396957	6.35531069
2.10833333	-18.81441526	24.95683137	23.52655395	-13.42804290	-10.39120054	5.25712985	6.40074141
2.11666667	-18.81690754	24.95838500	23.53403065	-13.41972105	-10.40996179	5.22644295	6.36183905
2.12500000	-18.84990191	25.02707017	23.60902715	-13.46254350	-10.48030021	5.28204905	6.40505091
2.13333333	-18.63044553	24.71420104	23.32469324	-13.35120785	-10.42368154	5.21463133	6.37469250
2.14166667	-18.67708324	24.77883501	23.38057385	-13.37998229	-10.43388920	5.24256891	6.41756663
2.15000000	-18.72372661	24.84331649	23.45712708	-13.40722117	-10.47564921	5.25289789	6.44065109
2.15833333	-18.74523122	24.87549164	23.49012219	-13.39936789	-10.50686048	5.20153818	6.40349306
2.16666667	-18.75504501	24.91322643	23.51423223	-13.44622989	-10.55451777	5.18883998	6.40650905
2.17500000	-18.79277425	24.98337136	23.57923257	-13.50289840	-10.61308661	5.23654524	6.45377219
2.18333333	-18.82119902	25.02608983	23.63145104	-13.52643088	-10.66620139	5.25023058	6.47086837
2.19166667	-18.82531558	25.04720122	23.68700909	-13.53154111	-10.76636837	5.19784823	6.44414466
2.20000000	-18.71646405	24.90122925	23.64658809	-13.46476699	-10.97971208	5.13835526	6.57131502
2.20833333	-18.76813043	25.02325837	23.77211229	-13.55531851	-11.09679381	5.21808896	6.62464706
2.21666667	-18.78423086	25.05626832	23.79546272	-13.59167003	-11.09221656	5.21212354	6.60915115
2.22500000	-18.73020034	25.05080681	23.76024885	-13.65281199	-11.15687858	5.16974629	6.55327538
2.23333333	-18.69264842	25.06112318	23.74404420	-13.72768282	-11.20217435	5.19727690	6.56818299
2.24166667	-18.57468204	24.98633333	23.61822248	-13.80311858	-11.22995153	5.20000531	6.56792270
2.25000000	-18.43620469	24.87663367	23.43899320	-13.84253347	-11.22754658	5.20425988	6.58614363
2.25833333	-18.45518743	24.99560309	23.52414397	-13.98353558	-11.33825407	5.25756210	6.61543677
2.26666667	-18.44536236	25.04657720	23.45118580	-14.10723410	-11.24013042	5.29326765	6.65278692
2.27500000	-18.26420806	24.89600614	23.20795782	-14.14219153	-11.22769825	5.27189908	6.63480589
2.28333333	-18.07014252	24.65565748	23.01694145	-14.05285847	-11.29288254	5.14830612	6.68686563
2.29166667	-18.07715448	24.80857664	23.05176786	-14.26995488	-11.32322805	5.19167801	6.73233692
2.30000000	-18.05331614	24.88786999	23.03053316	-14.41302416	-11.31846479	5.22977971	6.74048816
2.30833333	-17.87656950	24.80026363	22.81458976	-14.55757661	-11.27168176	5.26023185	6.70299738
2.31666667	-17.87286370	24.89874077	22.85999958	-14.71917122	-11.33902194	5.30716199	6.72869492
2.32500000	-17.82242588	24.92812761	22.78831858	-14.83821876	-11.29992278	5.35572415	6.71389280
2.33333333	-17.83080873	25.01970716	22.80922848	-14.97971568	-11.35892851	5.41822960	6.75020464
2.34166667	-17.66423339	24.83631855	22.51224715	-14.97205444	-11.17019921	5.36861558	6.64020600
2.35000000	-17.68897183	24.92822167	22.53483682	-15.09101722	-11.18509779	5.43860287	6.69531848
2.35833333	-17.70988153	25.01875585	22.57646288	-15.21193447	-11.23068250	5.50763176	6.73407358
2.36666667	-17.63754454	24.99961978	22.35755228	-15.28424555	-11.05425698	5.52972684	6.64968924
2.37500000	-17.66471917	25.08807127	22.38319590	-15.39256578	-11.06273501	5.57537926	6.71207258
2.38333333	-17.68119099	25.15828682	22.34654971	-15.49698062	-11.04862965	5.62600459	6.76042257
2.39166667	-17.58194564	25.08690009	22.16616721	-15.53598127	-11.01219530	5.63606950	6.72359077
2.40000000	-17.58012509	25.16949644	22.19866506	-15.67290016	-11.09734707	5.67262125	6.78654425
2.40833333	-17.57581843	25.23965751	22.27421184	-15.79636128	-11.24875085	5.73420049	6.84734036
2.41666667	-17.43172129	25.10674870	22.36997149	-15.76254044	-11.49602292	5.60914489	6.86965457
2.42500000	-17.39224734	25.20187151	22.52835539	-15.94782231	-11.80096841	5.66726314	6.89377488
2.43333333	-17.13515698	24.88365631	22.26628819	-15.89118145	-11.79618635	5.65819038	6.93582820
2.44166667	-17.10873052	24.93225452	22.34305242	-16.00898312	-11.99935523	5.74455147	7.00657421
2.45000000	-16.96656226	24.77650558	22.24778583	-16.00360286	-12.09374819	5.70480687	7.01329012
2.45833333	-16.97284755	24.86533962	22.39203452	-16.14159983	-12.36875238	5.78911638	7.07172666
2.46666667	-16.94860869	24.82481789	22.40465248	-16.17978826	-12.51782020	5.88937311	7.24649195
2.47500000	-16.92004726	24.83428357	22.49580611	-16.26831304	-12.78839125	5.97679231	7.34226473
2.48333333	-16.92609867	24.82841012	22.48404645	-16.31594952	-12.93029091	6.05274790	7.48957056
2.49166667	-16.85627155	24.93085237	22.72326326	-16.59397821	-13.41485331	6.10560698	7.48361801
2.50000000	-16.62859531	24.53909335	22.59614762	-16.33338750	-13.52228762	5.98045916	7.48800176
2.50833333	-16.49771403	24.42911934	22.70877959	-16.39531246	-13.94738067	6.07299218	7.61088363
2.51666667	-16.47218317	24.46426215	22.85526226	-16.53158477	-14.33643278	6.14485540	7.67140001
2.52500000	-16.43055533	24.40813402	23.00205317	-16.55479753	-14.77917631	6.25857456	7.85941820
2.53333333	-16.35673227	24.35947166	23.24613686	-16.62412711	-15.40225288	6.33528370	8.18494459
2.54166667	-16.42381063	24.48837350	23.59722716	-16.68985450	-15.79432110	6.17817516	7.97205538
2.55000000	-16.30895738	24.43001309	23.87486142	-16.82195884	-16.51330081	6.33988267	8.17575925
2.55833333	-16.18866172	24.37580937	24.12625150	-16.97536093	-17.21314087	6.46720120	8.40330389
2.56666667	-16.08838706	24.32757327	24.35240016	-17.10881211	-17.87474314	6.57180259	8.55551434
2.57500000	-16.08585680	24.39411485	24.62550657	-17.23857637	-18.37378453	6.46605087	8.36315883
2.58333333	-16.10239266	24.49027788	25.00536037	-17.40407042	-19.07186142	6.53205352	8.38565557
2.59166667	-15.95981616	24.38738065	25.25488703	-17.54081630	-19.86956937	6.68197827	8.52100231
2.60000000	-15.81536694	24.29075640	25.50555037	-17.68178159	-20.67173859	6.81980768	8.62896977
2.60833333	-15.76052415	24.29181001	25.76520863	-17.85218159	-21.40124386	6.88960584	8.60644561
2.61666667	-15.90122114	24.55815603	26.39694995	-18.02391391	-22.16696533	6.76892591	8.07247212
2.62500000	-15.92252782	24.69045795	26.94641099	-18.22575083	-23.09122708	6.83920109	7.80948459
2.63333333	-15.80645903	24.62954785	27.28803534	-18.38908869	-24.02889795	6.98535466	7.69513688
2.64166667	-15.68000618	24.64248098	27.94702660	-18.56940382	-25.12192324	6.94456275	7.01605736
2.65000000	-15.45047803	24.48200180	28.42895283	-18.70267215	-26.22333642	7.01364044	6.50034474
2.65833333	-15.41326761	24.56009208	29.07660109	-18.89778248	-27.36553220	7.10948247	5.82048972
2.66666667	-15.14812522	24.30220176	29.50385000	-18.97480400	-28.63701826	7.14053243	5.56780399
2.67500000	-15.32595546	24.58364064	30.40122162	-19.15845319	-29.90210339	7.26964217	4.64253864
2.68333333	-15.05439261	24.31974225	30.96167764	-19.23885023	-31.36183401	7.34907663	4.27761331
2.69166667	-14.72794337	23.97494647	31.48722460	-19.28577425	-32.82299843	7.34677077	3.93728726
2.70000000	-14.39213152	23.63536856	32.09489152	-19.33389481	-34.37903046	7.39283763	3.45927713
2.70833333	-14.20478943	23.54055692	32.99497389	-19.49327285	-35.79169421	7.59271778	1.41093365
2.71666667	-13.87893850	23.20120183	33.64138502	-19.55540721	-37.36619696	7.71661327	0.75147894
2.72500000	-13.53776112	22.83824181	34.25103978	-19.58878583	-38.87841870	7.72120278	0.32916920
2.73333333	-13.15066505	22.55877751	34.80135948	-19.77619197	-40.26593122	7.90830096	-1.29229821
2.74166667	-12.78745739	22.19237779	35.35456332	-19.85393710	-41.70013677	7.98351235	-1.87798125
2.75000000	-12.48466497	21.80717565	35.91411740	-19.82081860	-43.01926209	8.01786067	-2.24025749
2.75833333	-12.20967249	21.45997664	36.46159392	-19.82269985	-44.22517400	8.08538222	-2.62623875
2.76666667	-11.98219755	21.22670624	37.02926906	-19.92186981	-45.28226601	8.31915591	-3.67899116
2.77500000	-11.75071087	20.94911379	37.50484108	-19.95317149	-46.21031875	8.32405143	-3.78295316
2.78333333	-11.52407679	20.71311179	37.96864003	-20.03482248	-47.03542600	8.36883073	-3.83652404
2.79166667	-11.28389623	20.49023339	38.34756249	-20.15459859	-47.71574074	8.51826813	-3.72074092
2.80000000	-11.09518003	20.32449081	38.72758009	-20.26694181	-48.19073565	8.56177503	-3.59378407
2.80833333	-10.94954216	20.17416560	39.10550049	-20.34031264	-48.53155997	8.61379272	-3.43388750
2.81666667	-10.79476800	20.08301574	39.37520664	-20.54216653	-48.69013219	8.78334763	-2.95595589
2.82500000	-10.64837107	19.95424265	39.68977982	-20.65364804	-48.78737290	8.86576017	-2.71800688
2.83333333	-10.52897228	19.85652214	39.83279861	-20.79457190	-48.61375161	8.96317252	-2.41667910
2.84166667	-10.46886555	19.75409059	40.10182035	-20.83252189	-48.39788702	8.99355233	-2.37253038
2.85000000	-10.39160444	19.65214265	40.35853307	-20.89635423	-48.11522964	9.01765601	-2.34210126
2.85833333	-9.90616637	19.12556677	39.97556145	-21.00492165	-47.55460124	9.34937418	-1.88213847
2.86666667	-9.88409913	19.06709264	40.14115837	-21.05938123	-46.97702408	9.39739790	-1.92124018
2.87500000	-9.84296682	18.98802439	40.22711172	-21.13611145	-46.28944325	9.51964386	-2.19997007
2.88333333	-9.87777349	18.95860270	40.33123203	-21.16573046	-45.49102165	9.59026858	-2.28505592
2.89166667	-9.86191397	18.91193210	40.41110371	-21.24722651	-44.62184394	9.70266499	-2.64154193
2.90000000	-9.79063183	18.79182495	40.39357625	-21.31154039	-43.63547938	9.85873272	-3.31151097
2.90833333	-9.78682944	18.76653069	40.39409469	-21.41384206	-42.59851414	9.95183633	-3.61712156
2.91666667	-9.70890379	18.63557847	40.27353032	-21.48075929	-41.44046191	10.12126790	-4.69199152
2.92500000	-9.59175247	18.50014533	40.06828985	-21.61633419	-40.20644819	10.26693396	-5.51455827
2.93333333	-9.49357775	18.37021497	39.86335598	-21.73713412	-38.94928726	10.42417978	-6.42541344
2.94166667	-9.08195049	17.84634922	39.23472359	-21.78041169	-37.59530191	10.56001219	-7.28389768
2.95000000	-9.05460465	17.83194829	39.08850520	-21.97828896	-36.28468077	10.74611839	-8.46802539
2.95833333	-9.01551504	17.79457746	38.89829283	-22.16299197	-34.95681088	10.94111643	-9.63992489
2.96666667	-8.92566615	17.75645299	38.62210217	-22.43828006	-33.62415825	11.14459546	-10.83353384
2.97500000	-8.79248585	17.65527289	38.28772693	-22.69835175	-32.30027963	11.36022446	-12.02580323
2.98333333	-8.65128711	17.55445154	37.90638192	-22.98225607	-30.98563587	11.58139642	-13.09012895
2.99166667	-8.61594978	17.55280010	37.62809972	-23.28917795	-29.69466500	11.85021330	-14.11857958
3.00000000	-8.56073675	17.56569384	37.31924958	-23.64185986	-28.48578501	12.11115708	-15.05967719
3.00833333	-8.54065817	17.65168288	37.06416780	-24.04733279	-27.31571564	12.37844767	-15.83489845
3.01666667	-8.46465039	17.68093472	36.73407582	-24.45617602	-26.20576784	12.67790193	-16.71364133
3.02500000	-8.15828825	17.39890587	36.18361824	-24.75787076	-25.23192262	12.74281591	-17.18444399
3.03333333	-8.12265020	17.52577365	35.92297048	-25.25794149	-24.22034628	13.09495087	-17.90213326
3.04166667	-8.05606231	17.61191400	35.65642542	-25.76912756	-23.30839050	13.43654748	-18.51750784
3.05000000	-8.05058550	17.77513639	35.44270190	-26.28834054	-22.46906819	13.69216838	-18.81267508
3.05833333	-8.07687245	18.01779321	35.23182309	-26.89354575	-21.66310622	14.14762010	-19.49055150
3.06666667	-8.01544052	18.15868935	35.00136804	-27.46934060	-20.98123103	14.31272710	-19.57682848
3.07500000	-7.98455907	18.36765087	34.69351181	-28.13102389	-20.20623561	14.90232004	-20.25425267
3.08333333	-7.98350215	18.54936746	34.42101140	-28.70582047	-19.52349794	15.08855904	-20.33057032
3.09166667	-7.95910299	18.72792709	34.16766424	-29.32482168	-18.91790083	15.37958611	-20.50896623
3.10000000	-7.94461893	18.91319400	33.95785320	-29.94244092	-18.36936041	15.81259717	-20.83255692
3.10833333	-7.95956277	19.14300089	33.80986508	-30.59778402	-17.88400787	16.48309355	-21.49221157
3.11666667	-8.58938404	20.20712527	34.13087712	-31.55007243	-17.30227765	16.97034453	-21.92852474
3.12500000	-8.50092009	20.36969630	33.84003270	-32.22331751	-16.89634085	17.19327748	-21.97944252
3.13333333	-8.38867879	20.50910675	33.56149480	-32.92502890	-16.55754103	17.51587093	-22.10253211
3.14166667	-8.15344887	20.51767341	33.09942977	-33.65411555	-16.13401227	18.31689725	-22.57535282
3.15000000	-8.11807508	20.65634496	32.82320029	-34.25260518	-15.81286847	18.55939894	-22.60251069
3.15833333	-8.17971345	20.92345059	32.62643577	-34.94140739	-15.53855107	19.24814141	-22.89139453
3.16666667	-8.18695442	21.16063739	32.42140166	-35.64621666	-15.29961897	19.74701386	-23.07424644
3.17500000	-8.19440085	21.33815945	32.22698567	-36.25914763	-15.08062441	20.03874338	-23.13249256
3.18333333	-8.31706128	21.69180283	32.17515579	-36.99700893	-14.95494626	20.84789840	-23.42857090
3.19166667	-8.40154921	21.98220797	31.95678685	-37.69479835	-14.75589331	21.38360518	-23.53811463
3.20000000	-8.40353375	22.14476088	31.77417298	-38.33199923	-14.65861343	21.91910375	-23.68190523
3.20833333	-8.43633671	22.32198875	31.67908119	-38.96511052	-14.58193520	22.50533693	-23.82807172
3.21666667	-8.63171497	22.77216395	31.58470947	-39.79456774	-14.38608977	23.18123074	-23.93784759
3.22500000	-8.71256786	22.94547493	31.42011639	-40.36735934	-14.26076863	23.71335015	-24.10778120
3.23333333	-8.67682520	23.06263216	31.16745742	-41.00502619	-14.15469876	24.07225660	-24.19239590
3.24166667	-8.70917523	23.17302624	30.89675014	-41.57959409	-13.98803067	24.51773087	-24.30189935
3.25000000	-9.01363534	23.64938844	30.95310667	-42.34770925	-13.90948852	25.44253394	-24.45021121
3.25833333	-9.08379848	23.85712312	30.74616852	-43.01745547	-13.82027202	25.96371046	-24.57044665
3.26666667	-9.04630227	23.96471321	30.44087140	-43.67092388	-13.74699408	26.08970317	-24.58436402
3.27500000	-9.29108656	24.39382711	30.33506149	-44.46237896	-13.62170874	26.97609251	-24.75185739
3.28333333	-9.28138839	24.47258540	30.08911831	-45.08998829	-13.57698586	27.51574997	-24.81308175
3.29166667	-9.28836705	24.57119151	29.82062552	-45.72071154	-13.51331320	27.88695729	-24.85895291
3.30000000	-9.33763774	24.62930946	29.62427376	-46.29023740	-13.47634576	28.53123231	-24.98232833
3.30833333	-9.47364209	24.88111457	29.48362140	-46.99778480	-13.41735972	29.14657538	-25.10109300
3.31666667	-9.49582434	24.96287337	29.18039009	-47.61530764	-13.40192523	29.31283002	-25.13898189
3.32500000	-9.63958356	25.20631541	29.03733449	-48.31192441	-13.37995108	30.10953169	-25.38672800
3.33333333	-10.13143064	25.89564921	29.31774647	-49.16335733	-13.53878041	30.89822075	-25.39166632
3.34166667	-10.18543044	26.02810862	29.11388970	-49.83294528	-13.60965769	31.42968621	-25.25788049
3.35000000	-10.53136468	26.51629276	29.23550340	-50.60260868	-13.78784651	31.98312358	-24.57641217
3.35833333	-10.63386529	26.71263984	29.01710372	-51.33476506	-13.87357529	32.46479302	-23.52594332
3.36666667	-10.94652896	27.15139409	29.07233292	-52.11461301	-14.16864717	33.08661510	-21.99821609
3.37500000	-11.01866790	27.25158212	28.81126252	-52.74155546	-14.27638675	33.59929095	-20.36191596
3.38333333	-11.09946738	27.39760769	28.55179297	-53.46732224	-14.30197568	34.07920766	-18.58086291
3.39166667	-11.17136238	27.51005893	28.38936767	-54.16499673	-14.52240480	34.58920698	-16.57492271
3.40000000	-11.54384949	27.97206293	28.73650911	-54.90966527	-15.14082346	35.13479381	-14.48356783
3.40833333	-11.59525069	28.08138338	28.53236470	-55.65579228	-15.29859183	35.53191137	-12.74569924
3.41666667	-11.68808037	28.25328405	28.34503571	-56.44182616	-15.41696586	35.81123306	-11.11359369
3.42500000	-11.68971494	28.42186381	28.26955935	-57.33756936	-15.77371995	36.03586163	-9.46868888
3.43333333	-11.78268303	28.71424106	28.24178460	-58.32558205	-16.08832078	36.15308840	-7.84345146
3.44166667	-12.32894769	29.64473426	28.95542581	-59.49597888	-16.64373849	36.10650612	-6.24027187
3.45000000	-12.29587813	29.88762626	28.80441113	-60.64246351	-17.05213747	35.88642270	-4.77531700
3.45833333	-12.54812012	30.69974167	29.15360014	-62.12247072	-17.47791958	35.37003780	-3.42826401
3.46666667	-12.37614998	31.01723162	28.94405773	-63.60366533	-17.94303870	34.74750441	-2.13269454
3.47500000	-12.18391813	31.47635998	28.73159326	-65.30740899	-18.38842759	33.84379554	-0.75708034
3.48333333	-12.12641544	32.21484628	28.65103644	-67.15714318	-18.76103588	32.49291415	0.44833905
3.49166667	-11.99317225	32.99020192	28.48415892	-69.18472415	-19.17877874	30.97242657	1.64371600
3.50000000	-12.07559330	34.20273410	28.69472309	-71.39915054	-19.62458281	29.00922557	2.39691524
3.50833333	-11.76956151	35.00083819	28.32501635	-73.59386883	-20.02353059	27.07313993	3.32473811
3.51666667	-11.47076842	35.89220474	28.01394983	-75.81743084	-20.43585414	24.87365944	4.10367095
3.52500000	-11.17770199	36.90489762	27.81618819	-78.09643045	-20.99033562	22.42090329	4.70684406
3.53333333	-10.89921713	37.91844350	27.64182079	-80.24152534	-21.58968805	20.13008822	5.27293832
3.54166667	-10.51701393	38.85871716	27.43997500	-82.35407181	-22.25029977	17.87353681	5.80410448
3.55000000	-10.14732167	39.83558194	27.22315334	-84.35843564	-22.83807493	15.63352738	6.20635132
3.55833333	-9.67090097	40.58384043	26.82686877	-86.15554300	-23.39791793	13.96862903	6.64332172
3.56666667	-9.21308019	41.34383103	26.35506179	-87.83407663	-23.84463195	12.60165374	7.10306910
3.57500000	-8.64942827	41.89736370	25.78303214	-89.26295391	-24.20443296	11.64717981	7.48227402
3.58333333	-8.26120514	42.57470105	25.32914480	-90.46935117	-24.47710216	11.53497124	7.59811780
3.59166667	-7.43212166	42.62819951	24.24345474	-91.29370394	-24.55110793	10.78695162	8.07538351
3.60000000	-7.09752800	43.23996165	23.74349419	-92.04569220	-24.62243982	11.34001307	8.31723847
3.60833333	-6.61455074	43.52960916	22.93779947	-92.36345510	-24.51017889	11.01299182	8.62970149
3.61666667	-6.36453132	44.08028161	22.45687922	-92.61890938	-24.44129846	11.62417115	8.84127008
3.62500000	-6.07218746	44.49598463	21.89825735	-92.51290764	-24.29644350	10.71158339	9.04492735
3.63333333	-5.98709506	45.12638101	21.40941864	-92.42775279	-23.98001052	11.26360000	9.21219922
3.64166667	-5.59360814	45.36214624	20.67517059	-92.01440714	-23.71406223	9.81397736	9.34683490
3.65000000	-5.29301694	45.64041431	19.91015531	-91.45794285	-23.25171030	8.72473347	9.35347208
3.65833333	-5.21383178	46.14801170	19.34615026	-90.81913157	-22.79308954	7.76359239	9.39198371
3.66666667	-5.18062420	46.65967213	18.95575900	-90.10718204	-22.42314770	7.97397619	9.48186775
3.67500000	-5.11436043	46.96368039	18.55019989	-89.07914319	-22.10234624	7.92506928	9.56503591
3.68333333	-4.97356422	47.16022616	18.11614446	-87.76809131	-21.83553663	5.08937008	9.52444818
3.69166667	-5.08408934	47.58205424	17.82088128	-86.52281850	-21.47476220	5.12536505	9.63562420
3.70000000	-5.06062387	47.74289205	17.58935668	-84.94405317	-21.42291232	3.50450334	9.82914806
3.70833333	-5.16227864	48.01293861	17.35352893	-83.42180966	-21.18296209	3.35582273	9.91709965
3.71666667	-5.22383620	48.14404758	17.10775556	-81.71465133	-20.97002085	2.96729597	9.98350008
3.72500000	-5.32333931	48.21935758	16.85671947	-79.87536240	-20.77169186	2.46878883	10.06427215
3.73333333	-4.76653249	47.37093484	16.01365853	-77.63051696	-20.63531059	0.23385628	10.25640093
3.74166667	-4.91068923	47.35806952	15.88168958	-75.54104380	-20.52616182	-0.85182638	10.36781590
3.75000000	-4.71895797	46.81183312	15.49049665	-73.14090557	-20.55552157	-3.27885105	10.61542969
3.75833333	-4.90037130	46.67483647	15.39103470	-70.81250686	-20.47497871	-4.59920556	10.79817327
3.76666667	-4.62773326	45.83735393	14.88564836	-68.18299297	-20.41376269	-6.64100076	11.05116277
3.77500000	-4.62131189	45.29263031	14.62438220	-65.57857522	-20.43014279	-8.58377496	11.31875553
3.78333333	-4.35958999	44.33374979	14.07417079	-62.77912878	-20.39476114	-11.26913286	11.57254823
3.79166667	-4.22787292	43.47868112	13.73392323	-59.98592520	-20.48927232	-13.61102116	11.92078374
3.80000000	-4.33819367	42.88623592	13.70426321	-57.23110811	-20.73256352	-15.36266008	12.37774092
3.80833333	-4.25995397	41.95238339	13.44279925	-54.37221454	-20.91202628	-17.17909586	12.81212484
3.81666667	-4.25292899	41.08207849	13.37182319	-51.47699506	-21.31997547	-19.03252236	13.31258757
3.82500000	-4.24772985	40.12265010	13.29777015	-48.48157653	-21.77996170	-20.92130930	13.90871616
3.83333333	-4.12211460	38.98612686	13.15656016	-45.43970427	-22.32294740	-22.89328961	14.57388300
3.84166667	-3.63550040	37.40488175	12.51193543	-42.42815175	-22.71068334	-24.47220509	15.10172056
3.85000000	-3.58430862	36.31683225	12.50075157	-39.50435603	-23.43200961	-25.70245897	15.86120635
3.85833333	-3.77642030	35.54446195	12.83863496	-36.71013085	-24.32002858	-27.29232241	16.68465423
3.86666667	-3.73343944	34.49593232	12.93719910	-34.08059961	-25.19756148	-27.44466469	17.41523442
3.87500000	-3.86879229	33.73229073	13.31745203	-31.52345195	-26.26325656	-28.82687277	18.28726197
3.88333333	-4.12507818	33.18739683	13.81732321	-29.45219790	-27.30955350	-28.29133785	19.01657672
3.89166667	-4.34633421	32.62508436	14.32725264	-27.41266961	-28.47480938	-28.54491114	19.86396933
3.90000000	-4.55411496	32.13201123	14.88173566	-25.52370611	-29.76779715	-28.83797631	20.83214511
3.90833333	-4.63566463	31.50407414	15.26210192	-23.75314116	-31.01337198	-29.41729513	21.47376173
3.91666667	-5.14806126	31.54558970	16.13975270	-22.57399545	-32.30632559	-29.09263953	22.63239282
3.92500000	-5.26260446	31.08852908	16.56316730	-21.22382737	-33.57199577	-29.51562965	23.53839517
3.93333333	-5.61797053	30.95910081	17.31909064	-20.25840962	-34.96096284	-29.42689246	24.50628871
3.94166667	-5.71253564	30.54099087	17.79614977	-19.25261210	-36.33441832	-29.77299951	25.49690823
3.95000000	-5.81620136	30.16907655	18.24753676	-18.47178077	-37.64952140	-29.98013606	26.41970308
3.95833333	-6.31994957	30.27633889	19.23868452	-17.99907557	-39.16921724	-29.70750064	27.39682063
3.96666667	-6.34076645	29.85877689	19.52841894	-17.52398372	-40.40473955	-29.84608888	28.25408103
3.97500000	-6.98859652	30.20348339	20.61514849	-17.30965521	-41.93112867	-29.70808384	29.33862252
3.98333333	-7.07083471	29.85011038	20.95247251	-17.07793878	-43.18361532	-29.86501132	30.25871975
3.99166667	-7.17317568	29.52198398	21.38248981	-16.99286987	-44.52575517	-29.97651650	31.13068629
4.00000000	-7.48140110	29.42744990	22.22638561	-16.98702716	-46.17290273	-29.75304924	32.15916957
4.00833333	-8.22072266	29.92834941	23.54190755	-17.25892400	-47.83876120	-29.08997990	33.01993015
4.01666667	-8.31608936	29.56534310	24.01531521	-17.34389183	-49.28792767	-27.86283648	33.87447143
4.02500000	-8.51378947	29.36453698	24.64359545	-17.55682192	-50.81185743	-25.83835874	34.71196267
4.03333333	-9.29678106	29.98513734	25.97935265	-18.12279912	-52.47479809	-23.05680403	35.44481763
4.04166667	-9.62913576	29.99139206	26.78352159	-18.46123585	-54.05702670	-20.09033122	36.14930700
4.05000000	-9.65374739	29.65158221	27.18772546	-18.68461298	-55.51231992	-17.32047046	36.72582026
4.05833333	-10.25748603	30.13178809	28.33961337	-19.22119634	-57.17872825	-14.34977696	37.09220191
4.06666667	-10.31166193	29.91713520	28.82756309	-19.40993034	-58.75377344	-11.97594318	37.32826791
4.07500000	-10.77857794	30.28890166	29.89033698	-19.76394175	-60.49478291	-9.85302688	37.30328173
4.08333333	-10.73496737	30.08713515	30.40398040	-20.07513928	-62.25097408	-7.87557515	37.14629867
4.09166667	-10.84655525	30.11648131	31.21891517	-20.38634664	-64.18773221	-6.00847584	36.65893216
4.10000000	-10.87807970	30.20586571	32.09420360	-20.85336748	-66.26560648	-4.36520102	35.80262171
4.10833333	-11.72051858	31.30147174	34.08710512	-21.42424793	-68.66236711	-3.19815242	34.35034695
4.11666667	-11.54501997	31.16413794	34.96209290	-21.88070935	-70.97113062	-1.90894897	32.83772461
4.12500000	-11.71589100	31.50504813	36.29269946	-22.45500064	-73.40807227	-0.86298224	30.90094478
4.13333333	-11.27417615	31.17114653	37.03656898	-23.07925144	-75.82497727	0.24441732	29.11580421
4.14166667	-11.20330177	31.26909385	38.34672503	-23.68585254	-78.30870925	1.07752377	26.64612141
4.15000000	-10.81882723	31.10356481	39.19184784	-24.49262915	-80.63969687	1.89635243	24.61074787
4.15833333	-10.37490204	30.86017241	40.01797682	-25.30302781	-82.80172642	2.65155156	22.39262351
4.16666667	-10.19601914	30.94487296	41.16489856	-26.14673129	-84.79122058	3.24278713	19.47475474
4.17500000	-9.70730825	30.76004967	41.88694972	-27.13716147	-86.62627391	3.89451037	17.43834347
4.18333333	-9.05382636	30.29209775	42.43012707	-27.94021593	-88.19115794	4.47164131	15.10098583
4.19166667	-8.52853680	29.91688129	42.93369451	-28.69471128	-89.48748549	4.99497668	13.58832319
4.20000000	-7.66444572	28.97333015	42.94355465	-29.11083813	-90.40838353	5.45413483	12.18222296
4.20833333	-7.21069592	28.41458304	43.49298391	-29.40725636	-91.23979898	5.87925263	11.64232141
4.21666667	-6.97605577	27.98760606	44.17007024	-29.51789415	-91.77498350	6.01143306	11.64950489
4.22500000	-6.79055865	27.45629554	44.71904576	-29.38940835	-92.01659958	6.48214836	11.91905443
4.23333333	-6.73820499	27.03265955	45.37909599	-29.14805526	-91.94781399	6.56400126	12.07396491
4.24166667	-6.68655964	26.49458361	45.97825981	-28.73861351	-91.66940599	6.82841572	12.61513691
4.25000000	-6.71717796	26.13472814	46.56786002	-28.46473625	-91.08969979	6.90176593	12.70428144
4.25833333	-6.27782792	25.02627545	46.55078905	-27.79176615	-90.28334855	7.00297864	13.13050011
4.26666667	-6.36128599	24.64332977	47.01816963	-27.42515738	-89.25943418	7.13098397	13.18343778
4.27500000	-6.60771576	24.47628410	47.60459832	-27.15946589	-88.14485906	7.38524121	13.29477307
4.28333333	-6.70552509	24.13433278	47.93258801	-26.84359490	-86.74737814	7.47099364	13.12168589
4.29166667	-6.73171921	23.73827879	48.06957004	-26.58176877	-85.14493710	7.63536396	12.69787298
4.30000000	-6.80433411	23.38385739	48.22049171	-26.30459222	-83.40577108	7.76008774	12.16178473
4.30833333	-6.81353721	23.00961323	48.24219241	-26.07915003	-81.49412967	7.90046271	11.42645512
4.31666667	-6.89979659	22.73489450	48.26245370	-25.87870466	-79.45383171	8.05614980	10.51460824
4.32500000	-7.11967572	22.57109242	48.30260580	-25.64173537	-77.25264321	8.20478273	9.44654085
4.33333333	-7.26473607	22.47352709	48.25358034	-25.57955209	-74.92090596	8.39105725	7.98669993
4.34166667	-7.41060684	22.29104554	48.11415647	-25.40057928	-72.42654121	8.56482401	6.39634586
4.35000000	-7.49231426	22.07241728	47.87361779	-25.28322973	-69.82886700	8.74904767	4.53131509
4.35833333	-7.17953951	21.44653318	47.05011590	-25.21947370	-67.00451918	9.05328849	2.14899408
4.36666667	-7.35723041	21.33364584	46.77866214	-25.14615289	-64.25060630	9.27709352	-0.07960683
4.37500000	-7.15432884	20.78563675	45.97379680	-25.04838371	-61.28543372	9.59693641	-2.44697856
4.38333333	-7.35400918	20.72215423	45.61131529	-25.03253511	-58.38102728	9.87870410	-4.75132668
4.39166667	-7.17669315	20.25786285	44.65662302	-25.05901466	-55.31626460	10.26723485	-7.04340436
4.40000000	-7.28769092	20.16969564	44.14356035	-25.21756659	-52.35107042	10.63208162	-9.38900281
4.40833333	-7.34172827	20.04168010	43.46032586	-25.41355650	-49.34430513	11.03596843	-11.61355396
4.41666667	-7.36377363	19.93996374	42.68930630	-25.73870667	-46.36030205	11.49095247	-13.65035936
4.42500000	-7.31086240	19.79135349	41.82498504	-26.14126518	-43.47708679	12.01005152	-15.46579653
4.43333333	-7.21179288	19.64400863	40.88400666	-26.65478821	-40.66766510	12.58945787	-17.01830855
4.44166667	-6.86490917	19.21828812	39.63347226	-27.21716619	-37.98423220	13.23512808	-18.25642694
4.45000000	-6.38949289	18.54575883	38.22336870	-27.66169682	-35.45231309	13.95466645	-18.96830239
4.45833333	-6.38176012	18.72580438	37.40506678	-28.52982085	-33.19718992	14.59860858	-19.85164120
4.46666667	-6.43524003	18.92768030	36.73725070	-29.36831563	-31.13384842	15.25687874	-20.67978225
4.47500000	-6.47768110	19.02948999	36.02617509	-30.14771684	-29.26260295	15.92650503	-21.37102721
4.48333333	-6.57116215	19.24576494	35.45354699	-31.00847403	-27.57344434	16.67874661	-21.99211056
4.49166667	-6.67245449	19.54212883	34.91827560	-31.94142723	-26.12226199	17.44297460	-22.66407843
4.50000000	-6.74034501	19.77858553	34.35065136	-32.86590987	-24.82114507	17.76847295	-22.73692334
4.50833333	-6.91545418	20.21895904	33.85202248	-33.92218633	-23.56503305	18.93637565	-23.99000601
4.51666667	-7.06407589	20.59915623	33.32671216	-34.96090519	-22.40217613	19.73886460	-24.69049218
4.52500000	-7.21531188	20.95635394	32.91094877	-35.96723811	-21.50892874	20.52719318	-25.20458248
4.53333333	-7.30632695	21.21520144	32.35155775	-36.96417043	-20.60779872	20.88028639	-25.23604923
4.54166667	-7.76868532	22.06980598	32.15804784	-38.27289090	-19.58524204	22.08224959	-26.40574585
4.55000000	-7.91897233	22.44773348	31.70791401	-39.37459993	-18.92573911	22.97940040	-26.62950984
4.55833333	-8.04443313	22.81691824	31.24650925	-40.51439640	-18.31067800	23.82296210	-26.82576714
4.56666667	-8.25366873	23.27778282	30.84665183	-41.68632452	-17.77030232	24.72009864	-26.99642349
4.57500000	-8.66546751	24.00884896	30.74197219	-42.95681223	-17.32138915	25.64496833	-27.20437265
4.58333333	-8.79367591	24.33762421	30.33513863	-44.05836552	-16.99940712	26.51469687	-27.27384796
4.59166667	-8.91376320	24.64494934	29.91003354	-45.15042936	-16.73160169	27.32937298	-27.37766604
4.60000000	-9.09623184	25.02886275	29.57497458	-46.29772966	-16.53882482	28.23724092	-27.50431458
4.60833333	-9.53163055	25.72832953	29.64790203	-47.48595379	-16.60696734	29.15789196	-27.41348032
4.61666667	-9.63236062	25.92348704	29.23877652	-48.49518734	-16.52991713	29.99947718	-27.08034330
4.62500000	-10.17618179	26.65191082	29.41568436	-49.63743077	-16.73964150	30.91390658	-25.97997742
4.63333333	-10.51305231	27.13323759	29.36576504	-50.71221928	-16.92756540	31.74854626	-24.36025247
4.64166667	-10.87040606	27.62774283	29.22992532	-51.82054943	-17.02379547	32.50718017	-22.23796884
4.65000000	-10.84865936	27.69364701	28.85913745	-52.77536226	-17.21971885	33.31883058	-19.87792263
4.65833333	-11.03571836	27.86998461	28.61866382	-53.71199291	-17.29151632	33.93683270	-17.69915073
4.66666667	-11.34403613	28.24031831	28.57274150	-54.75034566	-17.51038480	34.56352360	-15.40037518
4.67500000	-11.53637073	28.55524581	28.44127343	-55.82762889	-17.72973163	34.98873575	-13.78969617
4.68333333	-11.80649864	28.96443242	28.54116081	-56.95367210	-18.15798329	35.39778433	-12.46005839
4.69166667	-11.99378648	29.32576933	28.63392806	-58.14043132	-18.59881032	35.59525283	-11.34216062
4.70000000	-13.25302720	31.12121904	30.00376518	-59.68760914	-19.17063705	35.60308360	-10.24337929
4.70833333	-13.22419977	31.34985933	29.82845356	-61.02651311	-19.58723529	35.46124277	-9.07850437
4.71666667	-13.45081109	32.00683249	29.99931906	-62.58664723	-19.86811917	35.01420844	-8.59322996
4.72500000	-13.70786869	32.83680654	30.32745840	-64.24662991	-20.58558976	34.17837121	-7.64140270
4.73333333	-13.61140538	33.32013701	30.27885971	-66.06299195	-21.16030016	33.16142776	-6.91838085
4.74166667	-13.41234190	33.65759570	30.12852089	-67.90312485	-21.91382268	32.01445964	-5.79364197
4.75000000	-13.71013336	34.82238103	30.60478340	-70.01138444	-22.80914206	30.11171074	-4.93672179
4.75833333	-13.34422103	35.34239795	30.29769203	-72.19891996	-23.59770320	28.33161088	-3.89781439
4.76666667	-13.06498136	36.05512490	30.01730164	-74.48739126	-24.24214932	26.07109577	-2.94496503
4.77500000	-12.68098863	36.72282362	29.55045392	-76.71946527	-24.84338695	23.72625538	-2.06463444
4.78333333	-12.25089374	37.43820446	28.97640006	-78.95034411	-25.30694786	21.02448102	-1.17626015
4.79166667	-11.85376441	38.19568417	28.61889222	-81.14705733	-26.02839388	18.90136029	-0.53116915
4.80000000	-11.54530026	39.11328442	27.98297214	-83.21184508	-26.21460389	15.99237996	0.46879008
4.80833333	-10.98590920	39.71104243	27.34837919	-85.08510144	-26.70413060	13.63816780	1.27715186
4.81666667	-10.72747681	40.59457779	26.78737341	-86.86658397	-26.92629686	12.18057710	2.04428338
4.82500000	-10.35308628	41.31582638	26.12727011	-88.38637814	-27.13333063	11.08186045	2.73178749
4.83333333	-10.04956845	41.97749610	25.46567673	-89.64140375	-27.26858999	10.48845661	3.36096830
4.84166667	-9.67731902	42.41327304	24.85381458	-90.46168251	-27.53735512	9.62079294	3.93649701
4.85000000	-9.39762313	42.92241176	24.15630902	-91.09187574	-27.51715701	9.91835909	4.49506885
4.85833333	-9.06305842	43.29524450	23.46970879	-91.43322119	-27.54276270	10.44890946	4.93606428
4.86666667	-8.16941424	42.91245466	21.74796954	-91.24062259	-26.93080374	9.18410145	5.22058302
4.87500000	-7.93272806	43.12342506	21.17838253	-90.95565518	-26.91329971	9.11007102	5.59563528
4.88333333	-7.82154489	43.46743593	20.60917165	-90.47998148	-26.70284991	9.64733634	5.90810873
4.89166667	-7.00470540	42.96739290	18.88703637	-89.62545857	-25.93344670	8.25905176	6.02630482
4.90000000	-7.04051626	43.37717616	18.32325740	-88.73752110	-25.51415498	8.55088194	6.24119005
4.90833333	-6.40396024	42.76001960	16.96225119	-87.39944638	-25.06218224	7.36427470	6.69464305
4.91666667	-6.46742048	43.10190164	16.43239639	-86.20985174	-24.64942574	7.38018955	6.89503610
4.92500000	-5.54949369	42.14505534	14.65563276	-84.59892980	-23.94363247	7.01014710	7.08252149
4.93333333	-5.64691907	42.44222282	14.21998277	-83.12144055	-23.61003651	6.78432093	7.28563709
4.94166667	-4.66938690	41.28807778	12.35321815	-81.22903146	-22.90552598	6.59785445	7.60402932
4.95000000	-4.42738564	41.00307405	11.52683924	-79.35187219	-22.54853690	6.21103256	7.86256978
4.95833333	-4.65023111	41.11525609	11.27071132	-77.40103560	-22.34006001	5.42601712	8.12969610
4.96666667	-4.79331465	41.13087041	10.99813510	-75.29121666	-22.22393497	4.50251607	8.47594902
4.97500000	-4.97039247	41.07577857	10.73214040	-73.07896593	-22.08957501	3.48232234	8.82577887
4.98333333	-5.06898035	40.82763400	10.46273690	-70.65829705	-22.07137254	2.30503099	9.20992041
4.99166667	-5.17233992	40.57473287	10.14855972	-68.17443481	-21.99408266	1.05373414	9.61712030
5.00000000	-5.14897265	40.07798077	9.75457736	-65.48079185	-22.03559694	-0.47337072	10.09079489
5.00833333	-4.52375493	38.75324097	8.53381609	-62.55539170	-21.83673066	-2.38862900	10.59632841
5.01666667	-4.45871373	38.06731953	8.12303448	-59.63817909	-21.95425180	-4.16213677	11.18169620
5.02500000	-4.67569385	37.70532278	7.97188719	-56.77748159	-22.05104269	-5.81962675	11.70312167
5.03333333	-4.79211606	37.13534694	7.81532660	-53.77477758	-22.31666146	-7.63087966	12.30966865
5.04166667	-4.31712723	35.69141608	6.98709370	-50.43678638	-22.53402596	-10.16220180	13.01546295
5.05000000	-4.53194149	35.13977019	7.01580087	-47.38436988	-22.98144104	-11.95640824	13.72922193
5.05833333	-4.66338831	34.43798283	7.02200860	-44.25976841	-23.55771668	-13.81981780	14.48636950
5.06666667	-4.72194190	33.59953274	7.01067037	-41.11551172	-24.25711679	-15.68300652	15.28069049
5.07500000	-4.81753987	32.78691364	7.05931017	-38.03268091	-25.03225817	-17.42977869	16.08823270
5.08333333	-4.95461401	32.03426191	7.20736169	-35.00104026	-25.92987688	-19.07168415	16.95969818
5.09166667	-5.09589754	31.26099695	7.38455629	-31.99379828	-26.88449453	-20.58256123	17.89767468
5.10000000	-5.16755389	30.44455800	7.50879961	-29.23709937	-27.94523804	-21.06835703	19.08390829
5.10833333	-5.47021748	29.99290864	7.87795646	-26.67463735	-29.01941245	-21.77061042	20.11824771
5.11666667	-5.75782690	29.53521928	8.24045475	-24.27823565	-30.08338249	-22.31710569	21.15465196
5.12500000	-6.08996559	29.21417834	8.58064956	-22.09920788	-31.08195752	-22.71078434	22.24650302
5.13333333	-6.50241610	29.07044106	9.09200095	-20.27222426	-32.19981119	-22.94136279	23.24230857
5.14166667	-6.78833802	28.80632846	9.40058771	-18.45236566	-33.20902242	-23.55979377	24.24078099
5.15000000	-7.30582431	28.99237656	10.08301229	-17.28974105	-34.46731838	-23.40253119	25.35360402
5.15833333	-7.67195305	29.04171330	10.52444065	-16.23576398	-35.55329854	-23.73080571	26.32332442
5.16666667	-7.92611091	28.91455129	10.89361421	-15.19566114	-36.73905899	-24.45278012	27.36088504
5.17500000	-8.69196254	29.48198409	11.96451889	-14.53555825	-38.17662725	-24.93732303	28.49195292
5.18333333	-8.82684896	29.34774941	12.17289513	-13.98487697	-39.31673071	-25.72781054	29.39422677
5.19166667	-9.56503986	29.96934786	13.29961599	-13.80218984	-40.88590736	-26.44273118	30.48224269
5.20000000	-9.85687022	30.04322782	13.68307255	-13.62290515	-42.08943088	-26.96764663	31.40878864
5.20833333	-9.88482158	29.80876333	13.78071211	-13.61795582	-43.27096946	-26.90387120	32.35233185
5.21666667	-10.07322594	29.78572642	14.11193854	-13.84661873	-44.57928008	-25.96429636	33.34038077
5.22500000	-10.24841917	29.73747243	14.32827556	-14.25262275	-45.76496119	-24.20789352	34.28561908
5.23333333	-10.34876996	29.59460887	14.44696533	-14.86062780	-46.91503162	-21.89472702	35.18400638
5.24166667	-10.45002968	29.45701985	14.58511280	-15.53557933	-48.08845241	-18.99430919	36.06585024
5.25000000	-10.67198389	29.48803446	14.88198602	-16.30004455	-49.37380166	-15.88071875	36.65495074
5.25833333	-10.85792103	29.53895972	15.13277181	-17.12885918	-50.67201543	-12.94898170	37.02817196
5.26666667	-10.99946099	29.66290965	15.32688366	-18.02392955	-51.98708595	-10.38969992	37.16656408
5.27500000	-11.05926713	29.69957465	15.58653957	-18.83354168	-53.51180616	-8.20791094	36.87631553
5.28333333	-12.05352827	30.88622985	17.18205183	-19.71406416	-55.49226607	-6.48614347	36.29657981
5.29166667	-11.97598901	30.71281507	17.40433908	-20.38740986	-57.17613474	-4.55223623	35.55690496
5.30000000	-12.07739230	30.79713734	17.97239817	-21.11602573	-59.06765509	-2.72176447	34.52102150
5.30833333	-13.24762540	32.20571772	20.20452394	-21.93112970	-61.57633405	-1.61206983	33.04843834
5.31666667	-13.19330279	32.09529887	20.81200678	-22.63454068	-63.70545139	0.03690811	31.47496836
5.32500000	-13.38803511	32.25215500	21.92194763	-23.26612369	-66.04436287	1.42319568	29.47293865
5.33333333	-14.32627331	33.33048477	24.35318218	-24.00532420	-68.90945387	2.21642357	27.03452827
5.34166667	-14.60155961	33.56703789	25.85679772	-24.62165638	-71.45391450	3.23291998	24.54653087
5.35000000	-14.31810566	33.14912636	26.70903759	-25.21408763	-73.79542929	4.30944768	22.11153365
5.35833333	-14.91161935	33.77947587	28.91614819	-25.85733388	-76.43879769	4.93729901	19.27082695
5.36666667	-14.55466664	33.28221392	29.93828740	-26.39791932	-78.69756797	5.79327415	17.12582957
5.37500000	-14.34246000	32.91161423	31.07317375	-26.88484770	-80.72746735	6.45492532	15.11746535
5.38333333	-14.46904996	32.90042802	32.59279697	-27.37589929	-82.54805691	6.84097215	13.30582390
5.39166667	-14.17252030	32.36543035	33.63554946	-27.72340085	-84.17417489	7.44655347	12.59574759
5.40000000	-13.93624107	31.82335247	34.75875483	-27.92834335	-85.56919928	7.86306398	12.22881775
5.40833333	-14.00498013	31.56776623	36.04180941	-28.11695413	-86.51294949	8.04709122	11.46194709
5.41666667	-13.72374405	30.91021824	36.98335409	-28.18680410	-87.27758490	8.34273587	11.25338705
5.42500000	-13.50362028	30.16019407	37.72983386	-28.11833384	-87.58724600	8.72579451	11.11755963
5.43333333	-13.36728546	29.51066218	38.64644595	-28.01323376	-87.78307951	9.05033044	10.96858107
5.44166667	-13.37867222	28.98716444	39.40495718	-27.90951478	-87.64661143	9.37150048	11.18795744
5.45000000	-13.30029382	28.29385694	40.17693146	-27.64684811	-87.33857013	9.61824480	11.27964615
5.45833333	-13.25540929	27.68691956	41.06589427	-27.40869892	-86.92615400	9.69763953	11.31677382
5.46666667	-13.23055477	27.04172682	41.93430020	-27.07604862	-86.30403696	9.81449311	11.33791256
5.47500000	-12.46521734	25.47203602	41.66828795	-26.61569732	-85.21484914	10.14864898	11.45470433
5.48333333	-12.53710161	24.83026146	42.40889989	-26.15271671	-84.08265614	10.17544850	11.45128117
5.49166667	-12.45368868	24.04387140	42.91482911	-25.73460206	-82.76167709	10.17877278	11.62085166
5.50000000	-12.24203581	23.02569090	43.26669223	-25.21700607	-81.30065640	10.33657498	12.19945411
5.50833333	-12.26236089	22.48845787	43.72840234	-24.94491264	-79.62512994	10.35237975	12.22630959
5.51666667	-12.36195256	21.98290767	44.29673556	-24.59574087	-77.81904182	10.39418151	12.30834218
5.52500000	-12.40729394	21.34272641	44.63423345	-24.16654367	-75.77488235	10.32645735	12.39557052
5.53333333	-11.78456275	19.99642351	44.09910639	-23.74262322	-73.53005784	10.38265935	13.00187237
5.54166667	-11.97164561	19.61723034	44.52929060	-23.45886058	-71.23078097	10.37256659	12.95275371
5.55000000	-11.87073584	18.85937886	44.47197656	-23.07899140	-68.64654794	10.10667681	12.54905615
5.55833333	-11.94549964	18.33401348	44.60208994	-22.74699927	-66.03677412	10.04812562	12.30751131
5.56666667	-11.61272790	17.38028952	44.06322577	-22.44339280	-63.13967321	9.96469488	11.75544208
5.57500000	-10.99666534	15.91108260	43.22927524	-21.83693217	-60.08288991	9.85962653	11.11550193
5.58333333	-11.21282129	15.53072737	43.26428417	-21.58107798	-57.01134610	9.79234477	10.44417824
5.59166667	-11.13968378	14.88436918	42.93657138	-21.30265638	-53.85434221	9.66141783	9.61891650
5.60000000	-10.48743708	13.43744627	41.80519783	-20.78985047	-50.46568859	9.57466918	8.95986706
5.60833333	-10.34500167	12.61322008	41.25685466	-20.44495071	-47.10717741	9.53911842	8.19435507
5.61666667	-10.55710034	12.29956513	41.11053867	-20.27686296	-43.77333427	9.41538575	7.28872850
5.62500000	-10.09548475	11.24087006	40.03633339	-20.08094605	-40.30485204	9.39951233	6.57147300
5.63333333	-9.97809038	10.39359245	39.40479239	-19.72540700	-36.92933710	9.36168296	5.83041231
5.64166667	-10.19809317	10.05214598	39.18293232	-19.57118606	-33.66615732	9.28086233	4.75007873
5.65000000	-9.81494627	9.03200275	38.20520258	-19.36336137	-30.49553740	9.27954958	3.90744633
5.65833333	-10.03808113	8.66229179	38.03528416	-19.21856755	-27.55407413	9.23933132	2.75925808
5.66666667	-9.41627886	7.37211921	36.84830279	-19.01541644	-24.84461084	9.23678833	2.11307449
5.67500000	-9.58423598	6.94823537	36.73936799	-18.89867836	-22.35997913	9.22328190	1.03216414
5.68333333	-9.64097578	6.39981409	36.49806356	-18.79933732	-20.07956443	9.20294276	0.07394426
5.69166667	-8.98370268	4.95649940	35.54907355	-18.53378767	-18.35649327	9.18596564	0.27282717
5.70000000	-9.02952506	4.43010856	35.41969155	-18.52405204	-16.72085232	9.14954157	-0.02608140
5.70833333	-9.20443594	4.17465248	35.44257332	-18.71686682	-15.20685417	9.14486783	-0.24630021
5.71666667	-9.13175028	3.58158055	35.29840771	-18.83299521	-14.19133744	9.08113202	-0.41287658
5.72500000	-9.30998725	3.37633754	35.33466809	-19.11977944	-13.11048740	8.98797271	-0.71302243
5.73333333	-9.46293200	3.21141921	35.38843063	-19.51434988	-12.35781580	8.83864936	-0.77502846
5.74166667	-9.62507616	3.07443498	35.45985000	-19.95777673	-11.90243157	8.64769022	-0.65818520
5.75000000	-9.81831763	2.98191948	35.61493011	-20.41935138	-11.74574280	8.35374766	-0.42265315
5.75833333	-9.84607568	2.84476377	35.51311074	-21.08358574	-11.70230984	8.10931289	-0.45902239
5.76666667	-9.82334508	2.60135352	35.38475177	-21.70048412	-11.94972384	7.95452515	-0.56776509
5.77500000	-9.85082260	2.55637579	35.30371396	-22.53292690	-12.30840192	7.42013178	-1.16685488
5.78333333	-10.40479375	3.07017809	35.79582116	-23.32032025	-12.67704386	6.31167184	-2.37885534
5.79166667	-10.40033654	3.12980308	35.68995576	-24.39340827	-13.27135050	5.60579610	-3.50649227
5.80000000	-10.48566224	3.41050901	35.67421036	-25.63439965	-13.87316071	4.64385251	-4.71649133
5.80833333	-11.03400175	4.46840891	36.18895189	-27.28232766	-14.41311559	3.53172956	-5.93654786
5.81666667	-10.96953006	4.96967569	36.05150953	-29.05495691	-15.11207916	2.17469552	-6.72178591
5.82500000	-11.41044960	6.20914349	36.51756993	-31.09541452	-15.78154065	0.60858780	-7.39185947
5.83333333	-11.26437768	6.96643322	36.30191941	-33.31174987	-16.51501651	-1.16161445	-7.47092305
5.84166667	-11.44122433	8.22771775	36.43711613	-35.64373954	-17.23245708	-3.46731240	-7.57823036
5.85000000	-11.41108472	8.91333532	36.38714127	-37.51491546	-18.01877471	-5.95047193	-7.18951331
5.85833333	-11.35438661	10.00219904	36.16696405	-39.88125464	-18.69285375	-8.42713646	-6.69126665
5.86666667	-11.16708535	11.10395996	35.71123003	-42.40829853	-19.24769655	-10.62528059	-5.91023358
5.87500000	-11.40771683	12.56897271	35.78040722	-44.71612786	-19.82559017	-13.25103921	-5.32838441
5.88333333	-11.23297138	13.69916659	35.23166209	-47.12415517	-20.20237800	-15.14914584	-4.49276393
5.89166667	-11.75493248	15.79409608	35.48406409	-49.69552696	-20.56963947	-17.39640115	-3.91667386
5.90000000	-11.62953022	17.04477404	34.85408563	-51.96371876	-20.71458597	-18.98028162	-3.12375128
5.90833333	-11.57001214	18.48685973	34.33632759	-54.25403755	-20.86597790	-20.45261389	-2.31484061
5.91666667	-12.08829279	20.51667189	34.58057384	-56.31606473	-21.20961041	-22.39974418	-1.72782738
5.92500000	-12.21922672	22.13976593	34.27545105	-58.26512820	-21.37619962	-23.61299805	-0.98092771
5.93333333	-12.20304592	23.55159956	33.72595388	-60.09855511	-21.37790893	-23.77338976	-0.22087963
5.94166667	-12.43122967	25.19296080	33.53802064	-61.56519587	-21.48254598	-25.11288238	0.24701519
5.95000000	-12.50462449	26.80047969	33.06454037	-63.07488455	-21.45066332	-25.38378430	0.83454559
5.95833333	-12.41553836	27.97309210	32.34246106	-64.22425334	-21.26656058	-24.72238377	1.42358703
5.96666667	-12.33065161	29.19300268	31.62455176	-65.25855716	-21.06082432	-23.62429285	1.88921176
5.97500000	-12.28092595	30.17772081	30.93263964	-65.72544937	-20.85480018	-24.49896274	2.40789099
5.98333333	-12.16182314	31.40074786	30.08697769	-66.46658560	-20.51287681	-23.43893958	2.86182682
5.99166667	-12.09303181	32.34862125	29.24137136	-66.72559180	-20.07949626	-22.26628115	3.19523112
6.00000000	-11.87702550	33.21180569	28.36911021	-66.89012601	-19.84121346	-22.22326764	3.77032436
6.00833333	-11.74233029	34.01919589	27.48120816	-66.74309956	-19.43726740	-21.10324571	4.08503649
6.01666667	-11.63855291	34.86212895	26.60472002	-66.46548353	-18.99421802	-20.23621158	4.42312511
6.02500000	-10.66784547	34.53307154	24.79258161	-65.75407577	-18.63351475	-19.47861118	5.10924946
6.03333333	-10.67472658	35.43199492	24.04347654	-65.19604941	-18.18358457	-18.84081996	5.38270135
6.04166667	-10.06333094	35.43955956	22.67134258	-64.29485070	-17.86138232	-17.27644813	5.99237306
6.05000000	-9.59237229	35.61877228	21.39432029	-63.28688458	-17.43719356	-15.98300020	6.46796398
6.05833333	-9.49185595	36.23553570	20.62559083	-62.27261669	-17.15922681	-14.87474194	6.90440969
6.06666667	-8.81913263	35.89487823	19.05456246	-60.86453084	-16.60570861	-12.91427251	7.37210287
6.07500000	-8.74136184	36.44488170	18.31344889	-59.56804647	-16.31763950	-11.91744496	7.77109781
6.08333333	-8.01087262	36.04942467	16.61465061	-57.96619689	-15.75423435	-10.13140808	8.22081154