0.00000000	-16.44603150	23.82974683	23.21532618	-12.71633387	-13.12424498	3.62386291	6.26229421
0.00833333	-16.43783702	23.84850825	23.17918173	-12.70391636	-13.10432280	3.23258600	6.23952481
0.01666667	-16.47325859	23.82638671	23.22258469	-12.61538036	-13.08706332	3.48469329	6.22370992
0.02500000	-16.48837826	23.89222490	23.22542727	-12.70984806	-13.06671068	3.31622885	6.29652352
0.03333333	-16.51374763	23.93102129	23.24859634	-12.72383377	-13.06221637	3.28266542	6.33719336
0.04166667	-16.47241360	23.88640910	23.20272341	-12.70685703	-13.07491137	3.23244156	6.32704319
0.05000000	-16.51513930	23.94646574	23.27247510	-12.71345003	-13.11650701	3.29770370	6.35671380
0.05833333	-16.40055634	23.74998415	23.10170265	-12.61321380	-13.05156902	3.26238569	6.35964194
0.06666667	-16.44569680	23.80206706	23.16527995	-12.61309306	-13.07747167	3.34586163	6.38637161
0.07500000	-16.45232040	23.81371120	23.16029245	-12.61309389	-13.05526928	3.37486121	6.36056084
0.08333333	-16.48061021	23.85111161	23.18858719	-12.63046314	-13.05063050	3.42219010	6.38639266
0.09166667	-16.49239119	23.87436559	23.19344644	-12.63738269	-13.04608139	3.39610461	6.34050923
0.10000000	-16.49953997	23.88309752	23.20773828	-12.64119663	-13.04474551	3.39889773	6.33601528
0.10833333	-16.51704749	23.92752578	23.23591552	-12.68382069	-13.05348779	3.42927558	6.34902148
0.11666667	-16.55695226	24.03169101	23.32435951	-12.77639965	-13.13489249	3.49927151	6.37495025
0.12500000	-16.51091677	24.01143270	23.19437635	-12.83569255	-13.01519425	3.43891200	6.30305962
0.13333333	-16.53695255	24.06835893	23.22734496	-12.89828877	-13.02216321	3.48414182	6.32616088
0.14166667	-16.40677531	23.95529941	23.04063386	-12.94823320	-12.94441047	3.48250731	6.27538620
0.15000000	-16.43861087	24.01807090	23.07696197	-13.00046940	-12.94275912	3.49714449	6.31903494
0.15833333	-16.47985436	24.08776813	23.12343119	-13.04679977	-12.94033336	3.50629926	6.32564632
0.16666667	-16.50891728	24.14470593	23.16830143	-13.09029103	-12.96348022	3.53694940	6.33621646
0.17500000	-16.51151380	24.12622933	23.12654822	-13.05041098	-12.88400846	3.48049270	6.25818617
0.18333333	-16.49364015	24.11108976	23.08513393	-13.05213977	-12.85371561	3.51097484	6.20436965
0.19166667	-16.53854520	24.19773644	23.16493083	-13.09928175	-12.90703437	3.57226628	6.23453742
0.20000000	-16.40804831	24.00400525	22.95011947	-13.02716399	-12.77151256	3.52216391	6.16088349
0.20833333	-16.49946435	24.11440520	23.06019619	-13.03901802	-12.78351085	3.46684605	6.16693504
0.21666667	-16.53654498	24.16281099	23.10249677	-13.05921180	-12.78542821	3.51059253	6.20576491
0.22500000	-16.56107823	24.19060827	23.11791713	-13.05570704	-12.75944937	3.48036868	6.20723610
0.23333333	-16.50904499	24.18017969	23.09253877	-13.11048992	-12.81476387	3.40346265	6.14100999
0.24166667	-16.48611555	24.13655844	23.01956424	-13.08892711	-12.74290156	3.35687789	6.21673395
0.25000000	-16.52030515	24.17587710	23.07947894	-13.09281398	-12.77368294	3.40241167	6.21786761
0.25833333	-16.52620265	24.16632106	23.08317839	-13.08418765	-12.77999270	3.37042056	6.18869130
0.26666667	-16.53927405	24.17987365	23.09178595	-13.07803679	-12.74638681	3.36050805	6.20065437
0.27500000	-16.56888898	24.23691917	23.13679227	-13.11460833	-12.76888003	3.37217815	6.22964909
0.28333333	-16.61536046	24.33296368	23.24171383	-13.15446023	-12.84878196	3.42142449	6.26498127
0.29166667	-16.55933745	24.24980789	23.10483607	-13.11445287	-12.73766961	3.30613835	6.23900387
0.30000000	-16.63565092	24.36449312	23.21932706	-13.16187246	-12.78368183	3.39299805	6.30575317
0.30833333	-16.48342581	24.16477800	23.03588797	-13.08252484	-12.76731085	3.32247238	6.28594558
0.31666667	-16.53110336	24.23855972	23.10635343	-13.10751585	-12.79252147	3.32440128	6.29496311
0.32500000	-16.55925746	24.27196340	23.14781451	-13.12182701	-12.80386732	3.35124187	6.29673518
0.33333333	-16.60196132	24.33996691	23.21771780	-13.16030543	-12.83425104	3.38785334	6.30391999
0.34166667	-16.59434403	24.31414553	23.19984391	-13.12565676	-12.81678119	3.29456402	6.22444575
0.35000000	-16.63400755	24.38613507	23.25834437	-13.18820112	-12.83858897	3.33416941	6.24817659
0.35833333	-16.62653801	24.36760239	23.24106478	-13.14859085	-12.83780509	3.22670748	6.17178539
0.36666667	-16.62542083	24.36590143	23.23932282	-13.16375917	-12.82659323	3.23722951	6.16396294
0.37500000	-16.57208591	24.29006543	23.16687779	-13.12267390	-12.80700253	3.24545587	6.18068664
0.38333333	-16.61964506	24.36501902	23.25739825	-13.14496084	-12.87310934	3.32334572	6.22253327
0.39166667	-16.64300420	24.37464684	23.25902473	-13.13196314	-12.82328991	3.34477962	6.26388889
0.40000000	-16.62708488	24.36281891	23.24260976	-13.12331936	-12.83813306	3.33108734	6.23630025
0.40833333	-16.67099028	24.41622126	23.29191645	-13.14793251	-12.84606531	3.39658485	6.30280822
0.41666667	-16.69989016	24.28429304	23.35053603	-12.98213729	-12.84863418	3.37139300	6.26302366
0.42500000	-16.74838934	24.36289392	23.42039054	-13.03497334	-12.87448525	3.41658459	6.33904295
0.43333333	-16.78183811	24.38391251	23.46179407	-13.00958374	-12.87143267	3.34968217	6.31301085
0.44166667	-16.71547791	24.32520830	23.37847770	-13.04335376	-12.85899496	3.35861586	6.28414581
0.45000000	-16.75147229	24.35373631	23.41650141	-13.03570084	-12.83628982	3.37960295	6.29496894
0.45833333	-16.67585417	24.25557024	23.33825146	-13.01572344	-12.86618250	3.37459078	6.25653597
0.46666667	-16.72822617	24.32225867	23.39173972	-13.03511586	-12.86107509	3.34676730	6.24650083
0.47500000	-16.74269959	24.33914060	23.40359906	-13.04526039	-12.86242142	3.34399393	6.23648348
0.48333333	-16.77817450	24.37956196	23.44555594	-13.06021845	-12.86565653	3.36854334	6.26599728
0.49166667	-16.80606003	24.39549522	23.47124685	-13.04424512	-12.86165954	3.38205072	6.29509737
0.50000000	-16.82731573	24.40699190	23.48690321	-13.03600931	-12.85182572	3.42209522	6.30451238
0.50833333	-16.79554436	24.36953999	23.43054483	-13.02943299	-12.83895925	3.47350973	6.27175939
0.51666667	-16.83244440	24.41727029	23.48884852	-13.02467557	-12.86183837	3.54055337	6.28722993
0.52500000	-16.84236127	24.40646348	23.47644996	-12.98260164	-12.82747877	3.54312427	6.24894068
0.53333333	-16.87804005	24.47712906	23.52892495	-13.04357536	-12.86116224	3.57928834	6.26563467
0.54166667	-16.89760642	24.48775538	23.53305632	-13.03198049	-12.82406763	3.52039352	6.24192059
0.55000000	-16.83753421	24.44160365	23.44296682	-13.05729189	-12.80647507	3.39060520	6.19603139
0.55833333	-16.87005775	24.48962518	23.47164595	-13.08726440	-12.79130605	3.41147022	6.24566744
0.56666667	-16.90396887	24.52912333	23.49705324	-13.10521006	-12.77826092	3.39569448	6.28861552
0.57500000	-16.92653030	24.54993492	23.52545101	-13.10766939	-12.78885583	3.36391577	6.30202911
0.58333333	-16.92695479	24.53887576	23.50745011	-13.08531457	-12.77389369	3.33447364	6.30344816
0.59166667	-16.95032986	24.58280795	23.54337972	-13.11694120	-12.77822234	3.36314691	6.33665986
0.60000000	-16.81073465	24.36944136	23.38057418	-12.98564179	-12.78910240	3.26980958	6.32761120
0.60833333	-16.86206500	24.46151349	23.48741774	-13.03284968	-12.87454889	3.34186248	6.35850757
0.61666667	-16.90446425	24.50563152	23.52520846	-13.02071079	-12.87594393	3.39313867	6.38059779
0.62500000	-16.92709875	24.49664598	23.50218886	-12.97964085	-12.80869564	3.41683894	6.37597644
0.63333333	-16.94926092	24.50839781	23.52762291	-12.96764548	-12.80765738	3.46426907	6.36067831
0.64166667	-16.90407495	24.47287712	23.44814533	-12.99186891	-12.78378154	3.48641020	6.24185306
0.65000000	-16.95094483	24.55243553	23.54756964	-13.03407670	-12.87146035	3.56899176	6.26654777
0.65833333	-16.96815654	24.53182341	23.52707468	-13.00371769	-12.80537973	3.60458720	6.27115382
0.66666667	-16.69969457	24.27854583	23.14223016	-13.00156808	-12.70287876	3.55668852	6.16728388
0.67500000	-16.77640630	24.30435579	23.24021945	-12.97316879	-12.73098373	3.64255691	6.19975440
0.68333333	-16.87918909	24.38500566	23.35876643	-12.94178627	-12.75656685	3.56446099	6.21287939
0.69166667	-16.92920519	24.46232038	23.41123184	-12.98264021	-12.75717237	3.58708004	6.26090851
0.70000000	-16.95938590	24.50274981	23.49781958	-12.99913618	-12.79268062	3.61318143	6.30447216
0.70833333	-16.95439650	24.50461917	23.47864657	-13.02185019	-12.78542696	3.52551878	6.29467490
0.71666667	-17.01402084	24.58592559	23.51845443	-13.05432720	-12.77917773	3.53522386	6.34616817
0.72500000	-17.01281794	24.58910848	23.52621087	-13.05686419	-12.78370999	3.47385608	6.34480716
0.73333333	-16.90757957	24.44044743	23.38887589	-13.00638631	-12.73874513	3.43795832	6.29797125
0.74166667	-16.97292483	24.48497749	23.48437653	-12.99046299	-12.76882130	3.46244966	6.30004353
0.75000000	-16.91911895	24.52676677	23.40143221	-13.07327041	-12.78953513	3.47600183	6.31200718
0.75833333	-16.95027803	24.60966333	23.47961754	-13.13527912	-12.86538974	3.52713410	6.33617086
0.76666667	-16.85856434	24.67435077	23.25963262	-13.25935999	-12.76249545	3.41784872	6.33684207
0.77500000	-16.91669580	24.62222072	23.32662514	-13.16890885	-12.77292045	3.52217609	6.35991869
0.78333333	-16.88654528	24.46732610	23.32989979	-13.04231822	-12.76553562	3.41454524	6.33454244
0.79166667	-16.92447844	24.52418522	23.36176240	-13.07545574	-12.75779158	3.45085447	6.37358106
0.80000000	-16.94479853	24.56321861	23.36537972	-13.10035008	-12.74204031	3.45094352	6.39874881
0.80833333	-16.93734456	24.54331067	23.33799077	-13.07275386	-12.71771424	3.42922252	6.38639280
0.81666667	-16.93546080	24.54592816	23.32678433	-13.07204705	-12.72768269	3.44832120	6.38451919
0.82500000	-16.73862940	24.31142315	23.07971943	-13.03486272	-12.66990616	3.42464222	6.32478780
0.83333333	-16.77993436	24.33345694	23.11116080	-13.02381036	-12.65569523	3.47032356	6.35574767
0.84166667	-16.78088920	24.33148171	23.10524902	-13.00756337	-12.66856320	3.46019890	6.33883674
0.85000000	-16.82024598	24.38536762	23.16402219	-13.05102760	-12.70461696	3.52001737	6.37037005
0.85833333	-16.81653302	24.33655929	23.11783355	-12.97384096	-12.64947263	3.51351364	6.33978895
0.86666667	-16.85101592	24.36355251	23.14971264	-12.97738719	-12.64065237	3.57868711	6.37511713
0.87500000	-16.86759351	24.36330977	23.14563412	-12.95647591	-12.62032163	3.60167801	6.36659369
0.88333333	-16.86327135	24.35610098	23.11686578	-12.94413651	-12.59891077	3.60736301	6.33745452
0.89166667	-16.89966844	24.39106630	23.13713169	-12.95452074	-12.58452535	3.65816556	6.36963837
0.90000000	-16.89070097	24.37431367	23.13075497	-12.94821804	-12.58511885	3.58949467	6.33966079
0.90833333	-16.72080118	24.13098566	22.90418376	-12.84643136	-12.58748223	3.52492341	6.38207541
0.91666667	-16.77924467	24.22395239	22.95753709	-12.91262031	-12.57386619	3.54162889	6.42082459
0.92500000	-16.84361273	24.24289302	23.00444363	-12.88254559	-12.53270123	3.53984448	6.42545860
0.93333333	-16.89975444	24.28314022	23.07009763	-12.86732530	-12.55334702	3.45085757	6.36579458
0.94166667	-16.95974367	24.39629109	23.16646903	-12.93267758	-12.61420478	3.51238306	6.40743046
0.95000000	-16.99722610	24.41869702	23.19340112	-12.93086039	-12.57233109	3.53901099	6.42405213
0.95833333	-17.01227418	24.40608283	23.19546135	-12.89048953	-12.56039452	3.52520830	6.36589700
0.96666667	-17.02246205	24.41618336	23.20488624	-12.90495343	-12.57722649	3.58583266	6.36390845
0.97500000	-16.94955920	24.31036842	23.10803472	-12.90476703	-12.55875851	3.67678971	6.37311049
0.98333333	-16.98961053	24.36013677	23.15684013	-12.92477353	-12.56054789	3.69661804	6.39012639
0.99166667	-17.01904330	24.38407083	23.19159449	-12.92520634	-12.55988038	3.71015966	6.38694282
1.00000000	-17.05211560	24.41418397	23.21954170	-12.93540013	-12.56249475	3.74024037	6.38707965
1.00833333	-17.06109191	24.41034440	23.21282676	-12.92671522	-12.53939822	3.75127403	6.36970890
1.01666667	-17.08714696	24.42365627	23.24190640	-12.93003346	-12.54451290	3.81330617	6.38469191
1.02500000	-17.03327917	24.36355717	23.15511051	-12.93753430	-12.51469909	3.86098181	6.35379881
1.03333333	-17.05155931	24.37078292	23.16219989	-12.92468754	-12.49691674	3.89771960	6.36077898
1.04166667	-17.08573271	24.44835640	23.23062269	-12.97920453	-12.54667247	3.93978032	6.38808179
1.05000000	-17.06470837	24.41687357	23.16721422	-12.96017875	-12.49782892	3.86645293	6.36317934
1.05833333	-17.07544159	24.43189001	23.15612238	-12.97474554	-12.46831001	3.85915917	6.37334211
1.06666667	-17.08462381	24.44715325	23.15652149	-12.98979539	-12.45825797	3.84784129	6.37187151
1.07500000	-16.90315016	24.23508055	22.89816474	-12.94171109	-12.38335037	3.77691514	6.27439385
1.08333333	-16.95297606	24.29751924	22.93507480	-12.97850759	-12.36719816	3.79063820	6.31346423
1.09166667	-16.99682212	24.34404510	22.98145957	-12.98847166	-12.37399827	3.78433347	6.31608803
1.10000000	-17.02751810	24.36492990	23.00531621	-12.97441243	-12.37505050	3.75501052	6.27969689
1.10833333	-17.07017642	24.41991867	23.05196288	-13.00074262	-12.38233175	3.79030154	6.30507497
1.11666667	-17.14049708	24.48943087	23.07864320	-13.00149921	-12.35268453	3.80281228	6.32648649
1.12500000	-17.17863487	24.56070082	23.18465730	-13.03259473	-12.45068881	3.84678538	6.33688217
1.13333333	-17.10077414	24.39278978	23.05061025	-12.90745658	-12.37644088	3.80422105	6.22327605
1.14166667	-17.15453016	24.49068546	23.14033758	-12.97028061	-12.43389848	3.84929751	6.26647634
1.15000000	-17.16741398	24.47439152	23.09011089	-12.93849707	-12.35578860	3.78155650	6.25806550
1.15833333	-17.21120624	24.51072349	23.12719762	-12.94334559	-12.34080518	3.81262230	6.28405949
1.16666667	-17.25065335	24.55060262	23.15346534	-12.95109008	-12.33135138	3.79824380	6.27984097
1.17500000	-17.22777237	24.52079376	23.10626382	-12.94423291	-12.31695409	3.74924662	6.24350379
1.18333333	-17.26823860	24.55222495	23.13840028	-12.94596225	-12.29016633	3.78543964	6.26926534
1.19166667	-17.30765746	24.56369288	23.17067583	-12.91479276	-12.28713055	3.78769297	6.26549035
1.20000000	-17.34528981	24.59512234	23.19890634	-12.91870805	-12.26970389	3.80998819	6.28331339
1.20833333	-17.36334767	24.60851058	23.20029909	-12.92034335	-12.25858152	3.81297689	6.26916788
1.21666667	-17.41157010	24.66981652	23.23026905	-12.94479460	-12.23161571	3.86130981	6.29447446
1.22500000	-17.13987242	24.37176566	22.86969705	-12.98032561	-12.18946688	3.93113837	6.29486181
1.23333333	-17.19571245	24.45375134	22.90437553	-13.03539625	-12.16336132	3.97282557	6.33017690
1.24166667	-17.24339376	24.52037345	22.92765409	-13.07120118	-12.14240233	3.98308091	6.31508719
1.25000000	-17.29526254	24.60378607	22.96308719	-13.12900817	-12.13129367	4.02244870	6.33125314
1.25833333	-17.32972442	24.64621229	22.97092557	-13.14046717	-12.11748965	4.03711704	6.30283121
1.26666667	-17.40128605	24.68530124	23.02157910	-13.13331037	-12.10266708	4.11223733	6.33099899
1.27500000	-17.46052994	24.74428988	23.06394604	-13.15762080	-12.09076397	4.16980352	6.35725525
1.28333333	-17.49049660	24.77131617	23.09953064	-13.15320041	-12.17319973	4.19561623	6.41961823
1.29166667	-17.54637951	24.85854610	23.14191179	-13.22575988	-12.16834563	4.24597071	6.46813475
1.30000000	-17.58181724	24.92070662	23.12562012	-13.28338995	-12.11713311	4.27000960	6.49965971
1.30833333	-17.61352837	24.98027765	23.11219115	-13.35469005	-12.07357421	4.29974037	6.51156994
1.31666667	-17.52665173	24.93398964	22.94407262	-13.40597187	-12.04360527	4.29836404	6.49943849
1.32500000	-17.59008700	25.04342097	22.95409618	-13.51688909	-11.98723683	4.37812682	6.56072657
1.33333333	-17.58891566	25.10214481	22.90094531	-13.63120269	-11.91293130	4.44041224	6.57678472
1.34166667	-17.47110964	25.03954157	22.68482809	-13.73088672	-11.84308521	4.50297673	6.53461559
1.35000000	-17.34629164	24.85764974	22.52915784	-13.63272647	-11.94122400	4.40310228	6.67746650
1.35833333	-17.41559847	24.99387029	22.48771087	-13.79694105	-11.84023669	4.48530436	6.74067887
1.36666667	-17.43885055	25.07944442	22.46864876	-13.93363007	-11.78970071	4.59819053	6.73372169
1.37500000	-17.45084337	25.18811100	22.45662603	-14.13733617	-11.78313242	4.69573653	6.74115992
1.38333333	-17.45487988	25.28418154	22.35536634	-14.33699596	-11.68225396	4.79899323	6.73317872
1.39166667	-17.26841509	25.16336655	22.11791775	-14.45194777	-11.69934864	4.87158173	6.63832829
1.40000000	-17.25978870	25.25501590	22.09338028	-14.68514546	-11.74732650	4.95231579	6.68434372
1.40833333	-17.32351410	25.27299703	22.20972983	-14.62390744	-11.93766678	4.81811661	6.76937379
1.41666667	-17.30585828	25.35747427	22.24203917	-14.89111451	-12.09559271	4.94750088	6.84359975
1.42500000	-17.18943828	25.36076433	22.17159468	-15.13816295	-12.26866178	5.08544172	6.94427169
1.43333333	-17.06233720	25.39408460	22.15137781	-15.44784830	-12.55178363	5.24616905	7.14452921
1.44166667	-16.83408977	25.27333667	21.95908720	-15.64508866	-12.73700691	5.15222470	7.14760603
1.45000000	-16.76905318	25.35457785	22.01681388	-15.90143563	-13.07651718	5.12220275	7.27576473
1.45833333	-16.67251365	25.43771740	22.06113934	-16.28349034	-13.48468555	5.35025147	7.55765081
1.46666667	-16.55307633	25.55436943	22.20776008	-16.75712391	-14.02229385	5.39849440	7.54074407
1.47500000	-16.33424252	25.46006055	22.13307142	-17.06504709	-14.45349793	5.81275284	8.05535952
1.48333333	-16.13689742	25.33386448	22.07177972	-17.19910709	-14.80978468	5.44871355	7.94401885
1.49166667	-16.17268279	25.56412140	22.38431943	-17.57895488	-15.43224114	5.51719954	8.07016534
1.50000000	-15.96351108	25.46083888	22.42839206	-17.94327169	-16.01616128	5.60279324	8.10507318
1.50833333	-15.72869138	25.38918220	22.59898626	-18.35141374	-16.85674286	5.85423554	8.31507623
1.51666667	-15.71703013	25.56132958	22.95840183	-18.66490079	-17.52486109	5.85041378	8.37692429
1.52500000	-15.47553959	25.56397919	23.10592707	-19.14927954	-18.42022935	6.09095428	8.62647916
1.53333333	-15.39648994	25.66453072	23.60441190	-19.46826874	-19.30138749	5.95797725	8.44080921
1.54166667	-15.09793570	25.51953435	23.84341464	-19.82136763	-20.31059442	6.14865524	8.60190157
1.55000000	-15.24246746	25.86098214	24.48661647	-20.16531901	-21.28195156	5.98585876	8.43034736
1.55833333	-14.92416734	25.73381443	24.71822225	-20.55050234	-22.33698302	6.13132090	8.45089881
1.56666667	-14.62330186	25.48461624	24.95189077	-20.77612600	-23.37135505	6.38604353	8.53775191
1.57500000	-14.56104124	25.43415169	25.55839357	-20.90287668	-24.36673837	6.32667346	8.10236980
1.58333333	-14.31050706	25.26409752	25.85870666	-21.18149014	-25.47635275	6.38375332	7.91778123
1.59166667	-14.52338589	25.58471399	26.91766364	-21.37472642	-26.75047321	6.57676242	7.25774895
1.60000000	-14.69113361	25.97923191	27.84700913	-21.74000995	-27.99504969	6.58369200	6.35064963
1.60833333	-14.38985066	25.78108409	28.29936791	-21.97763843	-29.37448017	6.66955497	6.03160204
1.61666667	-14.45642066	25.98303571	29.30975384	-22.21285595	-30.80620261	6.75701082	4.80155459
1.62500000	-14.20555616	25.79358685	29.89972558	-22.39275776	-32.35149799	6.92552633	4.17650081
1.63333333	-13.88709518	25.50212476	30.39397212	-22.53717078	-33.86611764	6.92418550	3.76053486
1.64166667	-13.78653571	25.50838254	31.35318942	-22.70704343	-35.39057386	7.05851522	1.80210381
1.65000000	-13.42689876	25.10409520	31.94689248	-22.75219378	-37.02576518	7.07549817	1.31587629
1.65833333	-13.25394467	24.84357817	32.92477178	-22.69665654	-38.75807993	7.29574355	-0.14433974
1.66666667	-13.02043939	24.59030520	33.74678146	-22.76129986	-40.42398160	7.43454690	-1.34022221
1.67500000	-12.90256641	24.50848467	34.71954982	-22.85806780	-42.07612161	7.47984948	-2.84658335
1.68333333	-12.61573072	24.13706308	35.46557084	-22.82078069	-43.67595706	7.61501067	-3.91842463
1.69166667	-12.35551732	23.84846654	36.29945281	-22.85375046	-45.31691930	7.70648796	-4.95153773
1.70000000	-12.06359209	23.44197534	36.97246532	-22.77294790	-46.75843006	7.72476846	-5.56513659
1.70833333	-11.62715862	22.96557392	37.57570129	-22.79758292	-48.10763173	7.87483593	-7.06529055
1.71666667	-11.09502288	22.32603379	37.86169386	-22.73000553	-49.20066836	7.84689947	-8.53767602
1.72500000	-10.80374971	22.00538512	38.43924354	-22.77059801	-50.35906193	7.87358279	-8.87909016
1.73333333	-10.53911221	21.69450115	38.95672135	-22.80823764	-51.35064336	7.90991908	-9.13270534
1.74166667	-10.32390124	21.40792663	39.49265956	-22.83064033	-52.20874236	7.99916032	-9.35975771
1.75000000	-10.10643636	21.17509065	40.02508523	-22.94580799	-52.88365580	8.39570729	-9.78625133
1.75833333	-9.92463193	20.97366323	40.45454455	-23.00847344	-53.38773457	8.41687055	-9.61465458
1.76666667	-9.77579075	20.79322917	40.84945879	-23.05111516	-53.70225788	8.43113771	-9.50120447
1.77500000	-9.66437963	20.74940359	41.17026060	-23.27119067	-53.87130816	8.60024277	-8.68635519
1.78333333	-9.56460344	20.61167824	41.51660544	-23.30667977	-53.85421557	8.61483318	-8.60100466
1.79166667	-9.47175609	20.58189546	41.80353306	-23.50476407	-53.76683289	8.80633584	-7.77427951
1.80000000	-9.35855782	20.46274808	42.04955330	-23.61265699	-53.56914002	8.96694962	-7.02138537
1.80833333	-9.31048844	20.36615537	42.32202473	-23.62806305	-53.20308254	8.99328562	-6.93449494
1.81666667	-9.27111041	20.28104021	42.56859806	-23.66177492	-52.73762416	9.02768681	-6.84217550
1.82500000	-9.01088197	19.94808257	42.38605883	-23.70580367	-52.05880609	9.27379272	-5.73388400
1.83333333	-9.01237231	19.88155416	42.51781107	-23.70135198	-51.27763568	9.33574700	-5.74934398
1.84166667	-8.96192396	19.77020504	42.56985739	-23.73783291	-50.47117594	9.44815852	-5.23335927
1.85000000	-8.98647186	19.77303306	42.63714607	-23.79952075	-49.47424435	9.50467911	-5.36410267
1.85833333	-8.98023889	19.75423754	42.60300081	-23.88623677	-48.34378222	9.59755106	-5.84863275
1.86666667	-8.62763257	19.29685945	42.14262791	-23.88788381	-47.16357414	9.70865427	-5.51422261
1.87500000	-8.72255053	19.39954520	42.12929156	-24.03244736	-45.90044033	9.82721461	-6.08626761
1.88333333	-8.78810179	19.41102680	42.03941859	-24.08461975	-44.52266823	9.94580329	-6.80882524
1.89166667	-8.80868479	19.40346570	41.86606620	-24.19957532	-43.07940047	10.08073747	-7.62007173
1.90000000	-8.83347541	19.38980743	41.66136764	-24.31264306	-41.59787321	10.25262884	-8.48929074
1.90833333	-8.72973647	19.20557559	41.29109338	-24.41300729	-40.14020438	10.46889017	-9.05340210
1.91666667	-8.78774605	19.23097622	41.07473989	-24.54868541	-38.58194963	10.66828417	-10.25013806
1.92500000	-8.75688294	19.20484196	40.73434225	-24.75212365	-37.01188870	10.86929035	-11.50990770
1.93333333	-8.69732200	19.13860269	40.32114839	-24.95496241	-35.42654910	11.10482035	-12.78429400
1.94166667	-8.56295316	18.98810355	39.80718467	-25.16729472	-33.85830505	11.33407419	-14.03253619
1.95000000	-8.42093374	18.86289203	39.29323963	-25.42619908	-32.32998962	11.59102720	-15.26267403
1.95833333	-8.15665185	18.58077510	38.52239537	-25.66977101	-30.78596425	11.80020192	-16.29262044
1.96666667	-8.21032747	18.70364500	38.18862880	-26.06013698	-29.36515600	12.13485095	-17.36712342
1.97500000	-8.30208838	18.92233014	37.86785928	-26.53593349	-28.03354443	12.48803057	-18.38992518
1.98333333	-8.15967550	18.92824747	37.42194352	-27.03287410	-26.79446211	12.81882758	-19.23244644
1.99166667	-7.98345000	18.87004237	36.87555154	-27.51191416	-25.58962438	13.15999924	-19.98380515
2.00000000	-7.96983762	19.00718444	36.52070955	-28.04890537	-24.52518896	13.34690310	-20.11790444
2.00833333	-7.90082883	19.12801641	35.99422582	-28.65954422	-23.36759537	13.91998483	-21.17891253
2.01666667	-7.80329104	19.24349261	35.47342131	-29.29781421	-22.33516094	14.29539744	-21.67784178
2.02500000	-7.75053286	19.42774917	35.07743267	-29.93901394	-21.42900437	14.46310212	-21.72669837
2.03333333	-7.82825633	19.75288075	34.67765912	-30.67870705	-20.42748452	15.08457107	-22.50092857
2.04166667	-7.93584754	20.13254913	34.38070038	-31.41304148	-19.60999253	15.52240322	-22.91400667
2.05000000	-7.93350460	20.36915475	34.02749119	-32.08151854	-18.86239487	15.72685395	-22.95784274
2.05833333	-7.98782839	20.69602797	33.66254477	-32.84397964	-18.11802337	16.34891446	-23.67090276
2.06666667	-8.08720264	21.02077672	33.35163674	-33.55938469	-17.47277835	16.80214249	-23.99153596
2.07500000	-8.14804179	21.33907946	33.10227128	-34.31682204	-16.99018864	17.26227450	-24.23002348
2.08333333	-8.19700669	21.67097107	32.87489610	-35.13613340	-16.55251771	17.83699830	-24.50215824
2.09166667	-8.19492586	21.83022444	32.52809500	-35.79029866	-16.08470761	18.22001994	-24.58127644
2.10000000	-8.25797653	22.30846185	32.24518800	-36.80656046	-15.79235812	18.97792288	-24.98803933
2.10833333	-8.15880699	22.47636806	31.87426898	-37.59023960	-15.54892282	19.19805324	-24.98515078
2.11666667	-8.25614162	22.93899561	31.65268820	-38.63513612	-15.12052264	20.43569432	-25.56558684
2.12500000	-8.18296472	23.18345900	31.27533391	-39.49175688	-14.91714130	20.73850299	-25.52360527
2.13333333	-8.45278370	23.69570312	31.26090187	-40.34989301	-14.81764340	21.49575673	-25.77280312
2.14166667	-8.33646758	23.88670298	30.90222184	-41.24072876	-14.72299267	21.80741443	-25.73839160
2.15000000	-8.29129596	24.13634155	30.60622535	-42.12374068	-14.63760450	22.42407283	-25.74606812
2.15833333	-8.42078380	24.52106526	30.37768266	-43.02319110	-14.56780768	23.19598983	-25.81585143
2.16666667	-8.39171476	24.80761359	30.13668103	-43.94419542	-14.58485501	23.72956664	-25.83213360
2.17500000	-8.34989424	25.04159451	29.83865709	-44.83001778	-14.55857051	24.22124931	-25.82896044
2.18333333	-8.95148810	26.05002447	30.24736779	-45.91241702	-14.65301182	25.10226714	-25.93040302
2.19166667	-8.85836333	26.22507678	29.95374932	-46.80164463	-14.74114293	25.67700691	-25.96948178
2.20000000	-8.76501596	26.39757652	29.61628611	-47.69822830	-14.78077717	26.03106259	-26.00942839
2.20833333	-8.83768826	26.67157228	29.39666795	-48.55911119	-14.85628497	26.82649739	-26.13045008
2.21666667	-8.83720224	26.95103758	29.22608292	-49.50376909	-15.01795579	27.41921968	-26.18299706
2.22500000	-8.90294659	27.27145615	29.04646372	-50.44591533	-15.13183678	28.05066691	-26.03165502
2.23333333	-9.16184429	27.77276752	29.09795470	-51.36782417	-15.31236598	28.78739195	-25.33429950
2.24166667	-9.17369149	27.99142109	28.86969272	-52.24625331	-15.42895685	29.40545061	-24.50649285
2.25000000	-9.77033861	28.88915956	29.38375576	-53.22805990	-15.84231235	30.18077844	-22.86498977
2.25833333	-9.71699168	28.98119521	29.03586674	-54.05773853	-15.87436404	30.82557272	-21.26563870
2.26666667	-9.91949156	29.35868761	29.15545196	-54.88231067	-16.28635500	31.52318435	-19.03943416
2.27500000	-9.96393267	29.51880165	28.85824474	-55.66707750	-16.27978150	32.11132424	-17.24613889
2.28333333	-9.96621292	29.63892405	28.79307882	-56.46473298	-16.70170710	32.82211183	-14.99550142
2.29166667	-10.08413729	29.83733921	28.70945048	-57.20403703	-16.94916490	33.38682793	-13.13714005
2.30000000	-10.18221388	30.06007077	28.74580493	-57.99345021	-17.26735697	33.85965214	-11.30964386
2.30833333	-10.35810668	30.29984914	28.79421770	-58.75360698	-17.63665933	34.42623921	-9.47159008
2.31666667	-10.32140004	30.35866012	28.90935278	-59.48133742	-18.26827787	34.95514021	-7.99483379
2.32500000	-10.49509540	30.57226696	28.97780205	-60.19015697	-18.66075231	35.43714111	-6.14422551
2.33333333	-10.95514576	31.24716118	29.65262197	-61.08004963	-19.32315620	36.04540347	-4.61210222
2.34166667	-10.75471665	31.09468175	29.56993419	-61.76764939	-19.91551436	36.36983183	-3.16061299
2.35000000	-10.68627896	31.05364241	29.55611584	-62.45676191	-20.46228599	36.61874114	-1.73280019
2.35833333	-10.59022600	31.07361850	29.63235693	-63.26103764	-21.15851462	36.74118176	-0.77353354
2.36666667	-10.53332591	31.13069633	29.58096392	-64.10473845	-21.65735056	36.76653894	0.81167932
2.37500000	-10.56100268	31.36822733	29.57142405	-65.12766088	-22.11240448	36.54914629	2.05814716
2.38333333	-10.47275717	31.62815558	29.56629546	-66.30874508	-22.62817370	36.08375616	3.06786383
2.39166667	-10.45163653	32.06841674	29.56940316	-67.67008454	-23.15086390	35.41092522	3.86557852
2.40000000	-10.92550704	33.32750068	30.29107070	-69.36341053	-23.79731654	34.06758913	4.39788214
2.40833333	-10.79897182	33.91330686	30.23862500	-71.09018781	-24.34951943	32.87213588	5.18302932
2.41666667	-10.81521911	34.80297844	30.34790985	-72.99099085	-24.94106280	31.31112185	5.73261738
2.42500000	-10.53642116	35.44291980	30.28459073	-74.92439358	-25.70106482	29.79920516	6.12945255
2.43333333	-10.29534439	36.24460493	30.10887048	-77.01145575	-26.24096707	27.69885803	6.64993498
2.44166667	-10.06382986	37.11237211	29.91695772	-79.07551444	-26.77895767	25.53975613	7.02008056
2.45000000	-9.74054173	37.93585062	29.62178469	-81.07817857	-27.26003469	22.94310453	7.33387146
2.45833333	-9.25698645	38.57438532	29.13948868	-82.98893757	-27.69969420	20.81797891	7.77433888
2.46666667	-8.78028953	39.20435871	28.57831381	-84.78657673	-28.01100275	18.68852878	8.19268422
2.47500000	-8.31911220	39.81917291	27.93327629	-86.41558026	-28.14833608	16.55800701	8.59343129
2.48333333	-7.86369928	40.38322591	27.33744345	-87.86365369	-28.30994091	14.74427001	8.93286792
2.49166667	-7.35587405	40.83915008	26.64579777	-89.04310416	-28.41055969	12.77145063	9.33900422
2.50000000	-7.09395322	41.55570863	26.18201557	-90.17531139	-28.42515390	12.30573385	9.51633807
2.50833333	-6.82309374	42.23994429	25.72233656	-91.15013640	-28.47139220	11.69672096	9.95235526
2.51666667	-6.55029973	42.84154307	25.23303040	-91.88394095	-28.42864707	11.87683454	10.25654779
2.52500000	-6.32933461	43.44822421	24.70355892	-92.38841003	-28.29554904	12.30605443	10.48929529
2.53333333	-6.14268720	44.05912092	24.22062564	-92.70955135	-28.12372813	12.79016141	10.65658216
2.54166667	-5.92568537	44.54859113	23.74355540	-92.78821041	-27.97170944	13.41653857	10.85011378
2.55000000	-5.66100574	44.91908962	23.20033127	-92.64631482	-27.77240966	13.82239164	11.03914719
2.55833333	-5.21842269	45.03736909	22.30728740	-92.23083626	-27.45007136	12.88329587	11.19018092
2.56666667	-4.87692862	45.21772075	21.59288306	-91.63695515	-27.09979001	11.92096476	11.21902766
2.57500000	-4.67106491	45.53458690	21.06233582	-90.94263448	-26.83059995	10.97991778	11.27703588
2.58333333	-4.62314128	45.97379618	20.71653305	-90.13348833	-26.59293802	10.14020015	11.36210969
2.59166667	-4.39672438	46.10713254	20.12651241	-89.07004647	-26.29639948	9.08223308	11.37116113
2.60000000	-4.39643495	46.46946215	19.78843513	-87.93847113	-25.99306724	7.74789585	11.36545820
2.60833333	-4.48905392	46.85978711	19.49211933	-86.71572951	-25.68078472	7.75067922	11.48019476
2.61666667	-4.38999716	46.91237197	19.09804602	-85.12305680	-25.50380875	5.45503474	11.54150571
2.62500000	-4.27187597	46.86869789	18.61563258	-83.50756301	-25.17865876	4.32847284	11.53848191
2.63333333	-4.40428814	47.02729860	18.45081537	-81.79821799	-24.93460909	3.09259352	11.54864086
2.64166667	-4.56020662	47.17253801	18.28376799	-80.00740632	-24.73874704	2.34765825	11.67191032
2.65000000	-4.66813970	47.16021731	18.09573955	-78.05962443	-24.57737005	1.31439399	11.80684636
2.65833333	-4.64625388	46.84823779	17.78585234	-75.81554976	-24.35966299	-2.08167958	11.73395623
2.66666667	-4.51616666	46.46061674	17.19928323	-73.61208379	-24.08075198	-3.94840905	11.79846438
2.67500000	-3.94067772	45.43791745	16.25284887	-71.12739444	-23.86651795	-6.09364109	11.89155423
2.68333333	-3.82819053	44.84857713	15.81356160	-68.60198117	-23.79302819	-8.85476209	12.10979121
2.69166667	-4.02190742	44.53532848	15.72835248	-66.14083248	-23.79206707	-10.33889721	12.43770681
2.70000000	-4.06924386	44.02124637	15.64541250	-63.58140469	-23.99322115	-12.08816114	12.78907771
2.70833333	-3.67795488	42.82738148	14.78554437	-60.73283371	-23.87995167	-15.39925205	12.99263614
2.71666667	-3.76615749	42.25588588	14.86961619	-58.11228857	-24.29870105	-17.15729772	13.46636095
2.72500000	-3.77647085	41.49283208	14.83597715	-55.39629144	-24.70615322	-19.02831394	13.97410276
2.73333333	-3.80510481	40.69502863	14.77978694	-52.62870952	-25.10142205	-20.89294504	14.47733185
2.74166667	-3.85496248	39.83006791	14.75053383	-49.81018798	-25.53938319	-22.71513083	14.98955481
2.75000000	-3.89093264	38.93509480	14.74948601	-47.00593022	-26.07241263	-24.53172716	15.56060697
2.75833333	-3.86648678	37.95094174	14.65280962	-44.19153270	-26.63459982	-26.15610934	16.18229404
2.76666667	-3.11124917	36.07182134	13.68094532	-41.37873198	-27.07165835	-26.82865464	16.91227874
2.77500000	-3.37246289	35.41021116	13.98685267	-38.79294589	-27.84935285	-28.13601630	17.61646677
2.78333333	-3.38868021	34.49551382	14.13954377	-36.39698036	-28.77670098	-28.28704503	18.53614592
2.79166667	-3.65298823	33.87959825	14.44039667	-34.02651683	-29.59634551	-29.49142149	19.29592422
2.80000000	-3.80809925	33.19355476	14.76522166	-31.85531016	-30.58026060	-30.39648039	20.08033608
2.80833333	-4.11116347	32.62478254	15.31911361	-29.95335058	-31.73581446	-29.86467517	21.14125752
2.81666667	-4.08819426	31.84199604	15.43710673	-28.20959233	-32.75536067	-29.41966289	21.96664537
2.82500000	-4.21178307	31.23241856	15.74212149	-26.52451967	-33.81626390	-30.07232339	22.79003396
2.83333333	-4.63401152	31.02297658	16.51425911	-25.23487400	-35.14220659	-29.38617171	23.78454089
2.84166667	-4.65434785	30.35090798	16.91112129	-23.88270388	-36.46917917	-29.78488727	24.43636597
2.85000000	-5.21327975	30.38065323	17.81681949	-22.93486008	-37.81098661	-29.40736922	25.64321222
2.85833333	-5.50392241	30.09279667	18.45914707	-21.95366304	-39.16712278	-29.58810731	26.53373099
2.86666667	-6.01602620	30.09113660	19.40606167	-21.24050443	-40.63322696	-29.39818364	27.44708704
2.87500000	-6.32684863	29.93531131	20.15540823	-20.66726793	-42.04094318	-29.42790575	28.22985862
2.88333333	-6.35567363	29.40122736	20.43179231	-20.04548561	-43.26870619	-29.58940548	28.63136418
2.89166667	-7.02401342	29.70452951	21.63717291	-19.76268143	-44.85125977	-29.47828535	29.90338757
2.90000000	-7.17679973	29.36248115	22.10660453	-19.36497838	-46.20279100	-29.43476313	30.73700894
2.90833333	-7.20820490	28.87654628	22.40271359	-19.08868650	-47.47634355	-29.20346895	31.08364408
2.91666667	-8.10168937	29.54636571	23.80383538	-19.28123199	-49.10384052	-27.12900985	32.27487434
2.92500000	-8.18064410	29.14458131	24.23130541	-19.27873202	-50.47735383	-25.32249566	33.06510698
2.93333333	-8.43900393	28.99548662	24.79006893	-19.45049105	-51.86271009	-22.80964510	33.74376620
2.94166667	-9.14927215	29.57857336	25.99614241	-20.11730311	-53.39833323	-19.74964963	34.31857490
2.95000000	-9.17370379	29.27042836	26.31894317	-20.41770856	-54.76679981	-16.94888108	34.85582929
2.95833333	-9.21955776	29.09353709	26.66834373	-20.84458236	-56.15004860	-14.35324874	35.30011809
2.96666667	-9.38745033	29.12173071	27.20139285	-21.32369774	-57.61178230	-11.92245560	35.61075036
2.97500000	-9.44658575	29.07208211	27.64776485	-21.80024787	-59.06532674	-9.79143874	35.80102185
2.98333333	-9.51118886	29.09752704	28.12372211	-22.28201277	-60.61013554	-7.83272099	35.83048319
2.99166667	-10.23712397	30.02107039	29.48292573	-22.93117098	-62.34112252	-6.24431680	35.34817687
3.00000000	-10.09476559	29.91045665	29.85111965	-23.46399309	-64.06677243	-4.60203180	35.02751650
3.00833333	-10.06370095	29.92025984	30.42312719	-23.97782617	-65.89602936	-3.08276787	34.38814744
3.01666667	-10.62971903	30.69402071	31.93280702	-24.63172141	-68.01929251	-1.95842040	33.02224698
3.02500000	-10.41788183	30.52285217	32.56864436	-25.15892359	-70.14973693	-0.56921792	31.94483248
3.03333333	-10.37945864	30.50123200	33.44004433	-25.60017671	-72.36379060	0.71592573	30.43881350
3.04166667	-10.25757576	30.34841084	34.49246069	-26.00278012	-74.74398810	1.79976847	28.68173128
3.05000000	-10.65154223	30.81143958	36.23942126	-26.44859706	-77.13655462	2.47753764	26.06364699
3.05833333	-10.37959513	30.41619324	37.22939995	-26.75642636	-79.46434122	3.42761087	24.13316536
3.06666667	-10.49706372	30.54629860	38.78305548	-27.16903226	-81.74450041	3.93872526	21.40832534
3.07500000	-10.26304933	30.27762712	39.74421981	-27.59364211	-83.82465836	4.59167112	19.45799036
3.08333333	-10.25928514	30.18921647	41.14349848	-27.97940563	-85.77560489	4.97021591	17.11650513
3.09166667	-9.73755881	29.89822616	41.85810315	-28.79348823	-87.42871309	5.51794486	15.61438029
3.10000000	-9.31433460	29.51442125	42.56288442	-29.31201011	-88.79400784	5.93303275	13.61017650
3.10833333	-8.91411039	29.22294750	43.25077387	-29.99747039	-89.92851589	6.16240975	13.27169148
3.11666667	-8.26704502	28.48570232	43.63218614	-30.40611134	-90.71320022	6.89375216	11.87681372
3.12500000	-8.00367255	28.17107452	44.22229136	-30.83807368	-91.21934064	7.06932043	11.91743811
3.13333333	-7.66357886	27.73692837	44.63896494	-31.17325105	-91.36128448	7.71240859	11.21595555
3.14166667	-7.24547349	27.14066555	44.94803444	-31.36889660	-91.21562572	8.01274711	10.85646261
3.15000000	-7.13734400	26.83474081	45.48147824	-31.47350176	-90.86119164	8.32208921	10.41002434
3.15833333	-7.07163672	26.54150054	46.02444107	-31.51278480	-90.37467066	8.42880467	10.47223943
3.16666667	-6.95201082	26.14296517	46.43864386	-31.47930267	-89.60609017	8.90071932	10.40132621
3.17500000	-6.98170867	25.88280362	46.91576030	-31.40298632	-88.68155353	8.96219986	10.34304228
3.18333333	-6.79056001	25.29399364	47.19304930	-31.16818206	-87.47973201	8.98119952	8.96000475
3.19166667	-6.89074428	25.01475864	47.55234087	-30.96132637	-86.13934352	9.17281761	8.71749858
3.20000000	-6.99774446	24.76682239	47.88293606	-30.79092186	-84.64689034	9.35081447	8.43911043
3.20833333	-6.98816550	24.37495774	48.07000767	-30.60017165	-82.94965665	9.59170723	7.89471823
3.21666667	-6.54472276	23.40213221	47.71056901	-30.27805557	-81.11170495	9.64229991	8.13976728
3.22500000	-6.71326908	23.20810755	47.90883382	-30.11998308	-79.14524838	9.88778053	7.36375400
3.23333333	-6.78639991	22.94114703	47.96105653	-29.98648382	-77.11186322	10.01625375	7.52956842
3.24166667	-6.84743767	22.70339415	47.96022442	-29.92192329	-74.81861196	10.18442704	6.32337630
3.25000000	-6.68479654	22.12481455	47.58494245	-29.71235418	-72.39825434	10.26972982	5.53081275
3.25833333	-6.79311823	21.96269905	47.46233518	-29.65802910	-69.80763434	10.47299739	3.81639840
3.26666667	-6.86782980	21.79744309	47.21286332	-29.67541621	-67.11876808	10.65714825	1.96045955
3.27500000	-6.96264390	21.63806760	46.89582311	-29.71366321	-64.32012081	10.85991812	-0.01826145
3.28333333	-6.66803995	21.01940787	45.97024257	-29.67031058	-61.39857185	10.94048224	-1.66413917
3.29166667	-6.46325285	20.53812522	45.18939361	-29.71370253	-58.39642181	11.18148222	-3.91705626
3.30000000	-6.56019832	20.49948501	44.70381491	-29.95624087	-55.41963351	11.50682095	-6.26369413
3.30833333	-6.66576752	20.45435814	44.05700055	-30.21235960	-52.39047432	11.85532117	-8.51123028
3.31666667	-6.68709132	20.31043849	43.35650980	-30.45785538	-49.40901399	12.24903787	-10.63335844
3.32500000	-6.18909369	19.57504245	42.01793709	-30.66307723	-46.56213130	12.62847859	-12.17525243
3.33333333	-6.27585943	19.54472232	41.25926002	-31.04745958	-43.66615343	13.06606810	-14.15659115
3.34166667	-5.80317244	18.86541959	39.84856273	-31.33459358	-40.88516664	13.54594318	-15.55046391
3.35000000	-5.98920341	18.99624493	39.22888413	-31.82735439	-38.32139564	14.06904651	-17.06484780
3.35833333	-5.81967162	18.73286297	38.24340418	-32.26932758	-36.06799014	14.53937504	-18.11123929
3.36666667	-5.94793858	18.80431441	37.61083080	-32.79264010	-33.88168280	15.10194984	-19.27262559
3.37500000	-6.03824231	18.91364268	36.93016305	-33.45136489	-31.93523220	15.70378401	-20.32368565
3.38333333	-6.04848995	18.96036222	36.24695195	-34.14945121	-30.26018680	16.33164376	-21.17827498
3.39166667	-6.13665636	19.07122407	35.63478986	-34.85838203	-28.83426501	16.97052416	-21.89802564
3.40000000	-6.20148955	19.21575295	35.08512527	-35.64690300	-27.59715592	17.33430536	-22.04831226
3.40833333	-6.29064891	19.34787708	34.41374689	-36.41646927	-26.42988381	18.25815943	-23.30690534
3.41666667	-6.24921762	19.41317464	33.72444300	-37.26797934	-25.38513186	18.88967817	-24.08213013
3.42500000	-6.36346577	19.59324861	33.24678229	-38.06431047	-24.63980376	19.63527238	-24.62756874
3.43333333	-6.52995877	19.88300805	32.70093776	-38.95650350	-23.73387821	20.24332306	-25.39796660
3.44166667	-6.84535779	20.37680549	32.39215397	-39.92897485	-22.97888167	20.99081931	-26.07614297
3.45000000	-7.00875782	20.61012276	31.94295815	-40.75201901	-22.38917434	21.70522200	-26.41595135
3.45833333	-7.19429747	20.95438513	31.46943633	-41.70915415	-21.73150078	22.42351681	-26.93001447
3.46666667	-7.61193002	21.54785652	31.21107169	-42.73729949	-21.05684203	23.32575076	-27.35861552
3.47500000	-7.75290790	21.82839566	30.62682775	-43.71080574	-20.47793088	24.04494126	-27.57302421
3.48333333	-7.86756488	22.07874399	30.16519357	-44.65661971	-20.04669338	24.60286193	-27.65393000
3.49166667	-8.10746319	22.43417428	29.69772873	-45.62721454	-19.54901222	25.37304242	-27.70539919
3.50000000	-8.48927949	23.07272391	29.53762469	-46.85443249	-19.32747516	26.50144868	-27.35940144
3.50833333	-9.02100654	23.81896245	29.39458990	-48.04901474	-19.05716427	27.69563585	-26.51110637
3.51666667	-9.25777130	24.23440676	29.12485731	-49.11753484	-18.98644722	28.46809625	-25.15665525
3.52500000	-9.73279096	24.88766581	29.07831479	-50.24551263	-18.98431297	29.46922577	-23.21244649
3.53333333	-10.06942637	25.35970863	28.98798867	-51.30732543	-19.07534699	30.33051859	-21.03240356
3.54166667	-10.45768171	25.87849330	28.88592189	-52.39335175	-19.17014124	31.11259471	-18.61853139
3.55000000	-10.59847520	26.14631945	28.74175707	-53.44129044	-19.32886183	31.66243371	-16.80474563
3.55833333	-11.39525230	27.10651803	29.09966867	-54.58125731	-19.54271255	32.34990645	-14.71943840
3.56666667	-11.47119759	27.18154679	28.80432019	-55.49789284	-19.63197248	32.69884088	-12.78574201
3.57500000	-12.16467057	28.05291707	29.30504834	-56.66635549	-19.97688757	33.20100996	-10.76959285
3.58333333	-12.22731914	28.28325029	29.14486686	-57.78073360	-20.22972524	33.36613790	-8.84646767
3.59166667	-12.97465294	29.34466870	29.95958259	-59.07942332	-20.71274242	33.44276611	-7.03158130
3.60000000	-13.00045743	29.59275224	29.70116185	-60.39827407	-20.95270529	33.38168283	-5.17790729
3.60833333	-12.98958928	29.89035397	29.43225871	-61.85057225	-21.19761452	33.13887202	-3.36169068
3.61666667	-12.90382239	30.26545176	29.32541565	-63.53409521	-21.75798688	32.57511112	-1.64992528
3.62500000	-13.09624413	31.12358883	29.47726654	-65.48766478	-22.19902661	31.56689673	0.01100338
3.63333333	-12.91375067	31.68336495	29.17974972	-67.61776024	-22.65030242	30.38201664	1.62793580
3.64166667	-12.69912143	32.38355020	28.81354751	-69.87821314	-23.04097360	28.75097612	2.89002135
3.65000000	-13.01588301	33.85136816	29.26996374	-72.34950942	-23.64506259	26.37894890	3.37111055
3.65833333	-12.58604774	34.48946488	28.75333574	-74.68944982	-24.13316094	24.34241887	4.08569906
3.66666667	-12.13143411	35.21540780	28.01624906	-77.06854699	-24.35760662	21.67410366	4.70852999
3.67500000	-11.79492661	36.06694865	27.61506717	-79.40022710	-24.80369826	19.25315186	5.32066922
3.68333333	-11.41428549	36.94759907	27.19483575	-81.60273670	-25.33069009	16.66290946	5.92000651
3.69166667	-11.14212635	37.98273749	26.74785108	-83.74174496	-25.72613221	14.33235075	6.41474228
3.70000000	-11.03277419	39.18896601	26.59882900	-85.74848480	-26.27107267	12.30115176	6.94608301
3.70833333	-10.61985063	39.97793970	26.10671159	-87.48827418	-26.76497034	11.09449505	7.44053390
3.71666667	-10.10907236	40.60714168	25.35050266	-89.00336699	-26.99916947	10.21403361	7.85127964
3.72500000	-9.72114039	41.28253385	24.78397403	-90.30664342	-27.31520593	9.88489143	8.22973568
3.73333333	-9.31329981	41.80583109	24.08680790	-91.26420577	-27.44102917	9.74457759	8.50624127
3.74166667	-8.94916073	42.29820238	23.43584179	-91.92772848	-27.54460214	10.05945831	8.79945655
3.75000000	-8.43631376	42.48140238	22.47503746	-92.20021974	-27.44333903	9.54950763	8.96996501
3.75833333	-8.33951004	43.07354490	21.99543551	-92.31434024	-27.31892234	10.15487814	9.08414645
3.76666667	-7.55120387	42.73845225	20.63370631	-91.93782067	-26.99567785	9.35121886	9.24445184
3.77500000	-7.15540469	42.75592874	19.77003707	-91.39304907	-26.76995948	8.89892915	9.42791605
3.78333333	-6.84564846	42.91208652	18.91532320	-90.81414037	-26.38994148	8.48795713	9.43670077
3.79166667	-6.93079465	43.32423277	18.43645109	-90.07698401	-25.99842673	8.77493270	9.47890869
3.80000000	-6.58297691	43.22492532	17.55430588	-88.96583000	-25.65920996	7.06065056	9.54214939
3.80833333	-6.50316535	43.43721356	17.00666273	-87.87736095	-25.35984699	7.02093406	9.62837254
3.81666667	-5.95396875	42.96069433	15.77340993	-86.45801248	-24.79724044	5.99013067	9.62054699
3.82500000	-6.05873108	43.29732773	15.32174051	-85.09826196	-24.37602645	5.86256507	9.71561247
3.83333333	-5.68335497	42.89365208	14.32889494	-83.44061646	-23.89117937	5.20637021	9.70327515
3.84166667	-5.87336445	43.06351334	13.96800346	-81.78751841	-23.51780446	4.90082500	9.78258911
3.85000000	-5.86910592	42.95024241	13.38093126	-79.97037392	-22.99632863	3.96407052	9.72321974
3.85833333	-5.44685527	42.30292360	12.26082593	-77.88509662	-22.37863015	2.86589325	9.54628832
3.86666667	-5.63651824	42.31985276	11.94611601	-75.79176154	-22.07256609	2.00837555	9.69627850
3.87500000	-5.27294105	41.58108289	10.99034663	-73.42754120	-21.66411946	0.76322837	9.70865045
3.88333333	-4.74292001	40.56228034	9.67353328	-70.95942358	-20.97276419	-0.56959215	9.56093132
3.89166667	-5.11170883	40.44937581	9.52236499	-68.50854908	-20.70634172	-1.75544955	9.74807223
3.90000000	-5.18154673	39.99390461	9.15570706	-65.82103066	-20.56037733	-3.31432990	9.96167208
3.90833333	-5.34467324	39.59273503	8.75696392	-63.05789558	-20.27682283	-4.80746852	10.18804479
3.91666667	-4.71321306	38.11520951	7.31152458	-59.99224714	-19.72268720	-6.59444586	10.20889379
3.92500000	-4.94074137	37.60180758	7.08959078	-57.01204591	-19.69843066	-8.05324169	10.54876550
3.93333333	-5.04345601	36.86832873	6.76838256	-53.88291126	-19.73828965	-9.57204198	10.90369930
3.94166667	-4.63728932	35.40576708	5.86212626	-50.57109026	-19.76562753	-11.10136564	11.32094783
3.95000000	-4.29285071	34.08894266	5.13609739	-47.26854504	-20.04307843	-12.62331293	11.86940071
3.95833333	-4.51828742	33.45773091	5.16220050	-44.10292291	-20.53335234	-14.22757739	12.38293295
3.96666667	-4.58427101	32.60562578	5.10557137	-40.88875937	-21.18062368	-15.76064465	13.00454350
3.97500000	-4.73346850	31.87452527	5.16731603	-37.79873595	-21.92572471	-17.21563481	13.66647196
3.98333333	-4.87163497	31.12157459	5.24322599	-34.71175261	-22.70749097	-18.67975892	14.38915248
3.99166667	-4.90924229	30.31667571	5.15201123	-31.97315506	-23.46856006	-18.50267929	15.07995265
4.00000000	-5.18427729	29.76443287	5.39862038	-29.09979786	-24.35920713	-20.05311090	15.83544870
4.00833333	-5.47259474	29.32725078	5.68560709	-26.62899129	-25.29729508	-20.33843708	16.59819049
4.01666667	-5.80567908	28.98106367	5.96644705	-24.24904528	-26.18768169	-21.07933471	17.35430552
4.02500000	-6.08107272	28.59771155	6.19475160	-21.92126704	-27.08803491	-22.24445381	18.14238782
4.03333333	-6.27923481	28.28225755	6.30777903	-20.24021557	-27.91092753	-22.14462332	18.68384194
4.04166667	-6.74477183	28.32581679	6.89795796	-18.62641685	-29.13116905	-22.60170575	19.67275690
4.05000000	-7.18562045	28.42095853	7.39501377	-17.28117789	-30.25580293	-22.93482738	20.61114078
4.05833333	-7.50975627	28.43909387	7.78551911	-16.17023034	-31.39274949	-23.26099159	21.47482676
4.06666667	-7.89196310	28.58325068	8.27011714	-15.30332167	-32.58430321	-23.63816412	22.32278323
4.07500000	-7.96142535	28.33868385	8.33484323	-14.47685155	-33.65671053	-23.93594217	22.86395836
4.08333333	-8.20342689	28.40182749	8.65729830	-13.92844898	-34.87808564	-24.67163207	24.09784652
4.09166667	-8.85072910	29.00441708	9.57076104	-13.86892152	-36.36067676	-25.02941099	25.08569449
4.10000000	-8.88861124	28.83992907	9.62895562	-13.70550275	-37.51676405	-25.54149054	25.91162286
4.10833333	-8.92356672	28.72348421	9.71557794	-13.79542902	-38.73872075	-25.71069193	26.75361193
4.11666667	-9.34403220	29.09359660	10.24047792	-14.06941981	-40.12269811	-25.24405488	27.83048284
4.12500000	-9.34394701	28.87023563	10.27629602	-14.41142657	-41.41541631	-24.05176648	28.70226877
4.13333333	-9.63002171	29.01501058	10.70776315	-14.95411913	-42.89822603	-22.14836205	29.76491432
4.14166667	-9.59471982	28.73328596	10.71881392	-15.58469476	-44.21936962	-19.61535894	30.57375367
4.15000000	-9.60785306	28.52811787	10.78478243	-16.33866475	-45.54716809	-16.64197151	31.34354648
4.15833333	-10.00811153	28.82830587	11.31179432	-17.18906733	-47.03913258	-13.62347633	32.39841751
4.16666667	-10.03177564	28.67719151	11.31228534	-18.03911447	-48.27710536	-10.71214664	33.04494070
4.17500000	-10.08529280	28.80416814	11.50602885	-19.07692352	-49.71927999	-8.04742330	33.70648862
4.18333333	-11.09288870	29.94144617	13.12466318	-19.95066794	-51.84995293	-6.08458952	34.73345521
4.19166667	-11.03546282	29.82861015	13.36160031	-20.77607520	-53.55534739	-3.95842432	34.68546569
4.20000000	-12.04138747	31.05918820	15.28183225	-21.62306884	-56.11178821	-2.52780204	34.32240030
4.20833333	-11.90501041	30.93787928	15.76565608	-22.46181975	-58.32170897	-0.81183189	33.48945841
4.21666667	-13.07478437	32.41453840	18.34482651	-23.40485606	-61.51074164	0.21399858	31.95080270
4.22500000	-13.55139756	33.02723272	20.07553023	-24.24496010	-64.48632353	1.32251553	30.10142832
4.23333333	-14.11923561	33.78133492	22.08949564	-25.15769566	-67.53941190	2.36281386	27.84434363
4.24166667	-13.95443308	33.65700727	23.18499031	-26.00674289	-70.23987611	3.56049147	25.46789481
4.25000000	-14.42456224	34.30931499	25.23684344	-26.88459190	-73.06986017	4.21143172	22.58123539
4.25833333	-14.93318397	34.92821965	27.47036930	-27.75851984	-75.76028631	4.99696092	19.72430082
4.26666667	-14.64527885	34.62273606	28.62377095	-28.52140434	-78.03847483	5.96865436	17.82073872
4.27500000	-15.03745959	34.95787591	30.63818010	-29.09018081	-80.09693416	6.42991619	15.57746177
4.28333333	-15.00706170	34.75315539	32.10244982	-29.55072219	-81.78851547	7.07206217	14.43196803
4.29166667	-14.66289719	34.14567072	33.15468794	-29.87102947	-83.16910720	7.70588389	14.26924752
4.30000000	-14.42792933	33.46544532	34.20024494	-29.89177343	-84.07286014	8.02241951	13.68805283
4.30833333	-14.25965283	32.82349691	35.17970108	-29.88571917	-84.69370089	8.52928401	13.98962777
4.31666667	-14.09382815	32.17722019	36.26995995	-29.77179826	-85.14443311	8.72673113	14.12377469
4.32500000	-14.12531332	31.59908444	37.52115289	-29.45126929	-85.27960567	8.97042471	13.70761216
4.33333333	-14.02321466	30.91927532	38.52293918	-29.20787095	-85.17599193	9.11657710	13.78784884
4.34166667	-13.86792198	30.05685769	39.34366178	-28.81683337	-84.73443648	9.66852407	13.90680966
4.35000000	-13.84309790	29.27447361	39.95493254	-28.41979409	-83.89187996	9.92269278	13.93908052
4.35833333	-13.84977560	28.62917644	40.84188668	-28.05632997	-83.04338966	10.02318587	13.99382513
4.36666667	-13.68821337	27.67317580	41.46230728	-27.51412422	-81.90859962	10.26418306	14.03858885
4.37500000	-12.63311722	25.66624153	40.87478687	-26.85903902	-80.40057328	10.52510736	14.37923046
4.38333333	-12.76714772	25.02549858	41.64655446	-26.32763144	-78.89702688	10.64034981	14.36400922
4.39166667	-12.37383468	23.84492331	41.66267791	-25.84741453	-77.09017324	11.06740382	14.61633123
4.40000000	-12.24422450	22.85861600	41.95772801	-25.21817286	-75.16185802	11.25319605	14.61058072
4.40833333	-12.35331831	22.12970395	42.49052684	-24.54422795	-73.12423554	11.28806179	14.41538223
4.41666667	-12.32361392	21.27779237	42.78243612	-23.94016715	-70.91646453	11.40465367	14.21461567
4.42500000	-12.51315613	20.66177551	43.32361346	-23.32596826	-68.63171201	11.49362775	14.10973564
4.43333333	-11.78509037	18.98441534	42.51726319	-22.59294651	-65.86933383	11.65369693	13.40548466
4.44166667	-11.67913531	18.10120898	42.50101855	-22.02960086	-63.18382161	11.69896826	12.89378207
4.45000000	-11.92467485	17.60278170	42.87652771	-21.50601205	-60.48787479	11.69868030	12.61836258
4.45833333	-11.41270220	16.23577455	42.15514041	-20.89146272	-57.38867840	11.71853934	11.55328529
4.46666667	-11.42426799	15.50455480	42.09719349	-20.37579939	-54.42023154	11.70643748	10.88736789
4.47500000	-11.59449579	14.92773590	42.19029784	-19.87199339	-51.36538489	11.70146323	10.08570648
4.48333333	-10.98543507	13.56681001	41.18265391	-19.47720360	-48.00909861	11.94644412	9.10746271
4.49166667	-10.90921286	12.89359746	40.83583751	-19.18452738	-44.77863027	12.03700307	8.18398163
4.50000000	-11.13605608	12.37269762	40.84599743	-18.73369720	-41.57114375	12.05471272	7.04231542
4.50833333	-10.71872549	11.20145040	39.98905338	-18.36919791	-38.26617170	12.28595838	6.12887527
4.51666667	-10.86947196	10.75171622	39.89630885	-18.13298456	-35.13887548	12.28972899	4.74667815
4.52500000	-10.54224195	9.68320546	39.10604686	-17.79548936	-31.99554779	12.41102897	3.73156875
4.53333333	-10.30097967	8.74735359	38.50259029	-17.50201853	-29.05560627	12.47347700	2.59945855
4.54166667	-10.47761019	8.32253633	38.44835758	-17.35038010	-26.28394200	12.52787178	1.17853971
4.55000000	-9.88954978	6.97788921	37.52087873	-17.08558308	-23.81541705	12.67017030	0.62977794
4.55833333	-10.04419090	6.53449717	37.45435705	-16.99362221	-21.40458449	12.72274194	-0.66971367
4.56666667	-9.53479211	5.26921742	36.74805146	-16.80534450	-19.48487041	12.88240451	-0.87079808
4.57500000	-9.63353598	4.83635607	36.69582861	-16.85775722	-17.52390875	12.89076810	-1.89536865
4.58333333	-9.26684416	3.84718607	36.26423043	-16.86335835	-16.15496681	12.97736691	-2.00693975
4.59166667	-9.12245900	3.13389686	36.08234717	-16.92423490	-14.90524645	12.96368960	-2.16611684
4.60000000	-9.12436884	2.66099344	36.09492389	-17.11507705	-13.83394248	12.92948802	-2.38794396
4.60833333	-9.21005953	2.32328230	36.16298813	-17.38490364	-12.98886957	12.88401565	-2.37087790
4.61666667	-9.31565324	2.11564466	36.18400189	-17.84230272	-12.15768549	12.82714152	-2.42600753
4.62500000	-9.41143571	1.94277826	36.21416136	-18.37790743	-11.59737265	12.72372503	-2.31960110
4.63333333	-9.44612861	1.69487229	36.27590293	-18.90023628	-11.51795080	12.38857408	-2.02740575
4.64166667	-9.42696461	1.59453718	36.19625941	-19.73106853	-11.47032107	12.19172659	-2.00593492
4.65000000	-9.42434373	1.53229070	36.08984350	-20.63260228	-11.59011950	11.88068160	-2.23001671
4.65833333	-9.71209850	1.76754965	36.24325459	-21.48372586	-11.69245181	11.12870259	-3.16269819
4.66666667	-9.93181482	2.02530226	36.41639271	-22.52708115	-12.15569483	10.43292248	-4.22110233
4.67500000	-10.03936365	2.25515382	36.41602107	-23.72072033	-12.63309483	9.64369291	-5.43882869
4.68333333	-10.31580942	2.79292233	36.68496752	-25.07614687	-13.39536559	8.60503229	-6.69463028
4.69166667	-10.46775224	3.35888806	36.81453022	-26.66326959	-14.14921966	7.41795948	-7.77708584
4.70000000	-10.61008391	4.02554920	37.00962642	-28.39983716	-15.03727938	5.94970186	-8.52892327
4.70833333	-10.42089738	4.43946415	36.85373399	-30.30606045	-15.97512790	4.44795610	-8.65908613
4.71666667	-10.30076613	5.13398482	36.75615627	-32.44511605	-16.85292935	2.55333625	-8.64434187
4.72500000	-10.63304681	6.56785978	37.07455796	-34.89158079	-17.53041976	0.30683221	-9.01910206
4.73333333	-10.36177985	7.04935533	36.77756393	-36.92421915	-18.42081617	-1.98732899	-8.48840635
4.74166667	-10.52949397	8.38672817	36.82971707	-39.38084164	-19.07234875	-4.74140524	-8.25095470
4.75000000	-10.35520632	9.47233750	36.42551710	-41.90607376	-19.69716640	-7.09647216	-7.51727797
4.75833333	-10.75926410	11.27177453	36.69824533	-44.47824951	-20.34237847	-10.09229119	-6.99330451
4.76666667	-10.94911826	12.88024658	36.65080234	-47.01800151	-20.85202808	-12.77197836	-6.29578430
4.77500000	-11.16639934	14.54081268	36.51321548	-49.49837537	-21.18668087	-15.28543836	-5.54659111
4.78333333	-11.33836885	16.26315226	36.33876582	-51.99970698	-21.50370344	-17.63294508	-4.84128367
4.79166667	-11.57277064	18.00838036	36.20052857	-54.33978784	-21.78982345	-19.90503792	-4.07535629
4.80000000	-11.78655855	19.83680838	36.01503915	-56.65126765	-22.02224748	-22.02835247	-3.33708052
4.80833333	-11.55759459	21.22214143	35.28309467	-58.84991712	-22.14037357	-23.29912422	-2.58734157
4.81666667	-12.00028615	23.20768566	35.32740010	-60.78276924	-22.30678480	-25.60222967	-1.99285990
4.82500000	-12.09422122	24.75639939	34.99830412	-62.48077410	-22.53117276	-27.16453883	-1.21351439
4.83333333	-11.96028671	25.96951725	34.20989851	-63.96797170	-22.40353042	-27.41719200	-0.50011045
4.84166667	-12.18407515	27.51820998	33.95127431	-65.22058186	-22.47395735	-29.04347447	0.01890090
4.85000000	-12.10222970	28.72177581	33.22283887	-66.37813363	-22.30807342	-28.51869827	0.56489251
4.85833333	-12.02554232	29.87236341	32.41819581	-67.29060738	-21.99909318	-27.50454520	0.97272954
4.86666667	-12.12302527	31.04884305	31.94228647	-67.84016483	-21.93122480	-28.42351210	1.64527195
4.87500000	-11.99263604	32.05668730	31.06563202	-68.40142528	-21.56423293	-27.11170258	2.03588423
4.88333333	-11.89788127	32.95723428	30.16507213	-68.66788831	-21.12363633	-25.83158359	2.42348513
4.89166667	-11.76611700	33.87618786	29.35825714	-68.92541504	-20.84251942	-24.82916540	3.00115668
4.90000000	-11.69163215	34.85288634	28.43710232	-68.93366902	-20.32332897	-23.88248171	3.32814668
4.90833333	-11.05117189	35.02271882	26.97790806	-68.60904064	-19.98006355	-23.18081762	4.07844262
4.91666667	-10.94245348	35.80552609	26.07965100	-68.24235603	-19.55740617	-22.37686548	4.42704781
4.92500000	-10.92602793	36.67556046	25.22264431	-67.72790258	-19.02027019	-21.89404425	4.69368483
4.93333333	-9.89058107	36.13539723	23.22205949	-66.75148124	-18.54117339	-20.69374130	5.47245838
4.94166667	-9.53085116	36.47509648	22.05470398	-65.83235115	-18.12932540	-19.68779933	5.99349294
4.95000000	-9.48855437	37.11686725	21.22947698	-64.85012261	-17.65215382	-18.81659786	6.40493043
4.95833333	-8.77143217	36.90915488	19.63990045	-63.63431768	-17.21815435	-16.70397136	7.04928267
4.96666667	-8.86449607	37.61087565	18.88942778	-62.33524688	-16.68196230	-16.13203397	7.39639038
4.97500000	-7.91197880	36.98239323	17.13059473	-60.83995674	-16.35164247	-13.04620959	8.17803555
4.98333333	-8.01384637	37.54022777	16.47917975	-59.25291608	-15.95032552	-12.48371802	8.52511625
4.99166667	-7.01928248	36.79051687	14.51251053	-57.53183980	-15.42061358	-9.63762958	9.17586737