0.00000000	-19.71957302	27.17774862	27.66605287	-10.14833965	-11.90760911	0.51418446	3.87538865
0.00833333	-19.64137871	27.05365541	27.51890421	-10.09645367	-11.79716772	0.50070382	3.92491662
0.01666667	-19.57557483	26.99679363	27.42954841	-10.13689093	-11.81755885	0.45053438	3.98739133
0.02500000	-19.54097739	26.91272905	27.36559942	-10.05162717	-11.77244969	0.47560075	3.94341423
0.03333333	-19.93485183	27.41976158	27.97435046	-10.18518643	-12.09172617	0.45488122	4.05100271
0.04166667	-19.81775800	27.26072799	27.78690430	-10.13081039	-12.00933410	0.42948412	4.00298963
0.05000000	-19.82982043	27.25136762	27.79876586	-10.12994580	-12.02006127	0.48409695	3.99413391
0.05833333	-19.71003518	27.09561136	27.59508903	-10.07009286	-11.93801067	0.40479174	3.96574548
0.06666667	-19.60670150	26.94970496	27.42562714	-10.01228180	-11.85037552	0.39989991	3.95069927
0.07500000	-19.83504096	27.25681363	27.76253213	-10.13689276	-12.00875518	0.44836612	4.00170874
0.08333333	-19.74440927	27.13552701	27.65099921	-10.08858927	-11.99670777	0.48351140	3.99584976
0.09166667	-19.77477662	27.15355178	27.66119584	-10.08332966	-11.98363582	0.37688945	4.04853503
0.10000000	-19.78605348	27.18011878	27.69376390	-10.13426323	-12.02808177	0.42332200	4.08050729
0.10833333	-19.67655830	27.02321267	27.50689492	-10.07104603	-11.92418904	0.41429612	4.08053973
0.11666667	-19.66688821	27.00610572	27.47659904	-10.06610873	-11.91902962	0.36989689	4.06361048
0.12500000	-19.69520230	27.03270149	27.52149675	-10.06773932	-11.95285207	0.35921774	4.05400811
0.13333333	-19.84619468	27.22645215	27.69945220	-10.13399829	-11.99398012	0.41022233	4.08760179
0.14166667	-19.77992205	27.12229500	27.61029211	-10.09328589	-11.97594196	0.38541577	4.07621230
0.15000000	-19.71411852	27.02789029	27.50121549	-10.05716924	-11.91605002	0.37511091	4.06648876
0.15833333	-19.65824251	26.94407766	27.37470056	-10.02160311	-11.83998443	0.43068150	4.09613395
0.16666667	-19.92035073	27.31871515	27.76484153	-10.19927913	-12.05058378	0.43902187	4.15968063
0.17500000	-19.88510136	27.25641831	27.71750036	-10.16702829	-12.03201650	0.39334220	4.10821010
0.18333333	-19.88729731	27.23828644	27.68126660	-10.14379011	-12.00146779	0.38966761	4.03744772
0.19166667	-19.96693337	27.31796013	27.77178170	-10.15539210	-12.02415477	0.41187289	4.01053733
0.20000000	-19.89333300	27.18864208	27.62564203	-10.09807307	-11.94011047	0.44274999	4.00390060
0.20833333	-19.96737068	27.27118068	27.71499605	-10.11693184	-11.98451710	0.40256541	4.03241112
0.21666667	-19.88956319	27.15358178	27.58271371	-10.07616509	-11.93595750	0.44788213	4.05595679
0.22500000	-19.86328248	27.11393260	27.52525301	-10.07123875	-11.92299427	0.37770835	4.13902884
0.23333333	-19.83592142	27.06257982	27.44645020	-10.04245698	-11.88046070	0.39787820	4.23042209
0.24166667	-19.89119912	27.15324886	27.52014113	-10.11272846	-11.93243865	0.38221598	4.33460926
0.25000000	-20.11945103	27.46270121	27.82815751	-10.23131281	-12.05101338	0.46085893	4.36760345
0.25833333	-20.18004063	27.57870891	27.87731293	-10.35092722	-12.04455780	0.49069334	4.38196439
0.26666667	-20.01351325	27.36183899	27.60162797	-10.28349702	-11.92014738	0.52752716	4.36450143
0.27500000	-19.92242244	27.25515733	27.46383665	-10.27269846	-11.87531337	0.46242650	4.31775722
0.28333333	-20.04510691	27.43250412	27.67367086	-10.37899954	-12.03911947	0.51454101	4.38509472
0.29166667	-19.93167772	27.28288741	27.46187346	-10.33933662	-11.91061031	0.50581256	4.35642590
0.30000000	-19.95318466	27.30254730	27.46791004	-10.34238528	-11.91730041	0.42855428	4.32188582
0.30833333	-20.01937562	27.39217076	27.53929346	-10.38331895	-11.95850249	0.44767647	4.34339908
0.31666667	-19.89816873	27.21644311	27.34413590	-10.31816950	-11.86131600	0.47141700	4.33196704
0.32500000	-20.08077489	27.45220177	27.61139759	-10.39838620	-12.00766627	0.45397601	4.40166121
0.33333333	-20.15227833	27.56734015	27.69903982	-10.46445308	-12.06157440	0.50921501	4.42865743
0.34166667	-20.04932864	27.43367568	27.55655975	-10.43277190	-12.02803958	0.53358804	4.43339279
0.35000000	-19.94989837	27.26670187	27.37961721	-10.35288697	-11.94833170	0.53915593	4.43086836
0.35833333	-19.94932175	27.28219752	27.35126846	-10.39085922	-11.93944935	0.54418906	4.45503866
0.36666667	-20.15708279	27.59053529	27.69504571	-10.55363233	-12.14611458	0.64657198	4.49056510
0.37500000	-20.11530956	27.47551791	27.64932315	-10.46231949	-12.17676316	0.62569580	4.50770195
0.38333333	-19.98994488	27.30059041	27.44455458	-10.40839101	-12.08736307	0.67530907	4.51654320
0.39166667	-19.90525436	27.19903126	27.30890557	-10.39593909	-12.05659767	0.58076985	4.50803256
0.40000000	-19.86132612	27.13259148	27.23897621	-10.37274282	-12.04283178	0.55271066	4.50009815
0.40833333	-20.06386859	27.42078430	27.58356379	-10.51805982	-12.28637484	0.57647975	4.62563497
0.41666667	-20.04035647	27.38709413	27.53898004	-10.50520325	-12.26623667	0.59797202	4.63069377
0.42500000	-19.94845131	27.24854688	27.39149850	-10.46256227	-12.19892398	0.60560220	4.61871868
0.43333333	-20.02515719	27.38961303	27.47144733	-10.55685984	-12.22883095	0.61728576	4.63719299
0.44166667	-19.92599996	27.25111396	27.31439841	-10.51671596	-12.15718610	0.65925857	4.62674774
0.45000000	-20.02321805	27.33372105	27.49713199	-10.57346114	-12.27229309	0.71375318	4.65303195
0.45833333	-19.97586501	27.26478108	27.42465357	-10.55126186	-12.25401825	0.69581769	4.66165378
0.46666667	-19.86640158	27.12375957	27.27104213	-10.50458733	-12.21748076	0.76910838	4.66495007
0.47500000	-19.81213902	27.04609840	27.17147576	-10.46934094	-12.17824826	0.67333717	4.64744853
0.48333333	-19.76050654	26.96924427	27.09544873	-10.44569597	-12.16459599	0.66703059	4.63986895
0.49166667	-20.10586980	27.42542924	27.61066945	-10.59649624	-12.39221690	0.69011480	4.75360918
0.50000000	-19.97737952	27.28766773	27.39739899	-10.58432517	-12.29893677	0.73867976	4.74710027
0.50833333	-20.05589396	27.39234355	27.47226501	-10.61220796	-12.30799771	0.74434622	4.73241951
0.51666667	-19.96421224	27.25282348	27.30763893	-10.54309198	-12.21281500	0.75128895	4.74593953
0.52500000	-20.00028846	27.30368559	27.36326818	-10.57701078	-12.25584564	0.72341201	4.77361197
0.53333333	-19.90490426	27.16000628	27.18916947	-10.52127529	-12.15064143	0.78086091	4.77759137
0.54166667	-20.12529068	27.45914097	27.54568462	-10.63139836	-12.36257847	0.79306233	4.83321226
0.55000000	-20.04136982	27.34021058	27.39046831	-10.58765210	-12.28876627	0.78647093	4.84860631
0.55833333	-19.97798924	27.27489794	27.29127909	-10.57499533	-12.28745955	0.70859151	4.82340194
0.56666667	-19.94730428	27.22809976	27.21448576	-10.56514913	-12.23997217	0.70962571	4.81987232
0.57500000	-20.01027942	27.32560845	27.30441225	-10.63242155	-12.29843573	0.75336288	4.84001389
0.58333333	-19.88354969	27.10944312	27.09036114	-10.53730903	-12.18146296	0.78685306	4.82175275
0.59166667	-20.19781816	27.55055246	27.56681484	-10.69333527	-12.43177989	0.83470003	4.84676647
0.60000000	-20.10801035	27.44599504	27.35095943	-10.68566112	-12.26629904	0.82027162	4.86396976
0.60833333	-20.04760394	27.37519279	27.25993406	-10.67851713	-12.24413852	0.76400062	4.85342459
0.61666667	-20.33424906	27.84484706	27.58972790	-10.92569015	-12.24901051	0.85865948	4.85017095
0.62500000	-20.21235917	27.60016243	27.37879768	-10.77157140	-12.11905366	0.86872487	4.79509988
0.63333333	-20.08349787	27.40753639	27.21115242	-10.69518855	-12.06853340	0.81441866	4.74219778
0.64166667	-20.01150403	27.29304992	27.07102133	-10.63958717	-11.95849009	0.82368771	4.73426481
0.65000000	-20.08263687	27.39577114	27.17693840	-10.68303982	-12.02580377	0.80501985	4.71959014
0.65833333	-20.15057672	27.49785361	27.30215922	-10.74709259	-12.11383603	0.81948004	4.74475957
0.66666667	-20.09839599	27.40425543	27.17724990	-10.68361711	-12.00937940	0.85418990	4.75399803
0.67500000	-20.24890673	27.61086968	27.43362116	-10.78194075	-12.20140615	0.93887770	4.86446562
0.68333333	-20.26388956	27.63883540	27.41757933	-10.79896355	-12.14669443	0.89167691	4.81474494
0.69166667	-20.20068762	27.56351162	27.30056430	-10.78257514	-12.08305466	0.88373680	4.79293795
0.70000000	-20.35878924	27.75153338	27.55412416	-10.80664734	-12.22608143	0.84244209	4.87059057
0.70833333	-20.26492475	27.60014395	27.40112561	-10.73481773	-12.15199419	0.91756418	4.85406118
0.71666667	-20.14177577	27.42811897	27.18622893	-10.66509529	-12.03428785	0.90246075	4.81194426
0.72500000	-20.06406757	27.34015586	27.06492554	-10.64881361	-11.99341325	0.85315258	4.77514120
0.73333333	-20.42194480	27.83131611	27.59729716	-10.83643669	-12.23652797	1.01293032	4.83418789
0.74166667	-20.34353184	27.70298570	27.47653908	-10.76136509	-12.21161150	0.91569784	4.89116265
0.75000000	-20.36506531	27.78787039	27.49074638	-10.85088420	-12.23447058	0.91496854	4.91318505
0.75833333	-20.33249382	27.74990864	27.45962038	-10.84286994	-12.26904769	0.99126183	4.93662700
0.76666667	-20.30192174	27.68068336	27.40288878	-10.80646766	-12.23546263	1.01352156	4.95689805
0.77500000	-20.34630518	27.70289923	27.48705240	-10.79939935	-12.30283884	0.98611322	4.98368940
0.78333333	-20.29213885	27.69110824	27.47775627	-10.85844583	-12.38372382	1.03702473	4.98158694
0.79166667	-20.45868496	27.89459304	27.62071009	-10.89545296	-12.31989490	0.98573550	4.96923928
0.80000000	-20.31075600	27.66350453	27.38778326	-10.78371741	-12.19856351	1.02127909	4.94595575
0.80833333	-20.22712788	27.52633298	27.26604257	-10.71768513	-12.13167105	0.95357695	4.92202165
0.81666667	-20.32831447	27.72118815	27.42531516	-10.83650022	-12.21124886	0.89883450	4.90954415
0.82500000	-20.28484116	27.66554923	27.35298015	-10.81633610	-12.15454627	0.91657878	4.89778590
0.83333333	-20.38237849	27.73991064	27.54290568	-10.80502457	-12.29151385	0.94247431	4.94636771
0.84166667	-20.27103114	27.58924582	27.37786954	-10.75001978	-12.22001221	0.91036604	4.92078423
0.85000000	-20.41988590	27.76172872	27.64803501	-10.78271524	-12.42517782	0.92295207	5.00274481
0.85833333	-20.33880284	27.67353735	27.50764652	-10.79012342	-12.31977952	0.96805034	4.98569821
0.86666667	-20.29692312	27.62298729	27.45355735	-10.78301694	-12.31273806	0.93039414	4.97457590
0.87500000	-20.16549622	27.43366071	27.23180395	-10.70601628	-12.18598874	0.98161724	4.97695372
0.88333333	-20.15596133	27.44423337	27.23485156	-10.72583295	-12.21298061	0.86303229	4.94871592
0.89166667	-20.34076868	27.68586293	27.53045577	-10.80437597	-12.36467046	0.95392199	5.00832220
0.90000000	-20.24541047	27.56541921	27.39221815	-10.76838386	-12.30137950	0.90085235	5.00253597
0.90833333	-20.40304448	27.76938285	27.60268071	-10.83571146	-12.36231471	1.03236859	5.11251671
0.91666667	-20.39599834	27.78439652	27.56745867	-10.88547502	-12.37845608	0.92968193	5.05619813
0.92500000	-20.33970757	27.70653609	27.50185500	-10.84960110	-12.37610329	0.98021335	5.07207644
0.93333333	-20.37304626	27.74562749	27.55109009	-10.84373367	-12.41210540	0.96770826	5.07329580
0.94166667	-20.35641564	27.74010050	27.50028546	-10.85381602	-12.40373217	0.90325851	5.10103090
0.95000000	-20.29084850	27.62619360	27.38727158	-10.78394514	-12.33934302	0.93800023	5.10360311
0.95833333	-20.49917239	27.98412766	27.65853682	-10.98880183	-12.40340656	0.97952203	5.07996308
0.96666667	-20.45808355	27.94372214	27.59281833	-10.98353040	-12.36476379	0.93668232	5.04953929
0.97500000	-20.35154704	27.74918235	27.42435671	-10.87112397	-12.27745445	0.96562638	5.02022426
0.98333333	-20.38209364	27.78151237	27.52679817	-10.88079976	-12.39792551	0.97950530	5.07155093
0.99166667	-20.25056345	27.61865889	27.33238485	-10.84781265	-12.32940254	0.94659799	5.06296193
1.00000000	-20.45548640	27.85215809	27.64065126	-10.85238468	-12.47615360	0.93831518	5.12265767
1.00833333	-20.35484960	27.72459770	27.49084805	-10.83455183	-12.40343218	0.97536201	5.07876358
1.01666667	-20.18144477	27.48948922	27.20703074	-10.74005328	-12.25206267	0.93934985	5.04265071
1.02500000	-20.49556582	27.90850603	27.70164495	-10.87557719	-12.51629706	0.94426058	5.13598404
1.03333333	-20.35114448	27.70486755	27.49686297	-10.79701997	-12.43262517	0.88259510	5.11490522
1.04166667	-20.38398250	27.75582101	27.54721215	-10.84402509	-12.48315617	0.95178152	5.14324592
1.05000000	-20.16172137	27.44536324	27.20318576	-10.71613459	-12.32248831	0.90828035	5.09740515
1.05833333	-20.28534011	27.64305237	27.37063085	-10.82729073	-12.38026117	0.91412360	5.11381926
1.06666667	-20.24061672	27.56434845	27.29926162	-10.78028847	-12.33980548	0.94234905	5.08798614
1.07500000	-20.38934318	27.75512350	27.54515689	-10.83847894	-12.47154052	0.92424147	5.17983038
1.08333333	-20.26688464	27.58755950	27.36430295	-10.76719828	-12.37246803	0.96053936	5.10452346
1.09166667	-20.33923779	27.68190650	27.44730851	-10.80887108	-12.37273282	0.97883898	5.07505123
1.10000000	-20.42341499	27.78039969	27.55000784	-10.82182946	-12.39024406	1.02273028	5.08789485
1.10833333	-20.26907312	27.57580797	27.33138837	-10.76076021	-12.28517294	0.98037326	5.03266671
1.11666667	-20.17158136	27.43112864	27.16792144	-10.69837639	-12.17808224	0.96179781	4.99497170
1.12500000	-20.33574132	27.66422398	27.44678352	-10.81986245	-12.34412644	1.01733123	5.05362992
1.13333333	-20.21596568	27.50974161	27.24589065	-10.76788176	-12.23955631	1.03258816	5.06973221
1.14166667	-20.29894695	27.63824829	27.35721365	-10.84012479	-12.30381852	0.94458339	5.08716849
1.15000000	-20.37505772	27.72531944	27.46549883	-10.85345067	-12.35822130	0.97691704	5.12602763
1.15833333	-20.24547511	27.54859953	27.24897388	-10.80150293	-12.24774214	1.01393455	5.12831141
1.16666667	-20.35454644	27.71219326	27.41696137	-10.86020834	-12.37033282	0.91455630	5.16105006
1.17500000	-20.38537376	27.74565302	27.48135064	-10.86690670	-12.42120505	0.96891037	5.17399056
1.18333333	-20.22884909	27.53612994	27.22399476	-10.80698950	-12.28537401	0.94452125	5.11750511
1.19166667	-20.67219446	28.24226404	27.81950566	-11.14975929	-12.42452680	1.04288355	5.06064550
1.20000000	-20.30121894	27.66942676	27.37430536	-10.92988041	-12.41461403	1.03540838	5.21365107
1.20833333	-20.37452618	27.71274267	27.45453903	-10.87034226	-12.41094266	0.99509525	5.15376680
1.21666667	-20.25660419	27.55885704	27.29143882	-10.83218232	-12.34735954	1.02617765	5.13378866
1.22500000	-20.15305488	27.40471098	27.10945038	-10.77510300	-12.23002863	1.04427254	5.11207434
1.23333333	-20.38458319	27.70812041	27.46680538	-10.88186596	-12.41052968	1.11738359	5.16325863
1.24166667	-20.38019532	27.71341430	27.45787561	-10.90952514	-12.39584130	1.10283331	5.17406736
1.25000000	-20.39618512	27.72690981	27.46756058	-10.90156958	-12.39640593	1.12537348	5.19430866
1.25833333	-20.28832550	27.58587719	27.29164206	-10.85204095	-12.29720345	1.12281454	5.15788960
1.26666667	-20.40049199	27.74410361	27.45816987	-10.91875292	-12.37796345	1.10566340	5.15824872
1.27500000	-20.40191633	27.75204063	27.43841911	-10.93067232	-12.36439386	1.09284672	5.14900600
1.28333333	-20.25333441	27.55322100	27.18041002	-10.87820861	-12.20949836	1.06911668	5.10789869
1.29166667	-20.19358251	27.47483984	27.09656423	-10.84004634	-12.18747320	1.12289681	5.08926802
1.30000000	-20.15790797	27.42230312	27.01431615	-10.83994534	-12.11646432	1.08944755	5.07379818
1.30833333	-20.53367864	27.91033190	27.59869525	-10.98800066	-12.40750798	1.17114472	5.15804393
1.31666667	-20.42217482	27.76023679	27.42031345	-10.94291042	-12.31437372	1.17587408	5.14665127
1.32500000	-20.43993919	27.78866074	27.44056820	-10.96299724	-12.32907467	1.14595014	5.13395533
1.33333333	-20.37636325	27.69881596	27.34749940	-10.93729207	-12.30247647	1.15090225	5.13683952
1.34166667	-20.40566433	27.74286037	27.35978704	-10.97152693	-12.27278464	1.21001454	5.14634837
1.35000000	-20.31914162	27.60990879	27.21582803	-10.90294697	-12.19494378	1.12024653	5.12517694
1.35833333	-20.39899354	27.71523290	27.33037177	-10.93915640	-12.21938569	1.14393954	5.11848664
1.36666667	-20.32088992	27.60244075	27.18482891	-10.88628853	-12.12483098	1.10742895	5.07853183
1.37500000	-20.43592638	27.75021097	27.34676442	-10.94081084	-12.17099159	1.14005987	5.08469040
1.38333333	-20.33303427	27.59707503	27.17755334	-10.87129230	-12.05669626	1.13423728	5.04085247
1.39166667	-20.36898696	27.63432887	27.24563253	-10.89287868	-12.11102076	1.11462990	5.02456559
1.40000000	-20.34287540	27.60288449	27.19194695	-10.88976047	-12.06759452	1.14623451	5.00325776
1.40833333	-20.38775151	27.66040382	27.26835647	-10.93082549	-12.13091522	1.21086351	5.03218687
1.41666667	-20.30877056	27.56868298	27.12220210	-10.93673904	-12.04765846	1.17931281	5.00916467
1.42500000	-20.51942804	27.81045219	27.43291260	-10.97070862	-12.19673292	1.25518226	5.07400974
1.43333333	-20.42530606	27.68464273	27.27489658	-10.94564956	-12.13942951	1.27611456	5.08462828
1.44166667	-20.32478033	27.51499036	27.10302712	-10.86928784	-12.06192812	1.30600742	5.06109560
1.45000000	-20.53747042	27.79137149	27.40849671	-10.94514338	-12.19530650	1.29597204	5.12504672
1.45833333	-20.45127788	27.68579196	27.25687225	-10.94740649	-12.12266687	1.31721617	5.13116048
1.46666667	-20.31913557	27.50413962	27.02993812	-10.89334965	-12.01527187	1.29943365	5.10824052
1.47500000	-20.49815517	27.69386431	27.32698642	-10.88334281	-12.18577725	1.28034575	5.18081819
1.48333333	-20.42015819	27.58828697	27.18685040	-10.85693122	-12.10818603	1.27587604	5.15627693
1.49166667	-20.44896686	27.61567718	27.21117296	-10.87325572	-12.10991267	1.31826169	5.15005877
1.50000000	-20.38748464	27.50831981	27.09626504	-10.82582081	-12.03439522	1.34067884	5.14572264
1.50833333	-20.53924116	27.68705693	27.33375316	-10.85293458	-12.16149211	1.36405514	5.21116474
1.51666667	-20.43577126	27.55616004	27.16385859	-10.84749473	-12.07597068	1.33478077	5.16057828
1.52500000	-20.64610589	27.80217617	27.46709099	-10.88197228	-12.19767392	1.36976809	5.22355099
1.53333333	-20.54336653	27.67209320	27.35628481	-10.84427635	-12.19176927	1.39825464	5.18722665
1.54166667	-20.44380648	27.51586676	27.16356355	-10.78256778	-12.07805742	1.31571097	5.18468969
1.55000000	-20.42778657	27.48186448	27.12048952	-10.76422388	-12.03708290	1.31400519	5.15499547
1.55833333	-20.54648013	27.63183269	27.31065529	-10.82369576	-12.13481951	1.36354803	5.18307332
1.56666667	-20.54519280	27.61247770	27.30527936	-10.79874498	-12.11731899	1.38632605	5.16864514
1.57500000	-20.42429827	27.42159884	27.09754095	-10.71722415	-11.97870121	1.38505296	5.13521045
1.58333333	-20.38045696	27.36667984	27.06311757	-10.71127335	-11.98134857	1.34880756	5.09646398
1.59166667	-20.40759210	27.39406578	27.06228562	-10.71776080	-11.93849372	1.37228736	5.07962297
1.60000000	-20.49652835	27.53902805	27.23980717	-10.85310877	-12.07600907	1.50393401	5.13756816
1.60833333	-20.42249459	27.43512174	27.12373591	-10.81359762	-12.01777562	1.46395361	5.10788728
1.61666667	-20.39111980	27.39253739	27.07441412	-10.80001176	-11.99181566	1.45329461	5.07837403
1.62500000	-20.41778108	27.42620427	27.08833240	-10.81786560	-11.99034006	1.45748177	5.08924014
1.63333333	-20.54518316	27.58624122	27.28244760	-10.89008749	-12.08857760	1.53048356	5.14591964
1.64166667	-20.76090234	27.91574356	27.51576937	-11.07570733	-12.11176285	1.63426445	5.15218447
1.65000000	-20.45407429	27.46550424	27.12233131	-10.89455238	-12.00865023	1.55180597	5.14115837
1.65833333	-20.39898272	27.38552406	27.03716068	-10.86845839	-11.98217230	1.55019538	5.12442568
1.66666667	-20.29855840	27.24581067	26.91357955	-10.80920481	-11.95295048	1.57466907	5.08241696
1.67500000	-20.63667089	27.69080583	27.39425065	-10.99713644	-12.14791471	1.61157293	5.16985662
1.68333333	-20.53546401	27.54886553	27.20917256	-10.95284358	-12.04216570	1.61421257	5.14194872
1.69166667	-20.48026850	27.46440671	27.11217757	-10.92168489	-12.00764023	1.58449619	5.11943934
1.70000000	-20.49618797	27.48423190	27.13863706	-10.95383066	-12.03460167	1.59314572	5.11655700
1.70833333	-20.55544439	27.57995716	27.25632155	-11.06550628	-12.13658233	1.69560437	5.18428595
1.71666667	-20.50898906	27.50892048	27.15561958	-11.05178590	-12.07432781	1.69144734	5.15616454
1.72500000	-20.54615248	27.54955922	27.19174516	-11.07509976	-12.06843136	1.76673114	5.15538756
1.73333333	-20.66189893	27.68361398	27.36302638	-11.10898961	-12.15014656	1.79709290	5.20911930
1.74166667	-20.55996514	27.53524874	27.19743618	-11.05531021	-12.07312838	1.81808364	5.16124044
1.75000000	-20.63670448	27.60662015	27.24938093	-11.07272180	-12.04695924	1.86473550	5.13652471
1.75833333	-20.60056526	27.53063735	27.17163690	-11.02395981	-11.99295754	1.88349916	5.11863147
1.76666667	-20.78563525	27.79358413	27.41889026	-11.14040967	-12.08869759	1.85610039	5.14789086
1.77500000	-20.70624968	27.70780372	27.36813781	-11.15555161	-12.15148825	1.90742744	5.20518041
1.78333333	-20.53905846	27.46732414	27.05693533	-11.07285345	-11.97385363	1.89801237	5.15771994
1.79166667	-20.61378680	27.56405697	27.15638392	-11.13076349	-12.00651964	1.98039808	5.15803220
1.80000000	-20.47925513	27.39013456	26.92010068	-11.08605529	-11.88635638	1.92664291	5.13099452
1.80833333	-20.84720074	27.83442012	27.48190763	-11.16480252	-12.16520780	1.96862443	5.27240657
1.81666667	-20.60788421	27.41331608	27.15158217	-10.94453348	-12.07299840	1.92339496	5.22423517
1.82500000	-20.48368183	27.24811003	26.94955549	-10.90620133	-11.98049885	1.90800917	5.20718476
1.83333333	-20.51904769	27.30478586	26.98513278	-10.94225766	-12.01897585	1.93253842	5.23416321
1.84166667	-20.54610058	27.42304086	26.97606060	-11.05138668	-11.96636486	1.92050924	5.21106057
1.85000000	-20.43880730	27.28818650	26.79850997	-10.99429371	-11.91347922	1.90398333	5.20915046
1.85833333	-20.33007209	27.11954006	26.57491023	-10.91788716	-11.76067706	1.92658349	5.17111389
1.86666667	-20.30611970	27.08486453	26.48523423	-10.92102122	-11.68617804	1.92857459	5.13067409
1.87500000	-20.22744639	26.94219254	26.30637838	-10.84917995	-11.52593963	1.96422986	5.09410249
1.88333333	-20.57492889	27.39066498	26.80303477	-11.00988124	-11.71817728	2.06237604	5.14138855
1.89166667	-20.57754811	27.34224415	26.69844493	-10.92147942	-11.60608176	1.99678756	5.08103320
1.90000000	-20.50741500	27.26198078	26.64627564	-10.96745408	-11.76867368	2.11985871	5.19710048
1.90833333	-20.57737586	27.33976801	26.68206137	-10.99665710	-11.80401529	2.13669225	5.18665115
1.91666667	-20.55737106	27.32159359	26.56876217	-11.03705430	-11.74388794	2.22479184	5.14384975
1.92500000	-20.51940588	27.29962788	26.41624918	-11.09793129	-11.65270859	2.25439465	5.11236791
1.93333333	-20.68677184	27.49574315	26.70083415	-11.15419253	-11.98414361	2.33515902	5.33625487
1.94166667	-20.71703528	27.55974460	26.65865839	-11.26703136	-11.94807396	2.42804370	5.45276401
1.95000000	-20.69945469	27.55259420	26.50503597	-11.32709575	-11.76224493	2.44136227	5.55117288
1.95833333	-20.64287521	27.51508996	26.32917311	-11.43405488	-11.61787211	2.56778550	5.68693863
1.96666667	-20.68156708	27.56626282	26.38911995	-11.50558923	-11.76206168	2.69844678	5.92444934
1.97500000	-20.62551165	27.52519692	26.16480309	-11.60323497	-11.55896504	2.76289360	6.06053540
1.98333333	-20.65880806	27.62026132	26.08943131	-11.77813339	-11.44764561	2.88906484	6.17184743
1.99166667	-20.58306192	27.56449836	25.82501416	-11.88160579	-11.24827000	2.93057541	6.22238327
2.00000000	-20.77041710	27.86384682	26.06441568	-12.11345952	-11.46320033	3.06349125	6.37365454
2.00833333	-20.67953905	27.78947299	25.76584706	-12.21378034	-11.25277836	3.12056344	6.37705651
2.01666667	-20.60356913	27.72462211	25.55289074	-12.29620205	-11.19993705	3.23966493	6.37722070
2.02500000	-20.57424694	27.73584212	25.35717412	-12.43634419	-11.03765814	3.38042055	6.31524069
2.03333333	-20.50323157	27.62758619	25.16250493	-12.46024033	-10.94562635	3.48307834	6.26035907
2.04166667	-20.45189741	27.55203784	25.00163532	-12.50425380	-10.87187575	3.59975702	6.25602431
2.05000000	-20.42790327	27.56106744	24.95753732	-12.64153446	-10.93297392	3.74057607	6.32815464
2.05833333	-20.52518484	27.72221452	25.13120825	-12.81432104	-11.16243577	3.86854476	6.42510591
2.06666667	-20.37695422	27.56269276	24.88557125	-12.89283284	-11.09307671	3.95206693	6.47721092
2.07500000	-20.26964165	27.46782761	24.74606162	-12.99893399	-11.14783222	4.07568482	6.61589751
2.08333333	-20.33651727	27.58413068	24.84136670	-13.12683195	-11.31471096	4.19832896	6.76185219
2.09166667	-20.21610032	27.43196952	24.63509273	-13.17144898	-11.32480424	4.27351840	6.80078513
2.10000000	-20.25310177	27.53772072	24.68740854	-13.32967385	-11.50677641	4.44370291	6.98019044
2.10833333	-20.11396387	27.34466270	24.56568530	-13.32612090	-11.70067656	4.52063201	7.09565167
2.11666667	-19.96302092	27.14810042	24.43699745	-13.34216547	-11.90424436	4.61387613	7.21613787
2.12500000	-20.05056136	27.22880216	24.64591477	-13.34185577	-12.19020839	4.60126408	7.31900392
2.13333333	-19.83468390	26.94250035	24.54015637	-13.33346338	-12.53137339	4.70872691	7.40072022
2.14166667	-19.64631839	26.76772437	24.46214185	-13.46117586	-12.82560292	4.71452700	7.29603925
2.15000000	-19.46418855	26.46356414	24.55928667	-13.34274002	-13.49860746	4.88392085	7.66457173
2.15833333	-19.27683337	26.26395125	24.54507187	-13.43573905	-13.91427517	4.90367292	7.57460302
2.16666667	-19.40941383	26.29925316	25.09613344	-13.33766582	-14.55253229	4.96331474	7.65744418
2.17500000	-19.24465143	26.11665616	25.33143567	-13.42549669	-15.35364870	5.02218715	7.67851256
2.18333333	-19.07983669	25.87986273	25.67200977	-13.40471537	-16.35456353	5.19468789	8.09319850
2.19166667	-18.87702037	25.65781534	25.96705535	-13.49997788	-17.33538395	5.23269041	8.09222850
2.20000000	-18.99815259	25.80021824	26.61412028	-13.60005491	-18.12315133	5.39405205	7.98378311
2.20833333	-18.74932538	25.48070302	26.98970322	-13.61899417	-19.35983787	5.49701792	8.12911296
2.21666667	-18.55226608	25.20152660	27.42950148	-13.63053127	-20.49474743	5.60974548	8.12762866
2.22500000	-18.30712443	24.87291122	27.91581769	-13.64645175	-21.89819466	5.79617535	8.27767895
2.23333333	-18.03872398	24.52951451	28.37145591	-13.67213612	-23.28112300	5.84639936	8.18883368
2.24166667	-17.97054792	24.41151447	29.05986091	-13.73420276	-24.45941941	6.06413074	7.47297018
2.25000000	-17.79751803	24.17088575	29.73859788	-13.79677265	-25.88852941	6.20165598	7.01068895
2.25833333	-17.50900163	23.75801242	30.26348159	-13.76340034	-27.39112408	6.25087918	6.79418184
2.26666667	-17.19728463	23.24162405	30.91884457	-13.58181507	-29.03955985	6.45637084	6.40112185
2.27500000	-16.96924368	22.84070302	31.53507479	-13.44859523	-30.36343461	6.43164429	5.43372395
2.28333333	-16.70763635	22.50656660	32.09807559	-13.51144199	-31.77683664	6.62462148	4.66768703
2.29166667	-16.40263858	22.02018470	32.69932571	-13.37373451	-33.33588635	6.74623126	4.32020737
2.30000000	-16.08651117	21.54147838	33.15323387	-13.30190841	-34.60783381	6.85559524	3.36730726
2.30833333	-15.84069286	21.04398368	33.75921348	-13.06205360	-36.02197890	6.92161809	2.98206076
2.31666667	-15.61870945	20.61482075	34.31174172	-12.91924312	-37.31197432	6.93155928	2.80541106
2.32500000	-15.36670507	20.10875467	34.84181127	-12.68412990	-38.54765966	7.04839113	2.39565516
2.33333333	-15.11053717	19.69924340	35.21990280	-12.66981283	-39.42219203	7.11379630	1.64147255
2.34166667	-14.95002958	19.31632861	35.80888782	-12.50124585	-40.41905484	7.18352417	1.87753063
2.35000000	-14.81684475	18.98818606	36.34011347	-12.35240959	-41.20072739	7.18450559	1.96589006
2.35833333	-14.68228360	18.68676904	36.88668435	-12.23412839	-41.89936021	7.21539456	2.21505951
2.36666667	-14.58367351	18.44225331	37.43700744	-12.18252769	-42.52056537	7.33871278	2.97495854
2.37500000	-14.49578411	18.18115364	37.94753039	-12.05983356	-42.89438712	7.36498236	3.04827853
2.38333333	-14.33497808	17.95067321	38.11656128	-12.34134974	-43.05623521	7.66773800	4.10697123
2.39166667	-14.35929800	17.76864593	38.43638836	-12.23041167	-43.01056101	7.70768833	4.17211328
2.40000000	-14.35643225	17.69632261	38.75950349	-12.39346479	-42.89642039	7.93611438	4.46207461
2.40833333	-14.33129832	17.53028499	39.12126612	-12.35076675	-42.70151801	7.96410437	4.46160535
2.41666667	-14.30008685	17.40574814	39.37651050	-12.37878758	-42.40908593	8.10437514	4.37304305
2.42500000	-14.29151845	17.22661279	39.69180215	-12.31068955	-41.98262261	8.18720510	4.39155013
2.43333333	-14.13505818	16.95387841	39.73791092	-12.37342878	-41.37943986	8.45140500	4.34356858
2.44166667	-14.14566131	16.78150297	39.98724551	-12.31138823	-40.74541992	8.53990456	4.38814035
2.45000000	-13.89261367	16.37052863	39.79549830	-12.34210726	-39.90639022	8.86860506	4.33077202
2.45833333	-13.90625838	16.22708280	40.01920413	-12.32126110	-39.13039813	8.94432361	4.36253119
2.46666667	-13.70554420	15.84674983	39.86137022	-12.34685227	-38.14038379	9.21514053	4.18038498
2.47500000	-13.51565078	15.44586138	39.80123458	-12.32294450	-37.16928890	9.40929696	3.95417839
2.48333333	-13.39296782	15.17871301	39.70902729	-12.35148599	-36.09726239	9.58166462	3.69104545
2.49166667	-13.37690657	15.06922558	39.69366391	-12.48363941	-34.94586896	9.79512928	3.50891157
2.50000000	-13.27408866	14.77506853	39.61463290	-12.50197385	-33.78654981	10.02194948	3.25800810
2.50833333	-12.70665789	13.76416801	38.96206878	-12.17469205	-32.63132399	10.07070851	3.36249141
2.51666667	-12.72852124	13.56075721	39.00499270	-12.14705248	-31.46323664	10.28238246	3.14406416
2.52500000	-12.73003054	13.35172785	38.99113784	-12.15139738	-30.28883108	10.52828203	2.93437306
2.53333333	-12.63983081	13.09015831	38.84073239	-12.21844658	-29.13833673	10.78903687	2.87903878
2.54166667	-12.69379646	12.93953109	38.91987951	-12.24089748	-28.03729211	10.92784012	2.73557342
2.55000000	-12.30088334	12.24561162	38.41421749	-12.14662520	-26.95809201	11.21083717	2.78661970
2.55833333	-12.32320575	12.03282062	38.41284141	-12.14925199	-25.83790148	11.43872486	2.29473837
2.56666667	-12.15151569	11.61819359	38.12852983	-12.19513840	-24.74011468	11.70857628	1.99675416
2.57500000	-11.98451988	11.10785910	37.93451572	-12.05738361	-23.86523901	11.86792891	2.01741789
2.58333333	-12.07764437	11.00844573	37.92000578	-12.16767789	-22.81659596	12.13549188	1.57119733
2.59166667	-11.90988161	10.61686595	37.63392950	-12.23853093	-21.85988858	12.41352228	1.28038555
2.60000000	-11.97361663	10.50936091	37.60416578	-12.38175814	-20.95035617	12.59858040	1.06852688
2.60833333	-11.94588856	10.33190429	37.43833887	-12.55605335	-20.12441995	13.01134612	0.74384405
2.61666667	-12.00339185	10.09413485	37.43716321	-12.41852678	-19.51468280	13.09088034	0.79552778
2.62500000	-12.07771654	10.00459386	37.33485458	-12.62373424	-18.77627121	13.32428973	0.65644261
2.63333333	-11.98982892	9.79264001	37.03469093	-12.87937448	-18.09620659	13.70940630	0.58736400
2.64166667	-12.15634944	9.67948496	37.13813408	-12.79338211	-17.77231983	13.67439948	0.83114785
2.65000000	-12.23798044	9.64781355	37.03894690	-13.11440620	-17.29233036	13.87864672	0.90321089
2.65833333	-12.29361408	9.69952085	36.88973894	-13.59187973	-16.88323615	14.34396299	1.00355852
2.66666667	-12.31513557	9.58263170	36.83363947	-13.87912620	-16.79782576	14.39397890	1.02268950
2.67500000	-12.62042625	9.73124043	36.93008249	-13.96282899	-16.59416669	14.53788348	0.99859758
2.68333333	-12.58400462	9.90002260	36.46849447	-14.73439500	-16.32396170	15.00815928	0.78355731
2.69166667	-12.70837463	9.87232298	36.49735664	-14.98801895	-16.47864842	14.98394561	0.40060257
2.70000000	-12.74596556	10.03703545	36.40848494	-15.72358166	-16.76613341	15.45859939	0.07746344
2.70833333	-12.69620465	9.91714378	36.22247173	-16.21951774	-17.14566223	15.47513418	-0.09074582
2.71666667	-13.41081523	10.85087788	36.85660885	-16.83755221	-17.43241155	15.16087843	-1.23155389
2.72500000	-13.33972472	10.97192750	36.70126871	-17.71025161	-17.87939779	15.28891119	-1.52917514
2.73333333	-13.60195015	11.45211730	36.85286268	-18.46320067	-18.14826197	14.91502296	-2.27136509
2.74166667	-13.54863158	11.55294075	36.75202840	-19.36413015	-18.53180657	14.85562253	-2.49766762
2.75000000	-13.43340997	11.75183842	36.64091286	-20.43783728	-18.96213567	14.68213665	-2.69916974
2.75833333	-13.83423707	12.59588438	36.94611497	-21.57512634	-19.07337988	13.90985155	-3.41288134
2.76666667	-13.63171675	12.71430475	36.74176048	-22.75558177	-19.49828209	13.62098339	-3.49691395
2.77500000	-13.74152213	13.26656567	36.75815585	-24.02154953	-19.67580805	12.59858481	-3.82489976
2.78333333	-13.57293769	13.54183146	36.45025555	-25.42817404	-19.95901597	12.09920927	-3.76102945
2.79166667	-13.62846760	14.14238892	36.37143044	-26.91833685	-20.21775872	10.80215032	-3.49653721
2.80000000	-13.83981950	14.94882633	36.45194845	-28.43001517	-20.49182807	9.05440111	-3.37678780
2.80833333	-13.70193170	15.49117860	35.99901281	-30.21492933	-20.53160233	7.85209414	-3.07842843
2.81666667	-13.70879406	16.27349616	35.70924333	-32.08091490	-20.58604447	6.08451370	-2.69376265
2.82500000	-13.92204512	17.55876620	35.73083504	-34.20123284	-20.75417125	3.77666830	-2.36059834
2.83333333	-13.76991628	18.57493943	35.10637956	-36.56297780	-20.51425562	2.16584980	-2.04624295
2.84166667	-13.79806878	19.81537445	34.78064209	-38.84959757	-20.41071870	-0.22871478	-1.75659087
2.85000000	-13.66178577	21.01531989	34.14706637	-41.32747324	-20.10637815	-1.96418960	-1.46331032
2.85833333	-13.73659422	22.57296699	33.82474057	-43.79495455	-19.91371387	-4.45478463	-1.18612192
2.86666667	-13.73164946	24.00953713	33.36032960	-46.20224754	-19.64753114	-6.52137950	-0.83795642
2.87500000	-13.44791471	25.18515724	32.52412295	-48.52462271	-19.26710004	-8.36793931	-0.52738310
2.88333333	-13.28637633	26.63157727	31.82301838	-51.01544625	-18.84497302	-9.49251584	-0.30133004
2.89166667	-13.15578596	27.94876720	31.23836358	-53.16731014	-18.59791543	-11.14570567	0.08822957
2.90000000	-12.99055488	29.37700597	30.52424891	-55.44267728	-18.21894560	-11.92622266	0.40598755
2.90833333	-12.72731700	30.62954595	29.73556451	-57.60696502	-17.77691713	-11.91720509	0.54583804
2.91666667	-12.59366356	32.05931106	29.13316696	-59.65090428	-17.53527520	-12.39826372	0.90460271
2.92500000	-12.31050795	33.23897459	28.34016686	-61.56768840	-17.13138067	-12.05398263	0.97125845
2.93333333	-12.21291733	34.74500150	27.80876876	-63.56127181	-16.88768797	-11.83709880	1.36524026
2.94166667	-11.96269120	36.00426724	27.10483093	-65.37522328	-16.55227151	-11.02234113	1.44313765
2.95000000	-11.84321398	37.40817232	26.53691067	-67.10061722	-16.33056945	-10.57442615	1.82311638
2.95833333	-11.58902726	38.67369452	25.70324739	-68.76547464	-15.85763714	-9.70507354	1.94178472
2.96666667	-11.36359952	39.88324413	24.97184839	-70.26664022	-15.45479883	-8.67608876	2.05621413
2.97500000	-10.99987323	41.01773256	24.15583352	-71.70212217	-15.36109667	-7.61038364	2.52921039
2.98333333	-10.80786282	42.22246457	23.41068890	-72.99213486	-14.90695540	-6.48862997	2.63704476
2.99166667	-10.29676992	43.10768142	22.45850535	-74.19809055	-14.70537771	-4.73607543	2.96898997
3.00000000	-10.09634722	44.29828455	21.74288961	-75.29030228	-14.27488755	-3.60773621	3.06852729
3.00833333	-9.89394105	45.51934849	21.02245403	-76.31940224	-13.85533917	-2.48397552	3.21697163
3.01666667	-9.48682774	46.43815802	20.18682306	-77.28062929	-13.71981875	-0.04156671	3.52695986
3.02500000	-9.20706299	47.57596476	19.40973815	-78.09481656	-13.35347210	0.90586181	3.63364961
3.03333333	-8.94502109	48.54851162	18.74843790	-78.78577578	-13.22412046	2.52609364	3.85281876
3.04166667	-8.78913139	49.65257281	18.11241122	-79.33905316	-12.83680905	3.16592822	3.93186280
3.05000000	-8.54667367	50.65980952	17.47445522	-79.79557328	-12.63413453	3.97549437	4.04422047
3.05833333	-8.07570341	51.25614166	16.64471714	-80.10005254	-12.65392847	5.26776386	4.25501870
3.06666667	-7.88677476	52.27015604	16.05196179	-80.36008719	-12.41092666	5.77694197	4.37782721
3.07500000	-7.66015885	53.05639118	15.49595053	-80.44829632	-12.28145635	6.41006886	4.54124468
3.08333333	-7.38845433	53.86184136	14.88067875	-80.47884599	-12.14794494	6.98008119	4.74934921
3.09166667	-7.01346762	54.40902543	14.17448686	-80.44909889	-12.05334808	8.47967278	4.94487935
3.10000000	-6.85079487	55.19385352	13.73615839	-80.28378818	-12.01650275	8.89684143	5.23490628
3.10833333	-6.43785576	55.62560776	12.92055548	-80.01033976	-11.92233644	9.81925217	5.48723580
3.11666667	-6.30496077	56.27708972	12.54253949	-79.60982537	-11.89865786	10.16796874	5.79915239
3.12500000	-6.16537885	56.98087284	12.12648541	-79.20594810	-11.89800890	10.37640096	6.07046877
3.13333333	-5.70222311	57.14856957	11.36950020	-78.72677425	-11.89859050	11.78380830	6.39885950
3.14166667	-5.58270511	57.62454925	11.05139810	-78.05570544	-11.97224524	11.91196210	6.75157406
3.15000000	-5.27406575	57.95941595	10.41789406	-77.48634215	-11.95806426	12.64325715	7.05648037
3.15833333	-5.20130406	58.43157163	10.20361235	-76.74318176	-12.14564144	12.65279301	7.40886040
3.16666667	-5.16584518	58.86617057	9.94339489	-75.93937331	-12.22998232	12.64172653	7.69389065
3.17500000	-4.92799452	59.02947975	9.66735536	-75.05687004	-12.52834592	12.57556816	8.08824694
3.18333333	-4.89270488	59.38957679	9.39762794	-74.25671839	-12.63012746	12.55031044	8.14405004
3.19166667	-4.68809402	59.44805935	8.97380491	-73.31819538	-12.73489147	12.38303084	8.67537699
3.20000000	-4.62344997	59.68671747	8.66949516	-72.40858379	-12.89437693	12.00105773	8.92267656
3.20833333	-4.41507199	59.65130239	8.18760693	-71.44212667	-13.01467744	11.65422086	9.29512986
3.21666667	-4.46599968	59.82448707	8.05193730	-70.47378632	-13.21485677	11.33554664	9.63230233
3.22500000	-4.46302364	59.98442270	7.81345360	-69.58644653	-13.36039454	10.95493718	9.92255882
3.23333333	-4.38525865	59.98234733	7.47254675	-68.66431515	-13.46058073	10.55693606	10.30615146
3.24166667	-4.42567373	60.06188895	7.24820378	-67.80739459	-13.55707214	10.47710876	10.38873536
3.25000000	-4.30577767	59.85574543	6.81831319	-66.83784511	-13.57977045	9.85858108	10.86079450
3.25833333	-3.85746574	59.34965336	5.93048057	-66.12863911	-13.44959446	10.13274482	11.05359521
3.26666667	-3.92789609	59.32220332	5.72142911	-65.35806783	-13.53379668	9.56663807	11.29192736
3.27500000	-4.01838768	59.28948724	5.50152051	-64.67457373	-13.58088819	9.29211951	11.38783558
3.28333333	-4.04085444	59.20314967	5.16804511	-64.10483505	-13.56313206	8.14858334	11.69121227
3.29166667	-3.72027383	58.62877885	4.48549305	-63.45983218	-13.55466549	7.27072112	11.84669643
3.30000000	-3.78126795	58.48234572	4.17310800	-62.99242117	-13.54194394	6.21077438	11.93507858
3.30833333	-3.82506067	58.28480809	3.86927262	-62.60832143	-13.54853630	5.00995979	11.97623683
3.31666667	-3.88546877	58.06436349	3.61176360	-62.25436559	-13.56650517	3.69006732	11.96037287
3.32500000	-3.87295086	57.64481674	3.30837469	-61.77900227	-13.58417971	2.13068385	11.83681588
3.33333333	-4.03386287	57.43075105	3.09713845	-61.46669388	-13.55699948	1.09333895	11.69053285
3.34166667	-4.17054289	57.16250102	2.92462278	-61.22132716	-13.58805462	0.37363714	11.47537051
3.35000000	-4.35480684	56.89459439	2.80559736	-60.98448911	-13.65935443	0.29599413	11.41669645
3.35833333	-4.39251148	56.34942008	2.54370051	-60.68559306	-13.60521565	0.09756723	10.84893519
3.36666667	-4.61622217	56.07517461	2.43490709	-60.61076655	-13.65155530	0.52775923	10.54108609
3.37500000	-4.85633994	55.77231897	2.38777079	-60.53383714	-13.74358298	1.05696291	10.18058559
3.38333333	-5.14993943	55.46833128	2.42001374	-60.42973259	-13.76552039	2.07836447	9.34885552
3.39166667	-5.44796107	55.17188993	2.48732424	-60.35422228	-13.88392134	3.31363902	8.81144232
3.40000000	-5.76050948	54.80799682	2.59459294	-60.04635313	-14.02124093	3.96083207	7.91328049
3.40833333	-6.07233839	54.42957083	2.74531541	-59.67207860	-14.23051517	4.59762263	6.98889095
3.41666667	-6.46283227	54.14126502	2.96100624	-59.32576382	-14.36147024	5.44433397	5.92323910
3.42500000	-6.73342217	53.69601592	3.15825553	-58.80491903	-14.68301884	5.81943219	4.78010217
3.43333333	-7.01403564	53.22558527	3.35805395	-58.20756622	-14.98309859	6.07826410	3.40686094
3.44166667	-7.32010777	52.77194703	3.62019645	-57.63152734	-15.30113790	6.24869462	1.90214901
3.45000000	-7.67153193	52.36690749	3.97941988	-57.03978363	-15.67512383	6.34650394	0.26949580
3.45833333	-8.04826694	51.97381513	4.39026059	-56.39945128	-16.03001923	6.30041900	-1.34571020
3.46666667	-8.29303060	51.38819735	4.85852029	-55.67998633	-16.75323761	6.46211655	-3.16039788
3.47500000	-8.53574698	50.80642535	5.39340072	-54.94401285	-17.57149553	6.56315185	-5.10982601
3.48333333	-8.79742183	50.18228128	6.06410717	-54.13174823	-18.53755558	6.68689609	-7.10658820
3.49166667	-9.28579802	49.79614646	7.03712217	-53.38233429	-19.40344902	6.74679725	-9.18573606
3.50000000	-9.39716337	48.99890222	7.87174310	-52.56827884	-20.86826191	6.87080881	-10.60492981
3.50833333	-9.68925527	48.36978517	8.92022798	-51.61352952	-22.28005211	6.94375914	-12.93553249
3.51666667	-9.85710450	47.61739635	10.04892898	-50.70877381	-23.99806037	6.99632896	-14.48508191
3.52500000	-10.22907416	47.09648481	11.54856868	-49.83601613	-25.81106644	7.00908266	-15.65795200
3.53333333	-10.35740084	46.38198027	12.90632429	-49.03090533	-27.98079856	7.08644620	-16.41136690
3.54166667	-10.38726451	45.51046333	13.99664450	-48.14664989	-30.24501546	7.12004839	-16.66939311
3.55000000	-10.65918130	44.94330973	15.67938435	-47.32709226	-32.76883629	7.01290468	-16.94975790
3.55833333	-10.48510819	43.89018263	17.08019248	-46.41495661	-35.63144765	7.00442921	-16.46519421
3.56666667	-10.29589971	42.84231976	18.42615884	-45.56504472	-38.59438999	6.98914452	-15.79834653
3.57500000	-10.33264630	42.04198584	20.12064863	-44.70075796	-41.71538943	6.96839721	-14.63370614
3.58333333	-10.88528797	41.93403072	22.51770741	-44.01191047	-44.98308736	6.93485093	-14.19793010
3.59166667	-10.63926210	40.79115297	24.02231384	-43.05769248	-48.24640899	6.88974191	-12.57815997
3.60000000	-10.50613815	39.77893578	25.66724517	-42.09511612	-51.51361044	6.82312915	-10.89804279
3.60833333	-10.48851669	39.03544290	27.53021891	-41.33535677	-54.87139411	6.77433459	-9.22995844
3.61666667	-11.21673148	39.15858433	30.29157384	-40.61786603	-58.28697077	6.77226077	-7.76276050
3.62500000	-11.00523005	38.17615242	31.83676253	-39.79128409	-61.38762246	6.66860520	-5.91875851
3.63333333	-10.94905539	37.29488079	33.55559708	-38.93562096	-64.38477390	6.65198421	-3.99408917
3.64166667	-11.04393723	36.72987064	35.49653749	-38.23840942	-67.37734855	6.66051543	-1.82243338
3.65000000	-11.50287000	36.61831332	37.92625470	-37.57822468	-70.43895044	6.85271163	0.89662257
3.65833333	-11.36493858	35.64748803	39.45819062	-36.71222097	-72.95683733	6.79121999	2.87915601
3.66666667	-11.62903794	35.25209285	41.57402692	-36.02220405	-75.60150911	7.00767823	5.68689014
3.67500000	-11.46890893	34.34098482	43.00446605	-35.22491815	-77.74881042	6.91403839	7.39447579
3.68333333	-11.35370739	33.40754344	44.48446207	-34.33535133	-79.86359784	7.04446479	10.08827051
3.69166667	-11.17598055	32.50938319	45.83675287	-33.55647793	-81.62597086	6.90699892	11.58677426
3.70000000	-11.05965829	31.64729570	47.22016533	-32.77646896	-83.30062572	7.09682013	13.77859146
3.70833333	-10.91266369	30.69435821	48.57742302	-31.93626951	-84.73153475	7.17805369	15.37491318
3.71666667	-10.69415206	29.77703802	49.71508729	-31.16904564	-85.86130800	7.08121042	16.60072514
3.72500000	-10.41677676	28.64009781	50.73872782	-30.24973384	-86.83626303	7.18063926	18.28371325
3.73333333	-10.25696289	27.74140873	51.78900945	-29.48432332	-87.54239815	7.21484340	19.60485106
3.74166667	-10.22545117	26.99158982	52.87355120	-28.70988857	-87.98015510	7.13648997	20.68651932
3.75000000	-10.19489831	26.27779727	53.94982466	-28.04618292	-88.30969287	7.35807929	22.02831382
3.75833333	-10.10927993	25.61608209	55.05773678	-27.45808925	-88.45325910	7.36175486	22.26406279
3.76666667	-9.86229138	24.62198686	55.82886628	-26.72708721	-88.40381603	7.45304935	23.84363764
3.77500000	-9.87563987	23.96314926	56.84962910	-26.03276307	-88.15430473	7.47372506	24.05908092
3.78333333	-9.69829179	23.25624916	57.53009145	-25.62522602	-87.73405002	7.85290905	25.11795444
3.79166667	-9.63186300	22.61774496	58.33861115	-25.02173846	-87.17686080	7.67629019	25.34787495
3.80000000	-9.45935566	21.83574730	58.88330199	-24.44531511	-86.47876070	7.70154612	25.87544774
3.80833333	-9.45837688	21.40106317	59.55343607	-24.11805470	-85.61163823	8.02604132	26.17459024
3.81666667	-9.49194034	20.95453609	60.25462160	-23.69654709	-84.65639204	8.06296481	26.20692067
3.82500000	-9.36236078	20.18322013	60.55382766	-23.08877920	-83.51039993	8.13877317	26.46706540
3.83333333	-9.35393923	19.86068976	60.99135276	-22.80370317	-82.31178272	8.14133236	26.28402209
3.84166667	-9.45139389	19.26300704	61.47587575	-22.13474790	-81.05875913	8.18711174	26.13298473
3.85000000	-9.49004345	18.73369477	61.82072407	-21.62253222	-79.72051091	8.14306725	25.79789188
3.85833333	-9.12516288	17.92230139	61.55260819	-21.25343016	-78.29568897	8.18177084	25.49869884
3.86666667	-9.24676025	17.47177581	61.81034573	-20.73661234	-76.90377267	8.18757494	25.07813408
3.87500000	-9.29570937	17.07805020	61.90727066	-20.38258575	-75.45681226	8.16580197	24.37748738
3.88333333	-9.14486838	16.58725732	61.64138657	-20.16695109	-73.96624903	8.25431061	23.66560503
3.89166667	-9.24279534	16.16514256	61.66261826	-19.75767840	-72.62503086	8.26138456	23.04260456
3.90000000	-9.28705401	15.84376678	61.54914201	-19.51654438	-71.32740440	8.29249153	22.33178399
3.90833333	-9.44292250	15.50830899	61.53269687	-19.12484314	-70.15536091	8.32444320	21.69050226
3.91666667	-9.54144661	15.15970380	61.39343900	-18.79857760	-69.03965061	8.31356280	20.74468108
3.92500000	-9.61688236	14.77708261	61.20504453	-18.46677964	-68.05179930	8.25971851	19.67985849
3.93333333	-9.71295788	14.36658599	60.97370879	-18.08865227	-67.14483847	8.17124475	18.45313897
3.94166667	-9.91242057	14.06319068	60.80470342	-17.69408146	-66.35660290	8.06806903	17.28973554
3.95000000	-10.06537223	13.73803215	60.55368481	-17.36001931	-65.61577708	7.94913176	15.93070303
3.95833333	-10.07340441	13.33875103	60.10976923	-17.15871814	-64.91799738	7.75803473	14.36823430
3.96666667	-10.20143645	12.99465928	59.78059370	-16.87849456	-64.39963319	7.48483597	13.42459946
3.97500000	-10.42527519	12.86056210	59.51645086	-16.77320965	-64.02063615	7.42656818	13.28958545
3.98333333	-10.60758260	12.55561348	59.13441936	-16.41672378	-63.66837201	6.80124654	12.90132620
3.99166667	-10.84193020	12.45420846	58.80804237	-16.36683480	-63.42709973	6.67975029	13.01687060
4.00000000	-11.06220500	12.23827698	58.36462141	-16.10790326	-63.17366755	5.84485555	14.00745636
4.00833333	-11.32912261	12.15400510	57.97758171	-16.00887957	-62.93007542	5.27233421	14.82824660
4.01666667	-11.58047657	12.10154712	57.61521059	-15.97325503	-62.68414325	4.62948374	15.57917647
4.02500000	-11.89436468	12.17468297	57.26872170	-15.98655503	-62.28014210	3.90571136	16.18001439
4.03333333	-12.26422735	12.24191374	57.00271690	-15.96678810	-61.82133467	3.06149818	16.63167404
4.04166667	-12.54668009	12.33464381	56.69904799	-16.07556328	-61.33609553	2.09011611	16.84290910
4.05000000	-12.78631641	12.38057679	56.29197359	-16.20491857	-60.73392657	1.29070005	16.94847982
4.05833333	-13.05833248	12.54987452	55.98563672	-16.46377337	-60.20839890	-0.04639237	17.00367518
4.06666667	-13.25009914	12.64088057	55.52224788	-16.74643369	-59.61239993	-1.20596673	16.89054651
4.07500000	-13.38685672	12.88264834	55.03316368	-17.33053811	-59.09120057	-2.05773939	16.94879452
4.08333333	-13.60574110	13.26311180	54.55571850	-17.96194279	-58.46981820	-3.63590677	17.04000539
4.09166667	-13.70161042	13.65905298	53.92594016	-18.78533576	-57.83251503	-5.00625003	17.09411738
4.10000000	-13.84320088	14.25307857	53.31643180	-19.85244261	-57.13648738	-6.43287666	17.22967041
4.10833333	-14.02813213	14.74402035	52.77609720	-20.83411502	-56.47211674	-8.00122372	17.33562802
4.11666667	-14.07423245	15.45988660	52.04610053	-22.25428455	-55.69612153	-9.52336080	17.37414856
4.12500000	-14.09156233	16.35439870	51.27698873	-23.95666344	-54.88174686	-11.02150621	17.37378005
4.13333333	-14.09995185	17.34045328	50.52970538	-25.86254038	-54.07362633	-12.49791199	17.28271721
4.14166667	-14.04809756	18.30162966	49.73333616	-27.85849633	-53.30176935	-14.11706466	17.14827345
4.15000000	-13.86055983	19.36255517	48.75871569	-30.25424199	-52.47504643	-15.56208196	17.09912813
4.15833333	-13.72421140	20.63890431	47.91689268	-33.03005885	-51.74589208	-16.74670836	17.07183693
4.16666667	-13.61109442	21.91058573	47.03560473	-35.61293231	-50.93582599	-18.95268612	16.88294382
4.17500000	-13.40105853	23.31107982	46.01265075	-38.75147381	-50.01710019	-20.20017343	16.85337958
4.18333333	-13.28499913	24.65777310	45.16025074	-41.69613625	-49.22841353	-22.43376997	16.71139878
4.19166667	-13.10572357	26.24663426	44.17658324	-45.13756471	-48.27490797	-23.61603395	16.65219847
4.20000000	-13.25740152	28.17300363	43.59395925	-48.42538514	-47.46530728	-26.06342173	16.51045620
4.20833333	-12.82060944	29.45337456	42.45640138	-51.86537706	-46.54856218	-26.85101266	16.32721469
4.21666667	-12.63032048	30.88053606	41.59503647	-55.04116748	-45.73055242	-29.52060809	16.09179903
4.22500000	-12.34570556	32.29613235	40.58969342	-58.48627359	-44.86909150	-29.40815307	15.93262876
4.23333333	-12.21490853	33.92683012	39.73889342	-61.63707937	-43.96734024	-32.26244861	15.76434106
4.24166667	-11.95104017	35.45361820	38.68105467	-64.98446799	-43.01173462	-31.61487727	15.60841041
4.25000000	-11.74904546	37.14863606	37.81930887	-68.35850598	-42.17132959	-30.95202475	15.43329820
4.25833333	-11.88061245	38.77774420	37.39833965	-71.13652293	-41.52056188	-32.06174570	15.38134640
4.26666667	-11.60625730	40.15445212	36.39751622	-73.99508056	-40.66646817	-30.52635668	15.17388049
4.27500000	-11.40639324	41.65872705	35.49243047	-76.76886826	-39.82445042	-28.89609688	15.02038158
4.28333333	-11.15654216	42.96367377	34.57909796	-79.23302296	-39.02886384	-27.12439907	14.85081521
4.29166667	-11.21740613	44.60359772	34.02027118	-81.67203881	-38.26442077	-24.04917411	14.82783319
4.30000000	-11.03273127	46.01551911	33.11412390	-83.78204755	-37.39879098	-22.24186704	14.64236831
4.30833333	-10.88597727	47.36825107	32.20792525	-85.64232727	-36.45419788	-20.41022841	14.46784992
4.31666667	-10.70948720	48.68939630	31.33460522	-87.47011827	-35.65498330	-15.10147900	14.53750996
4.32500000	-10.59831382	49.83859895	30.50902471	-88.77345935	-34.74422574	-13.26214467	14.24246928
4.33333333	-10.20168126	50.84725666	29.31882348	-90.16472001	-33.70511400	-8.08098874	14.04208693
4.34166667	-9.97162144	51.96852487	28.17993820	-91.22941454	-32.62405397	-4.80697374	13.86105079
4.35000000	-9.85955634	53.13391185	27.32867227	-91.96483405	-31.70968962	-3.03482164	13.58595083
4.35833333	-9.42247004	53.87536027	26.04775543	-92.64028327	-30.67965117	0.89365570	13.47152063
4.36666667	-9.24083773	54.75227654	25.13219387	-92.95152478	-29.79483192	3.24925125	13.31744142
4.37500000	-9.10644438	55.62807123	24.29693785	-93.02370227	-28.93003948	4.71474363	13.04313827
4.38333333	-8.82184952	56.25286229	23.29918018	-92.99302249	-28.07150719	7.03522921	12.96461698
4.39166667	-8.82431859	57.19909618	22.66161204	-92.73506504	-27.25866115	7.60435217	12.84937031
4.40000000	-8.41057456	57.47593073	21.53821853	-92.27075107	-26.44780922	9.63235850	12.65252092
4.40833333	-8.45023849	58.28726935	20.94926515	-91.64754175	-25.67599318	10.08186562	12.51674878
4.41666667	-8.16185200	58.58271669	20.05710738	-90.87628682	-25.00264698	11.46778873	12.36115585
4.42500000	-8.17948241	59.22174974	19.53526188	-89.97657694	-24.33430558	11.84638909	12.16257811
4.43333333	-8.24950888	59.86180606	19.03044057	-88.97830114	-23.63856048	12.05842632	12.14445112
4.44166667	-7.90169024	59.84437902	18.11086408	-87.77813241	-23.05704391	13.34119919	11.98168977
4.45000000	-7.97390498	60.29261833	17.64667675	-86.48839874	-22.43457292	13.56512797	11.78716123
4.45833333	-8.10158512	60.71959965	17.24545420	-85.15903920	-21.83155696	13.71119972	11.78494424
4.46666667	-8.09081205	60.87331880	16.82237139	-83.65403919	-21.39029549	14.15073583	11.51622602
4.47500000	-8.10869557	60.99948890	16.40006602	-82.16945535	-20.93577945	14.58049947	11.45975660
4.48333333	-8.26046369	61.23875622	16.07978620	-80.66156469	-20.43824731	14.60535304	11.47156781
4.49166667	-8.09026140	60.98225511	15.51041274	-79.01285387	-20.16105780	14.73140437	11.38818183
4.50000000	-8.26369294	61.11654611	15.27915265	-77.50862175	-19.76251265	14.64119989	11.39212082
4.50833333	-8.40491443	61.11394353	15.08227164	-75.90718285	-19.45170434	14.28483293	11.15900154
4.51666667	-8.56253914	61.13759578	14.83287106	-74.49011879	-19.10154015	14.09116947	11.19862618
4.52500000	-8.66150561	60.99765300	14.58222175	-73.00471747	-18.76275131	13.46119148	10.99043991
4.53333333	-8.71032627	60.81867164	14.31952474	-71.68171156	-18.53781556	12.87080900	10.94061588
4.54166667	-8.83774909	60.71569151	14.07683162	-70.51168199	-18.23689740	12.41981751	10.93782021
4.55000000	-8.83692242	60.43403277	13.77529417	-69.41824705	-18.03793681	11.65309799	10.76264063
4.55833333	-8.89102812	60.18926861	13.46076276	-68.47531855	-17.77052060	10.92485970	10.67926303
4.56666667	-8.65228269	59.59424739	12.83667768	-67.60963956	-17.57519862	10.25437279	10.57505847
4.57500000	-8.78107685	59.40891583	12.58507887	-66.93316890	-17.31285759	9.55949589	10.51787033
4.58333333	-8.77171557	58.99927995	12.19992765	-66.30542430	-17.02385015	8.75789011	10.18199657
4.59166667	-8.80576212	58.61748006	11.83581076	-65.81340827	-16.73985388	8.28021216	9.93698434
4.60000000	-8.96978485	58.38153926	11.70559065	-65.41370782	-16.64430434	8.21280732	9.91939792
4.60833333	-8.79715003	57.69095570	10.99028305	-65.15381698	-16.15556055	8.03382675	9.35645906
4.61666667	-8.96748492	57.35186301	10.82284282	-64.92276608	-15.93576679	8.26526807	8.98655928
4.62500000	-9.15703393	57.03271381	10.76237277	-64.71584024	-15.90324638	8.37752274	8.89244546
4.63333333	-9.36375215	56.66251743	10.67127096	-64.53829068	-15.66905960	9.08680649	7.97811797
4.64166667	-9.64063537	56.31509374	10.71612150	-64.17777099	-15.55667636	9.48892440	7.43471494
4.65000000	-9.93926607	55.94559785	10.86542460	-63.67590117	-15.53213309	9.96380054	6.74044872
4.65833333	-10.26805334	55.61143372	11.05825182	-63.08482761	-15.56020807	10.45914880	5.97447859
4.66666667	-10.61080438	55.24275588	11.28122148	-62.37341325	-15.60441841	10.90733765	5.10585042
4.67500000	-10.96588255	54.85101912	11.49710812	-61.53792111	-15.63436973	11.30849140	4.12085268
4.68333333	-11.30648837	54.45251863	11.74885041	-60.68578567	-15.72723204	11.64138206	3.06543166
4.69166667	-11.61945084	54.02065415	12.02219705	-59.80131837	-15.88473787	11.82029974	1.89963260
4.70000000	-11.88099722	53.56976445	12.18303075	-58.94256156	-15.97050014	11.63881124	0.65210631
4.70833333	-12.12524083	53.10796154	12.43836966	-58.11209301	-16.25659177	11.68043868	-0.69654597
4.71666667	-12.36218721	52.65678516	12.68685344	-57.34314397	-16.55320188	11.56987769	-2.20404353
4.72500000	-12.40710579	51.99809441	12.80309230	-56.47291377	-16.90891994	11.05703574	-3.72391652
4.73333333	-12.58718059	51.47324600	13.22349893	-55.67844955	-17.49801411	10.97594254	-5.42275912
4.74166667	-12.71799175	50.92714336	13.68992195	-54.89830289	-18.23733006	10.80851154	-7.17485440
4.75000000	-12.74828828	50.24444002	14.16539058	-54.06188431	-19.15830196	10.62707906	-8.88618789
4.75833333	-12.76940841	49.53392597	14.76431414	-53.22014954	-20.24435565	10.46550402	-10.62124990
4.76666667	-12.74448741	48.77135315	15.45925187	-52.35806830	-21.58198679	10.27888184	-12.09509611
4.77500000	-12.71677700	47.91661147	16.22950504	-51.37105518	-22.99498279	10.06625133	-13.57652416
4.78333333	-12.78167747	47.30922143	17.17119053	-50.61275115	-24.61617794	9.80160367	-14.56832813
4.79166667	-12.74978621	46.47147138	18.24781535	-49.65298148	-26.65101394	9.64832906	-15.41484263
4.80000000	-12.59548775	45.57269504	19.31092507	-48.77104833	-29.08938285	9.55145699	-15.93292843
4.80833333	-12.77488205	45.07732720	20.86759909	-47.98932302	-31.65211101	9.32843111	-16.60170601
4.81666667	-12.49456890	44.00123369	22.04773048	-47.01626961	-34.56838097	9.22241178	-16.79026768
4.82500000	-12.40122488	43.21371244	23.56611753	-46.21996620	-37.75078676	9.10345102	-17.04629343
4.83333333	-12.22202754	42.37334992	24.99411451	-45.45632850	-41.11771394	9.02056224	-16.93007559
4.84166667	-12.43997001	42.00435147	27.01098626	-44.74698585	-44.62934595	8.89807239	-17.24639079
4.85000000	-12.12990010	40.96887839	28.41389783	-43.88250968	-48.21481723	8.81039379	-16.73321579
4.85833333	-11.94246930	40.16848501	29.94343873	-43.11583518	-51.81819110	8.69704836	-16.30413765
4.86666667	-11.80637994	39.34461786	31.55807737	-42.26864706	-55.38983986	8.59269393	-15.94481269
4.87500000	-11.72530459	38.59165672	33.24524365	-41.43941991	-58.93699387	8.49328306	-15.48149914
4.88333333	-11.79130080	38.05441128	35.06629431	-40.67465655	-62.39692779	8.41865416	-15.00654037
4.89166667	-11.78781652	37.48985269	36.79187175	-40.00670190	-65.75589689	8.32565483	-14.19464366
4.90000000	-12.17313955	37.35601651	39.01306498	-39.36139760	-69.08039999	8.38322423	-13.39691822
4.90833333	-11.94931927	36.51999321	40.40721217	-38.63854876	-72.12746751	8.24719954	-11.98950584
4.91666667	-11.88891444	35.89189471	41.95829488	-37.96195813	-75.05024176	8.16874422	-10.20844586
4.92500000	-12.16293418	35.62140913	43.99113779	-37.29165775	-77.97533144	8.30345080	-7.84150931
4.93333333	-12.01582534	34.89115680	45.43312977	-36.58559477	-80.53179270	8.17004753	-5.74881353
4.94166667	-11.96901885	34.15821832	47.10724240	-35.74751349	-83.09339938	8.29983797	-2.90280993
4.95000000	-11.96647102	33.52341067	48.42248018	-35.01132128	-85.16765112	8.31643071	-0.26247226
4.95833333	-11.81558863	32.74702764	49.54794238	-34.27403598	-86.95797808	8.14899713	2.02506234
4.96666667	-11.65932473	31.98435578	50.81291498	-33.56309202	-88.80556224	8.32049686	5.00783396
4.97500000	-11.44849117	31.10160823	51.94803897	-32.77869658	-90.28795231	8.20697216	7.19453101
4.98333333	-11.24330931	30.15672417	53.06010360	-31.88205344	-91.57153071	8.09612569	9.32105585
4.99166667	-10.78184738	28.91692175	53.81721988	-31.01883128	-92.68513123	8.29140865	11.89277938
5.00000000	-10.64923354	28.19493913	54.86496256	-30.28733900	-93.47814152	8.15102786	13.35874805
5.00833333	-10.44613288	27.56557488	55.72736505	-29.80986421	-94.13782827	8.22932256	15.28030791
5.01666667	-10.34370275	26.89274639	56.76564084	-29.10688371	-94.60465582	8.09652020	16.55923352
5.02500000	-10.18840211	25.99864258	57.64390173	-28.29677364	-94.90536990	8.26347333	18.35919411
5.03333333	-9.96667397	25.47654682	58.35393485	-27.94305331	-94.93707639	8.29432321	19.53075191
5.04166667	-9.72358247	24.79909647	59.04640428	-27.44709538	-94.88000699	8.32461841	20.74989491
5.05000000	-9.69704639	24.20884988	59.99094084	-26.76523516	-94.67682513	8.26119247	21.27736828
5.05833333	-9.33687286	23.23339526	60.42262583	-26.11930839	-94.30961299	8.33407456	22.70476727
5.06666667	-9.19626710	22.70854332	61.05225456	-25.69265530	-93.78328240	8.30117946	23.45580612
5.07500000	-8.96354043	21.91980964	61.52457344	-25.09936137	-93.12823155	8.39760124	24.17151723
5.08333333	-8.92787749	21.47907690	62.16190765	-24.62026702	-92.32495475	8.29438609	24.49821773
5.09166667	-8.85781560	21.01747407	62.70753235	-24.18910236	-91.44743398	8.24452223	24.87171012
5.10000000	-8.53271042	20.27930642	62.84527354	-23.83893605	-90.46785158	8.45882777	25.71489260
5.10833333	-8.49225648	19.93076687	63.25843774	-23.51519042	-89.33770689	8.40400323	25.92507422
5.11666667	-8.34575966	19.38929920	63.49150491	-23.14149830	-88.16476364	8.46364342	26.31356221
5.12500000	-8.37932416	19.03584888	63.86803006	-22.74441581	-86.91098091	8.49888203	26.38396383
5.13333333	-8.35707940	18.71276996	64.13654472	-22.46040651	-85.58804530	8.49886580	26.43565386
5.14166667	-8.30366849	18.29228584	64.27732183	-22.13767436	-84.21522471	8.54437320	26.43724216
5.15000000	-8.38114816	18.10926863	64.53180890	-21.95370609	-82.86250613	8.60912352	26.44369034
5.15833333	-8.26158437	17.62052575	64.37511393	-21.68078785	-81.38784273	8.98142113	26.19986496
5.16666667	-8.37909865	17.42357221	64.46422117	-21.36359053	-79.98093387	8.95125593	25.85020649
5.17500000	-8.51997686	17.26880363	64.59663779	-21.17581713	-78.67577100	9.01586802	25.76880340
5.18333333	-8.57949580	17.06628378	64.55321790	-20.98469965	-77.27808188	9.26437788	24.85734352
5.19166667	-8.74896306	16.87061287	64.63814846	-20.68932186	-76.07437054	9.22077801	24.20483145
5.20000000	-8.80267715	16.61161624	64.53517585	-20.43210221	-74.86050375	9.24112335	23.48784762
5.20833333	-8.87509427	16.27683117	64.43499876	-20.12115460	-73.72194085	9.31122682	22.81055028
5.21666667	-8.85446722	15.96802559	64.15875662	-19.92758513	-72.60121026	9.35506333	21.83474843
5.22500000	-8.84512876	15.58835633	63.87659455	-19.67069860	-71.58247594	9.43774761	20.99237174
5.23333333	-8.66726066	15.11825666	63.39478912	-19.54867690	-70.64341226	9.56846529	20.00696443
5.24166667	-8.74420467	14.83815560	63.18820138	-19.31664054	-69.82728076	9.64482316	19.14161360
5.25000000	-8.87423885	14.57630435	62.96670150	-19.05947397	-69.06634573	9.70820800	18.49355610
5.25833333	-8.87032657	14.31345026	62.57993340	-18.92918431	-68.32176712	9.72929248	17.16381416
5.26666667	-8.95822335	14.05738579	62.27420147	-18.71385923	-67.66544885	9.77965543	16.33821979
5.27500000	-9.01070556	13.82798518	61.95186877	-18.57915997	-67.08538643	9.82286323	14.94732602
5.28333333	-9.13848678	13.61019257	61.65579101	-18.37733798	-66.50762736	9.84519950	13.82909195
5.29166667	-9.28424342	13.43626079	61.34594420	-18.21105256	-65.95235911	9.82318210	12.96297103
5.30000000	-9.41595551	13.36949196	60.97555484	-18.16322206	-65.40454613	9.76034879	12.27261829
5.30833333	-9.62596751	13.34021549	60.68364707	-18.11535793	-64.95584539	9.76609656	12.22217783
5.31666667	-9.84269498	13.20408332	60.30797058	-17.85297203	-64.41292296	9.60209897	12.16208388
5.32500000	-10.05540116	13.23807161	59.96112010	-17.83562516	-63.97307094	9.43614250	12.70250146
5.33333333	-10.32414978	13.20103598	59.65313834	-17.67306264	-63.56385544	9.28374330	13.40520370
5.34166667	-10.55404398	13.19594178	59.29677143	-17.59335572	-63.18807102	9.02722487	14.33757925
5.35000000	-10.77260064	13.17199510	58.92758139	-17.47056352	-62.82464709	8.69472255	15.10689316
5.35833333	-11.03228214	13.06863764	58.67166299	-17.24056943	-62.54610572	8.29964934	15.71633352
5.36666667	-11.29363063	13.14571928	58.49092265	-17.19445830	-62.26508912	7.78390193	16.12552290
5.37500000	-11.49901026	13.16652205	58.31929142	-17.18820889	-62.04413217	7.68301731	16.16297337
5.38333333	-11.98537648	13.47030623	58.44847159	-17.11315138	-61.63368970	6.65304068	15.83288769
5.39166667	-12.24221662	13.51594849	58.36002729	-16.99938121	-61.34469179	5.92517063	15.79048529
5.40000000	-12.58571547	13.73212976	58.36047071	-17.04019272	-60.99527678	5.12435243	15.43557201
5.40833333	-13.00772008	14.04252082	58.39516112	-17.05926114	-60.56496218	4.33271106	15.14957469
5.41666667	-13.14352041	13.99936065	58.01271757	-16.98545126	-60.00745569	3.34479440	15.06891809
5.42500000	-13.31065024	14.04537875	57.65123838	-17.03872515	-59.48556838	2.37032231	15.04181136
5.43333333	-13.44546300	14.08144211	57.28014823	-17.11338107	-58.95267236	1.12393694	14.95034964
5.44166667	-13.34160559	13.79703490	56.47908483	-17.15769291	-58.18610334	-0.03021054	14.76682854
5.45000000	-13.56405920	14.01876584	56.01701629	-17.38399786	-57.47316802	-1.32045942	14.85818785
5.45833333	-13.80856844	14.29928789	55.55022448	-17.66413405	-56.74665098	-2.67260338	14.88982084
5.46666667	-14.00650709	14.68388379	54.98061941	-18.09828263	-55.91077179	-4.02107122	14.86121847
5.47500000	-14.14070017	15.00193507	54.32729713	-18.55241339	-55.08321388	-5.36236340	14.80432780
5.48333333	-14.21855241	15.20673464	53.66386326	-18.97909897	-54.32495585	-6.72487678	14.74008035
5.49166667	-14.25529063	15.54325072	53.01403108	-19.63870942	-53.59639830	-8.03514677	14.67875977
5.50000000	-14.23500720	15.86365417	52.29897438	-20.33053693	-52.87397906	-9.30075515	14.51171410
5.50833333	-14.26942528	16.26800219	51.72401871	-21.21240869	-52.25372221	-10.46650535	14.47252055
5.51666667	-14.20074411	16.71270272	50.96728491	-22.28434894	-51.49379542	-11.47752393	14.38343704
5.52500000	-14.12345312	17.16637547	50.22354501	-23.48103112	-50.80862139	-11.90865792	14.34386646
5.53333333	-14.21867795	17.93195986	49.70559955	-24.78842440	-50.08107358	-13.38102656	14.06335947
5.54166667	-14.23212178	18.73124742	49.10001510	-26.33169018	-49.41438856	-14.24568451	14.00865173
5.55000000	-14.11903996	19.51065611	48.28345694	-28.21027700	-48.55802287	-14.84810714	13.86532479
5.55833333	-14.06225941	20.41226617	47.58172356	-30.13632895	-47.78482125	-15.76080233	13.62381878
5.56666667	-13.89017439	21.27598784	46.77230643	-32.40023582	-47.01518683	-16.11413720	13.52749327
5.57500000	-13.97780770	22.37050194	46.30691623	-34.51941252	-46.37619198	-17.42991433	13.36056378
5.58333333	-13.80012425	23.44306597	45.53497315	-37.12254002	-45.60062847	-17.68693448	13.24307604
5.59166667	-13.69367623	24.34510875	44.93188747	-39.36172827	-45.04894978	-19.18499490	12.99739638
5.60000000	-13.40545105	25.26898454	44.10477300	-42.02589229	-44.37409277	-19.01638799	12.93093095
5.60833333	-13.37487321	26.38790043	43.52980571	-44.40601105	-43.70682905	-20.66642094	12.65442532
5.61666667	-13.28265470	27.21250953	42.92165183	-46.71753953	-43.13394522	-21.21133068	12.55496427
5.62500000	-13.05141462	27.88358205	42.26538270	-48.99351135	-42.69190918	-21.51041906	12.52548536
5.63333333	-12.82881095	28.83187768	41.41592718	-51.45127092	-41.97646977	-20.62744741	12.43395293
5.64166667	-12.64965754	30.12195035	40.71739786	-54.09172935	-41.29934097	-19.75181823	12.30753175
5.65000000	-12.58686165	30.72368222	40.14651533	-55.97999352	-40.79159385	-18.53416717	12.18804736
5.65833333	-12.61075177	31.69692786	39.69751102	-57.94513941	-40.22345452	-17.71523516	12.13412913
5.66666667	-12.68486895	32.68301088	39.33394516	-59.63266551	-39.75831726	-17.81733236	12.06025900
5.67500000	-12.59093304	33.60976400	38.75513577	-61.34839800	-39.17828648	-16.44909543	11.94916980
5.68333333	-12.80235273	34.75204410	38.55750957	-62.88027313	-38.64109516	-14.91333772	11.77143799
5.69166667	-12.74020005	35.55881609	37.97427713	-64.09031037	-38.00539405	-13.83384095	11.64244384
5.70000000	-12.72474056	36.49834304	37.49202680	-65.16295791	-37.43371302	-12.81212944	11.49451811
5.70833333	-12.81270262	37.52014574	37.07794132	-66.05928048	-36.77112328	-11.57675885	11.36619060
5.71666667	-12.92278622	38.37802489	36.64079302	-66.66075116	-36.04734658	-9.41574228	11.21542094
5.72500000	-12.90663611	38.93493573	36.11027586	-66.84124259	-35.42474649	-8.45575650	11.02732895
5.73333333	-12.61252432	39.23604824	35.12553997	-66.87926286	-34.55421407	-6.24348235	10.94085176
5.74166667	-12.74393848	39.85395374	34.70563580	-66.57092888	-33.82380435	-5.78442602	10.84198378
5.75000000	-12.83328041	40.48882065	34.27837427	-66.26224235	-33.10015220	-3.33903125	10.52257455
5.75833333	-12.83281796	40.75232379	33.68277392	-65.41292440	-32.33893918	-2.50878646	10.23349402
5.76666667	-12.73999986	40.72680496	33.00787504	-64.29683443	-31.62013985	-1.18004521	10.14134728
5.77500000	-12.74095935	40.93484513	32.43917151	-63.21962602	-30.81223128	0.41869909	10.00042949
5.78333333	-12.95119238	41.18523662	32.18345078	-61.75756246	-30.18154710	0.70375481	9.93623517
5.79166667	-13.14728068	41.34787552	31.92522170	-60.13942404	-29.53758058	1.12002893	9.75680389
5.80000000	-12.87714421	40.87062379	31.05219603	-58.31521367	-28.86282641	2.47097625	9.41834028
5.80833333	-12.72176971	40.34484998	30.32397498	-56.31374669	-28.11692928	3.45706249	9.39301794
5.81666667	-12.80469724	40.08407274	29.89949635	-54.25447155	-27.44459801	4.00205930	9.22656637
5.82500000	-13.07101460	40.00484311	29.78518107	-52.12553734	-26.90198877	4.01593294	9.13419683
5.83333333	-13.27986008	39.78438908	29.61424306	-49.90652746	-26.37258488	3.94569937	8.94289487
5.84166667	-12.78831873	38.67350595	28.48835026	-47.58053747	-25.60825093	4.37832551	8.81203419
5.85000000	-13.06900022	38.31408264	28.33544215	-45.22725474	-25.02582565	4.09283545	8.64883925
5.85833333	-13.18173393	37.71950175	28.09066252	-42.89994717	-24.57761518	3.88840328	8.58718588
5.86666667	-12.95614952	36.88291936	27.37805633	-40.75405603	-23.95892697	4.08897808	8.56405105
5.87500000	-13.13656599	36.55852286	27.24075630	-38.72817047	-23.52370852	3.77874760	8.46400223
5.88333333	-13.35364334	36.24918938	27.24335161	-36.79968573	-23.27016877	3.68780549	8.50359961
5.89166667	-13.04586493	35.07916191	26.42759477	-34.72839603	-22.66740694	3.78672395	8.43784680
5.90000000	-13.25132278	34.65973255	26.42205391	-32.93686402	-22.42070294	3.52641030	8.39992982
5.90833333	-13.39612880	34.08894202	26.31607969	-31.19798168	-22.17023420	3.33788124	8.43657317
5.91666667	-13.58976492	33.78383568	26.34646233	-29.74660434	-22.03215766	3.08236886	8.49483568
5.92500000	-13.71831414	33.40527722	26.28324804	-28.48300951	-21.83030067	2.43648236	8.50686472
5.93333333	-13.92670063	33.06696130	26.25950791	-27.29300706	-21.61591889	1.84403688	8.55789308
5.94166667	-14.05975550	32.61776226	26.23094463	-26.24441294	-21.53091328	1.28871291	8.65118251
5.95000000	-14.20950752	32.27836174	26.27387458	-25.47584797	-21.50012438	0.85471022	8.76564940
5.95833333	-14.40295999	31.97429091	26.33455477	-24.86553344	-21.46259633	0.61018825	8.87706607
5.96666667	-14.59291453	31.78115596	26.47181356	-24.47888018	-21.51243474	0.60078241	8.97753960
5.97500000	-14.86817820	31.67309520	26.68359295	-24.21030668	-21.50309978	0.76068086	8.94859315
5.98333333	-14.96768778	31.51645318	26.70819200	-24.03471741	-21.55102272	0.95250348	9.01948957
5.99166667	-15.09363054	31.35701548	26.75868571	-23.83329578	-21.57694766	1.07966906	9.04553980
6.00000000	-15.20902724	31.27170324	26.78902517	-23.66114828	-21.57059723	1.09450635	9.08401208
6.00833333	-15.33591810	31.22629091	26.80369396	-23.48463353	-21.53733498	1.02515547	9.05783756
6.01666667	-15.45148632	31.09584333	26.72708135	-23.22149202	-21.38414824	0.98760132	9.04876840
6.02500000	-15.48828302	30.88836064	26.59293347	-22.93173334	-21.26823484	0.82589422	9.00510310
6.03333333	-15.61570357	30.82136839	26.44062425	-22.70942922	-20.97200939	0.77020579	9.00416345
6.04166667	-15.74478342	30.68736591	26.29328814	-22.40667040	-20.68288082	0.72331218	8.97500524
6.05000000	-15.65526514	30.32889133	25.78523373	-22.11416661	-20.20988872	0.74125516	8.78141282
6.05833333	-15.75941871	30.23516935	25.52750808	-21.87055749	-19.75802977	0.75860242	8.70766504
6.06666667	-15.93234107	30.18821872	25.38429114	-21.61810619	-19.36288505	0.82077739	8.70116597
6.07500000	-16.11984315	30.16187416	25.26779694	-21.35233199	-18.98798456	0.86090007	8.66730511
6.08333333	-15.96750086	29.79455424	24.52422285	-21.17745758	-18.16215577	1.22595245	8.21309827
6.09166667	-16.17216282	29.80324137	24.41455292	-20.90719326	-17.74100566	1.17381959	8.13990498
6.10000000	-16.36320915	29.79823090	24.30437929	-20.65061334	-17.34701238	1.19430354	8.11956481
6.10833333	-16.48524622	29.70390488	24.10636976	-20.37353780	-16.91411528	1.08966636	7.85491528
6.11666667	-16.66883195	29.65946292	23.98711730	-20.09172761	-16.52693783	1.14047392	7.86267329
6.12500000	-16.50180376	29.23694577	23.45067565	-19.77763001	-16.08792771	1.10329445	7.73750154
6.13333333	-16.67557194	29.23366504	23.38163952	-19.54948285	-15.77172166	1.14106057	7.72113109
6.14166667	-16.83958556	29.19055000	23.29944680	-19.32596985	-15.46085022	1.17778331	7.68093801
6.15000000	-16.97372730	29.09364165	23.18617827	-19.07259770	-15.16151225	1.15741087	7.51950982
6.15833333	-17.09963340	29.07321995	23.06772906	-18.91626454	-14.86093949	1.21956318	7.48091707
6.16666667	-17.23957405	29.08569645	23.03596599	-18.78243448	-14.66152093	1.30202230	7.52070824
6.17500000	-17.27144836	28.92987982	22.90372990	-18.64230608	-14.55372941	1.51652377	7.66420214
6.18333333	-17.41114257	28.89664400	22.85002561	-18.46977034	-14.32012522	1.53821564	7.64191736
6.19166667	-17.53299256	28.85939261	22.79469386	-18.31034644	-14.11037453	1.52019538	7.57640578
6.20000000	-17.64252539	28.83626232	22.76479519	-18.18750008	-13.95522175	1.55179405	7.56070730
6.20833333	-17.67203360	28.72610870	22.68636542	-18.07363696	-13.90284972	1.67927976	7.72398410
6.21666667	-17.78079309	28.66693728	22.65455423	-17.90390717	-13.74163422	1.68585954	7.68345685
6.22500000	-17.88165021	28.65822355	22.64292172	-17.80985665	-13.61580271	1.74289899	7.71752889
6.23333333	-17.91528855	28.54179517	22.57918822	-17.67501123	-13.52869712	1.76364630	7.70849377
6.24166667	-17.99025184	28.53567614	22.54896406	-17.60407213	-13.40907919	1.82053003	7.73096087
6.25000000	-18.04247205	28.47922382	22.49756360	-17.48748906	-13.29180815	1.85438993	7.71069035
6.25833333	-18.04968311	28.35030131	22.40732145	-17.33830561	-13.16799714	1.87215509	7.68110319
6.26666667	-18.09074169	28.28766069	22.37665851	-17.23762117	-13.09995792	1.92561530	7.69424860
6.27500000	-17.77712905	27.71772948	21.93220285	-16.97952374	-13.02373809	2.00154163	7.69768281
6.28333333	-17.86838531	27.67796601	21.96175598	-16.83874329	-12.96255284	2.02804928	7.74561320
6.29166667	-17.94888714	27.61635480	21.98682362	-16.65335542	-12.89907670	1.98324236	7.72293953
6.30000000	-18.02005207	27.64923930	22.02751119	-16.59748171	-12.86856080	1.96686389	7.72834846
6.30833333	-18.08527225	27.73282082	22.08228554	-16.59649261	-12.87120714	2.00712985	7.76012778
6.31666667	-18.16429072	27.75046760	22.10890899	-16.51286566	-12.80994785	2.01587411	7.76814380
6.32500000	-18.24459157	27.73642024	22.15110166	-16.38900303	-12.78011235	2.01532581	7.76049141
6.33333333	-18.32182748	27.70252833	22.20388085	-16.21506236	-12.76753232	1.94221638	7.72521349
6.34166667	-18.38433005	27.70000587	22.26587808	-16.11589657	-12.78347378	1.90673554	7.73472999
6.35000000	-18.45014072	27.72607495	22.33559356	-16.05684183	-12.80268483	1.95030208	7.77048591
6.35833333	-18.51295735	27.71285087	22.38871494	-15.95470240	-12.78911786	1.92815149	7.78273477
6.36666667	-18.65461880	27.81684073	22.56565321	-15.88406808	-12.84085039	1.88267863	7.70492651
6.37500000	-18.69998787	27.82532368	22.65280830	-15.83458158	-12.92153022	1.94072117	7.73538544
6.38333333	-18.72982758	27.76960042	22.73113343	-15.70848126	-13.02163515	1.90011162	7.76692253
6.39166667	-18.72001167	27.73290085	22.77276785	-15.71495710	-13.11135643	2.06164131	7.81498819
6.40000000	-18.73985516	27.69609126	22.84804520	-15.64243942	-13.22319954	2.06336540	7.85542892
6.40833333	-18.76720989	27.68951003	22.92015386	-15.60478005	-13.31388280	2.09684854	7.91038565
6.41666667	-18.78084466	27.63844693	22.99340130	-15.51852708	-13.44149803	2.06381087	7.98242721
6.42500000	-18.80477463	27.63116713	23.07197218	-15.49639437	-13.54264668	2.10615263	8.03554300
6.43333333	-18.79820171	27.59484298	22.89764398	-15.45656670	-13.41813949	2.10790364	8.07067465
6.44166667	-18.86147247	27.62205531	22.88677784	-15.42849085	-13.36240004	2.16235716	8.11528611
6.45000000	-18.85464885	27.58625969	22.87022263	-15.38405907	-13.38396429	2.17071470	8.12643886
6.45833333	-18.88585820	27.60108020	22.90878338	-15.37527839	-13.42133392	2.21524942	8.16231335
6.46666667	-18.55773879	27.13714886	22.50476819	-15.22389878	-13.40587727	2.21575689	8.21873558
6.47500000	-18.62729220	27.19167727	22.60803164	-15.20086282	-13.45668800	2.26323725	8.23457886
6.48333333	-18.66815548	27.19774259	22.66389876	-15.16396195	-13.47910470	2.33632968	8.29295599
6.49166667	-18.77099028	27.31526373	22.77844487	-15.14811515	-13.51385027	2.36395517	8.29371869
6.50000000	-18.80317879	27.29960232	22.81233666	-15.08113439	-13.51444353	2.36341732	8.28809170
6.50833333	-18.88682223	27.40263936	22.91328770	-15.08377433	-13.51968424	2.39206606	8.29658350
6.51666667	-18.86628381	27.38756498	22.82663390	-15.08600548	-13.42896858	2.45800494	8.23046159
6.52500000	-18.92543316	27.39609068	22.91431430	-14.98861271	-13.44100964	2.42284669	8.26410185
6.53333333	-18.94179235	27.37479615	22.92250666	-14.90664996	-13.41576751	2.33740051	8.24210643
6.54166667	-18.96115334	27.37521862	22.88157980	-14.85939987	-13.31503869	2.32417619	8.20960867
6.55000000	-19.00377363	27.38772140	22.87530562	-14.79759799	-13.22158863	2.34328945	8.21214689
6.55833333	-18.93399238	27.27270561	22.73318696	-14.71060437	-13.11121372	2.27922076	8.13875534
6.56666667	-18.94595476	27.25952017	22.72823074	-14.64534670	-13.04413647	2.25187831	8.12271164
6.57500000	-18.94032401	27.23916575	22.65973943	-14.59311800	-12.92820233	2.22005353	8.09063398
6.58333333	-19.02545381	27.37744704	22.81740374	-14.62148228	-12.97913252	2.27439400	8.09169822
6.59166667	-18.99774242	27.25628666	22.72288550	-14.49268407	-12.82794001	2.22084952	8.07407226
6.60000000	-18.79859529	27.01304586	22.43198215	-14.41151741	-12.70596604	2.16104132	8.03454674
6.60833333	-18.82319414	26.97717219	22.39154084	-14.32837146	-12.57672609	2.19377985	8.05549498
6.61666667	-18.88148804	27.05395994	22.47137805	-14.32223735	-12.58239924	2.14389143	8.00029633
6.62500000	-18.95097606	27.11980200	22.55077944	-14.28227797	-12.56010725	2.19886565	8.01147038
6.63333333	-18.97063899	27.10975457	22.52558204	-14.23707105	-12.45429092	2.14057041	7.95483599
6.64166667	-19.06607632	27.23914543	22.66308823	-14.25298699	-12.47830925	2.19440594	7.96132233
6.65000000	-19.06647965	27.19243436	22.67047932	-14.17742908	-12.42726086	2.13193166	7.90947640
6.65833333	-19.12163809	27.26862981	22.76450281	-14.16450293	-12.45067764	2.20287973	7.93500891
6.66666667	-18.92956021	27.03777942	22.53863768	-14.18891266	-12.41699058	2.25611156	7.99877371
6.67500000	-18.97471723	27.08740486	22.63487844	-14.16614707	-12.44173394	2.26362361	7.91893604
6.68333333	-19.03495901	27.15457064	22.73347630	-14.11613751	-12.46543166	2.32498721	7.94586911