0.00000000	-18.71563630	25.79717562	25.54740759	-12.74985685	-12.54285115	4.15751470	8.60965585
0.00833333	-18.71669408	25.79661536	25.54667930	-12.75011304	-12.54278821	4.15718958	8.60978132
0.01666667	-18.71634514	25.79636361	25.54673778	-12.75029075	-12.54243208	4.15686666	8.60990811
0.02500000	-18.45255593	25.46045298	25.37140982	-12.93470224	-13.08363394	5.03285365	9.69578999
0.03333333	-18.45140344	25.46044926	25.37103231	-12.93429303	-13.08333426	5.03276534	9.69576759
0.04166667	-18.45099635	25.46055656	25.37063499	-12.93419996	-13.08323050	5.03272109	9.69576410
0.05000000	-18.45060978	25.46080380	25.37001329	-12.93426714	-13.08313781	5.03266757	9.69576450
0.05833333	-18.42822669	25.45103228	25.35401702	-12.95589527	-13.07011795	5.03027582	9.69595504
0.06666667	-18.42744149	25.45126185	25.35385844	-12.95615894	-13.07005558	5.03026200	9.69592566
0.07500000	-18.42740487	25.45124253	25.35327318	-12.95673731	-13.07009274	5.03024035	9.69590884
0.08333333	-18.42726092	25.44887782	25.34455731	-12.96747729	-13.06916577	5.02998841	9.69576476
0.09166667	-18.42640664	25.44892021	25.34449424	-12.96795350	-13.06896529	5.03001618	9.69575518
0.10000000	-18.42616506	25.44869134	25.34406811	-12.96858751	-13.06882127	5.03004593	9.69574739
0.10833333	-18.42566575	25.44856738	25.34374483	-12.96918808	-13.06859858	5.03008744	9.69573925
0.11666667	-18.38895022	25.43514675	25.31597221	-13.01608242	-13.05536858	5.03560132	9.69371122
0.12500000	-18.38888707	25.43502146	25.31566816	-13.01640018	-13.05536088	5.03570021	9.69366515
0.13333333	-18.38875784	25.43495455	25.31539311	-13.01674659	-13.05527745	5.03578829	9.69362232
0.14166667	-18.38811636	25.43364426	25.31167204	-13.02079857	-13.05479951	5.03679956	9.69315905
0.15000000	-18.38767420	25.43355195	25.31140752	-13.02108174	-13.05483496	5.03689314	9.69310752
0.15833333	-18.38691773	25.43362688	25.31130759	-13.02137124	-13.05475289	5.03698714	9.69306469
0.16666667	-18.38651562	25.43353649	25.31096556	-13.02179114	-13.05475546	5.03707769	9.69303127
0.17500000	-18.38231003	25.43071730	25.30529164	-13.02848812	-13.05557856	5.03852351	9.69243682
0.18333333	-18.38109589	25.43084680	25.30543760	-13.02870221	-13.05557757	5.03864658	9.69239182
0.19166667	-18.38051124	25.43057514	25.30527974	-13.02918252	-13.05563963	5.03875006	9.69234271
0.20000000	-18.12745009	25.23695021	24.93821952	-13.24850106	-12.73680786	5.41358430	9.23930169
0.20833333	-18.12690993	25.23720844	24.93834593	-13.24846646	-12.73656372	5.41354806	9.23936822
0.21666667	-18.12436086	25.23817660	24.93843603	-13.24869066	-12.73586415	5.41332184	9.23985634
0.22500000	-18.12373631	25.23836894	24.93865759	-13.24864143	-12.73584536	5.41332015	9.23990619
0.23333333	-18.12344547	25.23832591	24.93874661	-13.24877552	-12.73586497	5.41331445	9.23996079
0.24166667	-18.12230768	25.23806284	24.93920394	-13.24932748	-12.73588786	5.41329589	9.24012900
0.25000000	-18.12183138	25.23795602	24.93946118	-13.24954265	-12.73591816	5.41330259	9.24019156
0.25833333	-18.12089201	25.23791874	24.93989726	-13.24971397	-12.73591923	5.41331244	9.24025034
0.26666667	-18.11788021	25.23596713	24.94121324	-13.25209915	-12.73727697	5.41338505	9.24070517
0.27500000	-18.11744843	25.23584195	24.94121219	-13.25220507	-12.73762836	5.41340147	9.24073679
0.28333333	-18.11717114	25.23558689	24.94123511	-13.25242112	-12.73794861	5.41340677	9.24077452
0.29166667	-18.10307151	25.23553364	24.94341827	-13.25527247	-12.74457792	5.41300090	9.24126085
0.30000000	-18.10325322	25.23511491	24.94310816	-13.25573201	-12.74509888	5.41293558	9.24129034
0.30833333	-18.08229457	25.22510213	24.93272481	-13.27823885	-12.77542659	5.40757106	9.24260476
0.31666667	-18.08265623	25.22440512	24.93252809	-13.27865398	-12.77583281	5.40750446	9.24267134
0.32500000	-18.08104336	25.22453088	24.93323217	-13.27875246	-12.77579323	5.40743557	9.24274254
0.33333333	-18.07228976	25.22351225	24.93601509	-13.28128447	-12.77706914	5.40672680	9.24327784
0.34166667	-18.07193650	25.22322539	24.93589714	-13.28158540	-12.77756810	5.40664920	9.24330909
0.35000000	-18.07149431	25.22288173	24.93586440	-13.28197444	-12.77796149	5.40656660	9.24334807
0.35833333	-18.05952024	25.22094454	24.93498170	-13.28745526	-12.78545104	5.40515368	9.24377877
0.36666667	-18.05938745	25.22053707	24.93432052	-13.28805189	-12.78672624	5.40502676	9.24380727
0.37500000	-18.05899618	25.22034848	24.93392219	-13.28838957	-12.78738671	5.40494184	9.24382170
0.38333333	-18.02110886	25.20049141	24.90706433	-13.32845938	-12.84419805	5.39569966	9.24590401
0.39166667	-18.02050125	25.20051060	24.90704685	-13.32850396	-12.84430007	5.39565910	9.24600974
0.40000000	-18.01326435	25.20231758	24.90751805	-13.32917520	-12.84440978	5.39524349	9.24689684
0.40833333	-18.01303438	25.20223449	24.90726235	-13.32936457	-12.84467570	5.39519815	9.24698297
0.41666667	-18.00547581	25.20385760	24.90719109	-13.33088070	-12.84523823	5.39470746	9.24771348
0.42500000	-18.00461357	25.20383561	24.90683376	-13.33141759	-12.84559679	5.39462373	9.24784568
0.43333333	-18.00389003	25.20403110	24.90663908	-13.33162564	-12.84572327	5.39458524	9.24791071
0.44166667	-17.99565362	25.20576147	24.90354999	-13.33504094	-12.84720293	5.39416523	9.24859692
0.45000000	-17.99418498	25.20570048	24.90325903	-13.33545461	-12.84756464	5.39413619	9.24865543
0.45833333	-17.80381519	25.21035976	24.69064198	-13.56541420	-12.86880824	5.40927240	9.35941316
0.46666667	-17.79312701	25.21403992	24.69171071	-13.56433446	-12.86791992	5.40905757	9.35778485
0.47500000	-17.79387634	25.21351330	24.69124202	-13.56459853	-12.86810187	5.40902850	9.35764302
0.48333333	-17.79350228	25.21315568	24.69125856	-13.56478225	-12.86774108	5.40896366	9.35733268
0.49166667	-17.78947236	25.21310547	24.69199014	-13.56478465	-12.86574905	5.40885739	9.35548431
0.50000000	-17.78952439	25.21279028	24.69176727	-13.56482871	-12.86574225	5.40886217	9.35524695
0.50833333	-17.78702918	25.21313351	24.69269916	-13.56450636	-12.86496698	5.40889576	9.35489151
0.51666667	-17.77879704	25.21422025	24.69471613	-13.56425507	-12.86219070	5.40884680	9.35253737
0.52500000	-17.77920914	25.21391162	24.69435393	-13.56440201	-12.86233450	5.40885525	9.35226234
0.53333333	-17.76654753	25.21212064	24.69220335	-13.56983842	-12.86177018	5.40769053	9.34272834
0.54166667	-17.76492856	25.21272495	24.69251031	-13.56985394	-12.86142432	5.40766020	9.34226424
0.55000000	-17.76264730	25.21368780	24.69027629	-13.57175281	-12.86062954	5.40726189	9.33931207
0.55833333	-17.76081148	25.21497026	24.69029093	-13.57147046	-12.86058736	5.40722767	9.33893115
0.56666667	-17.75728998	25.22195091	24.68073270	-13.57553710	-12.86079058	5.40604883	9.33387586
0.57500000	-17.75497216	25.22302268	24.68174180	-13.57562842	-12.86018479	5.40602402	9.33355945
0.58333333	-17.75257300	25.22479963	24.68143106	-13.57565493	-12.85995733	5.40593304	9.33316657
0.59166667	-17.73071281	25.23088317	24.67513631	-13.60559879	-12.85808743	5.40196184	9.32005134
0.60000000	-17.72982279	25.23173263	24.67470591	-13.60575089	-12.85824706	5.40194910	9.31973410
0.60833333	-17.72879062	25.23514948	24.67100700	-13.60748346	-12.85915116	5.40190943	9.31813507
0.61666667	-17.72883421	25.23507580	24.67080991	-13.60774271	-12.85922840	5.40191464	9.31795337
0.62500000	-17.72777843	25.23543180	24.67112686	-13.60778981	-12.85900030	5.40190315	9.31776818
0.63333333	-17.72042111	25.23766482	24.67347220	-13.60878150	-12.85687309	5.40165246	9.31610262
0.64166667	-17.72070144	25.23752348	24.67325096	-13.60903646	-12.85693191	5.40160944	9.31589444
0.65000000	-17.72133167	25.23717568	24.67296445	-13.60939218	-12.85688335	5.40154296	9.31569333
0.65833333	-17.72282240	25.23710168	24.67105334	-13.61172897	-12.85436979	5.40045467	9.31275559
0.66666667	-17.72333896	25.23678506	24.67052169	-13.61188966	-12.85443575	5.40037971	9.31254519
0.67500000	-17.72284639	25.23702405	24.67054298	-13.61182866	-12.85415001	5.40030735	9.31235382
0.68333333	-17.72151664	25.23785620	24.66833699	-13.61207953	-12.84999295	5.39922560	9.30946571
0.69166667	-17.72193296	25.23764953	24.66790909	-13.61210215	-12.84991774	5.39916221	9.30927612
0.70000000	-17.72140655	25.23780784	24.66794014	-13.61197052	-12.84953714	5.39909488	9.30909199
0.70833333	-17.72402678	25.23310289	24.65198737	-13.60912186	-12.83122451	5.39442079	9.29587855
0.71666667	-17.72205426	25.23385889	24.65275737	-13.60857226	-12.83043717	5.39435993	9.29564368
0.72500000	-17.72112790	25.23372899	24.65287179	-13.60838118	-12.82958632	5.39422482	9.29532795
0.73333333	-17.71609414	25.23385954	24.65263170	-13.60735454	-12.82539458	5.39348981	9.29349126
0.74166667	-17.71620786	25.23363540	24.65224615	-13.60729050	-12.82531037	5.39341323	9.29329315
0.75000000	-17.71606373	25.23352018	24.65190863	-13.60724096	-12.82510973	5.39334334	9.29310433
0.75833333	-17.70395039	25.22416503	24.63353861	-13.60450775	-12.81532630	5.38833496	9.27978950
0.76666667	-17.70291469	25.22449612	24.63348779	-13.60416405	-12.81491022	5.38819789	9.27949179
0.77500000	-17.70169563	25.22459846	24.63317882	-13.60393299	-12.81419808	5.38791450	9.27901350
0.78333333	-17.70108020	25.22465630	24.63318404	-13.60385771	-12.81391973	5.38781179	9.27884951
0.79166667	-17.69535020	25.22423324	24.63151170	-13.60374359	-12.81164604	5.38626074	9.27649369
0.80000000	-17.69517222	25.22395005	24.63118934	-13.60379535	-12.81170701	5.38613952	9.27629746
0.80833333	-17.69389611	25.22411601	24.63143182	-13.60370944	-12.81145280	5.38601003	9.27611093
0.81666667	-17.69276554	25.22414054	24.63162584	-13.60370680	-12.81118831	5.38587260	9.27592424
0.82500000	-17.66372589	25.21196469	24.60846013	-13.61731605	-12.81402572	5.37395079	9.25837632
0.83333333	-17.66336295	25.21199668	24.60848817	-13.61734187	-12.81391896	5.37383859	9.25821343
0.84166667	-17.66272373	25.21208150	24.60859697	-13.61740791	-12.81370837	5.37373111	9.25805656
0.85000000	-17.65536626	25.21390109	24.60930980	-13.61836444	-12.81249208	5.37271811	9.25628092
0.85833333	-17.65518103	25.21383031	24.60907194	-13.61854691	-12.81263291	5.37263169	9.25609353
0.86666667	-17.65457475	25.21402146	24.60904030	-13.61863968	-12.81263591	5.37255143	9.25590773
0.87500000	-17.65459055	25.21385974	24.60865198	-13.61887559	-12.81277376	5.37246581	9.25571984
0.88333333	-17.64900094	25.21460789	24.60713505	-13.62048697	-12.81296942	5.37150780	9.25356969
0.89166667	-17.64901542	25.21438048	24.60676506	-13.62068823	-12.81315798	5.37141767	9.25336456
0.90000000	-17.64870529	25.21430598	24.60645565	-13.62083200	-12.81317034	5.37132012	9.25317213
0.90833333	-17.64768725	25.21464617	24.60647272	-13.62079228	-12.81294028	5.37121329	9.25298408
0.91666667	-17.64744064	25.21468448	24.60613971	-13.62088729	-12.81277436	5.37110570	9.25279701
0.92500000	-17.63086689	25.21391248	24.59995981	-13.62629623	-12.80407983	5.36580436	9.24264145
0.93333333	-17.63090041	25.21378010	24.59973878	-13.62640024	-12.80407623	5.36570705	9.24243061
0.94166667	-17.63049389	25.21379502	24.59975990	-13.62649846	-12.80386618	5.36560464	9.24223158
0.95000000	-17.63032858	25.21372343	24.59966611	-13.62663543	-12.80369363	5.36550788	9.24203994
0.95833333	-17.62990532	25.21380145	24.59965151	-13.62671892	-12.80343496	5.36541469	9.24185072
0.96666667	-17.62118730	25.21728995	24.59894918	-13.62695120	-12.79975672	5.36402071	9.23883331
0.97500000	-17.62210948	25.21690137	24.59823775	-13.62721791	-12.79985227	5.36392985	9.23862408
0.98333333	-17.62209429	25.21703211	24.59776898	-13.62725080	-12.79978160	5.36384006	9.23841848
0.99166667	-17.61991266	25.21827472	24.59723593	-13.62696571	-12.79915843	5.36359525	9.23788703
1.00000000	-17.61847718	25.21906921	24.59727542	-13.62672933	-12.79882028	5.36349682	9.23767963
1.00833333	-17.59783429	25.22225196	24.59167619	-13.63741820	-12.78901745	5.35700678	9.22437236
1.01666667	-17.59849611	25.22190022	24.59119197	-13.63783151	-12.78902710	5.35689601	9.22412788
1.02500000	-17.59820496	25.22201977	24.59107675	-13.63797720	-12.78896831	5.35680610	9.22388287
1.03333333	-17.59769478	25.22224681	24.59101743	-13.63809732	-12.78882761	5.35671742	9.22364283
1.04166667	-17.59709692	25.22250470	24.59096102	-13.63819333	-12.78867644	5.35663401	9.22340739
1.05000000	-17.58801125	25.22647866	24.59212499	-13.63858770	-12.78673176	5.35584362	9.22132735
1.05833333	-17.58824714	25.22629878	24.59174224	-13.63891012	-12.78682525	5.35573450	9.22107511
1.06666667	-17.58779729	25.22633789	24.59167822	-13.63915730	-12.78671364	5.35562753	9.22083427
1.07500000	-17.58701714	25.22642367	24.59178588	-13.63940062	-12.78654554	5.35552902	9.22059978
1.08333333	-17.58593290	25.22662269	24.59213249	-13.63966314	-12.78629111	5.35543793	9.22037091
1.09166667	-17.55809822	25.22623976	24.58989050	-13.67577506	-12.79124043	5.34786616	9.19176045
1.10000000	-17.55896042	25.22599657	24.58912507	-13.67609323	-12.79177820	5.34783435	9.19150990
1.10833333	-17.55866895	25.22625653	24.58890834	-13.67623412	-12.79198514	5.34781510	9.19127269
1.11666667	-17.55783617	25.22681626	24.58890765	-13.67620242	-12.79211457	5.34780597	9.19103565
1.12500000	-17.55710707	25.22747854	24.58885418	-13.67609697	-12.79225705	5.34780536	9.19079913
1.13333333	-17.55647213	25.22803423	24.58864487	-13.67601481	-12.79243250	5.34780609	9.19056340
1.14166667	-17.54287002	25.23442830	24.59076550	-13.67601553	-12.79313149	5.34759462	9.18760469
1.15000000	-17.54292763	25.23419290	24.59059945	-13.67637210	-12.79342181	5.34754867	9.18734999
1.15833333	-17.54253836	25.23407633	24.59064707	-13.67670820	-12.79358364	5.34749708	9.18710681
1.16666667	-17.54208444	25.23388679	24.59072705	-13.67709000	-12.79375301	5.34743929	9.18687330
1.17500000	-17.54119518	25.23376992	24.59097721	-13.67745629	-12.79385472	5.34737812	9.18664590
1.18333333	-17.53959152	25.23399367	24.59157626	-13.67770227	-12.79383155	5.34731778	9.18642373
1.19166667	-17.53830104	25.23406718	24.59210609	-13.67804071	-12.79388020	5.34725581	9.18619636
1.20000000	-17.51256521	25.22398914	24.58673802	-13.70942421	-12.82450162	5.34248102	9.16691893
1.20833333	-17.51157862	25.22409103	24.58690153	-13.70951759	-12.82469025	5.34245269	9.16670571
1.21666667	-17.51045979	25.22417532	24.58721482	-13.70967054	-12.82480043	5.34241942	9.16649681
1.22500000	-17.50925523	25.22427755	24.58762348	-13.70981264	-12.82490553	5.34238219	9.16628437
1.23333333	-17.50832140	25.22417266	24.58794039	-13.71005422	-12.82508761	5.34234271	9.16607233
1.24166667	-17.50677663	25.22430852	24.58857969	-13.71021503	-12.82515750	5.34230488	9.16586140
1.25000000	-17.49458982	25.22498709	24.59244953	-13.71332104	-12.82841366	5.34184840	9.16319006
1.25833333	-17.49423191	25.22486038	24.59233874	-13.71369795	-12.82890328	5.34178934	9.16294318
1.26666667	-17.49380665	25.22468618	24.59240019	-13.71408581	-12.82942927	5.34174102	9.16269687
1.27500000	-17.49294978	25.22454272	24.59266849	-13.71450295	-12.82989010	5.34168897	9.16245085
1.28333333	-17.46692898	25.21474399	24.58677603	-13.75135216	-12.88274117	5.33763153	9.14240200
1.29166667	-17.46576836	25.21475923	24.58726161	-13.75161472	-12.88282596	5.33760529	9.14222845
1.30000000	-17.46499191	25.21447280	24.58766461	-13.75208794	-12.88302098	5.33757533	9.14204944
1.30833333	-17.46377055	25.21438933	24.58827574	-13.75248738	-12.88321262	5.33754745	9.14187071
1.31666667	-17.46262948	25.21429461	24.58884616	-13.75292380	-12.88346084	5.33752340	9.14169281
1.32500000	-17.46125875	25.21439909	24.58949503	-13.75325567	-12.88370678	5.33750109	9.14151670
1.33333333	-17.42379124	25.20584769	24.58837700	-13.80131231	-12.94632447	5.33358476	9.12060760
1.34166667	-17.42315680	25.20586120	24.58849947	-13.80131305	-12.94651587	5.33359925	9.12049790
1.35000000	-17.42209420	25.20606132	24.58876122	-13.80124194	-12.94664629	5.33361212	9.12038869
1.35833333	-17.42100025	25.20636018	24.58908780	-13.80113129	-12.94676859	5.33362260	9.12028305
1.36666667	-17.42053257	25.20628610	24.58908950	-13.80124147	-12.94699408	5.33362012	9.12017592
1.37500000	-17.41964145	25.20645027	24.58936529	-13.80128501	-12.94712195	5.33361605	9.12007310
1.38333333	-17.41933622	25.20635570	24.58934224	-13.80147750	-12.94737346	5.33360276	9.11996891
1.39166667	-17.41849076	25.20656698	24.58956405	-13.80156912	-12.94750459	5.33358302	9.11986478
1.40000000	-17.41785324	25.20670614	24.58959642	-13.80171700	-12.94768356	5.33355978	9.11975895
1.40833333	-17.41673093	25.20717016	24.58987842	-13.80175332	-12.94775144	5.33353987	9.11965702
1.41666667	-17.40618476	25.21096810	24.59083471	-13.80521809	-12.95136407	5.33308392	9.11776239
1.42500000	-17.40671996	25.21059734	24.59045955	-13.80572987	-12.95187233	5.33304856	9.11763401
1.43333333	-17.40686866	25.21042611	24.59023247	-13.80617253	-12.95227432	5.33302119	9.11751557
1.44166667	-17.40680375	25.21032214	24.59008776	-13.80659492	-12.95262461	5.33299979	9.11740661
1.45000000	-17.40660712	25.21022073	24.58998495	-13.80703140	-12.95293780	5.33297995	9.11730544
1.45833333	-17.40592582	25.21036932	24.59011123	-13.80738352	-12.95315518	5.33296421	9.11721181
1.46666667	-17.40527961	25.21045837	24.59021535	-13.80776857	-12.95337257	5.33294767	9.11711674
1.47500000	-17.40436250	25.21066766	24.59044020	-13.80811698	-12.95353995	5.33293305	9.11702112
1.48333333	-17.40357083	25.21084377	24.59061669	-13.80847638	-12.95374657	5.33292278	9.11692291
1.49166667	-17.40282740	25.21100857	24.59073511	-13.80885004	-12.95399257	5.33291535	9.11682038
1.50000000	-17.39420740	25.20798979	24.58637081	-13.82901036	-12.97280855	5.33329063	9.11148743
1.50833333	-17.39234589	25.20852094	24.58704540	-13.82898941	-12.97281711	5.33332484	9.11138745
1.51666667	-17.39228864	25.20816166	24.58691049	-13.82938570	-12.97319289	5.33335061	9.11128487
1.52500000	-17.39135650	25.20824130	24.58715735	-13.82963715	-12.97338377	5.33337405	9.11118735
1.53333333	-17.39061702	25.20820658	24.58737891	-13.82999764	-12.97356758	5.33339111	9.11109291
1.54166667	-17.38995475	25.20809274	24.58760558	-13.83042996	-12.97376051	5.33340430	9.11099744
1.55000000	-17.38304609	25.20648984	24.58895898	-13.83728345	-12.97847265	5.33376993	9.10933952
1.55833333	-17.38275266	25.20643193	24.58893487	-13.83755097	-12.97896140	5.33380481	9.10921590
1.56666667	-17.38321879	25.20598187	24.58864364	-13.83804071	-12.97947766	5.33383710	9.10909953
1.57500000	-17.38316089	25.20570846	24.58852675	-13.83843553	-12.97989155	5.33387342	9.10898662
1.58333333	-17.38219119	25.20584120	24.58881198	-13.83868933	-12.98006212	5.33390653	9.10887803
1.59166667	-17.37377403	25.20645980	24.58982710	-13.84321408	-12.98439351	5.33436788	9.10713323
1.60000000	-17.37392703	25.20625471	24.58969775	-13.84355563	-12.98491580	5.33440765	9.10700347
1.60833333	-17.37485768	25.20558630	24.58909977	-13.84413989	-12.98553320	5.33444457	9.10688380
1.61666667	-17.37429114	25.20546435	24.58917126	-13.84489819	-12.98605505	5.33453476	9.10665203
1.62500000	-17.37382979	25.20518631	24.58903623	-13.84569062	-12.98651210	5.33462005	9.10644620
1.63333333	-17.36626502	25.20644673	24.59029108	-13.84890733	-12.98800709	5.33504596	9.10528591
1.64166667	-17.36635092	25.20625200	24.58993382	-13.84929948	-12.98843431	5.33508172	9.10514952
1.65000000	-17.36654810	25.20613648	24.58950010	-13.84971161	-12.98881165	5.33512422	9.10502469
1.65833333	-17.36646857	25.20619182	24.58913798	-13.85007127	-12.98909350	5.33516571	9.10490357
1.66666667	-17.36181193	25.20710691	24.58652396	-13.85531977	-12.99184419	5.33589955	9.10307036
1.67500000	-17.36172917	25.20692605	24.58633683	-13.85568268	-12.99216005	5.33596474	9.10292999
1.68333333	-17.36149904	25.20687154	24.58618167	-13.85605236	-12.99233411	5.33603227	9.10279723
1.69166667	-17.36125896	25.20679574	24.58604546	-13.85645718	-12.99246351	5.33610331	9.10266917
1.70000000	-17.35786771	25.20577497	24.58407979	-13.86316005	-12.99392442	5.33747577	9.10051002
1.70833333	-17.35758926	25.20578278	24.58398235	-13.86340313	-12.99407595	5.33758173	9.10037412
1.71666667	-17.35761842	25.20569456	24.58367886	-13.86374957	-12.99416046	5.33767790	9.10024494
1.72500000	-17.37013078	25.19951245	24.57615316	-13.87061417	-12.99437758	5.33952983	9.09850930
1.73333333	-17.30516590	24.92352117	24.57317289	-13.61356130	-12.97777142	5.39914136	8.96754319
1.74166667	-17.30556560	24.92353842	24.57293490	-13.61344142	-12.97779226	5.39908069	8.96761946
1.75000000	-17.30704801	24.92390928	24.57198490	-13.61318220	-12.97749635	5.39891251	8.96786227
1.75833333	-17.30741603	24.92412045	24.57161507	-13.61304587	-12.97730397	5.39884348	8.96794952
1.76666667	-17.30953252	24.92644819	24.56929670	-13.61155325	-12.97463353	5.39824157	8.96883637
1.77500000	-17.31011601	24.92656240	24.56888605	-13.61144781	-12.97444039	5.39819173	8.96891705
1.78333333	-17.31081669	24.92687187	24.56822604	-13.61130721	-12.97411391	5.39814396	8.96900155
1.79166667	-17.31389687	24.93162240	24.56384546	-13.60962978	-12.96850704	5.39765998	8.96986052
1.80000000	-17.31488237	24.93182176	24.56303588	-13.60960211	-12.96811111	5.39761763	8.96991845
1.80833333	-17.32177423	24.93898388	24.55516654	-13.60858318	-12.95846639	5.39713199	8.97080705
1.81666667	-17.32363421	24.93894769	24.55387372	-13.60879292	-12.95798036	5.39711579	8.97085836
1.82500000	-17.37309463	24.99215299	24.51371268	-13.63160876	-12.78345430	5.39789450	8.97726880
1.83333333	-17.37449944	24.99333018	24.51109477	-13.63110840	-12.78332444	5.39801319	8.97706884
1.84166667	-17.37611938	25.00509475	24.49967079	-13.62861481	-12.77691431	5.39892805	8.97606217
1.85000000	-17.37837655	25.00646238	24.49671361	-13.62885564	-12.77571585	5.39911813	8.97591424
1.85833333	-17.56658957	25.28003916	24.55177106	-13.75550652	-12.58832122	5.52441225	8.78197861
1.86666667	-17.56774825	25.29098838	24.54110838	-13.75625701	-12.58403436	5.52296387	8.78284699
1.87500000	-17.56847833	25.30854268	24.52600954	-13.76370254	-12.56743578	5.52059854	8.78431966
1.88333333	-17.59904800	25.42889357	24.39503580	-13.95268855	-12.26401907	5.50152736	8.78212263
1.89166667	-17.60001977	25.43994573	24.38374623	-13.95464450	-12.25912782	5.50162268	8.78177015
1.90000000	-17.59381883	25.50557116	24.32416035	-14.09269878	-12.11952159	5.50173736	8.77731282
1.90833333	-17.59423847	25.63115090	24.16813248	-14.34251991	-11.89634218	5.55904248	8.73989237
1.91666667	-17.59914484	25.64271362	24.15645463	-14.34313735	-11.89661009	5.56079762	8.73948129
1.92500000	-17.60552450	25.65742730	24.13811017	-14.35720457	-11.89170944	5.56384185	8.73924173
1.93333333	-17.55464600	25.78091418	23.91506562	-14.73968666	-11.66070457	5.99169237	8.67698511
1.94166667	-17.55797541	25.79312716	23.89964458	-14.74466366	-11.65936937	5.98975538	8.67826482
1.95000000	-17.33934484	25.46782628	23.51565444	-14.60629645	-11.58236081	5.72089940	8.81640069
1.95833333	-17.34228225	25.48210899	23.49882527	-14.61375710	-11.58622850	5.71923452	8.81639845
1.96666667	-17.30985186	25.65971722	23.33609162	-15.03814206	-11.39160887	5.76806489	8.83459199
1.97500000	-17.28880458	25.68357083	23.29054346	-15.14230542	-11.37556822	5.77198832	8.83987491
1.98333333	-17.21733950	25.79636877	23.11467827	-15.50162630	-11.21927563	5.98216013	8.86107972
1.99166667	-17.19324826	25.81552596	23.07039068	-15.59135299	-11.21434082	5.98396415	8.86368316
2.00000000	-17.11306628	25.83865950	22.97596744	-15.82576264	-11.19863160	6.00436479	8.86955655
2.00833333	-17.03076232	25.96308636	22.75158129	-16.23974354	-11.01835767	6.35699375	8.91160825
2.01666667	-16.95842453	25.94459989	22.67255043	-16.38428766	-11.03579246	6.36383818	8.91416737
2.02500000	-16.47439087	25.31372179	22.00570703	-16.21770346	-10.89144783	6.22159267	8.94778309
2.03333333	-16.44880474	25.33600130	21.97178829	-16.32289309	-10.91559392	6.21926608	8.95259624
2.04166667	-16.36592787	25.36623533	21.90849644	-16.57499013	-10.96250921	6.23196349	8.96645744
2.05000000	-16.28321912	25.51480590	21.86051939	-17.01483397	-11.05668044	6.53961986	9.08513020
2.05833333	-16.27004905	25.52324603	21.83236849	-17.08030414	-11.07734732	6.54282158	9.09073022
2.06666667	-16.15832164	25.56058958	21.73784397	-17.43448591	-11.16673763	6.83924459	9.22788378
2.07500000	-16.15356722	25.56658153	21.70898054	-17.49128707	-11.19075042	6.83592628	9.22971606
2.08333333	-16.02586969	25.59611569	21.61624164	-17.86658540	-11.32904862	7.06559396	9.38657653
2.09166667	-16.01035898	25.58756070	21.58044420	-17.94366395	-11.37446373	7.06182696	9.39017500
2.10000000	-15.88922187	25.56330948	21.51794865	-18.18437724	-11.52586693	7.09283918	9.42203744
2.10833333	-15.63562000	25.24276325	21.22703953	-18.14794880	-11.54228440	6.99313116	9.66127274
2.11666667	-15.63436976	25.24317126	21.20939170	-18.20515778	-11.59568290	7.00013426	9.65677640
2.12500000	-15.52691697	25.22681095	21.16760545	-18.47770741	-11.81613305	7.05955029	9.67438571
2.13333333	-15.47413379	25.28529903	21.24825720	-18.71486960	-12.15219391	7.40979325	9.88058732
2.14166667	-15.46665540	25.28161463	21.22633290	-18.76994305	-12.20605593	7.41334179	9.88492901
2.15000000	-15.27774734	25.12010286	21.07733431	-18.91820717	-12.37979828	7.48134282	10.24063324
2.15833333	-15.27204583	25.11429847	21.06088349	-18.96809527	-12.45130869	7.48626081	10.24129284
2.16666667	-15.09851268	25.07553967	21.09974007	-19.29963100	-12.95129315	7.65531872	10.40233577
2.17500000	-15.01096790	25.01398531	21.10933700	-19.41535906	-13.27104474	7.84697006	10.61332764
2.18333333	-14.94789316	24.96743446	21.08427353	-19.54050718	-13.45595532	7.85382044	10.62835473
2.19166667	-14.77635734	24.76359759	20.95791938	-19.56076847	-13.58981548	7.72225126	10.74979250
2.20000000	-14.70544385	24.70566521	20.98492297	-19.67665522	-13.88816426	7.75629184	10.74813593
2.20833333	-14.59904248	24.65010524	21.16932805	-19.83797102	-14.51555734	7.92627872	10.91296554
2.21666667	-14.50023902	24.60207357	21.28992247	-20.00356797	-15.03419809	8.07966526	11.10786657
2.22500000	-14.41763564	24.55252411	21.43469810	-20.13439925	-15.58207243	8.21312893	11.28532403
2.23333333	-14.42445964	24.56221419	21.68698837	-20.19982578	-16.13627082	8.42832035	11.65716654
2.24166667	-14.30334733	24.49072540	21.86025984	-20.35700937	-16.74348942	8.43771272	11.64546471
2.25000000	-14.27939309	24.46273109	22.17064852	-20.42735879	-17.44910062	8.64630680	11.98471244
2.25833333	-14.14654662	24.38042743	22.38071691	-20.56232242	-18.10234502	8.64251287	11.93165349
2.26666667	-14.52657217	24.93316702	23.14879675	-20.80793295	-18.61565724	8.72738490	11.66800052
2.27500000	-14.41704105	24.82444432	23.38348332	-20.90960337	-19.38160863	8.82154766	11.67500217
2.28333333	-14.31216328	24.72585234	23.69486533	-20.98624876	-20.24292167	9.02203215	11.86822190
2.29166667	-14.15517466	24.59124893	23.94683511	-21.09884975	-21.06029297	9.05745224	11.84072827
2.30000000	-13.99093122	24.40207743	24.27097854	-21.12536023	-22.01590595	9.19741708	11.98089430
2.30833333	-13.83749416	24.26920935	24.55050033	-21.23349684	-22.88250911	9.20368183	11.88702522
2.31666667	-14.20139742	24.81691396	25.48438358	-21.49160974	-23.76671360	9.22730451	11.26943021
2.32500000	-14.02371845	24.61701712	25.78940576	-21.54580807	-24.75270120	9.27114025	11.18923346
2.33333333	-13.85896333	24.47321539	26.25494941	-21.64497963	-25.97413702	9.47840256	11.09250434
2.34166667	-13.71392364	24.32736424	26.80939756	-21.69959203	-27.22641847	9.57652345	10.74158030
2.35000000	-13.56688004	24.19008693	27.42613451	-21.76046983	-28.55045861	9.63046578	10.25337207
2.35833333	-13.33357897	23.89512976	27.90138735	-21.73733327	-29.83981495	9.60729068	9.95078246
2.36666667	-13.45319421	24.13528356	29.01210142	-21.89644296	-31.29409044	9.60766892	8.38045358
2.37500000	-13.19111257	23.89178890	29.64615692	-22.00518031	-32.86777468	9.81346275	8.07083217
2.38333333	-12.96653212	23.62003318	30.44555986	-21.95837708	-34.51840686	9.90602884	7.24254052
2.39166667	-12.69399885	23.42080013	31.12408697	-22.14002078	-36.06092033	9.96043443	6.59027560
2.40000000	-12.49652337	23.17981425	31.94104802	-22.11128716	-37.66804904	10.02277566	5.53750423
2.40833333	-12.31135284	23.01989157	32.74831488	-22.19085006	-39.19429380	10.11967218	4.48483617
2.41666667	-12.01566588	22.77988789	33.37011409	-22.35645267	-40.65814254	10.15297637	4.00352548
2.42500000	-11.74709208	22.46414989	34.11704882	-22.34313776	-42.18814195	10.27999101	3.02457662
2.43333333	-11.44408592	22.20151927	34.69076250	-22.48970588	-43.51208474	10.31873587	2.65413449
2.44166667	-11.13185238	21.86259602	35.32381824	-22.54871185	-44.84470297	10.52797841	1.82539298
2.45000000	-10.88216395	21.59495610	35.85435684	-22.59786573	-45.91397722	10.51212885	1.70095025
2.45833333	-10.62839928	21.39339874	36.41018947	-22.76209934	-46.96003946	10.77221864	1.36103478
2.46666667	-10.41407091	21.19064032	36.90380333	-22.84984043	-47.76979867	10.74500875	1.35851964
2.47500000	-10.21428968	21.07841954	37.36450994	-23.06583915	-48.48966938	10.84753573	1.60833413
2.48333333	-10.05297711	20.91652724	37.82029235	-23.14479567	-49.03386789	10.89723190	1.77157922
2.49166667	-9.90773779	20.88074982	38.23154730	-23.39710730	-49.43303627	11.07406552	2.23999801
2.50000000	-9.77132704	20.71990475	38.62104508	-23.43647432	-49.69346675	11.09434629	2.31374729
2.50833333	-9.68153099	20.78950780	39.02087394	-23.77297635	-49.83522627	11.34095271	2.87334934
2.51666667	-9.57427368	20.65588804	39.38320772	-23.80863243	-49.83162594	11.36277850	2.91927541
2.52500000	-9.44742916	20.52279007	39.67971152	-23.88733437	-49.69499205	11.37599462	2.95298009
2.53333333	-9.40565563	20.67236246	40.03066188	-24.29877426	-49.50230845	11.73191196	3.36153819
2.54166667	-9.32721316	20.56819809	40.32247345	-24.36056482	-49.16493331	11.75699087	3.38108193
2.55000000	-9.25552734	20.49996140	40.56995805	-24.47709409	-48.69147934	11.81177347	3.37810584
2.55833333	-9.16306241	20.48530996	40.68211926	-24.74251231	-48.02029481	12.09073588	3.11087370
2.56666667	-9.01488287	20.36376650	40.77528209	-24.91289582	-47.33349675	12.18071125	2.86452739
2.57500000	-8.96066558	20.32528698	40.91903153	-25.05830040	-46.55960426	12.24266454	2.73617695
2.58333333	-8.81945596	20.21758063	40.95359751	-25.26652232	-45.69220782	12.41299114	1.89829532
2.59166667	-8.67124367	20.07543407	40.93852398	-25.43368184	-44.72993452	12.54140833	1.10444361
2.60000000	-8.49602955	19.89834102	40.88022269	-25.56861471	-43.72773267	12.65929511	0.08601498
2.60833333	-8.23872950	19.63354932	40.69195837	-25.73507073	-42.65152824	12.74175635	-1.16238063
2.61666667	-8.16294709	19.56187479	40.62626402	-25.92848491	-41.44474698	12.89751485	-2.22599689
2.62500000	-7.94381414	19.34815538	40.40661150	-26.10968037	-40.23062992	13.05255980	-3.92940156
2.63333333	-7.86257632	19.27790066	40.27200519	-26.33444854	-38.92732043	13.24734705	-5.22379921
2.64166667	-7.62298009	19.01977540	39.95050262	-26.51180855	-37.59736082	13.42937440	-7.25213135
2.65000000	-7.56863970	18.98822201	39.75838274	-26.76973028	-36.19289258	13.65054005	-8.67239819
2.65833333	-7.40611368	18.84975260	39.45050293	-27.02758882	-34.81694638	13.89206361	-10.83223877
2.66666667	-7.38063550	18.88014560	39.26845535	-27.34590146	-33.39536806	14.14154488	-12.30540994
2.67500000	-7.22380552	18.78531420	38.96044430	-27.67897714	-32.01072243	14.40433709	-14.54553340
2.68333333	-7.07538707	18.72801414	38.63064972	-28.04894884	-30.58640875	14.67024776	-16.44948438
2.69166667	-7.06077984	18.81610203	38.39671836	-28.46513695	-29.17015812	14.95986629	-17.80339753
2.70000000	-6.93009730	18.83061548	38.03324719	-28.92860030	-27.81218818	15.26411712	-19.66160160
2.70833333	-6.87093200	18.92324181	37.67251252	-29.43638030	-26.43238572	15.58751757	-21.05766167
2.71666667	-6.92519205	19.13561040	37.39470489	-29.92988301	-25.06500915	15.88944330	-21.97137902
2.72500000	-6.88667406	19.30334784	37.06449727	-30.53717022	-23.84236475	16.25119096	-23.27560678
2.73333333	-6.88342066	19.49675365	36.79640600	-31.08051543	-22.63287785	16.55693069	-23.91572846
2.74166667	-6.90661094	19.74641782	36.53734377	-31.73228752	-21.51700475	16.97975761	-24.78922559
2.75000000	-6.93521342	20.02545381	36.18570052	-32.41739228	-20.34308675	17.36974124	-25.47700385
2.75833333	-6.92803443	20.21489447	35.88773806	-33.00728157	-19.37654823	17.55697366	-25.52063816
2.76666667	-6.95145476	20.54369077	35.58050130	-33.78957830	-18.33028174	18.30944560	-26.65764703
2.77500000	-6.92535355	20.74773047	35.28362027	-34.45960832	-17.51119147	18.51227021	-26.69610474
2.78333333	-7.10061020	21.28605735	35.07474489	-35.35775792	-16.57853117	19.34067278	-27.32418044
2.79166667	-7.08897767	21.51878678	34.77350026	-36.06307340	-15.86590466	19.56606414	-27.37057490
2.80000000	-7.24145860	22.05476945	34.67486471	-36.97362595	-15.16729119	20.42186466	-27.93269622
2.80833333	-7.29705910	22.37417756	34.39946942	-37.72528672	-14.51206319	20.78321603	-28.05672748
2.81666667	-7.41393541	22.84042978	34.24564589	-38.63077987	-14.04216810	21.45917914	-28.24891871
2.82500000	-7.38654617	23.07584267	33.93650392	-39.37866993	-13.56799634	21.69272424	-28.22411309
2.83333333	-7.45747250	23.47022089	33.84072625	-40.26150384	-13.27521430	22.55390218	-28.49140105
2.84166667	-7.57381429	23.92674767	33.63339802	-41.20534940	-12.89213210	23.24506416	-28.56461961
2.85000000	-7.52566005	24.11271735	33.31027170	-41.94907908	-12.62257175	23.48238395	-28.51934797
2.85833333	-7.51379482	24.36664864	33.14801024	-42.78760448	-12.55000823	24.36631855	-28.61444241
2.86666667	-7.45506919	24.57184927	32.80630807	-43.60394633	-12.32955452	24.68589710	-28.56820773
2.87500000	-7.47880775	24.84528252	32.61045825	-44.45365226	-12.30510596	25.58284387	-28.57292068
2.88333333	-7.50016355	25.17506013	32.44439433	-45.36182628	-12.28879538	26.22450986	-28.49542857
2.89166667	-7.39719939	25.27430662	32.06097083	-46.12917496	-12.23060128	26.32658434	-28.46388613
2.90000000	-7.46299252	25.61207723	31.87884983	-47.01830954	-12.21794702	27.33330858	-28.42155002
2.90833333	-7.35474455	25.73125841	31.50325440	-47.82347519	-12.20256446	27.43100646	-28.39257544
2.91666667	-7.58115085	26.29754796	31.55117445	-48.82394168	-12.20724437	28.49906266	-28.18719365
2.92500000	-7.58694544	26.54435226	31.33611883	-49.67448328	-12.33620908	29.07518272	-28.24683882
2.93333333	-7.77092691	27.08184967	31.32324480	-50.67824266	-12.36703209	29.65368818	-28.29739614
2.94166667	-7.68602404	27.23095931	31.05177994	-51.50173314	-12.47954005	30.20683182	-28.37165754
2.95000000	-7.67054377	27.41120900	30.64383695	-52.32172306	-12.38147006	30.46709688	-28.37063108
2.95833333	-7.63054211	27.62097677	30.44516511	-53.21917535	-12.52028635	31.22550218	-28.50116271
2.96666667	-7.74228394	27.96543155	30.28329754	-54.08094185	-12.57026745	31.79460951	-28.51262532
2.97500000	-7.69615335	28.09870898	29.86863159	-54.88579761	-12.54120834	31.87584967	-28.49313102
2.98333333	-7.89053099	28.59591336	29.89219411	-55.85038545	-12.59381350	32.81035211	-28.48737220
2.99166667	-7.87461353	28.78871249	29.56489698	-56.70636194	-12.62531750	33.15411270	-28.54979056
3.00000000	-7.86924006	28.99658296	29.26344341	-57.57759808	-12.69946488	33.66553941	-28.64267746
3.00833333	-7.88066149	29.25066793	29.09388909	-58.48954658	-12.91805781	34.26530464	-28.78435929
3.01666667	-7.86163087	29.47256285	28.77337064	-59.41582488	-12.96416265	34.63152271	-28.89550022
3.02500000	-8.09684520	29.93804296	28.67421820	-60.38032591	-13.12199493	35.27126492	-29.02543223
3.03333333	-8.14755918	30.23292137	28.41660893	-61.31589982	-13.20240830	35.50995841	-29.03741897
3.04166667	-8.78401871	31.23126340	28.74757285	-62.46501442	-13.40305878	36.01502466	-28.50001628
3.05000000	-8.72696686	31.45176273	28.51480283	-63.43774451	-13.63227668	36.39029340	-28.12499050
3.05833333	-9.01990909	32.00368544	28.27009773	-64.54834650	-13.57978004	36.68832926	-26.68552106
3.06666667	-9.17628149	32.50309508	28.32405366	-65.61223268	-13.86328927	36.97439452	-24.85957669
3.07500000	-9.22803834	32.85175214	28.11679178	-66.68176401	-14.13589555	37.26449545	-22.39765486
3.08333333	-9.56085216	33.54569433	28.20678796	-67.82571837	-14.39088226	37.39359537	-19.85213236
3.09166667	-9.45479858	33.71308240	27.79530803	-68.96674011	-14.44482521	37.48718394	-17.81117988
3.10000000	-9.68037491	34.27930822	28.01241450	-70.02561223	-15.08741434	37.53799989	-14.99048375
3.10833333	-9.60115717	34.45588892	27.62370969	-71.15493462	-15.19066673	37.56613011	-12.81160570
3.11666667	-9.63636421	34.83463509	27.59601854	-72.32454348	-15.50227654	37.46588707	-10.81763765
3.12500000	-9.60288296	35.14848053	27.55418021	-73.50299745	-15.92720050	37.31950755	-8.92983875
3.13333333	-9.41917439	35.27110254	27.46688420	-74.60434026	-16.42635321	37.10720221	-7.18509940
3.14166667	-9.47920906	35.64874786	27.48966176	-75.72137329	-16.93236653	36.81634256	-5.28761273
3.15000000	-9.26712712	35.75872590	27.46205018	-76.84154062	-17.62714179	36.44780578	-3.93796820
3.15833333	-9.04781539	35.89244573	27.43557831	-77.99472244	-18.20825743	35.99437312	-2.23123265
3.16666667	-8.85418373	36.04000891	27.40084902	-79.12022627	-18.88668199	35.42504291	-0.85785115
3.17500000	-8.72493565	36.30036505	27.34358203	-80.33222654	-19.38322477	34.73853982	0.66312687
3.18333333	-8.49575289	36.50273605	27.30251088	-81.55887124	-20.04111645	33.90609141	1.84354400
3.19166667	-8.22988777	36.75310839	27.17232111	-82.84966198	-20.59472818	32.86274345	3.07575819
3.20000000	-8.12914482	37.23388061	27.00061238	-84.22463070	-20.86735835	31.64541265	4.41924563
3.20833333	-8.02264983	37.76069481	26.91264111	-85.62478855	-21.26937182	30.16537722	5.55622393
3.21666667	-8.17810633	38.75932455	27.29750074	-87.04968030	-21.88157984	27.88125444	6.34838488
3.22500000	-7.89541987	39.24377311	27.00187449	-88.54933989	-22.27212921	26.28938802	7.36967528
3.23333333	-8.01897043	40.32119146	27.28023394	-90.04018397	-22.92758082	23.88562462	8.39879370
3.24166667	-7.70559834	40.89734303	27.05641890	-91.59256888	-23.42664675	22.06092274	8.98601517
3.25000000	-7.72973933	41.92315595	27.32552512	-93.01255302	-24.10873683	19.46146479	9.50977604
3.25833333	-7.39483782	42.51119293	26.95158050	-94.45096626	-24.53346123	17.59904293	10.03435829
3.26666667	-6.96500927	43.03263346	26.49596695	-95.88535841	-24.93298934	15.67380221	10.46401782
3.27500000	-6.53506639	43.52563121	26.11193417	-97.21846709	-25.37036012	14.02710748	10.85299817
3.28333333	-5.83175009	43.69020623	25.13887267	-98.43086310	-25.41680202	12.39182524	11.09031712
3.29166667	-5.50066590	44.23671012	24.62504238	-99.54593334	-25.57870392	11.24822849	11.48851764
3.30000000	-5.04382493	44.65736701	23.93320270	-100.50326221	-25.60779220	10.28839639	11.87542929
3.30833333	-4.45582211	44.80724719	23.03109305	-101.13521100	-25.46317596	9.53984357	12.00220083
3.31666667	-4.17151230	45.28755022	22.45541809	-101.65616906	-25.35214009	9.65687792	12.30796680
3.32500000	-3.87653543	45.68577615	21.82730988	-101.88863786	-25.12220022	9.14433832	12.48948048
3.33333333	-3.59270146	46.04545636	21.13283248	-101.87770761	-24.78690025	9.08304361	12.53822939
3.34166667	-3.47560450	46.51203406	20.50374149	-101.64341466	-24.36268372	8.96123892	12.63836056
3.35000000	-3.16702258	46.73478390	19.78604769	-101.18866665	-23.95645423	8.60635599	12.55666135
3.35833333	-2.92837096	46.98368675	19.11867802	-100.54724104	-23.51829158	8.09216204	12.43316463
3.36666667	-2.82743885	47.38527482	18.52479092	-99.71044053	-23.08824203	7.33444804	12.36768820
3.37500000	-2.90335428	47.89339316	18.26571801	-98.69245923	-22.77481992	6.33459120	12.39263705
3.38333333	-2.65904033	47.94986246	17.61336683	-97.46235187	-22.36700585	5.65360418	12.25961830
3.39166667	-3.01870067	48.68928964	17.54566500	-96.20402632	-22.03581917	4.76585167	12.38225898
3.40000000	-3.13798297	49.04888620	17.25309811	-94.78046814	-21.61641932	4.86573883	12.46168111
3.40833333	-3.23671491	49.32039233	16.97729941	-93.20186377	-21.26097937	4.86504443	12.48823383
3.41666667	-3.35312595	49.52618047	16.70871668	-91.48153161	-20.91216641	4.69664057	12.50359860
3.42500000	-2.97320156	49.04105039	15.84799250	-89.44600331	-20.50951634	3.29140700	12.35095894
3.43333333	-3.15943359	49.19385611	15.71593867	-87.49330977	-20.27640950	3.04285227	12.47459393
3.44166667	-3.39856241	49.33426256	15.60254198	-85.39432091	-20.02460212	2.34757606	12.56519257
3.45000000	-3.56435597	49.31208863	15.48274102	-83.19177307	-19.89286055	1.65293504	12.70398676
3.45833333	-3.66335510	49.11814014	15.38258053	-80.86433925	-19.82736906	0.75904911	12.87097333
3.46666667	-3.80864096	48.86932678	15.25531837	-78.39642515	-19.74622419	-0.30933955	13.10112588
3.47500000	-3.94509046	48.53482209	15.13110807	-75.81909042	-19.73458100	-1.65116826	13.39210111
3.48333333	-3.74230661	47.66546462	14.65265021	-72.92312905	-19.83945756	-4.24462222	13.82694279
3.49166667	-3.92895885	47.25226197	14.65237459	-70.23176245	-19.94454415	-5.86731500	14.16561789
3.50000000	-3.61539479	46.09519798	14.29317792	-67.24524743	-20.13627111	-8.55392582	14.42103261
3.50833333	-3.45815653	45.10801305	14.12062372	-64.27047208	-20.42931342	-11.14795835	14.66681881
3.51666667	-3.53360190	44.39501564	14.22313528	-61.40118917	-20.90555055	-12.90451127	15.08290609
3.52500000	-3.36377225	43.22547086	13.88657893	-58.23647507	-21.25860112	-16.18552920	15.71282078
3.53333333	-3.65517462	42.58093334	14.03812335	-55.27246289	-21.69124653	-17.84340299	16.25011213
3.54166667	-3.70952034	41.66821932	14.23022822	-52.33836967	-22.43985378	-19.50128850	16.86266455
3.55000000	-3.41828010	40.22366338	14.12553379	-49.26307783	-23.18859987	-21.13885938	17.65226780
3.55833333	-3.48763848	39.29833945	14.35629776	-46.37385258	-24.03464422	-22.64830710	18.24793415
3.56666667	-3.50416995	38.25087869	14.54922925	-43.49978564	-24.91146895	-24.00042106	18.94149221
3.57500000	-3.55939162	37.21924976	14.80408290	-40.64948431	-25.87673908	-25.10791851	19.78328267
3.58333333	-4.11824462	37.48348942	15.97522739	-39.31421004	-27.40488796	-14.73897366	20.91970271
3.59166667	-4.31853012	36.64478535	16.23174625	-36.71838626	-28.27911115	-15.70087068	21.74756213
3.60000000	-4.35780292	35.71051528	16.53153381	-34.40105853	-29.39430359	-15.70357800	22.85587433
3.60833333	-4.44935302	34.86486242	17.02129850	-32.12465104	-30.68010398	-16.45977489	23.72518849
3.61666667	-4.68214977	34.22566926	17.64983238	-30.13546227	-32.01739946	-16.46769459	24.94705605
3.62500000	-4.75365092	33.45590999	18.10412025	-28.21492527	-33.26757402	-16.97325765	25.82282769
3.63333333	-4.84942586	32.75592745	18.59851216	-26.47482419	-34.59951867	-17.31388283	26.88236701
3.64166667	-5.15059575	32.40572694	19.16949489	-25.11325534	-35.83746503	-17.15088325	28.10211998
3.65000000	-5.48391096	32.09508758	19.87712611	-23.77684349	-37.20016214	-17.39705641	29.28866540
3.65833333	-5.75411899	31.78084540	20.58916857	-22.67645258	-38.52471285	-17.65389369	30.33772796
3.66666667	-5.91429971	31.31817097	21.10122343	-21.50250857	-39.86911331	-17.97365196	31.27445321
3.67500000	-6.13105410	30.96328672	21.68502469	-20.50926629	-41.22152986	-18.29295863	32.36891391
3.68333333	-6.78921983	31.19744316	22.84500675	-19.84540521	-42.64625907	-18.38410424	33.58627271
3.69166667	-6.91516306	30.75825008	23.30944149	-19.03758410	-43.97972666	-18.53571608	34.42103488
3.70000000	-7.12009351	30.46837289	23.87059930	-18.38995358	-45.31146473	-18.63573101	35.42524862
3.70833333	-8.00293861	31.04817564	25.44885722	-18.07421377	-46.90009476	-18.56153779	36.38878764
3.71666667	-8.06164015	30.57976957	25.80110273	-17.58248908	-48.21225303	-18.47054329	37.21778681
3.72500000	-8.09407055	30.15378186	26.29107701	-17.24520556	-49.65906900	-18.33471782	38.13403012
3.73333333	-8.19719947	29.78815335	26.87474184	-16.98361496	-51.05939747	-18.32352447	38.97368770
3.74166667	-8.78686870	30.05096461	27.89285300	-16.89376067	-52.55540474	-18.22820408	40.02079587
3.75000000	-8.78662607	29.70686619	28.21292300	-16.91669345	-53.90681893	-18.26995320	40.74382540
3.75833333	-8.91181847	29.43922676	28.76183172	-16.85743557	-55.36508870	-18.41105455	41.65566937
3.76666667	-9.19943688	29.40655882	29.39283053	-16.96728682	-56.73021325	-18.24832728	42.54311865
3.77500000	-9.31946714	29.19676198	29.95968515	-17.10607384	-58.22035307	-17.64514347	43.27861162
3.78333333	-9.68571084	29.34515190	30.76477409	-17.48443890	-59.72283117	-16.30981522	44.10789398
3.79166667	-9.87994995	29.16024158	31.39372817	-17.62585212	-61.23228664	-14.35763305	44.66781681
3.80000000	-10.14208205	29.28002758	32.19098887	-18.18655183	-62.87845653	-11.80552455	45.26657339
3.80833333	-10.11360606	29.00493802	32.57128358	-18.39013175	-64.44427880	-9.22265661	45.58658974
3.81666667	-10.40363955	29.16996130	33.49664990	-18.95459143	-66.26392335	-6.19485592	45.87846318
3.82500000	-10.31988856	28.81930857	33.96539376	-19.21641844	-68.01004699	-3.69304249	45.90982815
3.83333333	-10.32148420	28.71899756	34.57998384	-19.66402547	-69.92819076	-1.22252235	45.75600173
3.84166667	-10.83267372	29.40100827	36.07958312	-20.43549280	-72.24042484	1.12292450	45.07716240
3.85000000	-10.63223303	29.22194582	36.60562904	-21.03003818	-74.29665829	3.17237368	44.51132526
3.85833333	-10.75281681	29.59215381	37.84319222	-21.83263971	-76.89112662	5.09093484	43.40855421
3.86666667	-10.65496402	29.70652503	38.95196099	-22.62058226	-79.50408646	6.84131968	42.10102672
3.87500000	-10.33756435	29.55986347	39.77645992	-23.35559388	-82.04823154	8.58171627	40.78777557
3.88333333	-10.26346872	29.79159264	41.11276309	-24.22314825	-84.90490637	9.86665564	38.80719246
3.89166667	-9.99587713	29.79513435	42.29494199	-25.10616757	-87.58541563	11.19289526	36.85327611
3.90000000	-9.52342767	29.58900374	43.34200983	-25.97298712	-90.16889174	12.29252417	34.74518262
3.90833333	-9.09185418	29.43615433	44.26924194	-26.91070957	-92.46359171	13.42959644	32.79582098
3.91666667	-8.68695458	29.49675772	45.34925965	-28.10940519	-94.73390629	14.06898217	30.70275241
3.92500000	-8.11636382	29.36301582	46.16402439	-29.35753058	-96.57484924	14.79582225	28.99929289
3.93333333	-7.54941888	29.28525095	46.78927868	-30.70040135	-97.98894753	15.44747082	28.28287950
3.94166667	-6.89979300	29.02550843	47.29691492	-31.87612653	-99.18802307	16.27442755	27.44227994
3.95000000	-5.71726568	27.70096453	46.95196024	-31.67546593	-99.80184426	8.07755833	27.02586539
3.95833333	-5.19697481	27.35808394	47.35787144	-32.52193883	-100.17508313	8.68122025	27.13784989
3.96666667	-4.62492678	26.82628677	47.60885110	-33.07637746	-100.23465725	9.18931448	27.34215604
3.97500000	-4.27805936	26.40710123	48.01582193	-33.48328036	-99.98067961	9.66455340	27.53674040
3.98333333	-3.98134577	25.88645550	48.38020458	-33.59088504	-99.45523362	10.11912949	27.67363651
3.99166667	-3.89155639	25.58790449	48.93067787	-33.66389896	-98.74178802	10.18762088	27.68005902
4.00000000	-3.69566312	25.02312184	49.30999194	-33.48865491	-97.78662811	10.71531550	27.58564500
4.00833333	-3.12510773	23.96310211	49.07707132	-33.16895006	-96.54789793	10.92564275	27.65101389
4.01666667	-3.13614905	23.63710916	49.52288203	-33.02235130	-95.21003032	10.93819180	27.25367297
4.02500000	-3.11796016	23.28571770	49.87001873	-32.89184717	-93.71333754	11.11373095	26.76964570
4.03333333	-3.15032704	22.96688104	50.14079469	-32.77326949	-92.03971568	11.32211585	26.14262822
4.04166667	-2.84721209	22.26331049	50.04485211	-32.60905584	-90.26350718	11.51264903	25.10100724
4.05000000	-2.86489647	21.93787209	50.12518770	-32.48317328	-88.19741098	11.66131175	24.21542259
4.05833333	-2.74676450	21.52858479	49.95001816	-32.48627683	-86.02331564	11.87609205	22.80226550
4.06666667	-2.48523445	20.85110769	49.60427538	-32.30220242	-83.70244173	12.04740815	21.15829362
4.07500000	-2.44384029	20.51833931	49.37228570	-32.27511071	-81.24617415	12.23721000	19.30248926
4.08333333	-2.55791817	20.34326731	49.19597180	-32.27754553	-78.63150990	12.44492599	17.17881279
4.09166667	-2.57304844	20.06377513	48.86355189	-32.25469659	-75.88990160	12.66027011	14.59291142
4.10000000	-2.50314566	19.65288312	48.37586472	-32.10522282	-73.05279059	12.85191610	11.71233148
4.10833333	-2.64622196	19.55013719	47.92710994	-32.14353579	-70.10631519	13.08335808	8.85370653
4.11666667	-2.85738607	19.52458398	47.61584280	-32.29023265	-67.06181670	13.46717844	5.41391881
4.12500000	-2.89142942	19.35390485	46.93317114	-32.42582078	-63.94897709	13.77567234	2.49472319
4.13333333	-2.96548952	19.17708190	46.24416271	-32.45857092	-60.80858073	14.08507817	-0.65306443
4.14166667	-2.98478847	18.90705684	45.47705451	-32.53716813	-57.58091464	14.43310254	-3.84668516
4.15000000	-3.12859898	18.88118919	44.69207287	-32.83970311	-54.34731553	14.93187971	-6.76435264
4.15833333	-3.06101443	18.57863434	43.71343689	-33.02462810	-51.13124148	15.40597185	-9.69402797
4.16666667	-3.09021570	18.56313198	42.77677552	-33.54600679	-48.01541568	16.00897041	-12.23153197
4.17500000	-2.85545949	18.26056105	41.48796542	-33.90887322	-44.97049602	16.44056664	-14.76545682
4.18333333	-2.85604206	18.21503448	40.49653297	-34.44753212	-42.07782118	16.98051070	-16.85310463
4.19166667	-2.80407682	18.14058114	39.37270539	-35.05299278	-39.25604355	17.51673496	-18.87669184
4.20000000	-2.75956063	18.16795146	38.29387784	-35.85707257	-36.62978464	18.22254737	-20.60495209
4.20833333	-2.87983989	18.37505505	37.44139527	-36.67509196	-34.30268389	18.91854740	-22.13731292
4.21666667	-2.89962727	18.48595280	36.44032510	-37.51915237	-32.02767757	19.56827394	-23.69714470
4.22500000	-3.00421031	18.72140149	35.65149961	-38.43177637	-30.15017987	20.31356192	-24.81556113
4.23333333	-3.17460779	19.07506660	34.93164689	-39.43404715	-28.40432278	21.04742998	-25.88845499
4.24166667	-3.33346592	19.40197370	34.19338918	-40.43184593	-26.78086951	21.74657712	-26.94250685
4.25000000	-3.51400562	19.72447577	33.58051231	-41.41770310	-25.46552737	22.55225583	-27.48949013
4.25833333	-3.93253345	20.45417163	33.21374840	-42.63294830	-24.11537207	23.28016056	-28.71926884
4.26666667	-4.12790863	20.85775196	32.54220593	-43.74493461	-22.91419385	24.17699516	-29.00891668
4.27500000	-4.47302824	21.48060104	32.09213975	-44.93747417	-21.81368737	24.96592166	-29.54843657
4.28333333	-4.70925874	21.90860255	31.49089213	-46.05290554	-20.78606674	25.75943300	-29.72671428
4.29166667	-5.07584253	22.62600605	31.03933976	-47.38801584	-19.78073822	26.67363208	-30.07518816
4.30000000	-5.37790137	23.20749988	30.51648901	-48.65926773	-18.82855741	27.50208743	-30.34371379
4.30833333	-6.04485094	24.29581083	30.40688965	-50.10465956	-17.90734520	28.35482643	-30.80916715
4.31666667	-6.20785488	24.62804459	29.71598560	-51.21193672	-17.09913876	29.02281769	-30.78455794
4.32500000	-6.35631613	25.04108173	29.06490901	-52.47789132	-16.41725323	29.77962721	-30.79272610
4.33333333	-6.56377069	25.53358590	28.45066655	-53.81141323	-15.79056170	30.51298517	-30.79876610
4.34166667	-6.74544881	25.95284387	27.89552507	-55.07669795	-15.31914008	31.18432570	-30.83046185
4.35000000	-6.95906693	26.50091452	27.42124992	-56.47102244	-15.02322638	31.86885045	-30.90590295
4.35833333	-7.41575227	27.37116612	27.32513860	-58.02261095	-14.88914882	32.54069843	-30.83183665
4.36666667	-7.61630199	27.83178882	26.96057281	-59.31803838	-14.81153058	33.23483720	-30.57082402
4.37500000	-8.84668590	29.60687756	27.78060181	-61.00864648	-15.19793509	33.73334144	-28.84961084
4.38333333	-8.86641142	29.89506807	27.30908493	-62.43830188	-15.20606723	34.29539498	-27.01124706
4.39166667	-9.59374814	31.05283878	27.62373098	-64.02335888	-15.72411116	34.92100110	-23.51012851
4.40000000	-9.54838403	31.31217113	27.13886415	-65.54309088	-15.84326962	35.26024288	-21.09727475
4.40833333	-9.92097446	32.05627532	27.47642041	-67.11096681	-16.61967834	35.67444181	-16.66870173
4.41666667	-10.07397406	32.53369172	27.16300138	-68.71713570	-16.87604167	35.77813455	-13.07124379
4.42500000	-10.05494362	33.04062630	27.14111376	-70.52847466	-17.46463100	35.66162966	-10.05548881
4.43333333	-10.40704846	33.92145819	27.20602638	-72.44096026	-17.98297456	35.49687215	-6.90855223
4.44166667	-10.27116503	34.42959601	27.22266525	-74.45585827	-18.68345913	34.86563313	-4.45488958
4.45000000	-10.08627855	34.92837792	27.14403594	-76.55336485	-19.39850979	34.16563287	-1.93398810
4.45833333	-10.04595200	35.67311450	27.13899268	-78.78287940	-20.11955656	33.12857373	0.47271572
4.46666667	-9.95731047	36.48161483	27.18127165	-81.14860910	-20.88670843	31.72606889	2.72203966
4.47500000	-9.98002776	37.56774586	27.49137480	-83.54429888	-21.84639872	29.82368129	4.82401522
4.48333333	-9.56608340	38.16950540	27.20065954	-85.98154549	-22.53867737	27.97124270	6.71141632
4.49166667	-9.29761997	39.05223755	27.08196804	-88.36269823	-23.33171100	25.73467192	8.74798832
4.50000000	-8.88271946	39.88746304	26.77017753	-90.74857413	-24.04387796	23.22866663	10.38420371
4.50833333	-8.78656590	41.23692934	26.94172252	-92.97960713	-25.00460095	19.53452096	11.85710177
4.51666667	-8.08119880	41.82052580	26.44563085	-95.04657663	-25.83861337	17.34847290	13.13346272
4.52500000	-7.40386540	42.37276373	25.99705034	-96.85971098	-26.78006292	14.70415057	14.22414627
4.53333333	-7.00104170	43.18588458	25.81913405	-98.71177259	-27.66812666	13.16330420	15.03408986
4.54166667	-6.40243915	43.76224390	25.34024108	-100.26148111	-28.47356553	11.84957096	15.62429894
4.55000000	-5.86870609	44.29282950	24.89957738	-101.63020315	-29.22490286	11.06272240	16.14701659
4.55833333	-5.24795909	44.60284331	24.22168025	-102.68507559	-29.72394689	10.68020950	16.53332279
4.56666667	-4.61660068	44.84322439	23.44209145	-103.45327862	-30.10197028	10.58041103	16.92875826
4.57500000	-4.19965843	45.19323268	22.77105320	-103.92305216	-30.28415712	10.68480573	17.40080642
4.58333333	-3.79216894	45.41234072	22.06818176	-104.06521588	-30.30722512	10.64174489	17.80851161
4.59166667	-3.67439297	45.89306002	21.56079433	-103.93714299	-30.24842400	10.55706817	18.27044534
4.60000000	-3.40485047	46.13044291	20.81071915	-103.60068778	-29.94549189	10.28683303	18.48802979
4.60833333	-3.34362042	46.53722678	20.28517627	-103.02942018	-29.69206038	9.84324335	18.82525472
4.61666667	-3.20384576	46.78740375	19.60310789	-102.21443984	-29.35119490	9.12359222	19.00858954
4.62500000	-3.03225141	46.92776031	18.94705887	-101.24891424	-28.98437647	8.43668597	19.13690637
4.63333333	-2.88184302	47.03159438	18.11000032	-100.07202505	-28.47759481	7.84635927	19.11130270
4.64166667	-3.07036222	47.36168220	17.83454600	-98.72606697	-28.10694173	6.89006973	19.22369987
4.65000000	-3.21540535	47.65118935	17.49728428	-97.33100463	-27.72186525	6.92078025	19.31778843
4.65833333	-3.26571983	47.68019235	17.06245990	-95.60881620	-27.32004071	5.51775040	19.29070678
4.66666667	-3.49222484	47.90646681	16.73069643	-93.89324143	-26.87039541	5.29673168	19.39366635
4.67500000	-3.67592994	47.96944240	16.34513873	-91.96232215	-26.36773600	4.61169113	19.36894172
4.68333333	-3.71784210	47.79519644	15.93883770	-89.86593358	-26.08624335	3.75786530	19.35312309
4.69166667	-3.92312253	47.63370065	15.67549158	-87.65319456	-25.72243561	2.88428376	19.41232359
4.70000000	-4.08457899	47.38465826	15.32401070	-85.28077741	-25.34163848	1.76861211	19.46803097
4.70833333	-4.22812973	47.07894128	14.95842654	-82.79230520	-25.00212975	0.52938549	19.57153575
4.71666667	-3.99769441	46.17370531	14.16794047	-80.04880825	-24.63235025	-1.03642466	19.65222362
4.72500000	-4.23826176	45.80983984	13.90846768	-77.33666175	-24.32862743	-2.49294932	19.89205224
4.73333333	-4.48819054	45.30467053	13.70904334	-74.52162177	-24.14001880	-4.07903577	20.12593626
4.74166667	-4.18901606	44.07430081	12.93124818	-71.37996820	-23.97267338	-6.44628733	20.31576015
4.75000000	-4.13269041	43.12080318	12.49371071	-68.19353360	-24.01240601	-8.77617204	20.82786289
4.75833333	-4.41485690	42.54554227	12.37539061	-65.12164456	-24.02125698	-10.48351197	21.25613043
4.76666667	-4.20268807	41.24150355	11.82585307	-61.79599188	-24.13394938	-12.88333279	21.78427729
4.77500000	-4.01691257	39.97016373	11.26557030	-58.39167596	-24.30683695	-15.31423416	22.24114873
4.78333333	-4.33174123	39.29370247	11.37712737	-55.16888147	-24.67046087	-17.01769787	22.86032424
4.79166667	-4.55796929	38.45781728	11.47035563	-51.83976946	-25.14991712	-18.81842840	23.52275810
4.80000000	-4.71892237	37.48715828	11.52175948	-48.44210040	-25.68249870	-20.64286594	24.23263962
4.80833333	-5.22143391	37.51330429	12.20909763	-46.25261397	-26.58871089	-12.60132268	24.83527061
4.81666667	-5.48112593	36.65748399	12.37470653	-42.94618509	-27.24176147	-14.02286442	25.69421842
4.82500000	-5.69865648	35.75885445	12.57823604	-39.69251725	-28.01607055	-15.29377800	26.61499729
4.83333333	-5.93088603	34.87161979	12.85096325	-36.47971644	-28.89484722	-16.34297690	27.60472630
4.84166667	-6.16517248	34.05900336	13.19225786	-33.56923818	-29.94972632	-16.57200491	28.78579757
4.85000000	-6.38668410	33.25468071	13.50602110	-30.70749386	-30.97562555	-16.87140372	29.79979342
4.85833333	-6.72577302	32.68136193	13.99209717	-28.19938293	-32.04110979	-16.49055072	30.80851843
4.86666667	-7.04065216	32.12166837	14.42595974	-25.70768814	-33.21048500	-16.84273350	31.87323519
4.87500000	-7.36567971	31.67421126	14.93277927	-23.59162519	-34.44496573	-16.87738933	33.04754431
4.88333333	-7.73695962	31.34131652	15.57810134	-21.71363040	-35.78362777	-16.92191086	34.20858966
4.89166667	-7.96079044	30.90988397	15.97785967	-19.98510590	-37.03265812	-17.15000618	35.16681166
4.90000000	-8.47213397	30.96413656	16.90554177	-18.78424052	-38.58910481	-17.14155220	36.40549142
4.90833333	-8.67210543	30.65830409	17.33678647	-17.60033125	-39.96958344	-17.31852526	37.37497502
4.91666667	-9.27246973	30.92927369	18.44752217	-16.82997532	-41.68325190	-17.52958984	38.41817104
4.92500000	-9.75485937	31.08095410	19.38341892	-16.17315871	-43.35430962	-17.76711465	39.34309660
4.93333333	-10.10403368	31.05709931	20.11153264	-15.58538767	-44.96223226	-18.09520756	40.27114975
4.94166667	-10.16488633	30.76800267	20.42675451	-15.20523201	-46.46936301	-18.39151123	41.17133673
4.95000000	-10.63337184	30.93400979	21.07096669	-14.97943491	-47.96823958	-18.85656559	42.01612740
4.95833333	-11.01500742	31.02771324	22.07260703	-14.93111095	-49.98470174	-19.34617852	42.90329083
4.96666667	-10.95475205	30.69315961	22.29797829	-15.11909573	-51.59314937	-19.56609512	43.78279108
4.97500000	-11.24701898	30.72948135	23.03070173	-15.42965946	-53.52434405	-19.36460786	44.39228341
4.98333333	-11.44190715	30.69586619	23.53979312	-15.96167390	-55.27613137	-18.41263348	45.08700212
4.99166667	-11.40409656	30.34021493	23.83287652	-16.53248715	-57.10931283	-16.70204147	45.77251822
5.00000000	-11.44629017	30.08060852	24.24302980	-17.22164846	-59.02074533	-13.98520951	46.17025487
5.00833333	-11.99709595	30.55654323	25.36619158	-18.25739523	-61.22491084	-10.60772405	46.41354828
5.01666667	-12.26777371	30.58003544	26.10547678	-19.06323154	-63.35175514	-7.08242681	46.47934478
5.02500000	-12.43250620	30.75066550	26.84298259	-20.14586545	-65.63228213	-3.54846570	46.27145191
5.03333333	-12.86817960	31.21337087	28.01445277	-21.21818767	-68.12261992	-0.29608875	45.78322662
5.04166667	-13.25321540	31.60481469	29.08131437	-22.14543495	-70.56686832	2.57791360	45.18625897
5.05000000	-13.62296250	31.95531458	30.47610699	-22.89843166	-73.40138341	5.01392366	44.32077841
5.05833333	-13.59518875	31.79113678	31.17882820	-23.48397672	-75.86719742	7.42483848	43.33891691
5.06666667	-13.94789577	32.25553532	32.75279155	-24.22548847	-78.88393500	9.22298740	41.62025185
5.07500000	-14.21657159	32.51741566	34.36581735	-24.82802525	-81.83308958	10.86760285	39.73546589
5.08333333	-13.59241461	31.54584850	34.74143103	-24.25215045	-84.34104840	3.53239467	37.75099381
5.09166667	-13.56590311	31.61881362	36.07250206	-25.02475131	-87.06138881	5.00521809	35.18821764
5.10000000	-13.53891767	31.74979797	37.44650521	-25.92307579	-89.58754159	6.11731189	32.68522787
5.10833333	-13.21121053	31.65013619	38.50273556	-26.91511318	-91.83991824	6.96968873	30.46515618
5.11666667	-12.77761121	31.43451300	39.33462473	-27.97634785	-93.68995896	7.70531763	28.62403404
5.12500000	-12.38341865	31.22877222	39.90430161	-29.09836332	-95.04101605	8.69336920	27.75829968
5.13333333	-11.75963817	30.69912225	40.27788965	-29.96814407	-96.12547948	9.24200544	26.98430734
5.14166667	-10.73415208	29.58329316	40.05105918	-30.64400426	-96.66539303	9.45439118	26.53848630
5.15000000	-10.45144134	29.20979773	40.62553998	-31.25633044	-96.99401310	10.17604881	26.77915749
5.15833333	-10.15531301	28.59701932	41.01017292	-31.48620025	-96.87808255	10.72355328	26.96129096
5.16666667	-9.79032287	27.77749192	41.35658084	-31.45443976	-96.50101627	11.13005022	27.08064719
5.17500000	-9.10988454	26.36430238	41.23084161	-30.99098021	-95.79625020	11.03157296	26.97178751
5.18333333	-9.23120499	25.78667008	42.05756203	-30.50718034	-95.04646112	11.39057643	27.01206860
5.19166667	-9.33806042	25.13125957	42.84166922	-29.89119268	-94.06535550	11.60600985	26.97910021
5.20000000	-9.25629854	24.26175545	43.20847745	-29.27218224	-92.70636609	11.79481085	26.71739801
5.20833333	-8.98289380	22.95901204	43.36787357	-28.30219389	-91.22451766	11.89288597	26.32078944
5.21666667	-9.16984203	22.30605739	44.06069850	-27.50941939	-89.66151915	11.94814216	26.27580956
5.22500000	-8.63556071	20.75955651	43.77581174	-26.58333089	-87.77766812	12.23100690	25.91697976
5.23333333	-8.91016009	20.11110115	44.37286042	-25.70427824	-85.85895673	12.16300610	25.76213362
5.24166667	-8.91990957	19.22102611	44.54233315	-24.85947822	-83.71308353	12.07759396	25.41613648
5.25000000	-8.84295547	18.20302538	44.58606389	-23.98776380	-81.41486208	12.15418529	25.04296333
5.25833333	-8.93052142	17.36949589	44.75582463	-23.14175405	-78.99209693	12.22479300	24.63346316
5.26666667	-8.99026095	16.65061786	44.77401338	-22.42947510	-76.41211628	12.29276545	24.22773417
5.27500000	-9.04662284	15.90464918	44.71682071	-21.70314442	-73.66470458	12.27186851	23.75030834
5.28333333	-8.90266543	14.91572103	44.38896832	-20.94039043	-70.75553598	12.14080046	23.11185143
5.29166667	-8.82078827	13.99269828	44.03694135	-20.20871074	-67.76160342	12.31808121	22.40184340
5.30000000	-8.80523517	13.27279360	43.72854151	-19.66555071	-64.66003872	12.34324100	21.47068147
5.30833333	-8.96176389	12.82439449	43.61564505	-19.25326325	-61.57007754	12.19238990	20.58553407
5.31666667	-8.69820845	11.84288179	42.91913269	-18.72848677	-58.30792206	12.45818807	19.28374986
5.32500000	-8.72219714	11.27264766	42.57476589	-18.38009994	-55.09715240	12.61241560	17.95145398
5.33333333	-8.73090005	10.70756577	42.20986699	-18.06510833	-51.88790062	12.63217452	16.52895983
5.34166667	-8.65066896	10.03154265	41.68536435	-17.73505474	-48.62968598	12.81475985	14.88569491
5.35000000	-8.62790512	9.36584564	41.23669947	-17.37583633	-45.40122122	13.03378688	13.10328889
5.35833333	-8.56731846	8.74868588	40.75266683	-17.14642540	-42.21265882	13.28486053	11.21937990
5.36666667	-8.51715933	8.10298033	40.28767778	-16.89747812	-39.09670963	13.55774044	9.21630463
5.37500000	-8.52129481	7.56516810	39.84820867	-16.75202531	-36.04183257	13.86696236	7.26908717
5.38333333	-8.48249654	6.97061764	39.39256748	-16.60577018	-33.14342384	14.15531490	5.25874081
5.39166667	-8.46394786	6.40460268	38.94399125	-16.50315499	-30.32108475	14.43939623	3.33054786
5.40000000	-8.47088405	5.85413527	38.57579907	-16.39987905	-27.65561690	14.71509249	1.43692528
5.40833333	-8.43114985	5.28776641	38.15469081	-16.37291114	-25.14134683	14.92936578	-0.35790744
5.41666667	-8.40359876	4.73772850	37.77329874	-16.37175998	-22.79685628	15.09507965	-1.93130613
5.42500000	-8.55004076	4.40771265	37.58339596	-16.44543882	-20.57869397	15.25437804	-3.14828257
5.43333333	-8.53098296	3.89869448	37.31273144	-16.51675282	-18.74150197	15.41562423	-4.48877243
5.44166667	-8.43413001	3.49166597	36.92555804	-16.83522150	-17.11276518	15.52387541	-5.15040436
5.45000000	-8.68275344	3.21548901	36.93316685	-16.88162737	-15.53090473	15.58281979	-5.79655993
5.45833333	-8.87319536	3.03495112	36.88951745	-17.14311845	-14.19064393	15.56604980	-6.43659408
5.46666667	-8.79181349	2.43833335	36.70160342	-17.20365149	-13.58749934	15.42995725	-5.98855229
5.47500000	-8.96796836	2.26779691	36.64063478	-17.51988719	-12.69513732	15.36502974	-6.02820449
5.48333333	-9.13738404	2.11002834	36.53573312	-17.88240228	-11.96972150	15.22912907	-6.01470635
5.49166667	-9.26934073	1.91340139	36.42819955	-18.23775940	-11.58136766	14.98921824	-5.77764356
5.50000000	-9.38530834	1.71664848	36.29595348	-18.66310888	-11.46249103	14.65207250	-5.22872913
5.50833333	-9.40243937	1.39349305	36.10903830	-19.08823634	-11.64750480	14.17048256	-4.53201430
5.51666667	-9.42431807	1.15732397	35.96937961	-19.65122131	-12.05694783	13.95831662	-4.64565150
5.52500000	-9.42740061	0.95367987	35.73930173	-20.30199812	-12.46241003	13.32689289	-4.89330236
5.53333333	-9.50112975	0.73131918	35.55176246	-20.77192272	-12.75739044	12.15849154	-5.51984416
5.54166667	-9.51907543	0.77927687	35.34300929	-21.78044419	-13.20630248	11.50128348	-6.18147228
5.55000000	-10.04076729	1.54460607	35.69965937	-23.01125941	-13.50659344	10.30330390	-7.52740529
5.55833333	-10.05918742	1.67960743	35.53497064	-24.17894159	-13.91234121	9.07568622	-8.07277155
5.56666667	-10.70753930	2.79231272	36.16119540	-25.73575313	-14.35858463	7.50847829	-8.93439284
5.57500000	-10.55750064	3.31551074	35.80097844	-27.64454467	-14.79615740	6.00350178	-8.94874167
5.58333333	-10.54187323	4.06157356	35.64022265	-29.66125136	-15.32610735	4.12095983	-8.79266675
5.59166667	-10.94237969	5.48889356	35.95187213	-31.93405647	-15.90362265	1.82298031	-8.81406063
5.60000000	-10.80094074	6.39655092	35.61922680	-34.27583922	-16.51753172	-0.35632458	-8.23247641
5.60833333	-11.10208698	7.85814755	35.80887144	-36.66403712	-17.12795421	-3.03417562	-7.69732590
5.61666667	-10.89414953	8.86384481	35.27302902	-39.10305463	-17.51629076	-5.32864551	-6.99734126
5.62500000	-11.04540493	10.22347335	35.12768769	-41.43205214	-17.84736240	-8.01305833	-6.27980934
5.63333333	-11.12224348	11.55938365	34.88360850	-43.73160094	-18.19874815	-10.65775259	-5.44116583
5.64166667	-11.03691793	12.77769125	34.33454231	-46.06337972	-18.32741777	-12.70427509	-4.68043363
5.65000000	-11.09061213	14.13850170	33.96009922	-48.32497028	-18.45372849	-14.72102141	-3.87343907
5.65833333	-11.29201622	15.76051969	33.70893625	-50.54549018	-18.52652300	-16.92176464	-3.07559468
5.66666667	-11.13723080	17.01406255	33.06234397	-52.74525183	-18.56379430	-18.23409008	-2.41676418
5.67500000	-11.57411890	18.95676093	33.11830022	-54.83853201	-18.71059422	-20.42231023	-1.58231395
5.68333333	-11.83792004	20.62401205	32.95838714	-56.66831312	-18.79675858	-22.20747401	-0.79286182
5.69166667	-11.74904994	21.92262754	32.27737246	-58.43783171	-18.65033674	-22.74601511	-0.14903543
5.70000000	-12.04577343	23.59449321	32.21371078	-59.94785154	-18.83651209	-24.49356427	0.51386402
5.70833333	-11.90430652	24.83533702	31.46378343	-61.42525350	-18.68519437	-24.06142594	0.99336672
5.71666667	-11.96056111	26.17861954	31.01750081	-62.59867168	-18.69408153	-24.77784112	1.82730270
5.72500000	-11.99552288	27.49858157	30.45555564	-63.54075050	-18.55616370	-25.62042444	2.49504562
5.73333333	-11.90201397	28.57635336	29.77923405	-64.36129027	-18.41763159	-24.91553644	2.88840230
5.74166667	-11.82090788	29.67338209	28.93294575	-64.95901165	-17.98930276	-24.06732833	3.25065838
5.75000000	-11.68136379	30.69151763	28.16096191	-65.52907532	-17.79029785	-23.80050937	3.39105975
5.75833333	-11.57884480	31.73614848	27.43009233	-65.90807273	-17.60911398	-22.73618435	4.47147183
5.76666667	-11.49181414	32.73934604	26.61891084	-66.07845557	-17.24195026	-21.76176960	4.96296917
5.77500000	-10.83058713	32.94443549	25.16518721	-65.91315205	-17.01179840	-19.83298522	5.91201594
5.78333333	-10.79722692	34.14719459	24.34331985	-66.24843052	-16.52521905	-15.03207957	6.29786154
5.79166667	-10.80795267	35.01779025	23.69279708	-65.83466266	-16.18813989	-14.13331964	6.68154158
5.80000000	-10.59538434	35.61911255	22.78273965	-65.19502304	-15.90817916	-13.00629448	7.37078252
5.80833333	-10.23067276	36.08590243	21.61417836	-64.49835051	-15.50337419	-11.49537348	7.87693170
5.81666667	-10.10438929	36.73674754	20.87197927	-63.57888262	-15.23149928	-10.49614543	8.17591535
5.82500000	-9.39470857	36.56592577	19.39869326	-62.45478403	-14.94903285	-8.18421060	8.84586999
5.83333333	-9.37190019	37.18732346	18.68311556	-61.21994909	-14.58896350	-7.23003356	9.14027751
5.84166667	-8.67217558	36.92368982	17.17040166	-59.84838488	-14.21843189	-5.08754115	9.77524324
5.85000000	-8.64990977	37.43418401	16.46523419	-58.39393977	-13.90430180	-4.17165937	10.17682784
5.85833333	-7.79423437	36.86310665	14.75545525	-56.77226468	-13.50905778	-2.36284957	10.92467749
5.86666667	-7.53197724	36.94847958	13.89650282	-55.04262192	-13.37576308	-1.70141591	11.61280486
5.87500000	-6.82166211	36.47122033	12.30842557	-53.19425997	-12.92083848	-0.80282054	12.08967871
5.88333333	-6.92469785	36.88071888	11.73606373	-51.31713263	-12.69653410	-0.69167922	12.35887553
5.89166667	-5.86116128	35.84482009	9.69397307	-49.18927168	-12.11045365	-0.14007153	13.03987937
5.90000000	-5.77274144	35.94000791	9.10824705	-47.13533715	-12.09157821	-0.29043881	13.61172047
5.90833333	-4.91377466	35.03598892	7.36357258	-44.86769503	-11.67719059	0.07152871	13.93275297
5.91666667	-5.04157837	35.24528585	6.85693844	-42.64612261	-11.50815834	-0.46035374	14.35363206
5.92500000	-4.98478893	35.17632503	6.24908567	-40.26692135	-11.47517474	-1.11006036	14.93912946
5.93333333	-4.21745947	34.17343164	4.84040955	-37.79473569	-11.51095517	-0.13422414	15.13150786
5.94166667	-4.17524543	33.99234253	4.34770227	-35.26440505	-11.66169768	-1.05081604	16.17913226
5.95000000	-4.33599114	33.97812974	3.88768882	-32.68369739	-11.55666901	-2.00909557	16.61461883
5.95833333	-4.29811124	33.84330589	3.30531651	-30.42277002	-11.46726430	2.36888749	17.10199035
5.96666667	-4.48333898	33.76353398	3.01017470	-27.79115392	-11.57587700	1.38100189	17.71005077
5.97500000	-4.64186847	33.62207009	2.70173528	-25.18335336	-11.73446752	0.43640003	18.26056571
5.98333333	-4.65474491	33.30502426	2.22309310	-22.65045254	-11.86165012	-0.07346101	18.93444701
5.99166667	-4.81746443	33.18433619	1.90452041	-20.26720895	-11.99643544	-0.32117653	19.49789333
6.00000000	-4.95664666	33.06662410	1.65451333	-18.05700029	-12.24542789	-0.22455183	20.11571752
6.00833333	-5.17053748	33.16593040	1.50113937	-16.31032874	-12.57983308	0.82220141	20.55896443
6.01666667	-5.50008145	33.37121157	1.44514809	-14.60708847	-12.89737261	1.63145377	21.07409329
6.02500000	-5.70495140	33.46546104	1.25608459	-13.17508965	-13.15301313	2.65747878	21.58274191
6.03333333	-6.07729345	33.73939662	1.31993843	-11.88898920	-13.60168003	3.64501959	22.15050924
6.04166667	-6.39636542	33.88523672	1.33327992	-10.61583285	-14.06213528	4.50158083	22.62128189
6.05000000	-6.63851432	34.10367280	1.45066572	-9.96309546	-14.74576501	5.39430482	23.03414302
6.05833333	-6.88986218	34.07827712	1.30497959	-8.97556764	-15.04651913	5.71857355	23.11911540
6.06666667	-7.25504144	34.55683394	1.45290909	-9.08920176	-15.57912957	6.54483739	23.59263528
6.07500000	-7.41123122	34.53915949	1.33520919	-8.80965319	-16.09638142	6.64173002	23.53710850
6.08333333	-7.46844420	34.47699186	1.23068588	-8.83318965	-16.76751935	6.32035552	23.53860984
6.09166667	-7.60919423	34.52272504	1.14159744	-9.08389940	-17.32617764	5.30352112	23.55399876
6.10000000	-7.66334610	34.51437421	1.10561257	-9.57007366	-18.06133784	3.98049277	23.45567421
6.10833333	-8.11051966	34.82191957	1.47406246	-9.82002185	-18.73949975	2.33393142	23.17482060
6.11666667	-8.36333706	35.01556124	1.72958445	-10.32782772	-19.64271586	0.64223654	22.91420295
6.12500000	-8.24705392	34.87111338	1.68787811	-10.97763668	-20.69943988	-0.68517104	22.45504010
6.13333333	-8.57261955	34.97909104	2.15155897	-11.12725357	-21.74706682	-2.24066973	21.80121692
6.14166667	-8.53612245	34.93242450	2.53105680	-11.71637704	-23.20899663	-3.05038235	21.09949751
6.15000000	-8.84856978	35.11015373	3.29607899	-12.08581397	-24.82720158	-3.89982229	20.14937486
6.15833333	-8.68207928	34.97125704	3.75724563	-12.88337398	-26.72688380	-3.85710359	19.26507213
6.16666667	-8.93255309	35.11391178	4.86978476	-13.36886814	-28.85435229	-4.37317712	17.53063717
6.17500000	-8.78766513	34.96941079	5.45101978	-14.24356783	-30.92083993	-3.78905710	16.17887642
6.18333333	-8.66338295	34.78318764	6.28363265	-14.99066015	-33.21398918	-3.23815865	14.16802865
6.19166667	-8.56606387	34.63516832	7.21949374	-15.79659991	-35.56570347	-2.49094420	11.81940769
6.20000000	-8.88365564	34.87689660	8.63711831	-16.52445399	-37.92451457	-2.25146799	8.83473285
6.20833333	-9.05574603	34.96498540	10.09750247	-17.28727176	-40.34160602	-1.25387704	6.26482331
6.21666667	-8.77109523	34.56151261	10.88938315	-18.05480096	-42.58087849	-0.25774763	4.26968857
6.22500000	-8.96847953	34.56635522	12.43192722	-18.60558145	-44.91627275	0.15073175	1.42224200
6.23333333	-8.94480841	34.21267806	13.70112630	-18.94025392	-47.10456048	0.76097756	-0.61102723
6.24166667	-9.39656722	34.43960948	15.49702591	-19.42623991	-49.25967652	1.42425908	-2.18080293
6.25000000	-9.78689518	34.53102024	17.43302879	-19.65945323	-51.50775182	1.99814132	-3.20488004
6.25833333	-9.97954642	34.33183627	19.10690153	-19.78316784	-53.53212543	2.54159672	-3.82206343
6.26666667	-10.24559423	34.20472466	20.80657424	-19.90687859	-55.40624294	3.13577532	-4.03347385
6.27500000	-10.78031066	34.40103215	22.79030381	-20.07524269	-57.17629972	3.61563691	-4.03604101
6.28333333	-10.87406784	34.05832369	24.25631206	-20.13299449	-58.66920829	4.25348821	-3.78940745
6.29166667	-10.78385945	33.51416783	25.38969096	-20.20592041	-59.92185437	4.76732783	-3.15195298
6.30000000	-11.42854458	33.86819670	27.30001342	-20.50136866	-61.03413835	5.43760625	-3.31685865
6.30833333	-11.51523851	33.49607791	28.52346156	-20.55233570	-61.85005468	6.06515284	-2.93637141
6.31666667	-11.42524447	32.80766148	29.63366613	-20.29126787	-62.54722079	6.53753668	-2.27565661
6.32500000	-11.45965864	32.41616932	30.75141360	-20.38440392	-63.04352260	7.04969905	-1.79286051
6.33333333	-11.44156794	31.81782878	31.40585544	-20.42348444	-63.08065252	7.59028408	-1.12502632
6.34166667	-11.33234776	31.20699671	32.11378718	-20.47675606	-63.11243446	8.06829226	-0.39924808
6.35000000	-11.14137404	30.45343902	32.71287475	-20.43654844	-63.00140086	8.52680926	0.34900727
6.35833333	-10.93490806	29.64398654	33.11031542	-20.41101938	-62.61254244	8.97716495	1.15927446
6.36666667	-10.76939078	28.95756351	33.78466161	-20.38977496	-62.32569834	9.34154101	1.89370424
6.37500000	-10.19481407	27.68401946	33.73247995	-20.17520517	-61.67305629	9.72546253	3.61355306
6.38333333	-10.06224665	27.09401304	34.33990574	-20.24234165	-61.04163387	10.28080220	4.27596260
6.39166667	-9.74218582	26.16773178	34.76552603	-19.99364535	-60.41816471	10.50850399	5.96227005
6.40000000	-9.69263443	25.57653907	35.39008672	-19.89075198	-59.48115476	10.90863502	6.45770505
6.40833333	-9.16746889	24.36311254	34.90622183	-19.83509135	-58.07538671	11.49421785	8.09154707
6.41666667	-8.98062711	23.64364806	35.29771413	-19.73054658	-56.93750249	11.83891414	8.61019808
6.42500000	-8.77382818	22.84789225	35.50191569	-19.55941654	-55.64416313	12.22186530	9.58561182
6.43333333	-8.56370648	22.08905867	35.88735159	-19.38237077	-55.41665672	12.56560150	12.14192114
6.44166667	-8.22963089	21.08433490	35.83019598	-19.11342327	-54.34717697	12.87949827	14.49679425
6.45000000	-6.67903787	18.27236999	34.30248247	-17.79809472	-53.00722600	10.24603698	18.07777659
6.45833333	-7.24174223	18.80180857	35.20367276	-18.10235672	-51.33634019	6.42908288	19.68128753
6.46666667	-7.45384182	18.49821969	35.82579100	-17.85040671	-49.78283807	6.58051487	20.69589020
6.47500000	-7.42376901	17.99796465	36.05939088	-17.76610899	-47.61704860	6.89517079	19.10849842
6.48333333	-7.27486382	17.22000180	36.17767892	-17.32488170	-44.46146625	6.85741346	11.12498067
6.49166667	-7.39889391	16.95641853	36.60177279	-17.25435249	-42.82169139	7.12479898	10.61949470
6.50000000	-7.50816630	16.56148348	36.59644321	-17.22954581	-40.84394879	7.44820307	10.20994608
6.50833333	-7.59843527	16.14239092	36.68848623	-17.04807848	-38.61389051	7.70711526	10.11282996
6.51666667	-7.10094860	15.08220864	35.93458308	-16.94981336	-36.63499356	8.16005308	9.75835985
6.52500000	-7.21982076	14.77182620	36.04574189	-16.88473738	-34.92025242	8.35635711	9.72321773
6.53333333	-7.22908886	14.29769476	35.88443348	-16.81017730	-33.23385264	8.60204726	9.67583305
6.54166667	-6.70709008	13.17470873	35.08334747	-16.63017274	-31.58652677	8.58935084	9.38509549
6.55000000	-6.76743054	12.90284109	34.96981889	-16.80908582	-30.10703361	8.71568858	9.27480496
6.55833333	-6.75243256	12.65605961	34.75737813	-17.21882893	-28.90050787	8.90729194	9.24094012
6.56666667	-5.89456367	10.01323002	33.73279955	-14.80683822	-28.37073135	6.91167687	12.08027703
6.57500000	-5.40273593	8.52620198	33.16416340	-13.83570573	-28.27885143	6.13177787	19.11280321
6.58333333	-4.68214664	5.62965446	32.02376163	-10.89338873	-27.66281962	4.11492777	22.25791366
6.59166667	-5.11355241	4.62577966	32.65579294	-8.96189488	-27.99047702	1.56671961	32.70726922
6.60000000	-6.83467789	9.75718204	34.53513174	-15.69543955	-28.25857140	5.94961780	35.13590285
6.60833333	-6.56973984	10.16534386	33.93101492	-17.84914476	-28.11244775	7.55118241	41.36438123
6.61666667	-7.49697269	11.56996065	35.05090827	-19.26241341	-28.71853810	6.88936827	49.08911906
6.62500000	-7.40327890	11.73742887	34.70398842	-20.56171105	-28.88809879	7.21685979	49.96343945
6.63333333	-7.79338447	12.56750384	34.85782797	-22.13209783	-29.47245422	7.84412898	59.99999993
6.64166667	-8.67810724	13.93630458	35.77126204	-23.49837450	-30.46476958	8.06797841	59.99999993
6.65000000	-9.32961703	14.94060088	36.21261170	-24.76598209	-32.72562257	8.18991173	59.99999993
6.65833333	-10.32052723	16.42083330	36.77265652	-26.16259629	-32.43162257	8.05050381	59.99999993
6.66666667	-11.06836354	17.74348431	36.98598407	-27.86868824	-32.04849203	8.03194827	59.99999993
6.67500000	-11.67378428	18.97833210	36.99740350	-29.71426453	-31.69285864	7.85722060	59.99999993
6.68333333	-11.78057900	19.69939116	36.57701081	-31.54991505	-31.60052043	7.28543277	59.99999993
6.69166667	-12.63847228	21.46455962	36.99409576	-33.80192163	-31.59613783	6.84963715	59.99999993
6.70000000	-13.77694534	23.52167939	38.01483097	-35.83840965	-32.11712385	5.76274937	59.99999993
6.70833333	-15.64337530	26.27238420	39.89963470	-37.49277782	-32.75307006	4.08534579	59.99999993
6.71666667	-18.08068788	29.57157337	42.57893868	-38.83809009	-33.59461250	1.85970824	59.99999993
6.72500000	-19.88647983	32.29893178	44.48119709	-40.21302417	-34.37006143	-0.72242402	59.99999993
6.73333333	-19.53605618	32.69500184	43.80980058	-42.01095165	-34.64806601	-2.42337463	59.99999993
6.74166667	-16.69287382	30.66338000	40.38923374	-44.46239329	-35.05828988	-3.63286482	59.99999993
6.75000000	-11.54783986	26.10359243	34.01807922	-47.44729130	-34.07088829	-3.77385892	59.99999993
6.75833333	-7.04877853	22.39604494	28.13851553	-50.99130954	-32.89298968	-3.45663493	59.99999993
6.76666667	-4.52474805	20.75195679	24.48708485	-54.09640809	-33.92123967	-3.27134669	59.99999993
6.77500000	-11.42713277	29.39977230	31.91207522	-53.79666025	-21.70233821	-6.90517045	15.78147580
6.78333333	-10.56888711	29.84880048	30.33352652	-56.74158480	-22.10876098	-6.47932738	13.97924839
6.79166667	-10.54182943	30.02419903	30.42497556	-56.34714412	-21.47549891	-8.58635556	13.97924839
6.80000000	-10.52890091	30.40379262	30.15565151	-56.27697757	-21.59047082	-8.67177567	13.97924839
6.80833333	-12.67047676	34.26703075	32.29897836	-57.80617940	-21.88218082	-7.24240998	13.97924839
6.81666667	-10.88963415	31.34435252	30.10152158	-53.46264138	-21.85261891	-9.12837736	13.97924839
6.82500000	-13.40602363	32.82660158	32.99731365	-50.32069168	-22.83861295	-9.76959627	13.97924839
6.83333333	-13.61239991	32.63492463	32.69461976	-50.18982890	-22.44480043	-10.54744232	13.97924839
6.84166667	-12.29642212	30.41694895	30.54972943	-49.54296199	-21.43662547	-10.54305943	13.97924839
6.85000000	-18.30447579	49.29579733	37.02065419	-72.62560829	-21.35476685	-4.80579395	13.97924839
6.85833333	-24.94938287	60.62741759	44.08614575	-79.74856819	-21.65004415	-7.73402931	13.97924839
6.86666667	-40.95974647	91.07030215	62.10401019	-88.52842969	-22.82666214	-14.57471909	13.97924839
6.87500000	-53.81407988	119.20850629	76.90297934	-97.89914647	-23.22788830	-23.74102061	13.97924839
6.88333333	-55.43537140	119.99999986	75.44060191	-96.43896055	-16.24925263	-24.61187860	13.97924839
6.89166667	-55.77318907	119.99999986	75.89608471	-95.37716406	-17.00696960	-26.10875973	13.97924839