0.00000000	-19.89144624	27.34094282	24.65538576	-11.46586555	-10.25754147	1.96621796	5.60411378
0.00833333	-19.80877877	27.23867515	24.52574517	-11.42919604	-10.20509403	1.91230099	5.62201339
0.01666667	-19.94643314	27.41757262	24.75114598	-11.46599130	-10.31742266	1.93601548	5.67505630
0.02500000	-19.95665871	27.43012968	24.75395747	-11.48711066	-10.30064828	1.89929597	5.66277116
0.03333333	-19.86365706	27.30279630	24.60034201	-11.44408557	-10.21615809	1.87334968	5.62879982
0.04166667	-19.80835798	27.21785723	24.49935536	-11.40172424	-10.15191362	1.90273544	5.57654809
0.05000000	-20.00156172	27.46630910	24.77715855	-11.48522829	-10.26945215	1.92345804	5.50026555
0.05833333	-20.00858373	27.45042004	24.73388632	-11.45491965	-10.20788284	1.96677472	5.42903219
0.06666667	-19.98697521	27.42623555	24.74772936	-11.44724080	-10.29045585	1.88443232	5.26704931
0.07500000	-19.95657624	27.37256458	24.69443274	-11.41278809	-10.26333821	1.87166566	5.11093070
0.08333333	-19.96438172	27.38015107	24.67651364	-11.43353788	-10.24004671	1.86631382	5.02914457
0.09166667	-20.06992679	27.49906250	24.83797648	-11.43677855	-10.32883139	1.87430319	5.01598267
0.10000000	-19.97973126	27.36245351	24.68146723	-11.38071184	-10.23978025	1.86486420	4.99823538
0.10833333	-19.94497848	27.30136738	24.61032872	-11.34703459	-10.19147017	1.85531806	4.98762383
0.11666667	-19.94406514	27.28537981	24.60252061	-11.33663547	-10.18332730	1.82905400	4.98246956
0.12500000	-20.06422558	27.44271917	24.75484333	-11.38673749	-10.22377688	1.86184935	4.99464422
0.13333333	-19.99443896	27.33155228	24.64227837	-11.33838344	-10.16071194	1.84910787	4.96817829
0.14166667	-19.98667411	27.31033973	24.61077845	-11.32411379	-10.12971318	1.84774069	4.95051791
0.15000000	-20.08743614	27.44844777	24.78327325	-11.39150005	-10.23907462	1.90489548	4.99794802
0.15833333	-20.03228311	27.37179382	24.69380061	-11.35944156	-10.20817808	1.94542737	4.98553256
0.16666667	-20.09811921	27.42480213	24.76425260	-11.36355585	-10.20912294	1.90815809	4.99675289
0.17500000	-20.05698952	27.36822380	24.68607829	-11.34143498	-10.15668952	1.92588609	5.03574771
0.18333333	-20.10105790	27.42177616	24.73716564	-11.35926315	-10.16912874	1.96799100	5.14786814
0.19166667	-20.10484176	27.40733782	24.73090435	-11.34102834	-10.14774214	1.97931786	5.28649058
0.20000000	-20.25073816	27.59550651	24.95444756	-11.40443408	-10.25754343	2.02580612	5.44201452
0.20833333	-20.18483811	27.49654297	24.85088612	-11.35176986	-10.20545829	1.98202679	5.57521729
0.21666667	-20.09538169	27.39344141	24.71231339	-11.33686022	-10.13762857	2.03109390	5.57522829
0.22500000	-20.00959678	27.24544850	24.53971422	-11.26566165	-10.02917307	1.97394754	5.50878906
0.23333333	-20.01395096	27.25062054	24.54398615	-11.26048439	-10.04851251	1.92618489	5.38612368
0.24166667	-19.99703817	27.23613360	24.51421911	-11.26230299	-10.05278458	1.95480789	5.30653045
0.25000000	-20.20424637	27.50208156	24.83425313	-11.32093466	-10.22477412	1.97251872	5.18649522
0.25833333	-20.33779624	27.66040854	25.03343979	-11.34664947	-10.34097671	2.02080847	5.21209630
0.26666667	-20.24608746	27.53074405	24.88385210	-11.29253639	-10.26813747	1.98731231	5.23111879
0.27500000	-20.15439828	27.39810602	24.72629364	-11.24345318	-10.17033358	1.99698693	5.30185177
0.28333333	-20.12227275	27.35191910	24.68299427	-11.22578978	-10.17093022	1.98193890	5.41915694
0.29166667	-20.37276734	27.66173252	25.06668066	-11.29660749	-10.38634358	2.01911017	5.55088111
0.30000000	-20.29355878	27.53632133	24.92504584	-11.23907544	-10.29853383	2.04570207	5.48794982
0.30833333	-20.28340191	27.53175567	24.89384553	-11.25476410	-10.29673981	2.03736884	5.41053273
0.31666667	-20.25037548	27.46368067	24.82620662	-11.21490396	-10.26826058	2.05694220	5.30149565
0.32500000	-20.22424805	27.42312610	24.77258261	-11.20501522	-10.24646622	2.08808915	5.23892769
0.33333333	-20.19263250	27.37712941	24.72131136	-11.18604682	-10.23241224	2.02866316	5.12016694
0.34166667	-20.46186410	27.73609400	25.11293746	-11.29859773	-10.42072106	2.03215912	5.23719983
0.35000000	-20.33114299	27.55917406	24.91586915	-11.24262393	-10.33837432	2.02351037	5.19139252
0.35833333	-20.25033481	27.45486763	24.79365638	-11.21473891	-10.29163641	1.99132886	5.17266259
0.36666667	-20.25123351	27.45155466	24.77596985	-11.21086720	-10.27560687	1.96800824	5.16838723
0.37500000	-20.17472004	27.33573156	24.63957357	-11.16210485	-10.18998277	1.96552914	5.18803060
0.38333333	-20.34603667	27.55701434	24.91377488	-11.21848587	-10.34867600	1.96437036	5.29936269
0.39166667	-20.24413622	27.40757679	24.73437697	-11.16686597	-10.24075981	1.95352711	5.29172308
0.40000000	-20.20561073	27.36530322	24.68685344	-11.15829728	-10.25261837	1.91231151	5.30002397
0.40833333	-20.38273599	27.61055446	24.92107748	-11.27203499	-10.34193957	1.97232082	5.42408609
0.41666667	-20.28900984	27.46345438	24.76569845	-11.19861694	-10.26327503	1.98662339	5.46581800
0.42500000	-20.35639560	27.54352013	24.93053250	-11.21358045	-10.44818684	1.99221203	5.68316899
0.43333333	-20.24797454	27.39446041	24.74356602	-11.17186421	-10.34080995	2.00347292	5.68813196
0.44166667	-20.18061738	27.30323888	24.64220902	-11.14913605	-10.28506923	1.99476366	5.76620807
0.45000000	-20.26706212	27.41360797	24.76562406	-11.18432890	-10.33603457	2.01509656	5.88018268
0.45833333	-20.17346556	27.32050751	24.64768495	-11.17900840	-10.28544644	2.03974709	5.84801569
0.46666667	-20.06087936	27.13275463	24.41187733	-11.09708128	-10.10769805	2.00819007	5.84134956
0.47500000	-20.19898431	27.32976638	24.69747383	-11.17495669	-10.37803661	1.98160171	5.94857118
0.48333333	-20.17682253	27.30529577	24.64978005	-11.17710963	-10.34780219	1.95571316	5.88110248
0.49166667	-20.21322814	27.36189096	24.68995335	-11.19711966	-10.37726512	1.91113554	5.73846016
0.50000000	-20.23997112	27.39364795	24.72214795	-11.21458545	-10.38644028	1.88946346	5.62262043
0.50833333	-20.28310932	27.45318251	24.78130345	-11.24462684	-10.41470421	1.92028720	5.49370128
0.51666667	-20.22692413	27.36576174	24.67600124	-11.20469967	-10.35632649	1.92358819	5.40249999
0.52500000	-20.19044573	27.32304024	24.60935968	-11.18963943	-10.32121386	1.91325404	5.30338624
0.53333333	-20.20999033	27.34699002	24.65223623	-11.20201881	-10.35802638	1.88401028	5.29040843
0.54166667	-20.24998424	27.38733319	24.70077233	-11.21414774	-10.37450593	1.93018885	5.30516193
0.55000000	-20.18736351	27.29311483	24.58853049	-11.17840312	-10.30581713	1.93580610	5.28407487
0.55833333	-20.31451780	27.46042547	24.81495044	-11.24010532	-10.44883544	1.96255845	5.31771088
0.56666667	-20.20831388	27.31326875	24.61372102	-11.19923020	-10.31861977	1.95912934	5.29825302
0.57500000	-20.21382974	27.32629134	24.63792698	-11.21416144	-10.36087919	1.91365033	5.29638980
0.58333333	-20.16832866	27.24305472	24.54040012	-11.16979044	-10.29115649	1.93553424	5.27820197
0.59166667	-20.26532267	27.36686853	24.68686728	-11.19293310	-10.37967849	1.90658608	5.30638745
0.60000000	-20.26131421	27.35152399	24.67393203	-11.19070175	-10.36589306	1.90536239	5.30577385
0.60833333	-20.40497801	27.54844569	24.92169982	-11.27425476	-10.53538209	1.97796463	5.39180969
0.61666667	-20.31861125	27.41829920	24.76491032	-11.22083726	-10.44073387	1.96013894	5.37610822
0.62500000	-20.24992187	27.32105633	24.64224119	-11.18303187	-10.36815736	1.94409554	5.36244966
0.63333333	-20.48259786	27.62805548	24.98102323	-11.29633353	-10.51023210	2.00992214	5.41498223
0.64166667	-20.37536375	27.46836661	24.80116741	-11.23353949	-10.40898005	1.98512017	5.39315018
0.65000000	-20.40002365	27.48718905	24.86915457	-11.25181165	-10.47174285	2.00898697	5.48413491
0.65833333	-20.29389088	27.36693128	24.67602278	-11.23578626	-10.35274315	2.00502096	5.55069026
0.66666667	-20.26018051	27.30919426	24.61423452	-11.21525688	-10.31744722	2.00329067	5.60023996
0.67500000	-20.45373517	27.55291274	24.91938004	-11.28328391	-10.47059212	2.01382965	5.68373092
0.68333333	-20.37559213	27.45248579	24.79725787	-11.26040408	-10.41192079	2.01174695	5.73102334
0.69166667	-20.28386378	27.31982369	24.62983586	-11.20442739	-10.30389351	2.06709080	5.74793611
0.70000000	-20.29098903	27.32496738	24.64603604	-11.20676733	-10.32182638	1.99338409	5.83513827
0.70833333	-20.26545591	27.27889344	24.59914006	-11.20408960	-10.28385830	2.01587480	5.81019552
0.71666667	-20.27235537	27.26172034	24.58637589	-11.17695693	-10.27231530	2.01181377	5.77280953
0.72500000	-20.31628904	27.31809338	24.65913625	-11.19893551	-10.32347462	2.01982749	5.75286324
0.73333333	-20.38674068	27.40801030	24.76984279	-11.24558636	-10.38220776	2.04481202	5.78225813
0.74166667	-20.49272972	27.54997600	24.90231127	-11.30479435	-10.44038662	2.08215225	5.83863283
0.75000000	-20.41402155	27.43723035	24.78439644	-11.26262712	-10.38955943	2.09595384	5.90252173
0.75833333	-20.38698392	27.38890284	24.72516830	-11.24155240	-10.34883265	2.11225172	6.02187385
0.76666667	-20.56760338	27.63070367	25.02777305	-11.34039535	-10.53514820	2.15936317	6.27105213
0.77500000	-20.54152586	27.59923753	24.98358321	-11.33243662	-10.51718276	2.13051515	6.37578721
0.78333333	-20.49402707	27.52890021	24.89978160	-11.30544782	-10.47631610	2.10632450	6.35402779
0.79166667	-20.49161982	27.51465377	24.88454226	-11.30352332	-10.47167955	2.13130933	6.22520495
0.80000000	-20.49663492	27.50252385	24.87969009	-11.28395182	-10.47060242	2.13245261	6.07869471
0.80833333	-20.56630950	27.58614349	24.99284014	-11.31620134	-10.53329235	2.18566741	5.95901650
0.81666667	-20.53929225	27.54805327	24.92702541	-11.30479852	-10.49271286	2.18739920	5.85503712
0.82500000	-20.38833183	27.41465443	24.72508963	-11.31530440	-10.46577532	2.16964167	5.74873258
0.83333333	-20.34181325	27.34447705	24.64123617	-11.27771737	-10.43756744	2.18653231	5.69468009
0.84166667	-20.42448312	27.37354214	24.75164984	-11.24235573	-10.46819507	2.19991558	5.64279955
0.85000000	-20.33836806	27.24999468	24.60767639	-11.20520739	-10.39050549	2.19564219	5.60252618
0.85833333	-20.34022353	27.24570855	24.60260098	-11.19678867	-10.39539970	2.15573599	5.59274487
0.86666667	-20.50872553	27.47358362	24.86276296	-11.28633831	-10.51753928	2.14566630	5.73651225
0.87500000	-20.52626937	27.47789287	24.86957411	-11.27016287	-10.50044484	2.16304451	5.83616194
0.88333333	-20.59011657	27.56050799	24.97130265	-11.30864495	-10.55583822	2.20947711	5.99043716
0.89166667	-20.48650318	27.40863863	24.80721411	-11.24917108	-10.46565319	2.23157493	6.06347258
0.90000000	-20.47256229	27.38834828	24.76647529	-11.25493091	-10.42632030	2.20688401	6.16708961
0.90833333	-20.73825759	27.73330375	25.18993292	-11.36491641	-10.65096436	2.24026203	6.34636221
0.91666667	-20.65956599	27.62595157	25.04178970	-11.33215723	-10.56537193	2.25995922	6.33250225
0.92500000	-20.54327608	27.45957284	24.84974016	-11.27200223	-10.46231036	2.22847656	6.31143540
0.93333333	-20.50449769	27.40040198	24.77091008	-11.24276116	-10.41555638	2.19158831	6.31332857
0.94166667	-20.62870867	27.56957612	24.96417170	-11.30555494	-10.51743245	2.18192211	6.33675126
0.95000000	-20.55835837	27.46842841	24.83260367	-11.27628323	-10.44879748	2.19556353	6.28509708
0.95833333	-20.71958275	27.67860199	25.07488427	-11.33882224	-10.57344198	2.23653192	6.20243986
0.96666667	-20.66236035	27.58020238	24.93900587	-11.26956954	-10.47690519	2.22838650	6.15306425
0.97500000	-20.63451424	27.55094779	24.89546371	-11.25927083	-10.46888562	2.13519934	6.04173913
0.98333333	-20.81879857	27.79025783	25.16017975	-11.35606353	-10.57121140	2.18866762	6.12788119
0.99166667	-20.73846095	27.67946810	25.01539608	-11.31989944	-10.50027277	2.15699943	6.24081850
1.00000000	-20.68998005	27.59897032	24.92604354	-11.28315652	-10.45587459	2.15377423	6.33447276
1.00833333	-20.75307563	27.67413167	25.00201713	-11.30354365	-10.47851467	2.16842494	6.45809630
1.01666667	-20.75841664	27.68156726	24.99999108	-11.32065806	-10.47912199	2.19823491	6.44240681
1.02500000	-20.81098601	27.74672583	25.09324847	-11.34380917	-10.56281983	2.23974329	6.39435363
1.03333333	-20.75665101	27.65040620	24.98517346	-11.28163969	-10.51329735	2.19732529	6.19800256
1.04166667	-20.74832593	27.63514701	24.97695575	-11.28492655	-10.50575519	2.18361259	6.07092708
1.05000000	-20.67664121	27.53593055	24.84684734	-11.25197984	-10.42980948	2.20549328	6.01506474
1.05833333	-20.81423337	27.70449601	25.05111083	-11.30533480	-10.52119701	2.22019319	6.04750299
1.06666667	-20.74332256	27.60601938	24.93910897	-11.26920516	-10.47201802	2.18417600	6.11590231
1.07500000	-20.91309703	27.82452010	25.20163039	-11.35054811	-10.60996114	2.24855987	6.28905732
1.08333333	-20.81116470	27.67705497	25.03484733	-11.29576805	-10.52515709	2.22987096	6.34843944
1.09166667	-20.80657072	27.66525590	25.02611569	-11.28223130	-10.52382759	2.23520874	6.37779741
1.10000000	-20.71764913	27.56105257	24.90903264	-11.25854987	-10.48498916	2.25177562	6.31394724
1.10833333	-20.89053849	27.75443966	25.13239999	-11.28942293	-10.58234964	2.20260093	6.42516718
1.11666667	-20.82085632	27.64632864	25.02195434	-11.25299391	-10.52467261	2.23389635	6.37547268
1.12500000	-20.76550614	27.55920075	24.91824904	-11.21292865	-10.47045792	2.20830618	6.35862775
1.13333333	-20.74352602	27.52938741	24.88143087	-11.19483229	-10.45849339	2.19366579	6.35666173
1.14166667	-20.92779607	27.76068922	25.16994734	-11.25312386	-10.62579405	2.21874509	6.45931471
1.15000000	-20.84201415	27.64315066	25.02050365	-11.21037692	-10.54814592	2.22593340	6.42633934
1.15833333	-20.76990049	27.52922699	24.87827811	-11.15726424	-10.45229432	2.24529986	6.39118443
1.16666667	-20.69544285	27.42540224	24.74708771	-11.13161637	-10.36993713	2.24924488	6.37729424
1.17500000	-20.84462924	27.62689637	24.97008064	-11.20012500	-10.48726266	2.26581389	6.35827456
1.18333333	-20.91321557	27.70931543	25.06145342	-11.21369313	-10.53359810	2.29695211	6.30732983
1.19166667	-20.74422585	27.49238157	24.79139201	-11.15858286	-10.41100234	2.24730580	6.19731016
1.20000000	-20.93479759	27.72315386	25.08261646	-11.18927024	-10.57353743	2.21574313	6.19809315
1.20833333	-20.84862045	27.60448923	24.93924715	-11.15755599	-10.50846651	2.24271556	6.07678882
1.21666667	-20.93812201	27.71165870	25.07368354	-11.18799237	-10.59083268	2.30957793	6.02136939
1.22500000	-20.90224086	27.67271855	25.02877542	-11.19686289	-10.62410788	2.28366685	6.02046635
1.23333333	-20.85205266	27.61734194	24.95137073	-11.20462570	-10.62870438	2.28793201	6.02540566
1.24166667	-20.90513330	27.66931403	25.06772302	-11.19835615	-10.78181265	2.27839199	6.12021036
1.25000000	-20.75932034	27.45430155	24.88503646	-11.09581412	-10.81962665	2.19088703	6.17127089
1.25833333	-20.63665790	27.29256352	24.69599985	-11.06198221	-10.74916884	2.23754197	6.24286901
1.26666667	-20.62145525	27.28870458	24.67474006	-11.11085473	-10.78617917	2.23566143	6.39350139
1.27500000	-20.75835348	27.43821375	24.90036674	-11.13039751	-10.93659349	2.30393750	6.66327590
1.28333333	-20.71560738	27.37034936	24.84435945	-11.10868731	-10.93085303	2.32993374	6.78894127
1.29166667	-20.70623367	27.32661341	24.90142676	-11.07086883	-11.05874113	2.43561973	6.98221018
1.30000000	-20.59843272	27.17346428	24.74215112	-11.00945481	-10.97551277	2.44457563	6.91415274
1.30833333	-20.73191866	27.34906681	24.88812685	-11.09386215	-11.01187725	2.49395721	7.09776554
1.31666667	-20.69117934	27.30057483	24.80950859	-11.10442511	-10.95836466	2.56282702	7.07812331
1.32500000	-20.65825002	27.25117041	24.75012203	-11.08687912	-10.94161078	2.51124293	7.08707005
1.33333333	-20.57547748	27.13860436	24.63008210	-11.03383763	-10.88581691	2.52545191	7.01940233
1.34166667	-20.55450509	27.11114320	24.56867190	-11.03734467	-10.86101889	2.45557167	7.08750241
1.35000000	-20.70911056	27.30644838	24.78889345	-11.09516030	-10.96045220	2.46116367	7.14261663
1.35833333	-20.65035625	27.21713046	24.68962994	-11.06465121	-10.90205769	2.48757456	7.12100194
1.36666667	-20.66670926	27.23941793	24.71924540	-11.07718941	-10.94295241	2.48318636	7.15033918
1.37500000	-20.61030871	27.15440865	24.60007384	-11.05540071	-10.85378158	2.48448111	7.11857270
1.38333333	-20.73759455	27.33115680	24.80301349	-11.14767104	-10.97220349	2.51936209	7.15879835
1.39166667	-20.65972527	27.21288937	24.66397634	-11.09617168	-10.89663892	2.54871972	7.10947713
1.40000000	-20.70275023	27.26483970	24.72415653	-11.13439302	-10.91936682	2.60119554	7.12682713
1.40833333	-20.66719276	27.21873362	24.64079426	-11.14566669	-10.87533970	2.59636990	7.07415361
1.41666667	-20.79781598	27.36053846	24.84427590	-11.15265596	-10.99106006	2.62021087	7.02042082
1.42500000	-20.74496512	27.29515470	24.73849675	-11.15733361	-10.93267465	2.62692497	6.89348726
1.43333333	-20.91450600	27.51453609	24.98039173	-11.22406539	-11.04049043	2.65240977	6.82324362
1.44166667	-20.75101954	27.29060785	24.70838715	-11.15988797	-10.89762252	2.64289866	6.64726042
1.45000000	-20.94289461	27.54285811	25.00889560	-11.24207097	-11.07881187	2.63181872	6.62090222
1.45833333	-20.77526804	27.30417763	24.73077105	-11.16828106	-10.91971320	2.66622394	6.48384498
1.46666667	-20.94778385	27.53904242	24.99586427	-11.25632588	-11.07316925	2.67578841	6.57641691
1.47500000	-20.83902012	27.36343157	24.81379450	-11.18552609	-10.96615581	2.70945705	6.57898817
1.48333333	-20.78902876	27.31930446	24.75367508	-11.20854007	-10.96156318	2.69960305	6.62963398
1.49166667	-20.71598474	27.20208723	24.61334924	-11.17411681	-10.86094587	2.72036111	6.61825753
1.50000000	-20.74303932	27.25466920	24.65690150	-11.22684886	-10.90568110	2.71194528	6.68400795
1.50833333	-20.89074921	27.46527135	24.86780877	-11.34151826	-10.98961803	2.77214566	6.73516497
1.51666667	-20.78598542	27.32860196	24.68680065	-11.34267110	-10.89718059	2.76781749	6.68930214
1.52500000	-20.83672607	27.40384489	24.74498458	-11.39311462	-10.91869729	2.83039025	6.64240374
1.53333333	-20.78397240	27.32179717	24.64574348	-11.39197894	-10.86171331	2.82595726	6.55747674
1.54166667	-20.99928098	27.58208651	24.99373623	-11.39321956	-11.10335776	2.81826425	6.64073300
1.55000000	-20.89484878	27.46987840	24.81772063	-11.40217311	-11.01140537	2.78903164	6.60208373
1.55833333	-20.93119482	27.51100603	24.84146897	-11.41335739	-11.00604111	2.79104330	6.60531421
1.56666667	-20.83358682	27.34647953	24.66062423	-11.35596235	-10.88032786	2.78107734	6.57783626
1.57500000	-20.86445829	27.36159991	24.70185459	-11.34427698	-10.90689196	2.74381576	6.62388350
1.58333333	-20.96628832	27.49608480	24.83832944	-11.39828333	-11.00337828	2.84171427	6.68313008
1.59166667	-20.88372779	27.38945783	24.72571593	-11.37430105	-10.96257940	2.85702642	6.63123301
1.60000000	-20.84114308	27.28744752	24.58273966	-11.31654456	-10.83408441	2.93069262	6.68123888
1.60833333	-20.80037180	27.23982174	24.48236042	-11.34460766	-10.77157052	2.99868974	6.66072996
1.61666667	-20.79829951	27.20924698	24.43261518	-11.31488952	-10.70814115	3.07004093	6.63966989
1.62500000	-20.75949103	27.15072736	24.35300544	-11.32054203	-10.65123476	3.07591274	6.63068612
1.63333333	-20.77447258	27.17111942	24.36405267	-11.33939572	-10.67398756	3.08690151	6.63575396
1.64166667	-20.80510745	27.20354128	24.36974179	-11.35266396	-10.64438096	3.08581948	6.65143504
1.65000000	-20.96491649	27.41144141	24.66081441	-11.42726722	-10.93178020	3.15651651	6.82725704
1.65833333	-20.86921282	27.22973552	24.53827071	-11.29960502	-10.92319182	3.14945313	6.83723483
1.66666667	-20.89727492	27.28896183	24.64898988	-11.39574972	-11.10282426	3.23143996	6.95268501
1.67500000	-20.84324568	27.22960218	24.51912018	-11.41975795	-11.00843325	3.27245542	6.95531719
1.68333333	-20.79393824	27.18329919	24.40512283	-11.46816652	-10.93438910	3.33899599	6.96330813
1.69166667	-20.87825292	27.32089573	24.50024066	-11.58542450	-10.99137076	3.41039455	7.01729218
1.70000000	-21.03884122	27.55872796	24.68176760	-11.75187461	-11.05442816	3.54908694	7.06283172
1.70833333	-20.95225817	27.46344040	24.49189124	-11.80298240	-10.95466633	3.62245820	7.05629721
1.71666667	-21.13516788	27.71528124	24.76006301	-11.93983950	-11.15754716	3.74189792	7.22485529
1.72500000	-21.03586459	27.59753427	24.54911400	-11.98045046	-11.04384413	3.81966174	7.17863335
1.73333333	-20.97425092	27.53929622	24.43814817	-12.04836306	-11.03854869	3.90895207	7.20466448
1.74166667	-21.01969376	27.58183035	24.52599823	-12.08878399	-11.17166575	3.96794931	7.27343958
1.75000000	-20.98909221	27.52015912	24.57701673	-12.08836532	-11.41761175	4.02802687	7.44366557
1.75833333	-20.85717317	27.32947182	24.34808349	-12.06699021	-11.32828561	4.09886565	7.40026965
1.76666667	-20.74828882	27.16308592	24.19111949	-12.07291762	-11.35353361	4.17214208	7.42601130
1.77500000	-20.81468133	27.21128361	24.39447654	-12.08346396	-11.70819562	4.23102550	7.65170208
1.78333333	-20.67276197	27.03789083	24.20207713	-12.11485765	-11.75553255	4.31544283	7.72465305
1.79166667	-20.57668730	26.94810300	24.09360505	-12.21186097	-11.86620714	4.38408688	7.82456812
1.80000000	-20.50585848	26.88443978	24.05078513	-12.29937155	-12.05765618	4.46047233	7.96730874
1.80833333	-20.45114585	26.81480095	24.05540454	-12.36346054	-12.28976512	4.54684649	8.10739402
1.81666667	-20.35815028	26.67614030	24.03220201	-12.39143013	-12.54187604	4.61837371	8.23437660
1.82500000	-20.26708910	26.53222406	24.06003534	-12.40196391	-12.89002470	4.70519686	8.44777430
1.83333333	-20.38630406	26.63237648	24.37501009	-12.40121951	-13.29011762	4.68731767	8.54752980
1.84166667	-20.19266268	26.42026466	24.31854052	-12.48438819	-13.68795558	4.81740926	8.75219117
1.85000000	-20.20497216	26.44262553	24.52142575	-12.55292099	-14.07619551	4.82850260	8.85973391
1.85833333	-19.98168496	26.18257317	24.52314682	-12.61941295	-14.64093939	4.97829191	9.08193987
1.86666667	-19.95546823	26.16855951	24.81472319	-12.72153207	-15.25821763	5.05519017	9.27501569
1.87500000	-19.78318092	25.95478825	25.01231216	-12.77683375	-16.06058034	5.21349501	9.62273148
1.88333333	-19.59802032	25.75033951	25.22725880	-12.88937707	-16.91216228	5.27961875	9.69986044
1.89166667	-19.68508715	25.82708099	25.75435623	-12.94736850	-17.63447098	5.41301957	9.73572314
1.90000000	-19.49495025	25.59758415	26.03261466	-13.02089005	-18.63080149	5.50202193	9.79222102
1.90833333	-19.34350737	25.35006053	26.45586321	-12.97027232	-19.74300322	5.67716289	10.09274461
1.91666667	-19.19359416	25.15393004	26.86660222	-13.00269602	-20.79332484	5.78903145	10.14772349
1.92500000	-18.98311360	24.89326959	27.20387780	-13.06683209	-21.86247738	5.80838736	10.05967574
1.93333333	-18.98215593	24.87387487	27.83392129	-13.12699021	-22.84515568	5.93615199	9.58715444
1.94166667	-18.74233063	24.55094587	28.24173892	-13.14283585	-24.10048429	5.98934821	9.47056983
1.95000000	-18.71588499	24.48966000	29.02982866	-13.18664540	-25.41886605	6.24488740	8.87577991
1.95833333	-18.45126587	24.15997613	29.55632254	-13.18886539	-26.92257067	6.27601097	8.63479456
1.96666667	-18.47020925	24.22436578	30.53011590	-13.34798555	-28.44734362	6.48760305	7.53285860
1.97500000	-18.16555623	23.73483194	31.20874368	-13.16033733	-30.17885040	6.56293407	6.94311986
1.98333333	-17.94973925	23.37115615	31.97098946	-13.06821195	-31.79769096	6.61554754	5.87416466
1.99166667	-17.64254942	22.88264239	32.64641769	-12.93838274	-33.53398845	6.64507460	5.45595105
2.00000000	-17.44851077	22.53046015	33.57621547	-12.82290991	-35.20899231	6.81772753	3.88958727
2.00833333	-17.15244746	22.08384924	34.28273654	-12.74071814	-36.91787104	6.82877243	3.44771921
2.01666667	-16.83058849	21.48547725	35.11672488	-12.42509633	-38.67073524	7.01371174	2.19544558
2.02500000	-16.51413779	20.97370952	35.75667293	-12.31623353	-40.10614078	7.03962106	0.71787939
2.03333333	-16.21874055	20.48643470	36.45643889	-12.18185473	-41.65615554	7.11526332	-0.07426734
2.04166667	-15.96496520	20.03801195	37.12829442	-12.06399151	-43.07805608	7.11296999	-0.42459819
2.05000000	-15.65888194	19.53637192	37.81437025	-11.89797040	-44.45745390	7.21989998	-1.30241545
2.05833333	-15.45409946	19.13595537	38.45809529	-11.77973683	-45.59818484	7.20920361	-1.45882632
2.06666667	-15.26653314	18.76872533	39.07259605	-11.67149522	-46.57098700	7.24035100	-1.55826699
2.07500000	-14.97036601	18.39665648	39.47098547	-11.89057752	-47.29232709	7.61110008	-1.84478907
2.08333333	-14.86632584	18.12069030	40.04582003	-11.78287257	-47.86078788	7.62261256	-1.76646709
2.09166667	-14.85541514	17.99488898	40.64405598	-11.81102747	-48.32456844	7.80167481	-1.05494967
2.10000000	-14.81126389	17.76444344	41.13899853	-11.69458186	-48.48039859	7.82657960	-1.04951081
2.10833333	-14.77214230	17.56666750	41.59267260	-11.61814559	-48.47480375	7.85745299	-1.05139224
2.11666667	-14.55532471	17.38397112	41.78857773	-12.07410807	-48.41175738	8.27226339	-0.53864404
2.12500000	-14.53113816	17.22276907	42.18622378	-12.02333172	-48.11919750	8.31647376	-0.56098872
2.13333333	-14.49759374	17.07166780	42.55136077	-11.99832556	-47.69421609	8.37560995	-0.58454526
2.14166667	-14.30145807	16.74454929	42.41358911	-12.07797489	-46.89072457	8.66342638	-0.76272987
2.15000000	-14.29877037	16.57966517	42.68357740	-12.01128987	-46.16764506	8.74844416	-0.66065999
2.15833333	-13.75147405	15.79104587	42.13447529	-12.00731164	-45.16266161	9.01638709	-0.30816892
2.16666667	-13.73066876	15.62477395	42.24483304	-12.02554077	-44.16738311	9.19976318	-0.16111936
2.17500000	-13.75189682	15.49754463	42.39518102	-12.01941223	-43.11725063	9.28915706	-0.05019475
2.18333333	-13.55737510	15.11405141	42.17009426	-12.03702777	-41.91572669	9.54630359	0.27466044
2.19166667	-13.50962618	14.88742297	42.22099912	-12.01434714	-40.73563068	9.66503321	0.41975616
2.20000000	-12.92316962	14.01952361	41.57800287	-11.90396187	-39.50346279	9.88734966	1.07591792
2.20833333	-12.91780353	13.84177170	41.58373192	-11.90142774	-38.18399030	10.07543637	1.16435938
2.21666667	-12.88506944	13.57912142	41.55982395	-11.83460750	-36.83212937	10.30238499	1.29378046
2.22500000	-12.72499724	13.19049652	41.38226291	-11.79025280	-35.47457310	10.55320141	1.40708150
2.23333333	-12.44763945	12.66917090	40.97454315	-11.71952902	-34.05938968	10.70236309	1.64304706
2.24166667	-12.33586477	12.33246751	40.72205929	-11.73570508	-32.50921252	10.94864137	1.31636829
2.25000000	-12.44309700	12.23575240	40.76853703	-11.74484042	-31.10262414	11.08538962	1.18513922
2.25833333	-12.15482773	11.69428209	40.28438560	-11.72128577	-29.59456360	11.40133270	0.71219928
2.26666667	-12.22716277	11.56798984	40.32309974	-11.77274268	-28.27758806	11.53756922	0.57316295
2.27500000	-12.28354766	11.43504644	40.34888503	-11.84395509	-27.01170014	11.69863597	0.32535226
2.28333333	-12.12873452	11.02360115	40.02644376	-11.84731144	-25.62536298	12.11979625	-0.45907032
2.29166667	-11.56191565	10.03171282	39.37561305	-11.59283176	-24.56168991	12.20456871	-0.08256766
2.30000000	-11.62436240	9.92855178	39.32855434	-11.72995371	-23.38610249	12.48318424	-0.43947274
2.30833333	-11.61156831	9.62844985	39.31102361	-11.69039465	-22.45123366	12.68156547	-0.37562436
2.31666667	-11.66412317	9.48571514	39.26899982	-11.80460161	-21.40561630	12.87841418	-0.58760996
2.32500000	-11.33045513	8.82379700	38.84390251	-11.72589731	-20.54603856	13.15389550	-0.66687352
2.33333333	-11.45449983	8.77147209	38.89307633	-11.87035633	-19.71345157	13.46109721	-0.85488132
2.34166667	-11.50226733	8.57694099	38.90222114	-11.92889896	-18.98260531	13.69688501	-0.91227736
2.35000000	-11.53290977	8.43562141	38.82055271	-12.11189565	-18.23101501	13.88484883	-0.99678761
2.35833333	-11.53635656	8.07486414	38.79820102	-11.95791024	-17.78109120	14.08432179	-0.81703265
2.36666667	-11.63217295	7.95285137	38.89335284	-11.98680222	-17.39724885	14.25895561	-0.72903590
2.37500000	-11.72462460	7.91049570	38.74339312	-12.29473399	-16.82937926	14.59160441	-0.64360242
2.38333333	-11.77890758	7.82455045	38.63512652	-12.58489085	-16.41770584	14.88351390	-0.53045416
2.39166667	-11.75096546	7.56311123	38.49453986	-12.59565455	-16.29733476	14.97490728	-0.27932896
2.40000000	-11.86742989	7.59187986	38.46993725	-12.99389274	-16.17063762	15.32334210	-0.00593581
2.40833333	-11.91625252	7.57256541	38.33233615	-13.42796798	-16.11047881	15.65837291	0.25113248
2.41666667	-11.92339211	7.45215794	38.22332837	-13.78794035	-16.19259033	15.96410106	0.37271237
2.42500000	-12.24957491	7.57468264	38.47710851	-13.78035836	-16.46114043	15.62448885	0.46004611
2.43333333	-12.27776148	7.52566605	38.32430599	-14.25169144	-16.66451618	15.86953411	0.45717913
2.44166667	-12.29271785	7.48709516	38.20263405	-14.76518470	-16.94979446	16.13557192	0.28426333
2.45000000	-12.47194441	7.68539767	38.05951195	-15.37534862	-17.01701951	16.44889911	-0.25573261
2.45833333	-12.45081643	7.69246175	37.96584179	-15.99397193	-17.41602404	16.44412168	-0.64286216
2.46666667	-13.27949525	8.47979889	38.60747084	-16.31691635	-17.46741675	15.85409681	-1.90059332
2.47500000	-13.33356024	8.61441040	38.39615816	-17.06472695	-17.57696752	15.91194665	-2.65623269
2.48333333	-13.57950073	8.98016576	38.46749536	-17.78300565	-17.65596935	15.51922417	-3.65864814
2.49166667	-13.73760567	9.36864795	38.52600610	-18.73466449	-17.91682702	15.37451638	-4.29151579
2.50000000	-13.90711399	9.72300290	38.52980976	-19.63671959	-18.09550987	14.99248079	-4.83737619
2.50833333	-13.92969521	9.87571659	38.57298972	-20.51106016	-18.54813121	14.48451378	-5.00005235
2.51666667	-13.75501996	9.99976652	38.44206792	-21.64442337	-19.14399559	14.13770177	-5.02168509
2.52500000	-14.05127064	10.58998936	38.81370108	-22.71685840	-19.70620659	13.10111376	-5.07587926
2.53333333	-13.82756811	10.73499095	38.62064093	-24.00719473	-20.34837588	12.62236035	-4.95941731
2.54166667	-13.59474855	10.92897881	38.34819049	-25.42131079	-20.91588760	11.91230495	-4.67791596
2.55000000	-13.64694255	11.40722862	38.23961058	-26.71411749	-21.31596017	10.14815557	-4.29030910
2.55833333	-13.49019198	11.93403226	38.09575429	-28.51264548	-21.91158665	9.08181097	-3.77634937
2.56666667	-13.53248468	12.69718418	38.08419100	-30.32436871	-22.44190936	7.54847148	-3.22265095
2.57500000	-13.28047280	13.32710523	37.55605115	-32.41738790	-22.63704549	6.18698102	-2.76526178
2.58333333	-12.96278825	14.05550616	36.94803552	-34.70930131	-22.78456639	5.10289569	-2.49922401
2.59166667	-13.33973271	15.69651762	37.01952662	-37.12084026	-22.91657425	2.38798483	-1.88511890
2.60000000	-13.38675517	17.10333716	36.88530267	-39.66984850	-23.15120850	0.25189279	-1.42453295
2.60833333	-13.37028771	18.52205060	36.47008977	-42.24723168	-23.09034321	-1.90581930	-1.03952709
2.61666667	-13.38751771	19.93073966	36.06968758	-44.72383041	-22.98498606	-4.06173878	-0.68792043
2.62500000	-13.28014035	21.35288679	35.56947748	-47.23596001	-22.90710969	-6.26359521	-0.31298938
2.63333333	-13.11255092	22.72383907	34.89425634	-49.76491661	-22.67746765	-7.83121847	0.07153981
2.64166667	-13.28455283	24.39855805	34.71017921	-52.12284343	-22.61173538	-9.93944966	0.38663671
2.65000000	-12.98475620	25.61127536	33.96207034	-54.47553514	-22.42878650	-11.13926886	0.76224916
2.65833333	-12.76551317	26.96787525	33.24822746	-56.85888672	-22.21202414	-12.04656968	1.11894118
2.66666667	-12.93696361	28.70663274	33.17833015	-59.07719341	-22.25938960	-13.87703930	1.51240193
2.67500000	-12.67268778	29.99043227	32.45774875	-61.31110403	-22.07985452	-14.12654155	1.89706182
2.68333333	-12.47383183	31.36367538	31.88979312	-63.51464121	-21.97982792	-14.32471897	2.27073605
2.69166667	-12.53388962	33.02801998	31.64501083	-65.58751157	-21.99539656	-15.14428922	2.68269273
2.70000000	-12.18851270	34.26272704	30.88517345	-67.66754054	-21.81718762	-14.39175617	2.94633007
2.70833333	-11.91137548	35.50973311	30.09405053	-69.60532028	-21.52135366	-13.59578649	3.22215671
2.71666667	-11.83517665	37.05339446	29.76577560	-71.52009578	-21.53928151	-13.86199122	3.65710475
2.72500000	-11.50796893	38.33732923	28.98066034	-73.37094004	-21.28849869	-12.76731545	3.85938293
2.73333333	-11.20725248	39.49871171	28.13968182	-75.02747268	-20.94882699	-11.71300174	4.07395902
2.74166667	-10.74680549	40.64579086	27.05000080	-76.66588002	-20.53225326	-10.96308276	4.37487655
2.75000000	-10.50605620	41.91592183	26.27504903	-78.20810447	-20.17937485	-9.65983997	4.53118522
2.75833333	-10.35062682	43.25550977	25.61389278	-79.64618058	-19.88970057	-8.40340134	4.85145238
2.76666667	-9.99522710	44.44644489	24.76153008	-80.99264364	-19.56725667	-7.09094375	4.97424214
2.77500000	-9.69621067	45.61135666	23.91158210	-82.19240008	-19.15654571	-5.80433097	5.11229586
2.78333333	-8.98082891	46.26348694	22.53930236	-83.22053210	-18.72220079	-4.27594675	5.36658058
2.79166667	-8.77930951	47.42972758	21.74766456	-84.16449848	-18.23675796	-3.17636330	5.47461681
2.80000000	-8.51979084	48.59974404	20.93315740	-85.02732228	-17.81093701	-2.16909834	5.57683970
2.80833333	-7.69397315	48.90873343	19.51198214	-85.65062955	-17.40842472	-0.38832923	5.77112385
2.81666667	-7.50290085	50.09261112	18.76387881	-86.29976884	-16.96051494	0.45392346	5.84130428
2.82500000	-7.31453491	51.15038682	18.04439531	-86.77352707	-16.52653368	1.20464886	5.92307045
2.83333333	-6.95187319	51.96388057	17.28077157	-87.11958810	-16.29729941	2.27155045	6.05628139
2.84166667	-6.56017920	52.76358124	16.40760166	-87.41399891	-16.07373246	3.77091613	6.35162985
2.85000000	-6.41955949	53.77382268	15.84531978	-87.56591239	-15.79526360	4.42123880	6.44374771
2.85833333	-6.24083448	54.67744456	15.26653821	-87.57311336	-15.53717070	4.97337946	6.58655176
2.86666667	-6.11359723	55.58837321	14.73455146	-87.51742818	-15.30289671	5.15793984	6.68756110
2.87500000	-5.62299797	56.02539130	13.90885921	-87.35165138	-15.34123317	7.52996696	7.12398512
2.88333333	-5.46383814	56.70555473	13.37369622	-86.94776485	-15.14215704	7.96889603	7.33309547
2.89166667	-5.29992342	57.34274911	12.93745502	-86.48312573	-15.06002196	8.54193580	7.57634586
2.90000000	-5.23374123	58.13261752	12.42826663	-85.98911794	-14.78768239	8.77093565	7.75507872
2.90833333	-4.88412244	58.43411602	11.66169652	-85.42613381	-14.70036448	10.86878975	8.07987143
2.91666667	-4.84555560	59.12516020	11.24214947	-84.75677494	-14.51194505	10.99224195	8.25076586
2.92500000	-4.70853566	59.52904917	10.72014192	-83.95329820	-14.48129542	11.93289984	8.53148252
2.93333333	-4.64968216	60.03124312	10.45057407	-83.14283452	-14.46693669	12.01952217	8.76098048
2.94166667	-4.66943837	60.57453827	10.06099477	-82.26838074	-14.28306028	12.06887372	8.89901750
2.95000000	-4.55332489	60.81167691	9.75917410	-81.25587836	-14.33088817	12.26937265	9.15477687
2.95833333	-4.53338139	61.17646985	9.48654529	-80.27594380	-14.34068624	12.25422026	9.23431641
2.96666667	-4.31430125	61.14281913	9.09467920	-79.10742624	-14.39053315	12.26517361	9.62248683
2.97500000	-4.35348191	61.42076853	8.75674565	-78.05237360	-14.26361291	12.18948041	9.78887555
2.98333333	-3.99503451	61.23488188	7.97380784	-77.02789629	-14.15033376	12.68288402	9.94510589
2.99166667	-4.06900522	61.40188293	7.75479288	-75.90413170	-14.14588102	12.28540105	10.11370832
3.00000000	-4.13890185	61.55106934	7.56213054	-74.80365665	-14.19421466	11.74331563	10.35029010
3.00833333	-4.13458639	61.56769191	7.29557242	-73.68901682	-14.26058816	11.18706297	10.59056908
3.01666667	-4.08148666	61.44250438	7.00364017	-72.62164337	-14.34223302	10.79826554	10.78395881
3.02500000	-4.11215562	61.40942461	6.73255007	-71.58258309	-14.33491469	10.25413629	10.94199794
3.03333333	-3.59398006	60.69196041	5.77516334	-70.60074399	-14.23838483	10.62167403	11.08786611
3.04166667	-3.66122700	60.60268735	5.54043589	-69.66859913	-14.22700263	9.93110840	11.22078907
3.05000000	-3.58032372	60.23204824	5.22904497	-68.72464053	-14.30699542	9.88542485	11.35716223
3.05833333	-3.67302947	60.16214504	4.95708746	-67.97201660	-14.25155589	9.19299569	11.45076937
3.06666667	-3.70166557	59.94865264	4.61003815	-67.25013140	-14.18264937	8.56239051	11.47511939
3.07500000	-3.61639626	59.50731575	4.20164881	-66.56823658	-14.12289588	8.25112278	11.36892185
3.08333333	-3.69901721	59.19323487	3.91173507	-65.87316582	-13.97159589	7.42795422	11.31362170
3.09166667	-3.76426528	58.86733713	3.63236307	-65.24016405	-13.90496360	6.46047445	11.22159993
3.10000000	-3.82087582	58.51575016	3.31725036	-64.70416397	-13.80016226	5.32649604	11.06258342
3.10833333	-3.93991005	58.14146896	3.04195448	-64.14014022	-13.64816641	4.18334550	10.82699173
3.11666667	-4.08615823	57.72666245	2.84285584	-63.55041965	-13.53318412	3.17689102	10.52701776
3.12500000	-4.25724253	57.29701056	2.69531087	-62.97160995	-13.45798378	2.49069906	10.10822039
3.13333333	-4.49684611	56.85167265	2.62375931	-62.35088467	-13.37418454	2.32704065	9.61868523
3.14166667	-4.79447425	56.46151765	2.56950913	-61.80731428	-13.26099547	2.62787692	9.04864284
3.15000000	-5.05697792	56.02907321	2.53431295	-61.30005609	-13.24619469	3.17775649	8.63845478
3.15833333	-5.34052519	55.51192265	2.48700736	-60.73069055	-13.13504830	4.18091198	7.90415069
3.16666667	-5.62934673	55.01437897	2.49854375	-60.22367569	-13.12690884	5.24111877	7.12330823
3.17500000	-5.95186474	54.52053897	2.56118434	-59.68796219	-13.14775208	6.14667593	6.37205251
3.18333333	-6.34407229	54.09858651	2.74968020	-59.11745228	-13.15858641	7.03632057	5.27949363
3.19166667	-6.74932436	53.73375901	3.02956528	-58.53125784	-13.27881887	7.55693081	4.14220296
3.20000000	-7.01945007	53.31092951	3.24909524	-58.03647265	-13.58323860	7.82287352	3.51055946
3.20833333	-7.45376018	53.09688637	3.64727591	-57.54235283	-13.80204561	8.16139064	1.81137490
3.21666667	-8.14247173	53.27429222	4.30162987	-57.13988652	-13.99732670	7.72079126	0.50808746
3.22500000	-8.32968595	52.88121897	4.58540284	-56.71985018	-14.49337780	7.76060252	-0.96776699
3.23333333	-8.54304370	52.45205040	4.95162843	-56.23623044	-15.02280909	7.77693543	-2.61282505
3.24166667	-9.02443516	52.29988042	5.70619979	-55.78570700	-15.60029406	7.73179386	-4.25269150
3.25000000	-9.15047791	51.67128160	6.20977361	-55.13402497	-16.46304693	7.87578678	-6.09106162
3.25833333	-9.34426184	51.08596817	6.86046775	-54.45469029	-17.38834057	7.94365808	-8.05996624
3.26666667	-9.49524417	50.36728659	7.66813296	-53.57512670	-18.61590153	8.09200932	-9.87853611
3.27500000	-10.04728619	50.06217823	8.97647573	-52.70955064	-19.89615374	7.97398764	-11.70481519
3.28333333	-10.15714445	49.26301275	9.93391860	-51.77271453	-21.43636016	8.02198167	-13.31449522
3.29166667	-10.28912381	48.48911405	11.01348773	-50.84812620	-23.13465365	8.01283565	-14.67694558
3.30000000	-10.66946198	48.06637522	12.51647696	-50.09417947	-25.05993637	7.98181568	-15.63586082
3.30833333	-10.60752514	47.12107975	13.65440195	-49.19640397	-27.29505238	8.01259777	-16.33350031
3.31666667	-10.82059382	46.57721466	15.16832917	-48.50506160	-29.63151605	7.99728563	-17.05159266
3.32500000	-10.80048816	45.71320990	16.53092789	-47.69513174	-32.20215513	8.06084482	-17.50486133
3.33333333	-10.73474516	44.85106353	17.97769997	-46.89949066	-35.05070607	8.06314246	-17.77410470
3.34166667	-10.62092653	43.95175570	19.47419959	-46.10867372	-38.15973506	8.05916599	-17.63149126
3.35000000	-10.76524526	43.35126123	21.29576975	-45.34509177	-41.34788529	8.06475945	-17.59040567
3.35833333	-10.82486301	42.67877324	23.09857720	-44.59942070	-44.69553189	8.07712155	-17.26066164
3.36666667	-10.61624778	41.64810870	24.63795358	-43.68532333	-48.09945909	8.01219242	-16.16924823
3.37500000	-10.98789381	41.38942836	26.95671326	-43.00280588	-51.64058463	8.03809735	-15.75180582
3.38333333	-10.80836766	40.35170310	28.40646233	-42.06877242	-54.96305996	7.94221307	-14.39696685
3.39166667	-10.74961173	39.51843287	30.05426946	-41.22607073	-58.31356352	7.85238012	-12.99257317
3.40000000	-10.74297364	38.88091337	31.79447619	-40.53714978	-61.67032443	7.77145157	-11.58299321
3.40833333	-10.82796910	38.23733179	33.66344435	-39.76280034	-64.93516114	7.75537079	-9.99794049
3.41666667	-10.88977623	37.62496000	35.48602117	-39.02498710	-68.11819023	7.71450824	-8.34591471
3.42500000	-11.57398427	37.92602910	38.13888943	-38.66776862	-71.42936468	7.99550041	-6.27280595
3.43333333	-11.40268069	37.03081595	39.65043054	-37.92436674	-74.27492938	7.92010684	-4.62838948
3.44166667	-11.83918265	36.99021026	41.89916522	-37.49568270	-77.18368431	8.23879771	-2.36967790
3.45000000	-11.62991518	36.06922369	43.20556108	-36.73458985	-79.63765990	8.12832306	-0.66433505
3.45833333	-11.53570345	35.21574241	44.67241924	-35.94693191	-82.00634533	8.18359000	1.26498901
3.46666667	-11.51145202	34.54647845	46.11562280	-35.34273774	-84.23532240	8.49648080	3.79001481
3.47500000	-11.35097956	33.77847486	47.41190270	-34.72862335	-86.19073175	8.39875772	5.33799549
3.48333333	-11.18676596	32.93847415	48.61081928	-34.06024557	-88.00466737	8.69368847	7.62654944
3.49166667	-10.99536887	31.97748825	49.79706369	-33.23627080	-89.56055521	8.57815410	9.14238484
3.50000000	-10.69454177	31.02394061	50.76703673	-32.59692416	-91.01898727	8.80787737	11.23223539
3.50833333	-10.51564092	30.16419114	51.83717301	-31.91546957	-92.21065447	8.88862229	12.81451067
3.51666667	-10.38679803	29.36731779	52.93242709	-31.24639159	-93.23491919	8.96219882	14.31281040
3.52500000	-10.22609491	28.65195208	53.87086352	-30.71897574	-94.02297300	9.04403004	15.72799129
3.53333333	-10.08911688	27.90581130	54.88639799	-30.11665296	-94.67823403	9.07403791	16.96484065
3.54166667	-9.90806365	27.09308149	55.80174247	-29.48602336	-95.14366159	9.06450725	18.14835191
3.55000000	-9.81902712	26.50357259	56.53649761	-29.00379360	-95.27530472	9.05847676	19.16200432
3.55833333	-9.47307562	25.66791632	57.12179685	-28.52891211	-95.39546646	9.18910590	20.35061521
3.56666667	-9.41111991	25.09045265	58.02983491	-28.04169682	-95.32213054	9.20854249	20.56887767
3.57500000	-9.35687037	24.40402820	58.82876292	-27.40203691	-95.08520381	9.11625133	21.89075426
3.58333333	-9.27870423	23.95015922	59.42680061	-27.07776804	-94.59169038	9.20709306	22.52630429
3.59166667	-9.16784154	23.33227703	60.05208213	-26.59627650	-93.99514943	9.27908893	23.10944283
3.60000000	-9.06782259	22.70445330	60.63490825	-26.15286432	-93.27388470	9.38844837	23.68815852
3.60833333	-8.94370837	22.18928082	61.04076688	-25.81884903	-92.37853074	9.51681110	24.18739111
3.61666667	-9.00595913	21.77934701	61.65873629	-25.37109831	-91.36433998	9.52937009	24.39972490
3.62500000	-9.01531134	21.33140951	62.14263636	-24.93000033	-90.22835273	9.47835731	24.65871170
3.63333333	-8.95213884	20.80282597	62.45911337	-24.55369471	-88.98436014	9.52809845	25.12416562
3.64166667	-9.02686683	20.50699283	62.85161873	-24.20530989	-87.58715461	9.52229455	25.19159365
3.65000000	-9.12631938	20.15522024	63.16813308	-23.82016318	-86.08806502	9.53828190	25.24939301
3.65833333	-9.15351504	19.83211459	63.27979937	-23.60830123	-84.46658160	9.62134348	25.33392136
3.66666667	-9.21763319	19.60138178	63.37643363	-23.39820873	-82.80195423	9.67688663	25.19078177
3.67500000	-9.32784849	19.30892764	63.43888596	-23.10135693	-81.07508973	9.73052035	24.96688810
3.68333333	-9.41179977	19.05425500	63.43221712	-22.84412230	-79.35892993	9.79404632	24.58502908
3.69166667	-9.40201635	18.70653312	63.26331715	-22.66758405	-77.61595722	9.93149505	23.82866122
3.70000000	-9.56773498	18.46145719	63.24257387	-22.33773273	-75.97151826	10.00171015	23.26762570
3.70833333	-9.71835609	18.21815173	63.12092801	-22.03464210	-74.34288092	10.03281847	22.32465818
3.71666667	-9.86373804	18.00968245	62.97489352	-21.79930797	-72.80576547	10.12181041	21.29803518
3.72500000	-9.93123788	17.79311018	62.71276941	-21.66531602	-71.33449906	10.18322992	19.57141095
3.73333333	-10.13076604	17.46602636	62.55177032	-21.23223136	-70.02681855	10.26581108	18.38118713
3.74166667	-10.25734046	17.23705511	62.26758225	-21.01547862	-68.78223788	10.30149060	16.68336015
3.75000000	-10.39166067	16.96147248	61.95830592	-20.73562013	-67.66072198	10.31223871	15.10122054
3.75833333	-10.53779400	16.65307671	61.62537441	-20.42371143	-66.67897835	10.26986055	13.79417042
3.76666667	-10.57116485	16.27368549	61.15593784	-20.16992791	-65.86946335	10.10036417	12.70329720
3.77500000	-10.78903829	15.96929477	60.84401750	-19.79494040	-65.27195302	10.03497006	12.42936985
3.78333333	-11.01050968	15.84873401	60.56395616	-19.68068756	-64.93669938	10.00610264	12.44322003
3.79166667	-11.19909219	15.38618951	60.09252315	-19.11574065	-64.63084197	9.46256281	13.12532685
3.80000000	-11.42274485	15.18716395	59.71341513	-18.82350410	-64.47400041	9.11564901	13.97648586
3.80833333	-11.59335349	14.91012957	59.24178412	-18.54201007	-64.37958492	8.75206900	15.06172643
3.81666667	-11.94568051	14.79640585	58.92566667	-18.20171796	-64.15294602	8.25233990	15.85740472
3.82500000	-12.32173454	14.81361647	58.62912374	-17.99235189	-63.81542496	7.54749010	16.67989970
3.83333333	-12.70923635	14.74434335	58.34140273	-17.69759279	-63.36198557	6.86987953	17.22175873
3.84166667	-13.06376724	14.77717266	58.06897513	-17.56478084	-62.84789266	5.93381625	17.64122096
3.85000000	-13.43266925	14.86529951	57.81318842	-17.49250773	-62.26720100	5.08831708	17.83572292
3.85833333	-13.80441028	14.94545449	57.55603032	-17.41294995	-61.63693316	3.97223462	17.85413309
3.86666667	-14.12846043	15.09380272	57.25889182	-17.50749863	-60.99620266	2.87043633	17.74987898
3.87500000	-14.37798898	15.02866063	56.90652820	-17.46910300	-60.48093090	1.67597040	17.67272888
3.88333333	-14.38771978	14.94746387	56.23841116	-17.73325352	-59.86724274	0.52243715	17.48100977
3.89166667	-14.61349494	15.00199124	55.85961318	-17.89747904	-59.39482575	-0.92950434	17.58327912
3.90000000	-14.70894180	15.10030723	55.24156703	-18.27218467	-58.78607723	-2.43247602	17.65081630
3.90833333	-14.82874071	15.28081825	54.66202859	-18.77767892	-58.19304687	-4.00700836	17.72348198
3.91666667	-14.84498590	15.59614227	53.88020145	-19.58528130	-57.45086244	-5.59459443	17.80154649
3.92500000	-14.82233461	15.92066972	53.10268013	-20.43966351	-56.76172384	-7.25768201	17.85314755
3.93333333	-14.78362261	16.47504610	52.22659045	-21.71616734	-55.93964653	-8.78793613	17.92423497
3.94166667	-14.76959414	16.89490086	51.39916821	-22.94374103	-55.11733918	-10.37949347	17.94591100
3.95000000	-14.62349035	17.49259823	50.40267072	-24.54332831	-54.25935702	-11.91342641	17.92820277
3.95833333	-14.49874804	18.29288880	49.45978252	-26.45953847	-53.40024810	-13.21917470	17.89557055
3.96666667	-14.41693558	19.17881740	48.63514175	-28.51466395	-52.68330579	-14.60013549	17.80841976
3.97500000	-14.18356736	19.95763448	47.60211488	-30.87473878	-51.87991372	-15.23754152	17.81436081
3.98333333	-14.02492404	21.13985192	46.63493288	-33.61990195	-51.00728653	-16.96211146	17.72018834
3.99166667	-13.95727712	22.47091270	45.89458251	-36.53087178	-50.31654245	-18.37520766	17.61414667
4.00000000	-13.73602267	23.93621116	44.90686973	-39.89883919	-49.46724319	-19.47146608	17.59149332
4.00833333	-13.59570623	25.00837290	43.98341059	-42.78746546	-48.64835440	-21.06677397	17.45018328
4.01666667	-13.49101475	26.44488732	43.17702392	-46.12540739	-47.86311837	-22.34336470	17.35467630
4.02500000	-13.17881056	27.95309148	42.06838167	-49.73234262	-46.95610685	-23.33680824	17.25318892
4.03333333	-12.93748543	29.23129888	41.01478955	-53.08603073	-46.10424990	-23.89064713	17.23815685
4.04166667	-12.75286574	30.41207134	40.27103291	-56.35259818	-45.31770069	-24.76324152	17.06269416
4.05000000	-12.82760233	32.24338256	39.81180631	-59.77131808	-44.65883529	-26.21594499	16.75178996
4.05833333	-12.53196854	33.74489662	38.83175723	-63.25839880	-43.88840176	-25.92296142	16.68312042
4.06666667	-12.45120989	35.15842299	38.08468688	-66.31242005	-43.14812375	-26.59543359	16.56536351
4.07500000	-12.48191294	36.62556437	37.47644865	-69.35823925	-42.39220848	-25.83367509	16.41048859
4.08333333	-12.16201281	37.86728056	36.53529072	-72.35680514	-41.71082163	-24.17259334	16.31528891
4.09166667	-11.88031559	39.14665848	35.57718763	-75.22258952	-40.97634534	-22.28416323	16.21991906
4.10000000	-11.83592014	40.53200957	34.89775662	-77.93225822	-40.24195560	-20.21702304	16.14925099
4.10833333	-11.63385476	41.98561924	34.05885034	-80.58238595	-39.49840871	-17.98044554	16.01346711
4.11666667	-11.50631793	43.45888390	33.28267906	-83.01818450	-38.77204672	-16.06341663	15.99169908
4.12500000	-11.28194567	44.64607337	32.41354677	-85.15412729	-38.00458763	-13.83612468	15.82532352
4.13333333	-11.11276682	45.85475631	31.51725374	-87.07015092	-37.13134584	-11.75151391	15.69019049
4.14166667	-10.97241652	47.12613400	30.62841098	-88.80050438	-36.19532304	-10.01773472	15.56666787
4.15000000	-10.63973442	48.20486667	29.60825814	-90.40020516	-35.38016214	-8.13165411	15.38355027
4.15833333	-10.42199762	49.31056717	28.63230039	-91.67643206	-34.45221384	-6.29068334	15.17001004
4.16666667	-10.26032255	50.43221440	27.90764268	-92.74152529	-33.70654108	-4.53854665	14.96142001
4.17500000	-9.95827280	51.30201065	26.75959573	-93.56979873	-32.70267841	-1.87279103	14.80895751
4.18333333	-9.95701945	52.47203502	26.06233884	-94.17580612	-31.81273782	-0.43044388	14.58006893
4.19166667	-9.76087446	53.37956156	25.16755959	-94.65620373	-30.96214849	2.56424917	14.43724885
4.20000000	-9.62999005	54.38628130	24.32760853	-94.95597031	-30.08839665	4.53166963	14.23391281
4.20833333	-9.38897983	55.13526929	23.44760040	-94.95295377	-29.31914172	6.30969636	14.08502478
4.21666667	-9.33980089	56.11726252	22.80283034	-94.80832775	-28.59648213	7.29385063	13.77678892
4.22500000	-9.03707236	56.66678496	21.78724419	-94.50626798	-27.74595069	9.57505386	13.77906418
4.23333333	-8.99840118	57.48535663	21.16313572	-94.06561155	-27.02647063	11.01825326	13.59115552
4.24166667	-9.04816957	58.32218291	20.63487453	-93.37118193	-26.27888739	11.34082069	13.42554798
4.25000000	-9.00475762	58.94034239	20.04379227	-92.50272279	-25.61158812	12.14451632	13.03051665
4.25833333	-8.63379583	59.12916432	19.02678586	-91.60888863	-24.89140889	13.89783312	13.16699068
4.26666667	-8.63484571	59.69694756	18.54648164	-90.50395068	-24.25899315	14.26752167	12.86333446
4.27500000	-8.50173528	59.99976977	17.81351851	-89.33810408	-23.54087440	15.33331459	12.83083165
4.28333333	-8.63369360	60.57479342	17.38341182	-88.04418929	-22.81961013	15.45561218	12.78159663
4.29166667	-8.49059777	60.63411566	16.79608069	-86.49851596	-22.24684141	15.93970687	12.40070388
4.30000000	-8.62911617	61.03383499	16.38861775	-85.02499156	-21.55231894	16.04036272	12.36099391
4.30833333	-8.57184936	61.06588169	15.89192811	-83.39576700	-21.02391548	16.29796976	12.05193774
4.31666667	-8.72738883	61.34521542	15.57709357	-81.83811531	-20.44879771	16.26291889	12.08842289
4.32500000	-8.71907819	61.31457791	15.18230538	-80.15908267	-19.97815686	16.15398799	11.82408522
4.33333333	-8.91620366	61.46827798	14.85492034	-78.55383829	-19.34843271	15.99313187	11.79988148
4.34166667	-8.86030897	61.23581642	14.45479551	-76.84812917	-19.07383253	15.60470461	11.82021216
4.35000000	-9.01063966	61.23379859	14.24545135	-75.28739173	-18.62295075	15.28034031	11.61955938
4.35833333	-9.16966046	61.20312494	14.00135972	-73.80597803	-18.15421596	14.92991404	11.52098025
4.36666667	-9.18894923	60.95313360	13.61886290	-72.34845591	-17.76304633	14.30443946	11.45965655
4.37500000	-9.36853341	60.89937643	13.37451817	-71.10887299	-17.33487847	14.01796630	11.42767035
4.38333333	-9.51237421	60.77729040	13.12859473	-69.94789933	-16.91688433	13.52454039	11.28434811
4.39166667	-9.38526282	60.30898923	12.70691503	-68.78581492	-16.68909987	12.51626883	11.15098337
4.40000000	-9.52271861	60.16911673	12.48451074	-67.90293679	-16.38436346	12.08503105	11.13767396
4.40833333	-9.63421067	59.95720713	12.20342012	-67.10574998	-16.00167331	11.23460684	11.00021556
4.41666667	-9.52488816	59.42548071	11.77990365	-66.29719597	-15.75224496	10.07006525	10.78356289
4.42500000	-9.56168343	59.13005386	11.42421771	-65.69347819	-15.48290026	8.95373750	10.67514821
4.43333333	-9.67360231	58.81569546	11.15350608	-65.09515909	-15.16679016	8.04902503	10.55140807
4.44166667	-9.55922095	58.17305767	10.71878873	-64.44382816	-14.98539931	7.21812002	10.29660023
4.45000000	-9.72025833	57.87579673	10.58002692	-63.96281964	-14.87258974	6.94184896	10.21118133
4.45833333	-9.84094594	57.42811144	10.37626327	-63.40193077	-14.67620042	6.74574815	9.68785979
4.46666667	-10.00328070	56.98235095	10.26917235	-62.88978279	-14.55632006	7.13270108	9.34651177
4.47500000	-10.21318695	56.52961264	10.23083004	-62.35799649	-14.45824152	7.79968264	8.92482223
4.48333333	-10.43633302	56.06871918	10.24092752	-61.81201600	-14.40295616	8.57238529	8.45470275
4.49166667	-10.71519501	55.67477641	10.26648253	-61.28062513	-14.34993164	9.29493292	7.86692597
4.50000000	-11.04711073	55.34433040	10.34303004	-60.75311144	-14.27249203	9.89335681	7.12490363
4.50833333	-11.39018548	55.05600972	10.49165455	-60.21662372	-14.23296342	10.30396890	6.31226397
4.51666667	-11.74113140	54.86003215	10.66595145	-59.71022983	-14.22373981	10.50775302	5.42053222
4.52500000	-12.06060188	54.66003199	10.76584695	-59.20612298	-14.17800064	10.59743812	4.45605062
4.53333333	-12.30559584	54.42332759	10.87569608	-58.73403306	-14.24256437	10.51319604	3.40213570
4.54166667	-12.49455087	54.09842287	10.95965226	-58.18890955	-14.30812807	10.39952164	2.17238844
4.55000000	-12.65047671	53.70179110	11.09891602	-57.63876016	-14.46072070	10.32698329	0.90637306
4.55833333	-12.86809997	53.37647796	10.99775887	-57.13197974	-14.41348083	10.30141685	-0.60520066
4.56666667	-13.00995369	52.84990074	11.02838519	-56.45756629	-14.57707956	10.32025181	-2.05996209
4.57500000	-12.86154088	51.98557097	10.73773399	-55.76608447	-14.64523108	10.46892380	-3.61316282
4.58333333	-12.98847922	51.42316630	11.10694654	-55.03411506	-15.25467361	10.48502513	-5.12197716
4.59166667	-12.98905320	50.64239617	11.41319203	-54.20130168	-15.80969105	10.59008768	-6.83510874
4.60000000	-13.02908100	49.94502198	11.83478317	-53.42514447	-16.68414577	10.59007391	-8.47533313
4.60833333	-13.01375152	49.16732527	12.34581287	-52.59503252	-17.71210695	10.59877015	-10.08188386
4.61666667	-12.97319919	48.34395914	12.91511574	-51.73566136	-18.82211066	10.62975548	-11.79077979
4.62500000	-12.79649685	47.48457410	13.55136532	-51.03068701	-20.41573659	10.59609370	-12.78866478
4.63333333	-12.77158283	46.72815798	14.33616282	-50.27152289	-21.75576034	10.72448851	-14.55113464
4.64166667	-12.73359298	46.00679036	15.33186258	-49.49129361	-23.71537539	10.65761262	-15.57721908
4.65000000	-12.74793476	45.36497427	16.54110103	-48.77035470	-25.89780442	10.62976838	-16.49164902
4.65833333	-12.61655716	44.50777626	17.67704727	-47.91702031	-28.35601242	10.54966024	-17.20485417
4.66666667	-12.35652627	43.55792422	18.80433814	-47.10318838	-31.17341121	10.45862360	-17.48564560
4.67500000	-12.22061592	42.72173553	20.23382143	-46.25903862	-34.25263210	10.36770857	-17.71489464
4.68333333	-12.12882814	41.91512612	21.81120334	-45.38270963	-37.53406516	10.25387372	-17.87537609
4.69166667	-12.28248896	41.65212639	23.67145188	-44.81650525	-40.96577096	10.09176936	-18.33299413
4.70000000	-12.02645721	40.77503950	25.14925449	-44.01898303	-44.54033167	9.96438319	-18.04428712
4.70833333	-11.76423263	39.84008528	26.65107264	-43.17162657	-48.15036180	9.82975966	-17.75550507
4.71666667	-11.59739865	39.04711523	28.29006081	-42.36516018	-51.78852734	9.67571260	-17.42030037
4.72500000	-12.00980542	39.06873538	30.68455733	-41.77409390	-55.53382209	9.34482018	-17.45560685
4.73333333	-11.68745377	38.21706932	32.12802966	-41.11536369	-59.10135183	9.27394309	-16.64901037
4.74166667	-11.51294693	37.46718497	33.74960563	-40.37146639	-62.60193965	9.14108665	-15.73963646
4.75000000	-11.77938327	37.32823823	35.96063590	-39.83554941	-66.11198185	8.91017819	-14.89073828
4.75833333	-11.50371942	36.49907193	37.45165182	-39.16764980	-69.36584781	8.81227921	-13.39543412
4.76666667	-11.30552446	35.83486209	38.99923749	-38.60596945	-72.48576180	8.70106977	-11.85356238
4.77500000	-11.69460804	35.89840988	41.31843781	-38.13318830	-75.66215233	8.48093118	-9.53800431
4.78333333	-11.46211865	35.02016408	42.79973235	-37.35748116	-78.39744083	8.38471062	-7.53530735
4.79166667	-11.58884802	34.61235722	44.71346724	-36.69533074	-81.11256485	8.33901468	-4.79380258
4.80000000	-11.35364336	33.78943472	46.08840504	-35.98321123	-83.40303976	8.23409162	-2.68824477
4.80833333	-11.22791205	33.07513090	47.56512247	-35.24507923	-85.60315775	8.19027637	0.23186764
4.81666667	-11.02535015	32.17320701	48.86245546	-34.39574244	-87.41112215	8.07966507	2.24480783
4.82500000	-10.80364367	31.26639377	50.16036288	-33.57429920	-89.15176808	8.00851597	5.11367183
4.83333333	-10.28181119	30.06506776	51.06137376	-32.73507552	-90.58278201	7.83235524	7.47398797
4.84166667	-9.96307385	29.05854178	52.24785385	-31.89766263	-91.84111620	7.69622568	9.49753804
4.85000000	-9.79537259	28.24680087	53.18111597	-31.12544695	-92.67504179	7.63162024	11.72103289
4.85833333	-9.50982451	27.37082185	53.98926288	-30.39109205	-93.28292305	7.52469790	13.57794910
4.86666667	-9.36060967	26.62173652	55.07881431	-29.63854190	-93.77282346	7.35180163	15.00213152
4.87500000	-9.10986447	25.89221624	55.89125319	-29.03655107	-94.08321825	7.26694822	16.98648090
4.88333333	-9.00039236	25.39796783	56.80911947	-28.51816021	-94.09294121	7.09793979	18.14608916
4.89166667	-8.71447697	24.49432077	57.41217177	-27.80048108	-93.93902344	7.15005500	19.69430954
4.90000000	-8.56075068	23.76953569	58.18873609	-27.11614294	-93.63980240	7.04008474	20.85193941
4.90833333	-8.51992181	23.17860460	59.00587749	-26.45890771	-93.18532617	6.97204445	21.82881512
4.91666667	-8.51473083	22.61901338	59.73741532	-25.78966967	-92.49466424	6.86104969	22.49057190
4.92500000	-8.30140648	21.94199732	60.19064853	-25.25093495	-91.72165652	6.98598983	23.37898408
4.93333333	-8.25072183	21.36495793	60.68112210	-24.60926670	-90.71028767	6.83816452	23.78535277
4.94166667	-8.04691833	20.71515576	61.06703161	-24.11627308	-89.73174475	6.87939001	24.43755354
4.95000000	-8.03282988	20.27398516	61.59355630	-23.58938719	-88.58936428	6.85397429	24.60810698
4.95833333	-7.73586075	19.54683331	61.61867810	-23.17376314	-87.30007506	7.13132247	25.21935287
4.96666667	-7.78247010	19.19953431	61.97818620	-22.68951650	-85.92767311	7.04250913	25.29873193
4.97500000	-7.84042377	18.96321853	62.36504650	-22.40066850	-84.54412987	7.08844180	25.33797195
4.98333333	-7.78542339	18.41011232	62.41048926	-21.81350932	-82.98644131	6.96733789	25.33921048
4.99166667	-7.70881045	18.05421167	62.41542720	-21.53009733	-81.44973888	7.08950425	25.34205793
5.00000000	-7.71630875	17.70032228	62.45435852	-21.15763492	-79.90895724	7.22965945	25.16943742
5.00833333	-7.81249344	17.48615956	62.56606220	-20.86347179	-78.34703954	7.26883812	24.83532816
5.01666667	-7.90255309	17.27257712	62.58232842	-20.57668061	-76.77845995	7.30535956	24.34962606
5.02500000	-7.98080293	17.02242507	62.52448540	-20.27693702	-75.22969602	7.35544748	23.63043454
5.03333333	-8.05233457	16.80823763	62.41538230	-20.04750834	-73.73379502	7.42061116	22.97488009
5.04166667	-8.06154174	16.47235287	62.25190857	-19.76126373	-72.33956973	7.51606169	21.78066707
5.05000000	-8.13756962	16.37087902	62.04709482	-19.67096510	-71.00948177	7.65093861	20.67148980
5.05833333	-8.11007483	16.08065571	61.76791951	-19.60954283	-69.74756935	8.09682593	19.52989107
5.06666667	-8.12713678	15.83395550	61.50429382	-19.44832946	-68.63121712	8.16909876	18.55712504
5.07500000	-8.12240521	15.45461837	61.20631020	-19.20153650	-67.66466142	8.28200583	17.31724002
5.08333333	-8.10134439	15.18183537	60.86029647	-19.08216645	-66.80849992	8.40944355	16.11734428
5.09166667	-8.13454701	14.86131703	60.51414873	-18.88608934	-65.98935396	8.56337794	14.97971578
5.10000000	-8.13022178	14.63254247	60.10602466	-18.82981430	-65.25950452	8.70497109	13.82754119
5.10833333	-8.17338955	14.35579567	59.75086897	-18.68460081	-64.67011614	8.84993802	13.01672279
5.11666667	-8.33712471	14.27709917	59.50825519	-18.64439367	-64.18948506	8.90119110	12.88925699
5.12500000	-8.38152919	13.98824655	59.08256910	-18.44369341	-63.76363374	9.06681436	12.32145850
5.13333333	-8.55989773	13.93662149	58.85040322	-18.42538697	-63.52758418	9.09737545	12.37121166
5.14166667	-8.66499957	13.75664366	58.44736674	-18.28214278	-63.33190209	9.22327579	13.24395774
5.15000000	-8.77802689	13.70797601	58.14166149	-18.34503735	-63.31676189	9.49309579	14.04242269
5.15833333	-9.00375775	13.62716971	58.01014445	-18.19902637	-63.35591020	9.47019524	14.76224871
5.16666667	-9.27058494	13.75989651	57.96392055	-18.27784471	-63.42220020	9.66897401	15.27422252
5.17500000	-9.45831878	13.64836139	57.89919578	-18.08249693	-63.52636535	9.59305056	15.51358819
5.18333333	-9.66150353	13.53040666	57.86961658	-17.86273438	-63.57242732	9.41492474	15.81061958
5.19166667	-9.80045345	13.49532522	57.83586297	-17.85695396	-63.59464084	9.38264333	15.82889427
5.20000000	-10.33645848	13.84661743	58.14460668	-17.70677088	-63.41375023	8.66866976	15.76861239
5.20833333	-10.50108144	13.78876615	58.09574160	-17.64446145	-63.32144223	8.60449310	15.76146068
5.21666667	-10.96528454	14.01890990	58.28067562	-17.40764792	-62.97307896	7.86072152	15.38297919
5.22500000	-11.27651252	14.09078901	58.27865156	-17.26578417	-62.66025296	7.24060678	15.25522117
5.23333333	-11.50895003	14.07027879	58.13572686	-17.06801003	-62.32507642	6.64434389	15.34938111
5.24166667	-11.75058063	14.09349532	57.94688396	-16.92600636	-61.92736743	5.87337354	15.43015829
5.25000000	-12.01778525	14.09867277	57.75136285	-16.74197433	-61.51606479	5.18045837	15.55453181
5.25833333	-12.25354669	14.17775236	57.47045064	-16.66539690	-61.03750113	4.29723394	15.68510980
5.26666667	-12.49411554	14.22920049	57.16215470	-16.55594761	-60.55068586	3.44565288	15.81279273
5.27500000	-12.72776995	14.25740181	56.84057808	-16.44481662	-60.02117954	2.42922892	15.94351091
5.28333333	-12.89902547	14.30454777	56.43614505	-16.40478059	-59.47917866	1.32781460	16.00302781
5.29166667	-13.06428185	14.39344739	55.98671739	-16.39906910	-58.90205212	0.20051805	16.02731337
5.30000000	-13.23308019	14.42521091	55.52675156	-16.35026422	-58.27162378	-0.97623329	16.02452546
5.30833333	-13.36899420	14.39990987	55.01520129	-16.28797730	-57.66417018	-2.25926921	16.00557112
5.31666667	-13.44658088	14.47068838	54.49390003	-16.42822297	-57.04735517	-3.48282667	15.92769664
5.32500000	-13.48656137	14.44728950	53.91355635	-16.53550124	-56.36841031	-4.75020205	15.80803966
5.33333333	-13.49320574	14.43296438	53.20507052	-16.67002412	-55.58932097	-6.03941130	15.68666357
5.34166667	-13.53885987	14.56048573	52.58404219	-16.96757027	-54.83776111	-7.23828171	15.55914291
5.35000000	-13.60540091	14.79672905	51.98536834	-17.36618765	-54.05653892	-8.42542909	15.36069587
5.35833333	-13.66653438	15.01036813	51.38943811	-17.79854232	-53.26079902	-9.63811696	15.15857513
5.36666667	-13.75468537	15.42648207	50.73443833	-18.43140360	-52.34737635	-10.72130290	14.96670989
5.37500000	-13.91670801	16.05202636	50.21533723	-19.17714820	-51.50209798	-11.82516244	14.61934810
5.38333333	-13.97268864	16.51808176	49.63512458	-20.04145495	-50.74047325	-12.72390267	14.52250955
5.39166667	-13.88910975	17.01686791	48.88902727	-21.09694115	-49.88342150	-13.60518251	14.29012174
5.40000000	-13.99503899	17.77728923	48.37798184	-22.25459819	-49.10128768	-14.51335760	14.00275707
5.40833333	-13.90733279	18.45152557	47.63046344	-23.72550149	-48.34447607	-15.04960598	13.90859863
5.41666667	-14.03779010	19.22098200	47.18698319	-25.06415559	-47.65368345	-16.04542942	13.76213435
5.42500000	-13.82336991	19.94581392	46.38180869	-26.88410767	-46.88937890	-16.76502257	13.46509394
5.43333333	-13.66225856	20.51900942	45.56759247	-28.72407040	-46.05460771	-17.12586900	13.35229767
5.44166667	-13.50808709	21.10479043	44.82753502	-30.60316318	-45.36229278	-18.05461334	13.13989449
5.45000000	-13.32714799	22.21771838	44.05306074	-33.00500546	-44.60544688	-18.70204073	12.93366241
5.45833333	-13.30787221	22.92543749	43.46826257	-34.93101919	-43.99627977	-20.14659625	12.88637667
5.46666667	-13.02511090	23.63317783	42.50830587	-37.19939393	-43.13054789	-21.01219457	12.65045561
5.47500000	-12.71853717	24.51398304	41.66856597	-39.64488532	-42.44719674	-22.03895994	12.48374923
5.48333333	-12.54302139	25.16213856	40.96988466	-41.94314176	-41.77945432	-21.93353710	12.38467909
5.49166667	-12.48865136	25.95667743	40.47581845	-44.07608000	-41.23845556	-23.88828710	12.13788332
5.50000000	-12.24716600	26.65013425	39.75749877	-46.30251099	-40.66177448	-24.83325390	12.01070283
5.50833333	-12.00716731	27.66775314	38.92455822	-48.77697177	-39.89492485	-24.30491468	11.86078858
5.51666667	-11.81048031	28.63248350	38.16568278	-51.07430958	-39.15955188	-24.73750283	11.63855961
5.52500000	-11.83157875	29.70676218	37.73168976	-53.18112836	-38.57472437	-25.43030149	11.48550247
5.53333333	-11.69213297	30.39804262	37.11246205	-55.07229905	-38.02079642	-24.52823818	11.34954098
5.54166667	-11.55963001	31.18264612	36.48239898	-56.90607497	-37.38276088	-23.81288168	11.25142265
5.55000000	-11.52318895	32.02923938	36.01267466	-58.62776862	-36.86221171	-22.40436301	11.05741797
5.55833333	-11.49712820	32.95892263	35.58658589	-60.24973008	-36.33394199	-21.33034176	10.93264030
5.56666667	-11.52231646	33.86964897	35.18259824	-61.64545732	-35.79332113	-20.05579307	10.76096922
5.57500000	-11.81367797	35.16976284	35.15901256	-63.09785112	-35.33784677	-17.21683112	10.60976434
5.58333333	-11.83733034	35.91120706	34.74520077	-64.04173220	-34.76034203	-16.11298938	10.46883561
5.59166667	-12.07989978	36.93535750	34.61547389	-64.92389264	-34.24553417	-13.82079593	10.38902183
5.60000000	-12.01385584	37.54867395	34.09257543	-65.44457169	-33.63106124	-12.96537393	10.18232026
5.60833333	-11.79649143	38.03076542	33.34026835	-65.92031170	-32.93348698	-10.43718468	10.02781854
5.61666667	-11.83970739	38.64089706	32.95295363	-66.05345377	-32.33360009	-10.01188309	9.95975319
5.62500000	-11.97332453	39.38419592	32.66443437	-66.15072175	-31.73882724	-7.33262414	9.70230386
5.63333333	-11.73309847	39.56627904	31.90557636	-65.89267401	-31.03924788	-5.78937233	9.47129883
5.64166667	-11.87208831	39.99245953	31.56339571	-65.31267388	-30.39036381	-5.43795347	9.43664498
5.65000000	-11.88000410	40.22406378	31.11043092	-64.62784224	-29.82001345	-3.68866821	9.07688959
5.65833333	-11.68505388	40.24036314	30.31595731	-63.84145931	-29.02103810	-1.77621615	9.01595888
5.66666667	-11.85762359	40.51256896	30.04089056	-62.73645178	-28.39649600	-1.39498640	8.95388511
5.67500000	-12.02243742	40.72424010	29.77098740	-61.48402580	-27.80186482	-0.89880270	8.79937744
5.68333333	-11.84892134	40.49574942	29.08305299	-60.09648040	-27.19766445	0.62920394	8.48234529
5.69166667	-12.04728915	40.59596671	28.90033257	-58.55920911	-26.61773567	0.90426041	8.42668795
5.70000000	-11.75947980	39.97260902	28.06567541	-56.81539687	-25.92295375	2.21579639	8.26774283
5.70833333	-11.97179708	40.02040363	28.00065131	-55.09540023	-25.49064497	2.23117075	8.20626250
5.71666667	-11.79425941	39.39997036	27.34806123	-53.13823683	-24.84126934	2.85802722	7.90293098
5.72500000	-12.06007595	39.35119493	27.26882737	-51.22251497	-24.33295873	2.74391167	7.86864542
5.73333333	-12.14325909	39.05681229	27.01756137	-49.25537950	-23.85197097	2.56269553	7.59052694
5.74166667	-12.35239234	38.89133258	26.96586968	-47.30517798	-23.47481628	2.48129747	7.61822678
5.75000000	-11.95907152	37.82952305	26.01143380	-45.17034484	-22.76468888	2.90129941	7.42715183
5.75833333	-12.14133781	37.39456533	25.90945823	-43.08787108	-22.36577284	2.65744499	7.32267959
5.76666667	-12.28946358	36.81323628	25.79257982	-40.98281445	-22.01821669	2.56277777	7.26132655
5.77500000	-12.49130370	36.55113832	25.75195959	-39.16637206	-21.68632713	2.47528140	7.30325378
5.78333333	-12.24938100	35.78155071	25.10898701	-37.42704944	-21.15734178	2.86254464	7.17175514
5.79166667	-12.30692736	35.34504951	24.94653477	-35.82171476	-20.85359347	3.18189341	7.16612890
5.80000000	-12.52609084	35.16723250	25.04012918	-34.37084372	-20.70530896	3.12659350	7.20157722
5.80833333	-12.51221437	34.53139737	24.73632271	-32.83986146	-20.36055009	3.22721501	7.20360418
5.81666667	-12.68881037	34.29392969	24.80947117	-31.58143119	-20.25984990	3.05545343	7.23168342
5.82500000	-12.86245666	33.96907160	24.87708511	-30.35102852	-20.16562135	2.75359955	7.24684578
5.83333333	-12.94598085	33.64233625	24.84721474	-29.35945679	-20.06596873	2.26654643	7.35201722
5.84166667	-13.09231693	33.37762670	24.87072511	-28.44484092	-19.96266660	1.66678154	7.41859568
5.85000000	-13.24278450	33.11379779	24.94076725	-27.62442796	-19.93810502	1.31138603	7.49685541
5.85833333	-13.31899348	32.77225252	24.97664504	-26.92430008	-19.94819319	0.55024800	7.60990164
5.86666667	-13.45148624	32.45056734	25.04517918	-26.25320396	-19.96971839	0.30820806	7.67359219
5.87500000	-13.57780295	32.15568841	25.11354772	-25.66782494	-19.98952094	0.09996354	7.76060736
5.88333333	-13.70171213	31.85493021	25.18750186	-25.15722142	-19.98910194	0.01822909	7.83597173
5.89166667	-13.83841060	31.52929361	25.32675990	-24.61338404	-20.08661915	0.17721242	7.92655494
5.90000000	-13.98326356	31.29624746	25.47015461	-24.13243340	-20.17965583	0.35288844	8.01374364
5.90833333	-14.14085648	31.05806070	25.56712819	-23.64724406	-20.18833038	0.47515933	8.06014115
5.91666667	-14.41712144	31.03229539	25.81603489	-23.22867171	-20.21371700	0.41908428	8.12083547
5.92500000	-14.60766867	30.95391807	25.94744072	-22.84813967	-20.19597194	0.39555179	8.12721733
5.93333333	-14.83347943	30.91900800	26.17812558	-22.50073570	-20.26406251	0.21147640	8.15377409
5.94166667	-15.14789854	31.16351750	26.40013366	-22.39781256	-20.12880543	0.17021269	7.99294898
5.95000000	-15.26658365	31.16425153	26.37760884	-22.22966968	-20.02730128	0.02434779	8.04946229
5.95833333	-15.34903039	31.16162379	26.33956016	-22.16503375	-19.93342791	-0.05298422	8.05786134
5.96666667	-15.34515618	31.02137000	26.15170560	-22.09162284	-19.75429639	-0.03108536	7.98358749
5.97500000	-15.42977242	31.02027531	26.03205016	-22.07460953	-19.55753217	0.00376721	8.01138423
5.98333333	-15.39032440	30.91275410	25.78936595	-22.07196233	-19.35947560	0.00495074	7.99247841
5.99166667	-15.43693852	30.90185453	25.66383216	-22.06962491	-19.19671531	0.08548793	8.00482525
6.00000000	-15.33466211	30.69386204	25.26540755	-22.00583461	-18.87776320	0.19933916	7.91831157
6.00833333	-15.41661795	30.69353328	25.29026067	-21.93128619	-18.86697637	0.28839452	7.92465853
6.01666667	-15.06130162	30.08064956	24.52001962	-21.68192246	-18.39099451	0.56192494	7.84022494
6.02500000	-15.12983149	30.02896799	24.46373166	-21.55459135	-18.27261614	0.56493988	7.88763523
6.03333333	-15.20972212	30.00917879	24.42728672	-21.41342316	-18.16264856	0.58997667	7.88800306
6.04166667	-15.27043716	29.98230945	24.32666667	-21.29672535	-18.00212156	0.64462098	7.82938579
6.05000000	-15.33341775	29.92741997	24.25348171	-21.15756264	-17.85354920	0.69466424	7.75556860
6.05833333	-15.43783244	29.88624092	24.25160033	-20.98522926	-17.74170454	0.71477217	7.78946232
6.06666667	-15.58578272	29.85707025	24.33022145	-20.79795125	-17.67396352	0.75261326	7.76252806
6.07500000	-15.69540421	29.82926701	24.31519008	-20.64744804	-17.55618567	0.81462245	7.77182993
6.08333333	-15.80649745	29.80768786	24.30624927	-20.51018849	-17.43673424	0.86935091	7.76728798
6.09166667	-15.89639985	29.75697694	24.29362016	-20.36816262	-17.35008648	0.93466606	7.77534001
6.10000000	-15.90821428	29.64198742	24.21686119	-20.26456965	-17.27228407	0.94718776	7.76778661
6.10833333	-15.95720019	29.69124303	24.23516538	-20.30621903	-17.27492885	1.02512066	7.80251612
6.11666667	-15.98001385	29.81881387	24.14804575	-20.46917796	-17.15594452	1.10260964	7.81908621
6.12500000	-16.03108137	29.86066912	24.14306311	-20.50916343	-17.12643700	1.16929370	7.83755345
6.13333333	-16.03671587	29.76055738	24.01017868	-20.44021755	-16.99437021	1.22326336	7.83139461
6.14166667	-16.06638594	29.79714474	24.03761528	-20.51560416	-17.04648761	1.29141169	7.84890556
6.15000000	-15.83523430	29.43098554	23.60145416	-20.39824428	-16.85865625	1.16209401	7.98708370
6.15833333	-15.87028141	29.46527179	23.64779911	-20.42554862	-16.91086022	1.24424997	7.99095446
6.16666667	-15.89110457	29.45093602	23.53140557	-20.41511467	-16.73337769	1.32371387	7.97281399
6.17500000	-15.92107819	29.51533936	23.58786286	-20.49956810	-16.79657094	1.39490818	7.98000029
6.18333333	-15.93671739	29.44327836	23.45347655	-20.42186346	-16.57942230	1.44590075	7.95662619
6.19166667	-15.92447908	29.37439036	23.37751539	-20.35522913	-16.50609186	1.45095175	7.90875994
6.20000000	-15.97623966	29.42451281	23.43146061	-20.37074017	-16.51807767	1.50965627	7.92098435
6.20833333	-15.78758466	29.04493741	23.01847462	-20.10878267	-16.25247812	1.23103912	7.95125113
6.21666667	-15.87637849	29.06323917	23.02590794	-20.01876283	-16.13517793	1.29335321	7.94291926
6.22500000	-15.96889646	29.11058704	23.02188928	-19.96490728	-15.98679412	1.33266840	7.92583678
6.23333333	-16.08318937	29.16539350	23.02782399	-19.88346672	-15.81994404	1.32262925	7.80796157
6.24166667	-16.17864216	29.22612221	23.04422810	-19.83941049	-15.69982835	1.37411710	7.82145383
6.25000000	-16.29465209	29.26079947	23.03085183	-19.73948892	-15.49446011	1.37499657	7.75720959
6.25833333	-16.40451325	29.29592312	23.02214445	-19.64236467	-15.30763052	1.38650027	7.71959670
6.26666667	-16.51524180	29.29384728	23.02699040	-19.51008001	-15.14382967	1.39507861	7.66150655
6.27500000	-16.70283564	29.44129733	23.23966875	-19.43579617	-15.18623183	1.32321109	7.67391687
6.28333333	-16.77871826	29.47796289	23.24020476	-19.38028716	-15.06499813	1.36556609	7.65813702
6.29166667	-16.85696781	29.50634560	23.23252533	-19.29102775	-14.88992353	1.38547405	7.62903521
6.30000000	-16.92757622	29.52067651	23.24113846	-19.21077253	-14.79248953	1.40709248	7.58866479
6.30833333	-16.98651754	29.50941104	23.23639308	-19.10227374	-14.66975697	1.39793210	7.52189212
6.31666667	-17.04333215	29.50460576	23.25801561	-19.00528938	-14.60699164	1.41183898	7.48891561
6.32500000	-17.07125110	29.40252937	23.21612542	-18.79864009	-14.48939519	1.34312849	7.38607658
6.33333333	-16.95631852	29.18948940	23.04334077	-18.68616456	-14.39711753	1.31409724	7.32833085
6.34166667	-17.02941163	29.20170006	22.93371241	-18.58648482	-14.19378503	1.33582566	7.29382335
6.35000000	-17.07924368	29.17202441	22.86441111	-18.47154824	-14.04993111	1.32900754	7.27039688
6.35833333	-17.15052205	29.18500547	22.87118956	-18.38612232	-13.95129359	1.35487589	7.28668790
6.36666667	-17.18096552	29.12362296	22.81094039	-18.26370077	-13.82851100	1.29483951	7.17604485
6.37500000	-17.26747879	29.20509561	22.83167858	-18.23254800	-13.74194756	1.34362362	7.21126703
6.38333333	-17.34258976	29.24532009	22.83019046	-18.16424898	-13.60637783	1.35482126	7.15756303
6.39166667	-17.35710891	29.21434747	22.77745883	-18.10862554	-13.53878094	1.40553673	7.07203050
6.40000000	-17.44988763	29.25303605	22.82375390	-18.02686132	-13.46735727	1.46707829	7.04778162
6.40833333	-17.53315567	29.24631357	22.84372014	-17.88087069	-13.36341050	1.40499052	6.84985053
6.41666667	-17.62395835	29.26409630	22.86185076	-17.77326892	-13.26454611	1.43461932	6.84952811
6.42500000	-17.70569561	29.24020008	22.83068812	-17.62000513	-13.11597325	1.41551301	6.80562040
6.43333333	-17.77826986	29.20219210	22.83512099	-17.47437846	-13.03311302	1.43404214	6.80252528
6.44166667	-17.67109878	28.97024164	22.66490912	-17.32423062	-13.00743382	1.49925046	6.85450575
6.45000000	-17.73920298	29.01454448	22.73634744	-17.27426281	-13.01707367	1.54437593	6.90055372
6.45833333	-17.78291202	28.97402488	22.71198745	-17.16345581	-12.92366114	1.48544011	6.91088260
6.46666667	-17.84531833	29.00322115	22.71540514	-17.11340681	-12.86143991	1.49538941	6.94721451
6.47500000	-17.90604744	29.02611975	22.73532335	-17.06545478	-12.81467782	1.52473231	6.97445633
6.48333333	-17.91924762	29.03898065	22.74994232	-17.03668483	-12.82517634	1.48399056	6.96188007
6.49166667	-17.98824725	29.11415512	22.78976381	-17.03860198	-12.77753626	1.52979315	7.00761886
6.50000000	-18.04359041	29.17188241	22.83733570	-17.01833296	-12.76498835	1.51569628	6.99804868
6.50833333	-18.16298904	29.34967892	23.03171663	-17.07025531	-12.86026240	1.55597137	7.03536855
6.51666667	-18.21320341	29.42820508	23.05170373	-17.09994467	-12.82272152	1.56134086	7.05203712
6.52500000	-18.27413625	29.52819592	23.10952811	-17.15371347	-12.83204085	1.62091039	7.09253302
6.53333333	-18.30141285	29.58152265	23.08385230	-17.16800805	-12.77718952	1.62128833	7.02977486
6.54166667	-18.34318636	29.65131895	23.07712822	-17.19701887	-12.72658460	1.64635305	7.03759113
6.55000000	-18.36019319	29.72023013	23.07296125	-17.26900784	-12.73034646	1.68592739	7.03696637
6.55833333	-18.40174887	29.77452667	23.12084396	-17.28452159	-12.74652727	1.72590093	7.07801878
6.56666667	-18.28806844	29.61287427	23.02614376	-17.21695010	-12.76575739	1.58887755	7.06902709
6.57500000	-18.31973547	29.64143734	23.08706044	-17.22258036	-12.83496954	1.62569576	7.08613772
6.58333333	-18.33532360	29.67552506	23.04861234	-17.25509026	-12.78865265	1.66904654	7.12030027
6.59166667	-18.32615593	29.62440151	22.97653184	-17.24663996	-12.74513559	1.70394621	7.09675365