0.00000000	-19.95974728	26.32896595	26.05963938	-10.82428009	-11.18225577	1.86359848	4.84693658
0.00833333	-19.91174256	26.26684639	25.96262500	-10.80205391	-11.12782684	1.77874667	4.88835458
0.01666667	-19.98586656	26.39700768	26.08962727	-10.88584640	-11.19208526	2.00520707	4.83040005
0.02500000	-19.90257766	26.29229047	25.95113579	-10.88469262	-11.12112573	1.91995797	4.97581330
0.03333333	-19.87963165	26.27185450	25.88579857	-10.87901308	-11.06224853	1.87154731	4.99167277
0.04166667	-20.10910047	26.55248784	26.22747414	-10.91801446	-11.22677051	1.89305988	5.03544078
0.05000000	-19.96006573	26.35996239	26.00567489	-10.87099184	-11.11713726	1.87693437	4.95827152
0.05833333	-19.78626620	26.09250897	25.71000616	-10.73656080	-10.94973832	1.94087958	4.87158936
0.06666667	-19.77555177	26.12312257	25.70797358	-10.78392118	-10.98619528	1.82383084	4.75553427
0.07500000	-20.00655785	26.44263049	26.06168407	-10.93727026	-11.14976521	1.90957563	4.82183266
0.08333333	-19.94188660	26.34839104	25.95160182	-10.89351121	-11.10307976	1.86537840	4.77452448
0.09166667	-20.00146936	26.42753109	26.04728107	-10.93365266	-11.16944871	1.86637860	4.73617466
0.10000000	-20.07280978	26.53942606	26.11428527	-11.00538044	-11.18852635	1.87298619	4.58863611
0.10833333	-20.02273896	26.44942630	26.00821442	-10.95973485	-11.14404357	1.90466240	4.48664294
0.11666667	-19.98803952	26.42278092	25.95535759	-10.97925672	-11.15607630	1.87640278	4.27338032
0.12500000	-20.08347969	26.53070612	26.06899144	-10.97560996	-11.20797670	1.92111810	4.18228370
0.13333333	-20.04060084	26.46540761	25.98382584	-10.96174673	-11.17702351	1.88233370	4.06621086
0.14166667	-19.96332579	26.34599371	25.85242046	-10.89107160	-11.12293726	1.86969922	4.05306110
0.15000000	-19.86897470	26.22066926	25.72444216	-10.84913356	-11.07141747	1.90101757	4.03385260
0.15833333	-20.11676669	26.54732188	26.05005937	-10.97387985	-11.16783194	1.92682363	4.10678502
0.16666667	-20.00188476	26.36975234	25.88602006	-10.89190200	-11.10121547	1.92291384	4.04032503
0.17500000	-19.92559219	26.28735684	25.77920883	-10.87174470	-11.07032808	1.89140576	3.93306318
0.18333333	-20.10690076	26.50766452	26.04231914	-10.92264619	-11.18748825	1.92446770	3.92950214
0.19166667	-19.99900188	26.36491633	25.89538044	-10.88647902	-11.13960897	1.91800292	3.82279156
0.20000000	-19.90650917	26.22091032	25.76931853	-10.82150418	-11.09333669	1.96023709	3.80892914
0.20833333	-19.87856175	26.16344624	25.72463854	-10.78928332	-11.07248574	1.93768563	3.74402199
0.21666667	-19.92556215	26.23162834	25.79246412	-10.81941382	-11.12332673	1.92576848	3.77176733
0.22500000	-20.08228772	26.41888347	26.01872537	-10.86865227	-11.21431508	1.97212919	3.81755048
0.23333333	-19.98511634	26.27653123	25.87813393	-10.80408994	-11.16419851	1.92660900	3.79978454
0.24166667	-19.99935080	26.29770544	25.90079877	-10.82981028	-11.18970548	1.88354354	3.71588767
0.25000000	-19.89782236	26.13404758	25.74818157	-10.74588766	-11.12330769	1.92140166	3.70027445
0.25833333	-20.14840338	26.48117319	26.13883777	-10.90313040	-11.33025796	1.97881999	3.69248582
0.26666667	-20.00764323	26.27520297	25.93777891	-10.81387499	-11.25662990	1.95635345	3.69160091
0.27500000	-20.04138472	26.33831083	25.99315009	-10.89165114	-11.29870771	2.02375172	3.71416501
0.28333333	-19.94602735	26.16326530	25.83844022	-10.78275503	-11.22208977	2.03738030	3.72120402
0.29166667	-19.92743866	26.14471903	25.82713984	-10.79889482	-11.24413749	1.98774252	3.73124893
0.30000000	-19.91011993	26.09311813	25.78757919	-10.76417065	-11.21488452	1.99453200	3.74742492
0.30833333	-19.92318907	26.09769589	25.79389792	-10.75518548	-11.21401106	1.98969533	3.72520213
0.31666667	-19.85181631	25.98351906	25.68098764	-10.69778433	-11.16054003	2.02545387	3.71972456
0.32500000	-20.19472818	26.43857404	26.19106429	-10.88251281	-11.39955151	2.08918013	3.73853072
0.33333333	-20.10237419	26.27835309	26.04366655	-10.78819709	-11.33761689	2.08496241	3.71471851
0.34166667	-20.11837970	26.28717566	26.08324448	-10.79904143	-11.38099852	2.07925241	3.69607780
0.35000000	-20.04691627	26.16674629	25.98180848	-10.74463299	-11.34190550	2.08904850	3.67163224
0.35833333	-20.10324974	26.22895273	26.06245996	-10.76248189	-11.39245932	2.03270110	3.70744804
0.36666667	-20.07106683	26.15520429	26.02215285	-10.72383532	-11.37812812	2.03557914	3.71868052
0.37500000	-20.01346912	26.04755152	25.92709607	-10.65787411	-11.34159199	2.02348349	3.73226986
0.38333333	-19.99156726	25.98162974	25.87521088	-10.58619860	-11.31281369	2.04511929	3.78454829
0.39166667	-20.03219138	26.02601692	25.96143984	-10.61209410	-11.38591495	2.04125936	3.90233604
0.40000000	-20.36338833	26.47713063	26.43085189	-10.82385424	-11.56689816	2.17421451	4.04582014
0.40833333	-20.25090808	26.27034933	26.28431898	-10.71922139	-11.51639632	2.15726866	4.09702311
0.41666667	-20.17759527	26.15814509	26.16475043	-10.68440351	-11.44810052	2.15418545	4.03601392
0.42500000	-20.11198424	26.04854544	26.04673709	-10.64356481	-11.36841245	2.16369171	4.01837411
0.43333333	-20.19140994	26.19308534	26.19121566	-10.76693422	-11.49034140	2.20773062	4.01966782
0.44166667	-20.11927686	26.07191704	26.08050804	-10.69529076	-11.43844060	2.13426074	3.93554447
0.45000000	-20.08933497	26.01390169	26.00856643	-10.66989261	-11.38097310	2.14372579	3.92717786
0.45833333	-20.04256513	25.94530762	25.89581964	-10.64557299	-11.28042248	2.15156243	3.93161960
0.46666667	-20.05888265	25.96948083	25.89325439	-10.64693874	-11.27533870	2.13311781	3.93260850
0.47500000	-20.04720551	25.93171868	25.81967665	-10.62173195	-11.19257936	2.15714100	3.98326648
0.48333333	-20.04566026	25.92641433	25.77683148	-10.62169757	-11.15618184	2.16256561	4.02661145
0.49166667	-20.18367427	26.12730428	25.96119665	-10.73113447	-11.26997152	2.17664302	4.14657759
0.50000000	-20.12357681	26.03470010	25.84557292	-10.70213446	-11.19737215	2.20383776	4.14352727
0.50833333	-20.06552558	25.94654692	25.73555962	-10.67476233	-11.13152252	2.14016360	4.07089720
0.51666667	-20.05701765	25.94434252	25.71830755	-10.69581992	-11.12788026	2.14104640	4.04780356
0.52500000	-19.96433971	25.82309257	25.59685182	-10.64878160	-11.08653538	2.18157103	4.03067861
0.53333333	-20.07418837	25.96306557	25.79168783	-10.72716214	-11.25061909	2.18389808	4.04053005
0.54166667	-19.98935324	25.84690073	25.63440791	-10.69137105	-11.13793434	2.15980907	3.94014903
0.55000000	-20.06097316	25.93569631	25.73162973	-10.71238073	-11.17658931	2.19220587	3.90601507
0.55833333	-19.98489560	25.84630368	25.62702901	-10.69068802	-11.14081713	2.24021984	3.92455479
0.56666667	-19.89660702	25.68608937	25.44228385	-10.61600345	-10.99454916	2.18734909	3.89056205
0.57500000	-20.05675252	25.91868636	25.68642477	-10.72165310	-11.13797306	2.19235601	3.95374334
0.58333333	-19.99043844	25.82687136	25.57021336	-10.68487231	-11.08283070	2.17706638	3.96162599
0.59166667	-20.16486819	26.06685744	25.82917220	-10.78697255	-11.21621407	2.24816912	4.04953726
0.60000000	-20.04171556	25.87535159	25.61494072	-10.68720821	-11.10215824	2.24727193	4.05480247
0.60833333	-19.99407006	25.82334781	25.52848589	-10.69274905	-11.06447287	2.21000086	4.13095925
0.61666667	-19.96079464	25.75709493	25.45964309	-10.65364763	-11.01198305	2.21931854	4.13071934
0.62500000	-19.94346931	25.72697771	25.40681941	-10.64561136	-10.95992518	2.21487059	4.11315837
0.63333333	-20.21608956	26.09512351	25.82835795	-10.79061923	-11.18293312	2.26271642	4.16630365
0.64166667	-20.13723795	25.98716407	25.67111166	-10.75214499	-11.08709974	2.24482837	4.08032432
0.65000000	-20.03847976	25.83272511	25.49254840	-10.67953416	-10.97153745	2.25422757	4.02297786
0.65833333	-20.20163627	26.06162276	25.75721639	-10.78729262	-11.13017484	2.26224564	3.97758355
0.66666667	-20.08765130	25.88462169	25.56439106	-10.70888608	-11.01727118	2.28485913	3.95768898
0.67500000	-20.12473001	25.92988040	25.60891186	-10.73631615	-11.03098543	2.26895295	3.97283894
0.68333333	-20.07668960	25.85076053	25.52646624	-10.69349799	-10.98713633	2.26804438	3.99705706
0.69166667	-20.04670695	25.78837292	25.46746876	-10.66661140	-10.94185890	2.24224721	3.98818811
0.70000000	-20.30457971	26.11361263	25.84577021	-10.77335858	-11.12438540	2.31474680	4.09540102
0.70833333	-20.19580173	25.93791693	25.66919209	-10.68883068	-11.02735701	2.31506561	4.08520263
0.71666667	-20.12689791	25.84025509	25.56666921	-10.65690903	-10.99562008	2.27426278	4.12242669
0.72500000	-20.14129014	25.83589347	25.59099710	-10.63578362	-11.00302441	2.28713154	4.08380113
0.73333333	-20.17496515	25.87028034	25.64837197	-10.64625365	-11.05457688	2.29150660	4.22068958
0.74166667	-20.22163760	25.94755794	25.73551944	-10.71877257	-11.13622998	2.38036516	4.27972849
0.75000000	-20.14440599	25.81538154	25.61860938	-10.63650063	-11.09175035	2.41579760	4.29280885
0.75833333	-20.09021474	25.69368991	25.52537678	-10.57167061	-11.00571472	2.31328162	4.25010691
0.76666667	-20.13266802	25.73836383	25.57905399	-10.58405576	-11.03033732	2.27646148	4.21887310
0.77500000	-20.09498408	25.68019697	25.52121147	-10.55083995	-10.99747827	2.30066207	4.19681583
0.78333333	-20.37132713	26.03626163	25.92491280	-10.67025174	-11.19776091	2.36470496	4.28698909
0.79166667	-20.28441134	25.89991279	25.79322742	-10.63091412	-11.13486303	2.38232382	4.31114785
0.80000000	-20.21088285	25.77666021	25.67481316	-10.57511474	-11.09159664	2.32241011	4.33681848
0.80833333	-20.45035080	26.13109119	26.03548460	-10.77980987	-11.27700066	2.35483145	4.55564192
0.81666667	-20.38032015	26.03295528	25.95889007	-10.74550938	-11.28458166	2.39437672	4.56134884
0.82500000	-20.31567107	25.90884024	25.84967699	-10.68108030	-11.23519459	2.32732897	4.66648516
0.83333333	-20.56219984	26.23112815	26.19125899	-10.81630700	-11.36095246	2.39386572	4.69416659
0.84166667	-20.44437582	26.05002922	26.03767413	-10.72173630	-11.32900158	2.35078220	4.70806591
0.85000000	-20.37344764	25.92197210	25.91966786	-10.64965308	-11.27174652	2.35105449	4.70181880
0.85833333	-20.60588037	26.22371035	26.25519642	-10.77217218	-11.40553115	2.38637084	4.76131517
0.86666667	-20.48741721	26.03304813	26.05996806	-10.67081425	-11.30308272	2.39655036	4.73634421
0.87500000	-20.44005830	25.95842024	25.97925059	-10.62967513	-11.28016511	2.33484497	4.71098003
0.88333333	-20.65819780	26.25258882	26.28223600	-10.77363044	-11.40921156	2.39032630	4.77508975
0.89166667	-20.54582142	26.07249768	26.09130083	-10.68560141	-11.29476021	2.40180794	4.73007731
0.90000000	-20.50479376	26.01139504	26.03876960	-10.66294172	-11.29650552	2.36336100	4.72359806
0.90833333	-20.46776160	25.94417794	25.95101138	-10.61854582	-11.22610076	2.35868245	4.72841286
0.91666667	-20.51797642	26.02152741	26.02682628	-10.65562815	-11.28333357	2.32475608	4.75085398
0.92500000	-20.68846934	26.25237027	26.24535686	-10.73978954	-11.35827876	2.37143896	4.77602690
0.93333333	-20.64518402	26.17242811	26.17423193	-10.68834515	-11.32405002	2.38945674	4.76919825
0.94166667	-20.74591688	26.32468630	26.30258209	-10.78500692	-11.37547292	2.46381911	4.79945540
0.95000000	-20.66066900	26.20880976	26.15459660	-10.73472380	-11.29582222	2.47342502	4.78401517
0.95833333	-20.61446886	26.14954613	26.05724315	-10.71441999	-11.25223701	2.43371595	4.74049746
0.96666667	-20.55508277	26.07564266	25.93974909	-10.68915491	-11.19636708	2.41369508	4.72272312
0.97500000	-20.49495885	25.99695997	25.83431661	-10.66058164	-11.13542097	2.43859802	4.68667613
0.98333333	-20.59555776	26.16205108	25.95526607	-10.75719926	-11.19083402	2.41514433	4.63332276
0.99166667	-20.69445388	26.29820836	26.10812237	-10.82643407	-11.31155327	2.44463311	4.70779470
1.00000000	-20.59236923	26.17041578	25.97737915	-10.78283370	-11.27357170	2.46026012	4.66939033
1.00833333	-20.79211661	26.41129486	26.21567652	-10.85800410	-11.34446995	2.45840136	4.72439630
1.01666667	-20.59845044	26.12764988	25.89458441	-10.72374287	-11.16741476	2.42678033	4.67560665
1.02500000	-20.66032976	26.21016729	25.96174977	-10.77305712	-11.20091387	2.41652440	4.70526695
1.03333333	-20.75811059	26.33485773	26.09825936	-10.82390519	-11.25545382	2.41429343	4.71793672
1.04166667	-20.90078501	26.53127796	26.30809587	-10.93455667	-11.37288172	2.45994449	4.80186037
1.05000000	-20.69286496	26.25935327	25.97881806	-10.84106463	-11.22480805	2.45916931	4.72939212
1.05833333	-20.68568449	26.25365576	25.97058457	-10.85383855	-11.25357314	2.44332479	4.75366580
1.06666667	-20.60468413	26.12446162	25.81461571	-10.78600495	-11.14692900	2.45137451	4.69657635
1.07500000	-20.72879654	26.30728235	25.97800636	-10.87012530	-11.21462638	2.49415279	4.67278726
1.08333333	-20.66908974	26.19190688	25.84920691	-10.78505688	-11.12063288	2.49704771	4.61086277
1.09166667	-20.71734451	26.26916300	25.95099787	-10.84152375	-11.23451286	2.48160795	4.64669672
1.10000000	-20.54987233	26.04977971	25.67921864	-10.78018338	-11.11034356	2.42084874	4.60366611
1.10833333	-20.42879665	25.88136914	25.49563628	-10.70996050	-11.03645879	2.40277785	4.59154029
1.11666667	-20.60756860	26.08076198	25.78288717	-10.75238423	-11.22284729	2.44628313	4.72980079
1.12500000	-20.65608639	26.12870429	25.82048232	-10.75790392	-11.21287364	2.47408405	4.78045842
1.13333333	-20.57729699	25.99791812	25.69302436	-10.68932870	-11.14876083	2.46441050	4.75361270
1.14166667	-20.62409920	26.07914841	25.77217782	-10.76371433	-11.20613463	2.51864598	4.77769643
1.15000000	-20.56278660	25.97773710	25.68517990	-10.69637533	-11.18935095	2.51889898	4.70816412
1.15833333	-20.66358422	26.08536684	25.83566714	-10.72506001	-11.22304098	2.52939588	4.64124524
1.16666667	-20.50083083	25.85502377	25.59551917	-10.64376220	-11.12639940	2.46505157	4.59366893
1.17500000	-20.43690958	25.76653884	25.49779174	-10.64973314	-11.07878466	2.44261169	4.61294134
1.18333333	-20.67237535	26.06001907	25.85040606	-10.73560828	-11.24001857	2.49440918	4.65333619
1.19166667	-20.57443844	25.90219089	25.69308435	-10.67497469	-11.16006318	2.48663290	4.65646680
1.20000000	-20.69805916	26.05001549	25.83606760	-10.70858345	-11.21084798	2.44675500	4.75055029
1.20833333	-20.63990522	25.97733262	25.75682467	-10.70480104	-11.20429518	2.44159464	4.81796414
1.21666667	-20.56048496	25.87130488	25.65321185	-10.66670202	-11.18611521	2.46641264	4.79167223
1.22500000	-20.59451967	25.90313902	25.66872487	-10.66905352	-11.18365001	2.43125846	4.75160057
1.23333333	-20.67174867	26.05885426	25.79471352	-10.72516685	-11.32803979	2.45417542	4.92932385
1.24166667	-20.59897546	25.89155347	25.66134841	-10.61277972	-11.23956871	2.45128729	4.91366504
1.25000000	-20.62744380	25.92997724	25.72691231	-10.64517528	-11.30656354	2.44888909	4.95239241
1.25833333	-20.80344961	26.16082139	25.97594204	-10.73624392	-11.39808185	2.50594951	5.00509341
1.26666667	-20.70270086	26.02150286	25.83382861	-10.68377634	-11.34484325	2.49841828	4.99204059
1.27500000	-20.80334609	26.15255356	25.97040168	-10.74792863	-11.39371708	2.52377050	5.03260186
1.28333333	-20.70624517	25.98254469	25.82028737	-10.65958629	-11.32184832	2.51599490	5.03023810
1.29166667	-20.65319927	25.92223243	25.72713542	-10.64433634	-11.29765697	2.46776579	5.04630793
1.30000000	-20.90612649	26.23899532	26.11385226	-10.73095763	-11.47212543	2.52539519	5.05673091
1.30833333	-20.68572759	25.94444162	25.78919891	-10.61823897	-11.33808264	2.43621281	5.09161224
1.31666667	-20.60799941	25.83334091	25.66777826	-10.56881982	-11.30204102	2.42223208	5.12294450
1.32500000	-20.76404750	26.04563580	25.92836244	-10.67175612	-11.46235794	2.48362485	5.25093183
1.33333333	-20.76345352	26.05280191	25.91281826	-10.68486932	-11.45460517	2.48026336	5.29133227
1.34166667	-20.92642895	26.28083750	26.15550569	-10.77755324	-11.56224484	2.49380379	5.37079419
1.35000000	-20.72728953	26.02027806	25.87715890	-10.69992463	-11.47987608	2.43640368	5.39318610
1.35833333	-20.57802768	25.82856687	25.65754077	-10.62598724	-11.39444007	2.41536964	5.40928952
1.36666667	-20.61847849	25.88179691	25.71297854	-10.66565879	-11.44160904	2.35537119	5.45430475
1.37500000	-20.79186049	26.10700864	25.98852184	-10.73335675	-11.56808694	2.38504568	5.42791132
1.38333333	-20.85259535	26.19161677	26.07076225	-10.76789519	-11.61233186	2.38153149	5.42396563
1.39166667	-20.64874757	25.91437646	25.75921270	-10.67752761	-11.47262437	2.33862580	5.37972596
1.40000000	-20.53053172	25.74111026	25.58347197	-10.58628393	-11.39924135	2.30267882	5.33107082
1.40833333	-20.92128354	26.29578733	26.16457189	-10.84605584	-11.67590134	2.45682387	5.43610129
1.41666667	-20.84725217	26.02951035	26.04329029	-10.62846049	-11.58708603	2.45745132	5.45681145
1.42500000	-20.77759681	26.07264738	25.92951328	-10.72074143	-11.56528688	2.42889751	5.50458725
1.43333333	-20.88695545	26.25488266	26.08185068	-10.83268531	-11.63670640	2.51023914	5.56971736
1.44166667	-20.83694633	26.18363225	26.00623874	-10.79758225	-11.59684528	2.50061677	5.55395938
1.45000000	-20.73956801	26.04388009	25.85611587	-10.74454700	-11.53920130	2.48884953	5.52465515
1.45833333	-20.56566534	25.79192186	25.59664764	-10.62273569	-11.41218082	2.44027994	5.46589226
1.46666667	-20.82759378	26.16500284	25.99674368	-10.80404607	-11.62728956	2.50822649	5.56098697
1.47500000	-20.67922190	25.97082720	25.76807277	-10.74082009	-11.53163944	2.43248113	5.53400672
1.48333333	-20.79479404	26.11324049	25.92905711	-10.78426481	-11.58181141	2.45297467	5.54312562
1.49166667	-20.68082380	25.95463334	25.75249331	-10.72997966	-11.51077366	2.44760240	5.54266309
1.50000000	-20.67774356	25.95475711	25.74368285	-10.74020519	-11.51259648	2.45830921	5.55443095
1.50833333	-20.85901473	26.18181376	26.02057907	-10.78791705	-11.64494870	2.46312305	5.64020459
1.51666667	-20.65856444	25.89969724	25.69640248	-10.66634057	-11.48996579	2.41866093	5.61206810
1.52500000	-20.68330952	25.92724300	25.74597678	-10.65996734	-11.53197853	2.44975047	5.59528203
1.53333333	-20.80503962	26.10494255	25.90998128	-10.76796282	-11.57230937	2.50292045	5.56098126
1.54166667	-20.73803598	25.98189507	25.80077014	-10.68066307	-11.52402670	2.47490075	5.58342757
1.55000000	-20.71853201	25.94719465	25.77709735	-10.68488746	-11.52142056	2.43813331	5.59583104
1.55833333	-20.74208279	25.98485509	25.81811138	-10.70782158	-11.55339448	2.40585951	5.64264142
1.56666667	-20.96620663	26.26386123	26.13592043	-10.79599123	-11.66855827	2.43210842	5.72164387
1.57500000	-20.90975015	26.19249710	26.06553333	-10.78866996	-11.67173153	2.41163223	5.82205979
1.58333333	-20.92777693	26.12614376	26.10118717	-10.73108055	-11.68035245	2.43027989	5.90947132
1.59166667	-21.00446923	26.30296006	26.21982758	-10.87361740	-11.74818204	2.49202554	6.00992539
1.60000000	-21.09786575	26.46619053	26.36030158	-10.99967767	-11.81125282	2.58423433	6.08839045
1.60833333	-20.98373025	26.32069088	26.22232514	-11.00408900	-11.81533573	2.58204560	6.21539136
1.61666667	-21.25913252	26.74421833	26.62415968	-11.26527985	-11.99322865	2.68194170	6.36290669
1.62500000	-21.12448595	26.56071768	26.45767820	-11.25451040	-11.96655644	2.71408289	6.44989441
1.63333333	-21.17758195	26.66864520	26.63089376	-11.41423101	-12.15476205	2.74653410	6.82337300
1.64166667	-21.04426526	26.54230727	26.47264721	-11.48234661	-12.15941057	2.77244503	7.08663279
1.65000000	-20.95513764	26.49682376	26.38267232	-11.59809229	-12.19475266	2.80698221	7.37552233
1.65833333	-20.87305801	26.43206727	26.28005579	-11.68409705	-12.19466305	2.83300389	7.58893222
1.66666667	-20.81783258	26.38985589	26.21774406	-11.76755892	-12.23478324	2.87949006	7.82463503
1.67500000	-20.88538258	26.52968566	26.31559386	-11.90915845	-12.33414048	2.94928723	8.01539014
1.68333333	-21.07251004	26.78326649	26.57576790	-12.04018505	-12.48609816	3.00422143	8.10988188
1.69166667	-20.93241391	26.63248165	26.37277042	-12.09218726	-12.45091251	3.05334428	8.15170710
1.70000000	-20.81005665	26.44691011	26.18636039	-12.09783089	-12.41148378	3.11558360	8.18416997
1.70833333	-20.76501957	26.39334374	26.14777443	-12.21102393	-12.47098854	3.20353278	8.32639733
1.71666667	-20.68126569	26.27006910	26.01701565	-12.25753382	-12.46534778	3.29711290	8.38174253
1.72500000	-20.80431082	26.44048475	26.18191025	-12.38525107	-12.57552730	3.37534412	8.50675610
1.73333333	-20.64937531	26.31181318	25.93356518	-12.52605154	-12.53129599	3.44838209	8.56390461
1.74166667	-20.52670460	26.23749561	25.71273617	-12.70122632	-12.47971053	3.54836727	8.64788461
1.75000000	-20.63236170	26.30891339	25.86088681	-12.77498726	-12.57947029	3.61903021	8.73720399
1.75833333	-20.63945904	26.39412975	25.86903199	-12.86404972	-12.68634491	3.58333031	8.87525688
1.76666667	-20.46986536	26.25511915	25.59313444	-13.05856255	-12.58899065	3.69676854	8.86329344
1.77500000	-20.39378628	26.24014888	25.51493782	-13.32158073	-12.63641759	3.93326771	8.98708938
1.78333333	-20.23371613	26.13667557	25.25023733	-13.56822882	-12.55264920	4.02374303	8.95680242
1.79166667	-20.20804158	26.21464055	25.20375250	-13.83159898	-12.62409821	4.11716570	9.00743287
1.80000000	-20.04278286	26.17789297	24.91121589	-14.20287755	-12.52681408	4.23038828	9.00497689
1.80833333	-20.23249910	26.45142234	25.21082650	-14.31278909	-12.77669906	3.91772928	9.09254657
1.81666667	-20.12617102	26.51718758	25.02083123	-14.83873020	-12.73808048	4.15474930	9.10716864
1.82500000	-19.91789472	26.47265051	24.70680181	-15.21070253	-12.65641539	3.95990099	9.06979270
1.83333333	-19.76056015	26.66433891	24.48899479	-15.96059311	-12.67636323	4.06314437	9.08305205
1.84166667	-19.56553809	26.89883435	24.07296193	-16.82521116	-12.46692692	4.54763170	9.13471577
1.85000000	-19.18910649	26.79449929	23.59414147	-17.30985827	-12.49655364	3.93279801	9.22338403
1.85833333	-19.00228958	27.14986313	23.27859825	-18.41286381	-12.39536102	4.16100945	9.28402942
1.86666667	-18.69337485	27.29739009	22.76810917	-19.37059540	-12.26895028	4.19290026	9.27774920
1.87500000	-18.39805020	27.44498899	22.37115011	-20.28398950	-12.27289198	3.82749927	9.40395376
1.88333333	-18.17408799	27.80924020	22.04112521	-21.42789168	-12.29800284	3.68595066	9.56141456
1.89166667	-17.89026947	28.21730546	21.57769839	-22.76756098	-12.20476477	3.74940619	9.64693824
1.90000000	-17.60954351	28.66071181	21.17735590	-24.12696509	-12.17445213	3.69588603	9.70704224
1.90833333	-16.97666839	28.59486947	20.31078200	-25.12592376	-12.11652608	2.60504114	9.90021926
1.91666667	-16.68480535	29.08809932	19.84609829	-26.57382612	-12.06177484	2.45657679	10.05160806
1.92500000	-16.44093466	29.59617298	19.43453150	-27.93306601	-11.93751448	2.26303139	10.09701773
1.93333333	-15.93397273	29.73824856	18.75612209	-29.01978460	-11.98899771	0.87981510	10.29354651
1.94166667	-15.62459127	30.20064077	18.27286305	-30.39318576	-11.88248130	0.61931506	10.37336797
1.95000000	-15.38143206	30.68679506	17.84284112	-31.66369011	-11.74133041	0.42060413	10.41324595
1.95833333	-15.15621054	31.17461680	17.41380046	-32.85048542	-11.59012246	0.36231729	10.42860150
1.96666667	-14.73501663	31.37809860	16.77803772	-33.75635851	-11.44426787	-0.66478228	10.50873672
1.97500000	-14.50020783	31.88796173	16.37209320	-34.79353284	-11.34838369	-0.63641159	10.52794440
1.98333333	-14.03529361	32.01557230	15.65094111	-35.50855145	-11.20818780	-1.33429288	10.67211885
1.99166667	-13.88579351	32.50059201	15.26615620	-36.26757905	-10.99701010	-1.29268605	10.70746903
2.00000000	-13.73926573	32.97483965	14.90452523	-36.92848886	-10.79999007	-1.36055940	10.77090303
2.00833333	-13.40821664	33.12025626	14.32963297	-37.16270647	-10.68896028	-2.35487084	10.88640857
2.01666667	-13.29912579	33.51481418	14.05369505	-37.44018580	-10.58261048	-2.32548181	10.97374885
2.02500000	-13.23433834	33.93486310	13.75706948	-37.57782462	-10.37392490	-2.25290730	11.04018068
2.03333333	-13.20098564	34.32447177	13.49951889	-37.53229010	-10.18316360	-2.10814450	11.10850221
2.04166667	-13.15230792	34.63759789	13.40028547	-37.28892574	-10.28183665	-1.84482205	11.26848929
2.05000000	-13.09537445	34.81985042	13.22106435	-36.82669376	-10.25424606	-1.54701865	11.36241171
2.05833333	-13.10484055	35.18264041	13.02899277	-36.40563724	-10.17097575	-1.49402690	11.40507678
2.06666667	-13.12194929	35.54517584	12.84879133	-35.86914036	-10.06302144	-1.43111089	11.46492417
2.07500000	-12.98306481	35.46265582	12.56502472	-34.98464477	-10.00103650	-0.90162639	11.70829036
2.08333333	-12.65998678	35.31722822	11.96578625	-34.21829360	-9.90768802	-0.41032475	11.80966908
2.09166667	-12.70395000	35.62001726	11.73739971	-33.41902610	-9.75860827	-0.57203211	11.92522485
2.10000000	-12.61526753	35.63896360	11.39716178	-32.41959485	-9.64270124	-0.94585679	12.04706413
2.10833333	-12.69935969	35.92700118	11.23472445	-31.51915482	-9.54490992	-0.98586425	12.12365283
2.11666667	-12.05121748	35.24773610	10.17880730	-30.30213803	-9.32435622	-1.62335632	12.33283989
2.12500000	-12.05957374	35.36318002	9.91676052	-29.23786754	-9.19169591	-2.14431706	12.54644221
2.13333333	-12.00909138	35.41188566	9.61911027	-28.16993570	-9.11575965	-2.68384264	12.77571137
2.14166667	-11.71490229	35.20722268	8.87898479	-27.09636033	-8.86367297	-3.03930408	12.95166542
2.15000000	-11.62766801	35.11318299	8.60167109	-25.89436741	-8.85747460	-3.67215582	13.19336765
2.15833333	-11.57492295	35.12093954	8.26515351	-24.73046284	-8.79603853	-4.52155124	13.41700692
2.16666667	-11.44713375	35.06883132	7.83738824	-23.59294083	-8.74917780	-5.32284101	13.66829259
2.17500000	-11.16100966	34.74656391	7.25025968	-22.40593314	-8.69147471	-6.08353473	13.92369619
2.18333333	-11.17383572	34.85286339	6.96852906	-21.31541259	-8.67882961	-7.10200328	14.17736858
2.19166667	-11.20996419	34.90049655	6.73206708	-20.16450453	-8.69880924	-7.93573635	14.43234222
2.20000000	-11.15136098	34.97927511	6.45867345	-19.15556875	-8.79824711	-9.04405812	14.80545621
2.20833333	-10.83774198	34.61553166	5.87472715	-18.16402898	-8.77579005	-8.78588154	15.11231678
2.21666667	-10.89652104	34.74177882	5.69249412	-17.09651087	-8.87624432	-9.51265234	15.44465489
2.22500000	-10.96642804	34.75933698	5.55768525	-15.96713069	-8.98839640	-9.92608955	15.79679839
2.23333333	-10.92980880	34.84426050	5.23311395	-15.27512545	-8.99228481	-9.12032775	16.06062178
2.24166667	-11.04891969	34.92631940	5.14252501	-14.18222146	-9.15172262	-9.31987546	16.21569273
2.25000000	-11.17776779	35.15646408	5.06735232	-13.49176451	-9.27099705	-8.60205211	16.55628521
2.25833333	-11.29900049	35.21732245	4.97111712	-12.42958584	-9.40041281	-8.68281408	16.68008216
2.26666667	-11.42170818	35.38772908	4.84174363	-11.81867688	-9.44064615	-7.78589320	16.88992117
2.27500000	-12.00510899	36.02865881	5.31292742	-11.13135139	-9.66670608	-7.37098826	17.12171764
2.28333333	-12.06735707	35.94901954	5.19289477	-10.13882164	-9.84448301	-7.33775215	17.25969992
2.29166667	-11.81531629	35.74218370	4.55553955	-9.79475675	-9.74963815	-6.48292471	17.57197720
2.30000000	-12.04537680	36.01457205	4.56104622	-9.37165607	-9.90480428	-6.09470864	17.77087914
2.30833333	-12.23258071	36.12729568	4.55563423	-8.93774797	-10.11162866	-5.68119302	18.13056149
2.31666667	-12.30785828	36.12696599	4.40183564	-8.58856502	-10.26093954	-5.51262525	18.24374309
2.32500000	-12.16496074	36.09258679	3.96449148	-8.81060647	-10.37269428	-4.99542092	18.46084514
2.33333333	-12.19782072	36.11739234	3.79215632	-8.88460341	-10.60181340	-4.85853643	18.62443449
2.34166667	-12.17172114	36.15531877	3.58096326	-9.20636896	-10.89762446	-4.86480202	18.75584597
2.35000000	-12.14127808	36.17493222	3.31519346	-9.63468466	-11.15041398	-4.98283355	18.76455854
2.35833333	-11.90731691	35.94617359	2.94017054	-10.06279323	-11.53856648	-5.71022209	18.99699655
2.36666667	-11.78704948	35.74060948	2.56470033	-10.31108982	-11.74207937	-6.55462517	18.82235368
2.37500000	-11.70944748	35.75198736	2.37494882	-11.03400874	-12.23996581	-6.98282634	18.72822086
2.38333333	-11.79117308	35.72502304	2.39822821	-11.24436339	-12.76130392	-8.48927407	18.53812859
2.39166667	-11.69780046	35.69685338	2.31466390	-11.88966561	-13.50678867	-8.95724749	18.34770911
2.40000000	-11.86675414	35.75152063	2.63775303	-12.08212552	-14.29364887	-10.15674298	18.15418614
2.40833333	-11.77388868	35.64879363	2.69143998	-12.54653816	-15.29084022	-10.56458317	17.82122405
2.41666667	-11.99329240	35.81096409	3.13987009	-12.82065324	-16.27607519	-11.29937700	17.48041311
2.42500000	-11.85704453	35.65179074	3.23381074	-13.33455774	-17.42499797	-11.42082168	17.09149045
2.43333333	-12.27826485	35.99463316	4.14719322	-13.62964382	-18.77829523	-11.77230364	16.42120094
2.44166667	-12.17564480	35.77658838	4.48355339	-14.00663965	-20.23044195	-11.66974810	15.84496643
2.45000000	-12.32050226	35.87720307	5.17040235	-14.53472805	-21.74713493	-11.60525233	15.07441738
2.45833333	-12.28471116	35.75111803	5.74235699	-15.04684148	-23.50678759	-11.16892378	14.25124482
2.46666667	-12.40705118	35.81192690	6.62722537	-15.62067846	-25.34500721	-10.82841799	13.18742161
2.47500000	-12.18445864	35.48817185	7.17853037	-16.18920334	-27.38181497	-10.17800948	12.10004940
2.48333333	-12.28016866	35.47491254	8.24533816	-16.68293654	-29.56212585	-9.90119742	10.54823240
2.49166667	-12.20212279	35.24384374	9.22429117	-17.12037103	-31.93943322	-9.42947067	8.84450553
2.50000000	-11.88007608	34.72046886	10.03012658	-17.53026580	-34.39054050	-8.81299590	7.13124917
2.50833333	-12.08639304	34.72873185	11.57946990	-17.82501013	-36.98333383	-8.60368605	4.78242984
2.51666667	-11.79384890	34.15410746	12.58705068	-18.05668982	-39.56803658	-8.02273634	2.77560735
2.52500000	-12.17013711	34.42525959	14.47033404	-18.45242202	-42.24756812	-7.79117712	0.23610211
2.53333333	-12.44760322	34.55427190	16.26075898	-18.80889696	-44.89370031	-7.33577143	-2.02022312
2.54166667	-12.13303672	33.90352737	17.38704631	-18.90984718	-47.41756032	-6.80194079	-3.65719785
2.55000000	-12.55196234	34.19133590	19.42190419	-19.22152507	-50.00237434	-6.51572018	-5.71444334
2.55833333	-12.81015987	34.31610397	21.27155195	-19.54936266	-52.56998000	-6.01503581	-6.90503121
2.56666667	-13.02461884	34.32312165	23.12855735	-19.76885690	-55.10239341	-5.52910424	-7.49038620
2.57500000	-12.83361781	33.78562490	24.48821782	-19.79895675	-57.49170702	-5.02126263	-7.40169511
2.58333333	-13.24909231	34.03464550	26.63935557	-20.03730251	-59.98250883	-4.60323433	-7.09870481
2.59166667	-12.97828988	33.39524333	27.92946715	-20.03935934	-62.22248446	-4.23907795	-6.32447692
2.60000000	-13.45555696	33.71560272	30.25795432	-20.26252233	-64.67389148	-3.70326597	-5.23989690
2.60833333	-13.21417115	33.09685759	31.62995512	-20.22197344	-66.80428578	-3.36963104	-4.19581780
2.61666667	-13.53483135	33.18280355	33.82338694	-20.34393408	-69.08006286	-2.85056547	-2.95717108
2.62500000	-13.30556879	32.55398267	35.20132293	-20.26647996	-71.03738729	-2.52360334	-1.82958396
2.63333333	-13.33621516	32.24024716	36.93531032	-20.27344278	-73.00656257	-2.02696783	-0.50305095
2.64166667	-13.06908620	31.53834732	38.23771413	-20.14044391	-74.75411136	-1.69576535	0.77939060
2.65000000	-12.81651303	30.85425154	39.63683198	-20.01507947	-76.51697601	-1.23309413	2.50483455
2.65833333	-12.57347211	30.18530957	40.92589418	-19.88146994	-78.08123242	-0.91208796	4.00511440
2.66666667	-12.27528128	29.40685681	42.21304454	-19.68040045	-79.57521038	-0.57826878	5.70265984
2.67500000	-11.94665541	28.57418467	43.45687989	-19.43226294	-80.95084099	-0.29226424	7.43837024
2.68333333	-11.48699167	27.59139691	44.51561335	-19.19409598	-82.25093342	0.12342298	9.74563789
2.69166667	-11.10014001	26.71830498	45.62806192	-18.97468149	-83.40979023	0.43089643	11.55773314
2.70000000	-10.81850571	25.91345214	46.90931672	-18.68195883	-84.44574881	0.62477431	12.99557504
2.70833333	-10.39472821	24.96782915	47.96041491	-18.43564131	-85.39519004	0.97993510	14.89313903
2.71666667	-10.14862459	24.15798799	49.09941715	-18.12434285	-86.14503823	1.29241890	16.34885726
2.72500000	-9.87010614	23.47647823	50.22748201	-17.97664060	-86.78084705	1.48719681	17.46059723
2.73333333	-9.35468639	22.40986231	51.03964623	-17.66001147	-87.30336638	1.81561886	18.83812058
2.74166667	-9.12594914	21.61125951	52.15687899	-17.32318475	-87.66138942	2.03086167	19.81374978
2.75000000	-8.60707043	20.59160598	52.87297318	-17.09653083	-87.89853185	2.39209983	20.89131986
2.75833333	-8.41038970	19.90356478	53.89625350	-16.84997635	-88.00058783	2.65412078	21.67684672
2.76666667	-8.24626716	19.27940398	54.96550510	-16.60549886	-87.97655825	2.74372705	21.90581147
2.77500000	-7.77541368	18.27317783	55.49706314	-16.40329963	-87.77820283	3.37437879	23.14662642
2.78333333	-7.68454540	17.70663831	56.47881577	-16.14280770	-87.48701221	3.47264216	23.32377394
2.79166667	-7.60668543	17.17342729	57.41257317	-15.86203732	-87.04823121	3.60982497	23.61300940
2.80000000	-7.36455813	16.43519719	57.96607341	-15.63440436	-86.48985791	4.09893958	24.79234864
2.80833333	-7.24140224	15.90020587	58.68777542	-15.45022606	-85.79383015	4.31973338	25.14194508
2.81666667	-7.04000670	15.23775388	59.25454089	-15.26232549	-85.01382214	4.62218864	25.65498805
2.82500000	-7.02544498	14.90968716	59.95212519	-15.22333422	-84.09910978	4.88768931	25.78363125
2.83333333	-7.05255784	14.44200356	60.64879046	-14.94628644	-83.11544625	5.08245769	25.85796836
2.84166667	-7.05941744	14.06773072	61.27522425	-14.84146484	-82.07705882	5.18057440	25.89433922
2.85000000	-6.99625479	13.73812796	61.60150231	-14.92914209	-80.89527221	5.75398526	26.20504559
2.85833333	-7.08580857	13.37073840	62.08531775	-14.69695485	-79.66858512	5.88506115	25.98465001
2.86666667	-7.10246227	13.05684007	62.44491673	-14.62542730	-78.41588023	6.08334182	25.67356885
2.87500000	-7.15503661	12.74390133	62.83380935	-14.56612729	-77.21660529	6.17516607	25.64037338
2.88333333	-7.22112952	12.27381846	63.10191344	-14.23377903	-75.89962577	6.50788301	24.95794146
2.89166667	-7.12389750	11.91737558	63.18228136	-14.28449147	-74.65778436	6.83169120	24.22195607
2.90000000	-7.13093873	11.49797387	63.20606910	-14.13566696	-73.35840382	7.05719457	23.56388689
2.90833333	-7.03206338	11.15361255	63.12033486	-14.21936935	-72.14568132	7.36646151	22.54332213
2.91666667	-7.03712357	10.70722823	63.10371895	-14.07272458	-70.98650427	7.60872825	21.59253775
2.92500000	-6.99180084	10.30202139	63.01194095	-14.06076129	-69.90654813	7.84422746	20.26064385
2.93333333	-6.94924245	9.89877355	62.86577627	-14.04476143	-68.88948189	8.01206720	18.81295649
2.94166667	-6.91915016	9.46679546	62.70607762	-13.98391353	-67.98175160	8.19649543	17.23052748
2.95000000	-6.61285682	8.93032616	62.12181682	-14.09521099	-67.10279697	8.34659206	15.51657061
2.95833333	-6.63984167	8.53981650	61.97008559	-14.02188977	-66.40209716	8.45395564	13.91451379
2.96666667	-6.62623680	8.21322833	61.70816696	-14.07146683	-65.77214539	8.54170614	12.10372167
2.97500000	-6.63853389	7.87415512	61.42150751	-14.06856688	-65.23298160	8.63927170	10.46143494
2.98333333	-6.67957383	7.57804659	61.08330783	-14.08728429	-64.76296431	8.67446998	8.85307035
2.99166667	-6.70155042	7.30032061	60.71873333	-14.12962554	-64.35455179	8.70399345	7.40360384
3.00000000	-6.87594879	7.05230713	60.47587543	-14.07716047	-64.03243208	8.68265375	6.32517576
3.00833333	-6.97928392	6.98376081	60.10222791	-14.27369352	-63.81119780	8.60959970	5.64048653
3.01666667	-7.18989080	6.79602910	59.84817803	-14.23461153	-63.66036820	8.44077847	5.38467960
3.02500000	-7.37685612	6.74276546	59.47797580	-14.36466472	-63.52943853	8.13057338	5.62147007
3.03333333	-7.60815996	6.64515100	59.17404228	-14.40922900	-63.47427896	7.86258473	6.21443629
3.04166667	-7.88144106	6.60971529	58.86912966	-14.47690999	-63.42601323	7.45888122	7.09640155
3.05000000	-8.10310420	6.64209299	58.45607411	-14.64479590	-63.32285088	6.94078746	8.03986382
3.05833333	-8.35113815	6.57176325	58.09732389	-14.69434691	-63.18558041	6.47658997	8.85958637
3.06666667	-8.64663443	6.65780355	57.76203753	-14.83746993	-63.00442393	5.74832025	9.89579675
3.07500000	-8.98081793	6.76596539	57.42431762	-14.97483971	-62.68829741	5.01765973	10.77208143
3.08333333	-9.44576305	6.87521694	57.29957140	-15.01321433	-62.35687264	4.14687649	11.55256760
3.09166667	-9.77007897	7.15934671	56.91165632	-15.35926638	-61.84633214	3.28025896	12.22793827
3.10000000	-10.13255568	7.41579819	56.57616342	-15.66116699	-61.31792306	2.29334627	12.77688463
3.10833333	-10.41762018	7.57613708	56.10653844	-15.95175796	-60.71983549	1.23291234	13.33621256
3.11666667	-10.85337796	8.11993581	55.77677668	-16.46572616	-60.04754235	-0.01851312	13.55048220
3.12500000	-11.23511823	8.45187328	55.34807998	-16.89907921	-59.40284914	-1.32635842	14.16703833
3.13333333	-11.56105445	9.06579796	54.81875086	-17.66566356	-58.64782342	-2.83099581	14.40460731
3.14166667	-12.02574884	9.76912150	54.47580271	-18.47748450	-57.89649689	-4.37361999	14.65309722
3.15000000	-12.34458432	10.43257422	53.91936153	-19.36847448	-57.10460486	-6.02643300	14.98220267
3.15833333	-12.65051850	11.30869205	53.44078814	-20.55241223	-56.36512673	-7.73220705	15.07639693
3.16666667	-12.93621324	12.06593400	52.92238753	-21.69762257	-55.62844663	-9.42206677	15.24174342
3.17500000	-13.11562256	12.97701599	52.36865756	-23.15752117	-54.99908351	-11.04263902	15.33641922
3.18333333	-13.36770955	13.97965013	51.84606976	-24.68185909	-54.24851585	-12.56360841	15.17452340
3.19166667	-13.22810543	14.87341920	50.90022470	-26.56455969	-53.58622453	-13.89310706	15.31093818
3.20000000	-13.08884404	15.70296516	49.90933698	-28.45279657	-52.78739193	-15.30785780	15.35011832
3.20833333	-12.96347091	16.70975245	48.93836843	-30.55894742	-52.00555984	-16.68704970	15.34759991
3.21666667	-12.85233534	17.93055441	47.97802678	-32.94284163	-51.16496982	-18.05425074	15.33870811
3.22500000	-12.85621774	19.12932974	47.23577756	-35.22441133	-50.48096936	-19.77512842	15.27293783
3.23333333	-12.77117164	20.49491758	46.30844074	-37.82772244	-49.64460410	-21.46038769	15.28685903
3.24166667	-12.52491040	21.84636134	45.07282679	-40.70051863	-48.53647055	-22.88082297	15.19412548
3.25000000	-12.53688177	23.24746949	44.25543724	-43.40542821	-47.67028506	-24.77814047	15.11571605
3.25833333	-12.38083143	24.89512072	43.18889234	-46.64563423	-46.63334980	-25.88473953	15.02692741
3.26666667	-12.47250206	26.46321848	42.47002133	-49.58457996	-45.71848685	-27.58911809	14.89322610
3.27500000	-12.21204426	27.98827878	41.38391668	-52.77520297	-44.83311618	-28.75617838	14.86640720
3.28333333	-12.19046027	29.74893022	40.51119023	-56.07487718	-43.83176518	-29.29808376	14.72135229
3.29166667	-11.98211865	31.18816421	39.43874402	-59.27140686	-42.83899780	-28.52840660	14.60093828
3.30000000	-12.17324764	33.22803866	38.86468005	-62.52465613	-41.93949013	-28.96326221	14.47898862
3.30833333	-11.92494763	34.64340803	37.72874073	-65.61380892	-40.94023243	-27.47057727	14.34588169
3.31666667	-11.60808879	36.05094036	36.69976868	-68.64569523	-40.07769986	-25.90318846	14.18821914
3.32500000	-11.42913779	37.60222460	35.72940929	-71.66452059	-39.12836365	-23.97041179	14.04260188
3.33333333	-11.29140232	39.09998998	34.80515342	-74.43825952	-38.17899522	-22.02088351	13.87422127
3.34166667	-11.17246690	40.73259805	33.89756681	-77.17257198	-37.24706124	-20.04387649	13.71821744
3.35000000	-11.15129575	42.34541492	33.12723887	-79.55918364	-36.40022470	-18.71739472	13.73090772
3.35833333	-10.96123673	43.76450819	32.14131679	-81.85761824	-35.43213460	-16.66629758	13.51506304
3.36666667	-10.80675870	45.21186765	31.14143898	-83.95462749	-34.40241185	-14.73150305	13.31793248
3.37500000	-10.66979025	46.61619987	30.20074381	-85.80059783	-33.38725743	-12.89779365	13.11486039
3.38333333	-10.41031872	47.88161662	29.14606670	-87.56156590	-32.45694938	-9.27660114	13.00211154
3.39166667	-10.32850966	49.21050675	28.21564348	-88.91002487	-31.39904377	-7.66126630	12.76057934
3.40000000	-9.92860810	50.16643078	26.97461529	-90.11463643	-30.41647528	-4.05043470	12.65777777
3.40833333	-9.75056013	51.32887348	26.02795816	-91.12430158	-29.42257207	-1.22643638	12.38251147
3.41666667	-9.49715244	52.29856711	24.88286714	-91.82100438	-28.39684228	1.07202071	12.25995425
3.42500000	-9.50453280	53.57631082	24.10478906	-92.33665459	-27.41584294	1.75435171	12.16429592
3.43333333	-9.16085456	54.36262965	22.97930393	-92.79852381	-26.48019030	5.44774365	11.76999372
3.44166667	-9.02455288	55.28124944	22.15728333	-92.85935480	-25.64969956	6.59722926	11.54986202
3.45000000	-8.73291849	55.92376339	21.17535894	-92.81113563	-24.79372108	8.84061124	11.48791442
3.45833333	-8.43701338	56.52408538	20.22776276	-92.53312889	-23.98576315	10.24575583	11.35258825
3.46666667	-8.32572723	57.26936498	19.32678549	-92.13402607	-23.10414652	11.57279658	11.17992879
3.47500000	-8.26406748	57.98936878	18.54282406	-91.55876263	-22.27019193	12.70980947	10.95417786
3.48333333	-8.05414724	58.45345758	17.65528065	-90.78571797	-21.48713861	13.75159756	10.83572855
3.49166667	-8.09796813	59.13892172	17.13569433	-89.84314057	-20.81126217	14.16437164	10.57940424
3.50000000	-8.17376303	59.79030413	16.61251715	-88.79098980	-20.11247004	14.45611880	10.50572929
3.50833333	-7.96454278	60.00521228	15.87375074	-87.62291042	-19.54917519	15.71290512	10.43894995
3.51666667	-8.08880437	60.59495722	15.45430302	-86.38991541	-18.92351574	15.74632346	10.42349113
3.52500000	-8.09381565	60.89832453	15.01790922	-84.93756654	-18.45247083	16.08600458	10.11733702
3.53333333	-8.22413564	61.29390111	14.61887027	-83.49911827	-17.86925578	16.13864867	10.17346605
3.54166667	-8.01312428	61.18317666	14.06267850	-81.89245660	-17.60916949	16.69537345	10.15218877
3.55000000	-8.10828434	61.40081450	13.77983696	-80.31205097	-17.23397296	16.60868696	10.07238603
3.55833333	-8.26054000	61.60570464	13.49890621	-78.73453735	-16.83937096	16.53283803	10.13016400
3.56666667	-8.31314949	61.58761692	13.18909464	-77.02571949	-16.50190857	16.21098422	9.95282769
3.57500000	-8.45893567	61.64307115	12.93349814	-75.41807399	-16.14610650	16.04040578	10.00322855
3.58333333	-8.48532077	61.49952196	12.71785502	-73.75826803	-15.98992195	15.47519306	9.87569704
3.59166667	-8.60293693	61.43797231	12.49498485	-72.27751178	-15.73162720	15.01798301	9.88798372
3.60000000	-8.57775762	61.17211834	12.23523013	-70.75033506	-15.76449391	14.11607421	9.93109590
3.60833333	-8.69289115	61.06795890	12.02962007	-69.49174961	-15.56946610	13.63178868	9.90214267
3.61666667	-8.73174442	60.84069814	11.76186851	-68.34281774	-15.41671156	13.03992242	9.82432358
3.62500000	-8.79525055	60.63567885	11.47311485	-67.34952054	-15.22576103	12.40549500	9.77644025
3.63333333	-8.81418245	60.36088478	11.14577062	-66.48667863	-15.05185086	11.70579212	9.69754043
3.64166667	-8.90016535	60.15234768	10.88431793	-65.80367359	-14.88304338	11.05216494	9.63523806
3.65000000	-8.96830665	59.90087399	10.63032943	-65.22492503	-14.76151747	10.25945554	9.53101761
3.65833333	-9.03294946	59.61304542	10.35895175	-64.77567908	-14.59976649	9.25485700	9.33958162
3.66666667	-9.08413850	59.28124238	10.08853609	-64.37027783	-14.49726989	8.32286179	9.11449479
3.67500000	-8.89298049	58.61233989	9.55840319	-63.98400391	-14.34954848	7.69603717	8.71281556
3.68333333	-9.03402822	58.28357148	9.40019029	-63.67621564	-14.31000811	7.29403647	8.55442911
3.69166667	-9.14614631	57.84484179	9.20794684	-63.28248713	-14.17583915	6.91103591	7.90468952
3.70000000	-9.35758498	57.49209260	9.03971175	-62.96416865	-14.06293391	7.12159895	7.47805264
3.70833333	-9.51134558	56.98380048	8.93235677	-62.50404628	-14.04186405	7.56330079	6.88687582
3.71666667	-9.75493066	56.53422748	8.92176358	-62.00693489	-14.01618603	8.14702947	6.31644916
3.72500000	-10.01291012	56.05531722	8.86938174	-61.46504267	-13.96038289	8.76052629	5.52350440
3.73333333	-10.36188154	55.65254325	8.96068258	-60.85716538	-13.96400708	9.41495173	4.71628354
3.74166667	-10.69257340	55.21157983	9.05455652	-60.20719869	-13.95575632	9.90293923	3.67716996
3.75000000	-11.05574047	54.82169561	9.12345091	-59.54006890	-13.89822514	10.06968937	2.50862388
3.75833333	-11.38083013	54.39013956	9.25194148	-58.84717324	-13.91613363	10.43260470	1.35432732
3.76666667	-11.66834728	53.94475920	9.33695385	-58.13417586	-13.94307173	10.50965749	0.00994420
3.77500000	-12.01456636	53.66381309	9.46846326	-57.63946486	-14.00043788	10.51839737	-1.48912582
3.78333333	-12.22721039	53.19376864	9.50634793	-57.01197284	-13.98038739	10.37542654	-2.94964402
3.79166667	-12.47744869	52.79725217	9.71928723	-56.41198965	-14.28081578	10.35922957	-4.54525611
3.80000000	-12.61725715	52.25050376	9.85939126	-55.79451984	-14.60499531	10.31699618	-6.22230315
3.80833333	-12.61599662	51.49930619	9.81596784	-55.14284612	-14.90104043	10.33452976	-8.00609433
3.81666667	-12.80182293	50.95135145	10.22599651	-54.47440653	-15.55088728	10.34531928	-9.70179050
3.82500000	-12.92869541	50.27394241	10.70870406	-53.68340599	-16.38989262	10.37029738	-11.36225567
3.83333333	-13.01131047	49.50276052	11.11665642	-52.84345773	-17.19247766	10.38177998	-12.93624408
3.84166667	-13.05934762	48.69555442	11.81057811	-51.94169101	-18.53008495	10.37695997	-14.31621987
3.85000000	-13.07554575	47.83040569	12.59461060	-50.99286523	-20.10032411	10.34498957	-15.51445792
3.85833333	-13.17031059	47.09600376	13.54029195	-50.14144957	-21.76711065	10.25440791	-16.50673554
3.86666667	-12.97629849	46.05799329	14.38802108	-49.28055810	-23.98574160	10.24721157	-17.00655486
3.87500000	-13.28814447	45.63416228	15.97726926	-48.48145645	-26.45420082	10.17264608	-17.94707010
3.88333333	-13.05749507	44.54120229	17.13834168	-47.51622822	-29.37142018	10.15727704	-18.17106868
3.89166667	-13.10556230	43.87532832	18.65177418	-46.74001179	-32.37510203	10.05349751	-18.80627800
3.90000000	-13.16340263	43.21030582	20.32135856	-45.95684541	-35.73594150	10.01978251	-19.15281026
3.90833333	-13.16808767	42.52430706	22.00148488	-45.18666873	-39.29836231	9.95893470	-19.31579798
3.91666667	-13.23639941	41.87701169	23.90380527	-44.34201994	-43.04364652	9.89179722	-19.39335750
3.92500000	-12.93985271	40.69892074	25.38319144	-43.28075381	-46.83221774	9.82045356	-18.84369428
3.93333333	-13.23079339	40.42717677	27.56215633	-42.61756587	-50.63073266	9.72345129	-19.21674716
3.94166667	-12.89084530	39.38610742	29.00356804	-41.74167915	-54.44643170	9.58655801	-18.46530498
3.95000000	-12.59876503	38.34112958	30.57236777	-40.77724455	-58.22406553	9.43858494	-17.76172902
3.95833333	-13.12818605	38.25419817	32.96259385	-40.05973174	-61.86606414	9.42783715	-17.28546920
3.96666667	-12.97702430	37.53140299	34.48977158	-39.45157860	-65.37834138	9.35973306	-15.98995141
3.97500000	-13.32476436	37.34593041	36.67188447	-38.81301615	-68.91794298	9.42960469	-14.19906357
3.98333333	-13.15123008	36.49425527	38.15330214	-38.04185670	-72.09495582	9.33866100	-12.45552998
3.99166667	-13.17489043	35.90009856	39.91272836	-37.34376629	-75.20821753	9.33636157	-10.22631841
4.00000000	-13.50894562	35.71900017	42.09785644	-36.75450135	-78.36019319	9.42840810	-7.16106285
4.00833333	-13.37835004	35.01606584	43.54327854	-36.11544389	-80.95030291	9.31361438	-5.08581774
4.01666667	-13.55333694	34.59458908	45.45742644	-35.39934320	-83.60999856	9.44570200	-1.95568876
4.02500000	-13.47054758	33.79371292	46.86091564	-34.58165782	-85.80311706	9.40660259	0.86347883
4.03333333	-13.29305176	32.93722550	48.10531750	-33.80791288	-87.75489432	9.37179618	3.59589213
4.04166667	-13.13884736	32.18195175	49.43307935	-33.11183585	-89.50112123	9.25836435	5.68726346
4.05000000	-12.95422428	31.29740883	50.63496436	-32.33242029	-91.07960190	9.28248210	8.73115848
4.05833333	-12.81856230	30.45569743	51.77965885	-31.54557321	-92.24836214	9.19567035	10.59972181
4.06666667	-12.58581835	29.64639424	52.87375402	-30.92204076	-93.39504034	9.22315976	13.16755010
4.07500000	-12.37237078	28.75302077	53.91303460	-30.14143204	-94.13909740	9.09179424	14.59422853
4.08333333	-11.84254687	27.41848710	54.47974237	-29.27210854	-94.70502971	9.04091287	16.78480753
4.09166667	-11.77550726	26.71124044	55.59434566	-28.59055192	-95.05991128	8.96186669	18.10350429
4.10000000	-11.63806878	26.08639034	56.51011452	-28.04136185	-95.20155552	8.87649909	19.34538273
4.10833333	-11.29426446	25.23299039	57.13975601	-27.50757745	-95.18209300	8.91635552	20.92616022
4.11666667	-11.26314993	24.64090842	58.11743915	-26.90217106	-94.93921443	8.92311678	21.27583748
4.12500000	-11.11259801	23.84809113	58.84939315	-26.24336496	-94.54041462	8.87102793	22.88149215
4.13333333	-11.01907404	23.23911066	59.59364102	-25.72287139	-93.94092696	8.89104094	23.69459382
4.14166667	-11.01351766	22.76947434	60.44704555	-25.24196254	-93.23701351	8.89809629	23.92365823
4.15000000	-10.87958618	22.04525165	60.92608823	-24.68351966	-92.29661061	8.89952194	25.09744909
4.15833333	-10.95062113	21.63413711	61.63566556	-24.15762416	-91.27967055	8.86045804	25.32222834
4.16666667	-10.75841094	21.08778962	61.87906373	-23.83466801	-90.06490184	8.84756731	26.05454392
4.17500000	-10.74484899	20.74250774	62.31996814	-23.53132440	-88.74116424	8.77929136	26.30194860
4.18333333	-10.69270522	20.17856368	62.63745150	-23.05137070	-87.32990013	8.75429424	26.54669575
4.19166667	-10.75816908	19.88924457	63.09574040	-22.75924092	-85.93136786	8.80434216	26.57328221
4.20000000	-10.83231790	19.40110123	63.33310271	-22.19798790	-84.30932865	8.72248890	26.54966012
4.20833333	-10.95741274	19.04237025	63.61981126	-21.72507618	-82.72421040	8.75589798	26.43508439
4.21666667	-11.03312801	18.69391857	63.73115090	-21.34900382	-81.05231601	8.68550452	26.06771830
4.22500000	-10.95880671	18.22903657	63.55734269	-21.07485220	-79.32979665	8.88947009	25.53439782
4.23333333	-11.14380323	18.00653126	63.69882669	-20.70170557	-77.75018347	8.87875827	25.10617324
4.24166667	-11.32705685	17.81392598	63.74199362	-20.40455712	-76.15067647	8.79360077	23.99564245
4.25000000	-11.43358790	17.56939509	63.63858241	-20.13489412	-74.60977276	8.79616846	22.90548587
4.25833333	-11.63669712	17.29901014	63.64136271	-19.72149916	-73.23110795	8.83989258	22.05252478
4.26666667	-11.77129244	17.06272386	63.56008916	-19.45826372	-71.95926419	8.85374165	20.69374835
4.27500000	-11.90920048	16.83575263	63.42232991	-19.17367910	-70.81431326	8.88837527	19.55192918
4.28333333	-12.05370498	16.54345192	63.30519019	-18.92047941	-69.81505274	9.09287922	18.21777217
4.29166667	-12.18831587	16.16082871	63.13289001	-18.46389519	-68.95971603	9.03099230	17.26804299
4.30000000	-12.30614596	15.83336115	62.84119288	-18.08462842	-68.17910021	8.87779310	16.25699037
4.30833333	-12.43672300	15.57372285	62.53409503	-17.77586661	-67.51583974	8.73384958	15.38212615
4.31666667	-12.53721969	15.15484102	62.19266954	-17.34739851	-66.96065352	8.55085319	14.57200487
4.32500000	-12.64578925	14.79624934	61.77495481	-16.99183930	-66.47799895	8.27607156	14.09684957
4.33333333	-12.63210599	14.28039274	61.21949935	-16.64701412	-66.07572700	8.06391895	14.04539184
4.34166667	-12.85259049	14.02697663	60.90744699	-16.29724939	-65.75486245	7.80580606	14.25154450
4.35000000	-13.10393498	13.94033862	60.50906230	-16.10922462	-65.39149005	7.37279771	14.86881765
4.35833333	-13.37227352	13.84782167	60.09347953	-15.89711304	-65.00444452	6.92122660	15.63872226
4.36666667	-13.65556064	13.80592057	59.64653675	-15.75052505	-64.51229045	6.37820259	16.52059582
4.37500000	-13.95288222	13.74006288	59.21282214	-15.56908698	-63.97681142	5.76127985	17.36046277
4.38333333	-14.26287765	13.78625130	58.78691989	-15.51195278	-63.36226288	5.02200231	18.13057878
4.39166667	-14.61811023	13.89309078	58.44292723	-15.45987991	-62.74915045	4.20616785	18.75813596
4.40000000	-14.94660188	13.94054309	58.07124780	-15.38405805	-62.11479939	3.28150865	19.17577156
4.40833333	-15.22878791	14.05565165	57.70933427	-15.45512208	-61.52654960	2.25449288	19.34928654
4.41666667	-15.45175355	14.18535413	57.25982720	-15.60769064	-60.86109966	1.30279964	19.24227665
4.42500000	-15.63191268	14.36264647	56.87938507	-15.88892941	-60.35133696	0.20411452	19.32745588
4.43333333	-15.78627666	14.11934473	56.58537420	-15.84149056	-59.92378873	-1.08819458	19.21405012
4.44166667	-15.83694584	14.20113114	56.07337418	-16.20784460	-59.42041303	-2.35690971	19.14194697
4.45000000	-15.88704540	14.48717941	55.43459367	-16.83489023	-58.76756125	-3.65134072	19.04192564
4.45833333	-15.94996793	15.03769670	54.83876025	-17.77353336	-58.11555422	-4.92481470	18.94508688
4.46666667	-15.94763762	15.04194225	54.18039583	-18.25635837	-57.46421488	-6.53921157	18.89205577
4.47500000	-15.93458004	15.39105654	53.44764529	-19.08246017	-56.71962677	-8.15247160	18.76280504
4.48333333	-15.86085110	15.98023419	52.63456973	-20.42733791	-55.93346265	-9.48115532	18.79739520
4.49166667	-15.77367088	16.79035885	51.72370262	-22.04183551	-54.99490249	-10.86211475	18.68972328
4.50000000	-15.69585743	17.44752690	50.92966197	-23.43845774	-54.20457077	-12.60306063	18.55087964
4.50833333	-15.57509945	18.34136595	50.00494604	-25.40750346	-53.31802252	-13.74344191	18.57285648
4.51666667	-15.58154450	19.27537520	49.21638442	-27.19269096	-52.43637663	-15.63018808	18.45311739
4.52500000	-15.51874395	20.59462090	48.29432696	-29.71385586	-51.47312613	-16.87049714	18.41941420
4.53333333	-15.29319714	21.52752805	47.37835810	-32.14185099	-50.57965847	-18.46494298	18.20890950
4.54166667	-15.18324237	22.90193029	46.58995306	-34.82068401	-49.79366452	-20.48571232	18.04587757
4.55000000	-14.91703044	24.22289946	45.51854794	-37.87484619	-48.82665745	-21.72154293	17.93670604
4.55833333	-14.80625665	25.84846395	44.60691609	-41.00721540	-47.83875473	-24.06367118	17.67492937
4.56666667	-14.62158671	27.33394105	43.64719118	-44.23001508	-46.85637810	-25.81807743	17.46838572
4.57500000	-14.45169557	28.87343739	42.73987619	-47.53974049	-45.88243706	-27.48537804	17.24150334
4.58333333	-14.18549952	30.35739405	41.67046934	-50.88461225	-44.85771215	-29.01928531	17.00650967
4.59166667	-13.91272839	31.82887754	40.65928507	-54.31128197	-43.83279488	-29.53973683	16.78673028
4.60000000	-13.70920280	33.48766694	39.70898068	-57.71273339	-42.81353846	-31.25335036	16.38806419
4.60833333	-13.48683888	34.94079195	38.80105948	-60.87617083	-41.94887529	-32.33924360	16.23054381
4.61666667	-13.23009606	36.34995703	37.78917946	-64.08793800	-40.96782538	-31.83306390	15.99860568
4.62500000	-13.00046880	37.86636184	36.88770958	-67.26376971	-40.07702955	-31.47921732	15.74658143
4.63333333	-12.71578918	39.27568571	35.94464710	-70.28068792	-39.23279998	-30.32386552	15.53445828
4.64166667	-12.49755911	40.72871322	35.07844007	-73.21135935	-38.37639844	-28.86867510	15.32015371
4.65000000	-12.30237516	42.16503946	34.23112153	-75.96963549	-37.52006561	-27.08272760	15.11883581
4.65833333	-12.13765531	43.64687443	33.43008764	-78.58310676	-36.67954927	-25.01540292	14.91888418
4.66666667	-12.23086324	45.31988375	32.98246918	-81.00772544	-35.97597277	-22.26203176	14.93834885
4.67500000	-12.03159865	46.77459485	32.04950298	-83.26116218	-34.99490306	-20.07780117	14.67413654
4.68333333	-11.67401651	48.04825649	30.99908822	-85.44369590	-34.06737230	-16.03119841	14.40477148
4.69166667	-11.51177767	49.41616584	30.13546107	-87.18978054	-33.12279749	-14.03944349	14.13546213
4.70000000	-11.21180468	50.63592751	29.10383647	-88.83953623	-32.20733980	-10.50504297	14.05043707
4.70833333	-10.93737393	51.75242830	28.09261634	-90.15037536	-31.23453885	-7.56527139	13.77823466
4.71666667	-10.69604636	52.84152742	27.13806099	-91.21280957	-30.32045888	-4.79541477	13.59843536
4.72500000	-10.61207091	54.03689182	26.41406186	-92.01574792	-29.44882582	-2.98904007	13.26308318
4.73333333	-10.50497288	55.10052561	25.63438462	-92.70402443	-28.58024958	0.81374653	13.18881381
4.74166667	-10.24962406	55.95297779	24.67115097	-93.09124027	-27.65045239	3.37876651	12.88954047
4.75000000	-10.16939355	57.03087028	23.98196928	-93.28239533	-26.88271226	4.84896608	12.56540271
4.75833333	-9.99980758	57.88939401	23.15831890	-93.33140045	-26.08205216	7.27728078	12.50572472
4.76666667	-9.72334245	58.53178029	22.25707460	-93.09449039	-25.33083211	8.82649568	12.33595047
4.77500000	-9.50634939	59.13389638	21.45980203	-92.66162423	-24.61270717	10.27745370	12.18047027
4.78333333	-9.52520648	60.01416174	20.93457661	-92.07381643	-23.93269096	10.58157815	12.07211240
4.79166667	-9.16395037	60.32066146	20.02498331	-91.35725334	-23.32093075	12.28668621	11.88155038
4.80000000	-9.18968160	61.06126874	19.54894528	-90.47431989	-22.68482524	12.47593333	11.84268514
4.80833333	-8.81678056	61.16721564	18.68253579	-89.41155089	-22.14822539	13.90408480	11.68353930
4.81666667	-8.79352620	61.65239568	18.20503554	-88.23382010	-21.61176028	14.34685808	11.50597805
4.82500000	-8.63891298	61.87924570	17.55696167	-86.96018582	-21.06251891	15.12476581	11.51449926
4.83333333	-8.71666827	62.32678466	17.19035035	-85.57302080	-20.52761436	15.18531273	11.49276236
4.84166667	-8.65600761	62.42551090	16.75992258	-83.97441905	-20.10384513	15.53191757	11.20249540
4.85000000	-8.48812040	62.40064533	16.11440588	-82.44289536	-19.63650702	16.20660398	11.29779624
4.85833333	-8.60714521	62.57455366	15.90083713	-80.76676790	-19.24956003	16.20898557	11.16830583
4.86666667	-8.74395359	62.77076309	15.63599988	-79.11428495	-18.82462061	16.15089429	11.16176361
4.87500000	-8.87494748	62.84122846	15.42432728	-77.45724825	-18.50250793	16.08553533	11.16276357
4.88333333	-8.70375866	62.46452426	14.91294484	-75.64230672	-18.25451452	15.87767522	11.09824761
4.89166667	-8.85106177	62.46358109	14.74294026	-74.02590772	-17.93658522	15.66542046	11.13237183
4.90000000	-8.93922541	62.28651907	14.57981057	-72.32663702	-17.70289557	15.05437949	11.02147332
4.90833333	-9.07404471	62.20993336	14.37056719	-70.84623568	-17.41754456	14.77768042	11.08854707
4.91666667	-9.14253662	61.96672514	14.09923906	-69.37017094	-17.10620353	13.99822839	11.01482012
4.92500000	-8.96263560	61.45939543	13.61508149	-67.98934149	-16.94020792	13.11367319	11.06248694
4.93333333	-9.04326759	61.23773998	13.41668516	-66.80706788	-16.72929033	12.39950906	11.07701521
4.94166667	-9.05686445	60.91546836	13.16096249	-65.80305613	-16.53033189	11.58753479	11.06427961
4.95000000	-8.93699020	60.48483232	12.68836396	-64.93451121	-16.31434573	10.44670990	11.09344554
4.95833333	-8.98787033	60.23807787	12.44582908	-64.22145553	-16.15171159	9.29990480	11.07954589
4.96666667	-9.04145516	59.94596889	12.17533488	-63.61305206	-15.93002538	8.11606323	11.05808541
4.97500000	-9.06988101	59.64673593	11.89558459	-63.12548719	-15.76014991	6.90104560	11.02269746
4.98333333	-9.10929553	59.33867846	11.61988328	-62.71389489	-15.59844825	5.93421853	10.98002396
4.99166667	-9.08334982	58.86735207	11.30583556	-62.28442874	-15.45755007	5.30523380	10.84456308
5.00000000	-9.21581163	58.57550616	11.22501361	-61.97735663	-15.43416514	5.27413379	10.83434421
5.00833333	-9.09013096	57.95009549	10.78066564	-61.67471174	-15.26546914	5.55091155	10.57100898
5.01666667	-9.25262382	57.68374854	10.71220747	-61.51342946	-15.22551775	6.13840404	10.32774060
5.02500000	-9.40276638	57.31695016	10.65333039	-61.30161721	-15.15869611	6.87284004	9.97778419
5.03333333	-9.56977501	56.96577765	10.62879034	-61.07450463	-15.10815206	7.62063457	9.53016620
5.04166667	-9.78017506	56.67617544	10.64859865	-60.79816295	-15.06517569	8.24447860	9.00966419
5.05000000	-10.01879229	56.44484171	10.71698197	-60.50734421	-15.03847097	8.68246976	8.47120072
5.05833333	-10.30643137	56.24883655	10.82077376	-60.16118133	-14.95030831	9.04604515	7.72073760
5.06666667	-10.84252906	56.36092135	11.23856721	-59.79098007	-14.90786964	9.08178516	6.97060395
5.07500000	-11.09108163	56.18972148	11.27809280	-59.38505946	-14.79190998	9.15535710	6.12789267
5.08333333	-11.32660950	55.98673358	11.30393001	-58.97413700	-14.69061554	9.11118677	5.20698946
5.09166667	-11.59461995	55.77214588	11.38266567	-58.48492356	-14.51942842	8.98879191	4.07653817
5.10000000	-11.85581298	55.56629515	11.40615152	-58.02192469	-14.33882819	8.86079748	2.97377395
5.10833333	-12.09062852	55.32585143	11.39375925	-57.55646019	-14.18278158	8.71707601	1.74808885
5.11666667	-12.33471840	54.98507961	11.38414566	-56.97967431	-13.98468162	8.65993040	0.43884979
5.12500000	-12.54725214	54.56014156	11.41064391	-56.33918421	-13.82422515	8.61450329	-0.95268623
5.13333333	-12.76056155	54.14371481	11.41733850	-55.68763611	-13.69527574	8.60283540	-2.43825109
5.14166667	-12.94490207	53.64159792	11.44609187	-54.97964951	-13.61362460	8.57544487	-4.00768106
5.15000000	-12.97011393	52.92212586	11.33372519	-54.21309143	-13.53338528	8.46917236	-5.54971972
5.15833333	-13.14021780	52.39725295	11.50088627	-53.48423468	-13.60835246	8.45761111	-7.18675452
5.16666667	-13.22770637	51.80619151	11.56845564	-52.80529267	-13.68268668	8.43513725	-8.89841837
5.17500000	-13.24960857	51.11171077	11.57912150	-52.07610931	-13.78663819	8.40190422	-10.64037062
5.18333333	-13.25126653	50.43969962	11.74285258	-51.40175433	-14.12372204	8.36961015	-12.20930375
5.19166667	-13.21779274	49.69517387	11.83260790	-50.66647717	-14.40522549	8.29580396	-13.89819525
5.20000000	-13.21768722	49.00030634	12.03882279	-49.93540896	-14.84911123	8.22141027	-15.34832810
5.20833333	-13.18205543	48.24226354	12.25260786	-49.17871473	-15.29386316	8.11908656	-16.54431920
5.21666667	-13.22906395	47.55298852	12.72350386	-48.34156878	-16.08427966	8.01702826	-17.65260624
5.22500000	-13.28077544	46.87411965	13.22616009	-47.51091807	-16.97916262	7.87573913	-18.42652953
5.23333333	-13.26405778	46.10150512	13.66540929	-46.63960837	-17.99515789	7.83897684	-18.68962421
5.24166667	-13.22226832	45.30717886	14.31715008	-45.69033491	-19.35311214	7.59531096	-19.24162712
5.25000000	-13.32450218	44.92212591	14.92795580	-45.16279781	-20.59661981	7.57348317	-19.53357922
5.25833333	-13.36495657	44.33107752	15.68593725	-44.41524973	-22.27618169	7.43078171	-19.58393447
5.26666667	-13.32506280	43.61210466	16.55593212	-43.58174710	-24.25793420	7.29372360	-19.47758010
5.27500000	-13.22775106	42.86113494	17.34490678	-42.79046246	-26.32032242	7.19424403	-19.29899131
5.28333333	-13.18583452	42.25066046	18.22410865	-42.09395088	-28.60857750	7.04283618	-18.95744199
5.29166667	-13.14896925	41.69826577	19.17454271	-41.47890152	-31.01184162	6.86284144	-18.56031679
5.30000000	-12.96286441	40.96567787	19.88832856	-40.85795927	-33.47850422	6.81718817	-17.54551008
5.30833333	-12.86742846	40.32904259	20.82611451	-40.19181683	-36.02177354	6.72145443	-16.65793021
5.31666667	-12.76708305	39.68683664	21.67131439	-39.53736501	-38.43966996	6.57017816	-15.99764173
5.32500000	-12.94570428	39.43610632	22.93566005	-38.99333479	-40.85225350	6.38808832	-16.07139628
5.33333333	-12.70547911	38.63883942	23.63803819	-38.32539049	-43.22507689	6.29799435	-15.01097655
5.34166667	-12.59086539	37.95720744	24.47364758	-37.64358153	-45.54040764	6.23165382	-13.93034967
5.35000000	-12.59901809	37.44913679	25.52187021	-37.00301744	-47.84341251	6.14975808	-12.79326206
5.35833333	-12.61028321	36.95459171	26.45752589	-36.37666450	-49.98383034	6.04984474	-11.55001530
5.36666667	-13.08919722	37.09735754	28.14221134	-35.89450689	-52.31432766	5.97815283	-10.03646665
5.37500000	-12.94949050	36.48535183	28.83966773	-35.30303300	-54.15336393	5.81894174	-8.84822229
5.38333333	-12.97319227	36.06736701	29.70733276	-34.72790572	-55.90394507	5.66675000	-7.25875413
5.39166667	-13.43334241	36.20976214	31.27465357	-34.27901959	-57.81006987	5.60322412	-5.37581421
5.40000000	-13.40841492	35.69860796	31.98677687	-33.67706463	-59.14595333	5.44553714	-4.13451386
5.40833333	-13.78936867	35.71591151	33.38488703	-33.17496139	-60.65106349	5.40654630	-2.48558111
5.41666667	-13.75854382	35.22588212	33.98806447	-32.59962935	-61.60278592	5.25433067	-1.40354106
5.42500000	-13.92541941	35.02964294	34.97196667	-32.10207360	-62.64456741	5.27757719	0.19666072
5.43333333	-13.91324251	34.56414004	35.48613128	-31.49820724	-63.19269229	5.10647886	1.14012426
5.44166667	-13.91646242	34.16156039	36.09197755	-30.93726822	-63.66582113	5.02173334	1.76464212
5.45000000	-14.11172653	34.02166565	36.84463120	-30.47598602	-64.04696392	4.96825181	3.57107414
5.45833333	-14.14463091	33.57179561	37.32507433	-29.81879646	-64.06502795	4.79975843	4.34916870
5.46666667	-14.16264799	33.12323507	37.83730424	-29.20816107	-64.01292625	4.64283051	5.37897427
5.47500000	-14.18797371	32.73236584	38.21215633	-28.65895549	-63.72730849	4.66969572	6.48803926
5.48333333	-14.21822928	32.36176872	38.61307603	-28.10060395	-63.29525199	4.50097634	7.24455795
5.49166667	-14.32082364	32.06760025	38.96062569	-27.54015142	-62.61383073	4.44869445	7.59181930
5.50000000	-14.23598261	31.51948364	38.82235885	-26.95599273	-61.69260468	4.36494743	9.16113139
5.50833333	-14.40165737	31.37316480	39.04084856	-26.52048585	-60.63908247	4.31420768	9.39787020
5.51666667	-14.27766208	30.78061416	38.80097153	-25.92699817	-59.38347409	4.16246907	10.64124351
5.52500000	-14.43029445	30.79222079	38.81672062	-25.68509987	-57.98650310	4.00290639	11.07704103
5.53333333	-14.48543866	30.65110965	38.71820035	-25.40544575	-56.53829981	4.01292776	11.76101071
5.54166667	-14.55064722	30.41633076	38.60049676	-25.01594107	-54.97046937	3.98050442	12.37867494
5.55000000	-14.56545433	30.06555145	38.38659882	-24.54226889	-53.29336173	3.97401461	12.93121548
5.55833333	-14.65375460	29.79324606	38.21803853	-24.09038873	-51.51063794	3.87997041	13.22170737
5.56666667	-14.79733670	29.63922018	38.07178060	-23.70305294	-49.65615441	3.82720405	13.33907914
5.57500000	-14.70767088	29.22617290	37.55354156	-23.32527276	-47.72742670	3.92373899	13.76922442
5.58333333	-14.94992540	29.32088933	37.42353470	-23.12805727	-45.80394937	3.93635962	13.74853452
5.59166667	-15.10780745	29.24976530	37.04810506	-22.81728425	-43.69204515	3.83893536	13.46432444
5.60000000	-15.32177176	29.37235993	36.80856330	-22.71072664	-41.73288252	3.90916286	13.41766993
5.60833333	-15.13871293	28.90687448	35.93694742	-22.41040104	-39.60329123	4.03992791	13.26310628
5.61666667	-15.19692861	28.73965229	35.41512379	-22.14572296	-37.62648021	4.11293577	13.08477001
5.62500000	-15.38324710	28.69505597	35.07536130	-21.87522984	-35.71350126	4.13088593	12.75985799
5.63333333	-15.30033284	28.43159264	34.37551169	-21.71183060	-33.86765496	4.26101501	12.63871494
5.64166667	-15.33808548	28.27178128	33.81548654	-21.51481113	-32.08066790	4.27172426	12.25931771
5.65000000	-15.53952811	28.25232668	33.44879400	-21.27845441	-30.42736831	4.30045969	11.91564325
5.65833333	-15.68768079	28.22084552	33.05623938	-21.10702061	-28.92435394	4.32856850	11.50041603
5.66666667	-15.79083536	28.14051884	32.67646969	-20.93859124	-27.58755169	4.37159322	11.02505404
5.67500000	-15.89788513	28.09126983	32.27515627	-20.80765404	-26.33725074	4.41193531	10.40856054
5.68333333	-15.98700622	28.06163541	31.72875016	-20.74845007	-25.10213687	4.49227122	9.69299874
5.69166667	-16.18194623	28.14839545	31.32640281	-20.68052733	-24.00414353	4.54992298	8.96267258
5.70000000	-16.34629476	28.21872390	31.01564236	-20.62037064	-23.13470060	4.61425412	8.31436040
5.70833333	-16.51611559	28.29347900	30.72786600	-20.58856842	-22.40234691	4.67685266	7.99510336
5.71666667	-16.65371280	28.22847230	30.42547017	-20.40409502	-21.77651043	4.70674595	7.45057464
5.72500000	-16.61443251	27.88787214	29.97881200	-20.11885228	-21.32458727	4.63601445	7.48789443
5.73333333	-16.75718408	27.94462515	29.84785951	-20.09509747	-20.99012548	4.73709050	7.51239312
5.74166667	-16.92501721	28.02698599	29.74855075	-20.07301605	-20.67798085	4.76744013	7.47893208
5.75000000	-17.16203989	28.18197925	29.74082609	-20.02608179	-20.45148905	4.72238485	7.54489622
5.75833333	-17.30445154	28.21153084	29.64176352	-19.93572110	-20.15234644	4.77058090	7.52395634
5.76666667	-17.36573080	28.20839017	29.44785177	-19.90979595	-19.75969487	4.70616577	7.11029462
5.77500000	-17.45322663	28.24035777	29.45043159	-19.84507841	-19.54083024	4.69405150	6.87947833
5.78333333	-17.54732531	28.23736131	29.44569382	-19.74097690	-19.33011555	4.68373274	6.75020590
5.79166667	-17.62285539	28.14846917	29.38088725	-19.52847295	-19.06550775	4.42413724	6.40784358
5.80000000	-17.73253583	28.13658205	29.36540273	-19.39672866	-18.86494022	4.43733989	6.34176080
5.80833333	-17.77349153	28.06295675	29.24087892	-19.27083760	-18.63901264	4.36930582	6.11664486
5.81666667	-17.79358213	27.85448893	29.11344645	-19.00892835	-18.45526791	4.30516374	6.05570625
5.82500000	-17.86755458	27.66120711	29.08551916	-18.70887928	-18.34479225	4.32181687	6.05234819
5.83333333	-17.74941068	27.27735175	28.93191244	-18.39640613	-18.40088784	4.26627872	6.22889607
5.84166667	-17.84346231	27.20015013	28.96399211	-18.19884366	-18.32733919	4.28468639	6.23527058
5.85000000	-17.93164131	27.09677882	29.00498736	-17.96474552	-18.27818388	4.28780094	6.23268025
5.85833333	-17.98279431	26.91043551	29.06371238	-17.66836096	-18.25252990	4.25009305	6.23024852
5.86666667	-18.09677730	26.84982487	29.02553268	-17.47323593	-18.10257716	4.20596377	6.25802978
5.87500000	-18.20346832	26.84324480	29.00093548	-17.35630615	-17.96119384	4.21239543	6.28701879
5.88333333	-18.31148594	26.81256862	28.92830599	-17.20562126	-17.75695252	4.19887643	6.28857413
5.89166667	-18.40782326	26.74692968	28.87534299	-17.04093120	-17.57843428	4.21839677	6.28750310
5.90000000	-18.47467906	26.69065115	28.76448802	-16.94144790	-17.38138937	4.21019524	6.24316803
5.90833333	-18.57295869	26.70579970	28.73934920	-16.85901358	-17.22388739	4.26772290	6.29205108
5.91666667	-18.62157296	26.74002872	28.62347449	-16.88139656	-17.04530614	4.28668499	6.27190374
5.92500000	-18.71585710	26.80207554	28.58663763	-16.86972010	-16.91400614	4.33715940	6.31411137
5.93333333	-18.77099982	26.78902378	28.46787864	-16.83175807	-16.72575662	4.34627093	6.31746957
5.94166667	-18.81459191	26.74962963	28.39638411	-16.77439814	-16.60659557	4.37324711	6.32789264
5.95000000	-18.76526542	26.62212138	28.25385667	-16.74107558	-16.53625382	4.38161105	6.32747341
5.95833333	-18.80697949	26.54621909	28.18613618	-16.64127177	-16.44828416	4.43159361	6.35371321
5.96666667	-18.61068493	26.30712549	27.82909029	-16.66998783	-16.31763408	4.50590166	6.34971523
5.97500000	-18.67026019	26.35136227	27.86095969	-16.66673416	-16.32603381	4.56506297	6.38326911
5.98333333	-18.67976415	26.36931283	27.82669712	-16.71239422	-16.32262342	4.56045487	6.39995715
5.99166667	-18.72061091	26.39038675	27.82347315	-16.70612484	-16.30765084	4.57858999	6.41084012
6.00000000	-18.77195294	26.38988528	27.81049930	-16.65784335	-16.25544784	4.59033273	6.42718265
6.00833333	-18.83111173	26.37041271	27.79260313	-16.57562150	-16.18070318	4.61403035	6.46142947
6.01666667	-18.80292968	26.23153526	27.68991747	-16.45551246	-16.11564752	4.53654444	6.44460093
6.02500000	-18.83718233	26.16103547	27.65894972	-16.32562423	-16.04244631	4.52469249	6.44956809
6.03333333	-18.89756738	26.12794318	27.64802684	-16.22783875	-15.94996212	4.54236588	6.47985330
6.04166667	-18.95302018	26.13091905	27.65876364	-16.14918596	-15.87821415	4.54195739	6.49197578
6.05000000	-18.96765106	26.12150472	27.62515543	-16.12207791	-15.80016162	4.45080100	6.43877659
6.05833333	-19.02131247	26.18463722	27.61532794	-16.13944620	-15.71447868	4.44643854	6.40076429
6.06666667	-19.08656856	26.26193004	27.62729978	-16.16226301	-15.62807508	4.44358518	6.36358900
6.07500000	-19.16279839	26.34986345	27.63215471	-16.18291129	-15.52919636	4.47896558	6.39322720
6.08333333	-19.23161522	26.47945698	27.64990333	-16.26430286	-15.47319181	4.48948930	6.32663157
6.09166667	-19.28796485	26.55253745	27.67484156	-16.30215513	-15.43691374	4.51813341	6.31914887
6.10000000	-19.33675573	26.59135431	27.68612476	-16.31101915	-15.38905067	4.56477812	6.35456183
6.10833333	-19.37137593	26.62251386	27.69128672	-16.32507109	-15.36125715	4.58977325	6.37217645
6.11666667	-19.36103563	26.59614742	27.67955710	-16.33182678	-15.38704960	4.59872063	6.37800641
6.12500000	-19.38342161	26.55884483	27.66870177	-16.28338227	-15.34561151	4.64135515	6.41264220
6.13333333	-19.28789192	26.39775750	27.56132057	-16.23403116	-15.37120621	4.65533752	6.46088702
6.14166667	-19.31053390	26.38722262	27.56502611	-16.22444272	-15.35591069	4.69366597	6.50269753
6.15000000	-19.30761577	26.33071067	27.55469255	-16.17423838	-15.37197530	4.69460025	6.52585729
6.15833333	-19.30664495	26.27206767	27.52789758	-16.13287465	-15.36202419	4.70305002	6.56937133
6.16666667	-19.29874426	26.22386442	27.51118342	-16.10222925	-15.37824621	4.72630696	6.60261139
6.17500000	-19.19234508	26.06105861	27.36745760	-16.06455745	-15.37447766	4.70789148	6.62703810
6.18333333	-19.20091678	26.04153042	27.36280885	-16.05010776	-15.38057331	4.74182171	6.66616846
6.19166667	-19.19096924	26.00395671	27.35921630	-16.02215770	-15.41861773	4.74849925	6.70848864
6.20000000	-19.18422884	25.98382872	27.34411704	-16.01295219	-15.43814392	4.74660151	6.74297154
6.20833333	-19.18292230	25.97463950	27.35593021	-16.01048871	-15.47991249	4.75638461	6.76898729
6.21666667	-19.19488151	25.99674470	27.38158818	-16.03230855	-15.51979724	4.77753209	6.80025689
6.22500000	-19.17682453	25.94893795	27.34355115	-15.98460703	-15.52573242	4.72923309	6.81077391
6.23333333	-19.17609767	25.95272979	27.34653675	-15.99704451	-15.55346248	4.74026748	6.82847245
6.24166667	-19.16053438	25.92475999	27.32291961	-15.97453828	-15.53245753	4.63663851	6.77637061
6.25000000	-19.18807428	25.98625777	27.38905806	-16.00770290	-15.62404637	4.71118446	6.79555716
6.25833333	-19.19470609	25.96726875	27.37570395	-15.98417278	-15.60739067	4.72515358	6.82659084
6.26666667	-19.23021711	26.04877951	27.45013087	-16.03104193	-15.67579353	4.76402539	6.86383626
6.27500000	-19.21799947	26.03576284	27.40856994	-16.02464741	-15.67067690	4.71198199	6.85894943
6.28333333	-19.25264153	26.06967083	27.44721261	-16.01550651	-15.68153831	4.75095146	6.88754092
6.29166667	-19.20309853	26.02616924	27.37857062	-16.01312545	-15.67390804	4.70616272	6.86914980
6.30000000	-19.22900540	26.06060464	27.40647119	-16.00963211	-15.69459939	4.71800757	6.88516285
6.30833333	-19.19226224	26.02255062	27.34696873	-15.99821934	-15.68327505	4.69545130	6.88861569
6.31666667	-19.12113527	25.94923284	27.24722394	-15.98203150	-15.65505770	4.70052933	6.89280795
6.32500000	-19.13367932	25.96464650	27.26024608	-15.95726787	-15.67471666	4.69219858	6.92456989
6.33333333	-19.07215314	25.91945397	27.17590262	-15.95543439	-15.67255519	4.65592106	6.94004413
6.34166667	-19.05516362	25.94656007	27.13740569	-15.98927682	-15.66882069	4.68800744	6.93586641
6.35000000	-19.07876427	25.98406424	27.16943240	-15.97322461	-15.68296582	4.69210707	6.96931357
6.35833333	-19.04787302	25.98348896	27.13720177	-15.99379603	-15.70363393	4.66966616	6.97567657
6.36666667	-19.07188269	26.03161651	27.16580050	-15.98533836	-15.72196270	4.67994940	6.99217376
6.37500000	-19.08507291	26.07218350	27.18483116	-15.98783108	-15.74595076	4.66388240	7.00931312
6.38333333	-19.12081202	26.15800567	27.28414055	-16.01776804	-15.84436795	4.70464006	7.02136559
6.39166667	-19.11642219	26.11601737	27.20646902	-15.91914192	-15.75630434	4.61489322	7.02444939
6.40000000	-19.13692371	26.15825379	27.23070098	-15.92846916	-15.74601483	4.63570803	7.03068167
6.40833333	-19.09805957	26.12466593	27.14591291	-15.89607119	-15.70492204	4.59800333	6.93853213
6.41666667	-19.12241039	26.11255480	27.16788980	-15.81367365	-15.69287485	4.57978451	6.92134094
6.42500000	-19.16197294	26.15195177	27.20789460	-15.78168661	-15.68116989	4.59207264	6.92860723
6.43333333	-19.18545857	26.14449595	27.20010801	-15.71005828	-15.63066142	4.54442208	6.90104503
6.44166667	-19.20904498	26.16538204	27.20724487	-15.66459952	-15.60455353	4.50274947	6.86268297
6.45000000	-19.23248148	26.20455878	27.20815854	-15.65392688	-15.55742753	4.47508528	6.83160042
6.45833333	-19.18573959	26.17948565	27.10500849	-15.67963507	-15.46398243	4.49158910	6.76045616
6.46666667	-19.23796201	26.23291863	27.15821776	-15.65137668	-15.44230464	4.53469875	6.76136548
6.47500000	-19.27994884	26.25578735	27.16387877	-15.59325003	-15.36723192	4.50749389	6.73632781
6.48333333	-19.31468281	26.29845487	27.18795464	-15.55949546	-15.33632476	4.45232159	6.67685879
6.49166667	-19.34482790	26.27631970	27.20983643	-15.47574987	-15.30972483	4.45298024	6.65824440
6.50000000	-19.33991008	26.34209812	27.20269153	-15.51872694	-15.28338541	4.42140488	6.59682853
6.50833333	-19.37381962	26.32679186	27.22272210	-15.42240095	-15.23918195	4.43109075	6.59251706
6.51666667	-19.37429725	26.31087705	27.21608465	-15.36273968	-15.19798009	4.37207269	6.54544069
6.52500000	-19.39073055	26.33347772	27.22147441	-15.33706658	-15.13585117	4.37615087	6.52242486
6.53333333	-19.42364085	26.38111015	27.22719248	-15.32111061	-15.05268521	4.37040391	6.49170930
6.54166667	-19.45531081	26.42765848	27.22898004	-15.31574585	-14.96589845	4.35934353	6.45375440
6.55000000	-19.36670698	26.36136660	27.07632496	-15.32831817	-14.83820155	4.36906167	6.41776968
6.55833333	-19.42206775	26.44914431	27.13387071	-15.33176884	-14.80493968	4.40387388	6.39228577
6.56666667	-19.43996868	26.47494147	27.09398061	-15.32200922	-14.67351869	4.32634056	6.27512359
6.57500000	-19.36325682	26.43605521	26.98999590	-15.35258645	-14.61358090	4.32875815	6.19948420
6.58333333	-19.40731086	26.47977184	27.01849140	-15.32644123	-14.54853950	4.36286084	6.23197713
6.59166667	-19.42656573	26.52424744	27.01040819	-15.31106489	-14.46622293	4.20934061	6.19891043