0.00000000	-16.26407976	21.97506905	22.11715686	-12.50707812	-13.38054614	4.90010325	7.99592368
0.00833333	-16.28660760	22.01021384	22.15753707	-12.52755832	-13.39399716	4.90479349	7.98347054
0.01666667	-16.28056495	22.04098303	22.15937418	-12.62651465	-13.41504815	5.05548804	8.01359952
0.02500000	-16.33202124	22.12977747	22.24189931	-12.65008975	-13.45196858	5.04081336	8.03112383
0.03333333	-16.17804925	21.91082681	22.02456635	-12.56311009	-13.37589194	4.93374677	7.98279244
0.04166667	-16.22553850	21.97541968	22.10234693	-12.58412655	-13.40861761	4.96352350	8.01045301
0.05000000	-16.26486886	22.00455946	22.14864744	-12.56877718	-13.41410785	4.94693741	8.02412287
0.05833333	-16.28944000	22.03732372	22.19266847	-12.55415881	-13.43691018	4.92805830	8.02833443
0.06666667	-16.32660772	22.09409075	22.25887305	-12.58217345	-13.46453476	4.93440794	8.04385069
0.07500000	-16.30131801	22.05149390	22.22605645	-12.53679462	-13.46168805	4.88259425	8.02167282
0.08333333	-16.34260390	22.11666889	22.28091820	-12.57576569	-13.48515343	4.92102784	8.04920629
0.09166667	-16.34775989	22.10657115	22.30112330	-12.55264943	-13.50681584	4.91225830	8.04427128
0.10000000	-16.12645450	21.83874225	22.01789154	-12.49758568	-13.43676479	4.90976764	7.98810668
0.10833333	-16.18923707	21.93436845	22.10771005	-12.54387846	-13.47880955	4.92478711	8.03372990
0.11666667	-16.23229313	21.97149019	22.17561399	-12.53010471	-13.50696031	4.92061602	8.05032926
0.12500000	-16.27495202	22.12540208	22.34398707	-12.68809715	-13.68347251	4.96112721	8.05713449
0.13333333	-16.31231181	22.09879443	22.30460259	-12.57364614	-13.58048911	4.91471328	8.07721367
0.14166667	-16.34482785	22.12979421	22.34444019	-12.56335324	-13.58653053	4.91974863	8.09019389
0.15000000	-16.01822444	21.70982767	21.91624253	-12.47377345	-13.45092644	4.87584000	8.00377273
0.15833333	-16.06467226	21.90919913	22.09672271	-12.71812130	-13.65472599	4.92697853	8.00866213
0.16666667	-16.15095789	21.99682184	22.10231464	-12.70528235	-13.53166888	4.95936470	8.04381517
0.17500000	-16.19940387	22.10167166	22.16338701	-12.79422402	-13.54854165	4.98099273	8.05805292
0.18333333	-16.23916766	22.24248813	22.30684297	-12.94644899	-13.70175032	5.02626093	8.06234465
0.19166667	-16.28051229	22.27364756	22.27321408	-12.92372937	-13.57692826	5.01565543	8.05226309
0.20000000	-16.33280928	22.39670367	22.37566720	-13.01963360	-13.65144238	5.06969979	8.07528861
0.20833333	-16.32342074	22.37223194	22.32921193	-12.99183292	-13.59018852	5.04523567	8.04315252
0.21666667	-16.35573960	22.43358755	22.37215765	-13.03848049	-13.60214815	5.08215124	8.06142380
0.22500000	-16.42265455	22.52101879	22.47028461	-13.06023936	-13.64076825	5.12034949	8.07839440
0.23333333	-16.42782555	22.50207575	22.43899611	-13.02682099	-13.57293661	5.09125928	8.06154534
0.24166667	-16.42433614	22.51681718	22.43254862	-13.04784630	-13.56513000	5.07664282	8.05405695
0.25000000	-16.42639476	22.52531987	22.43126119	-13.04158140	-13.55773382	5.08083854	8.04567352
0.25833333	-16.26280432	22.29579514	22.21116996	-12.97033111	-13.48084081	5.04649536	7.97879808
0.26666667	-16.32002920	22.36796816	22.29170193	-12.98596079	-13.50079904	5.08848827	8.00177959
0.27500000	-16.37061452	22.47934931	22.41237306	-13.06377393	-13.60022243	5.12692851	8.01097881
0.28333333	-16.38450131	22.45344602	22.37353588	-12.99726355	-13.51356632	5.09465340	8.00110356
0.29166667	-16.43034659	22.49500556	22.44137316	-13.00872818	-13.52916016	5.12442255	8.00939030
0.30000000	-16.40403715	22.47642244	22.40370144	-13.00249285	-13.51899928	5.08832118	7.97669436
0.30833333	-16.18062441	22.20571116	22.10033961	-12.95265577	-13.42925867	5.10317444	7.92717815
0.31666667	-16.25914695	22.27137139	22.20117194	-12.94476916	-13.44381294	5.12776525	7.96055020
0.32500000	-16.32655234	22.39815020	22.34711456	-13.02190667	-13.55378581	5.16379573	7.97787153
0.33333333	-16.38566008	22.40874315	22.38804939	-12.95293764	-13.50459936	5.10513690	7.97808000
0.34166667	-16.43778169	22.48104683	22.45103327	-12.98217048	-13.51336861	5.11082865	8.00196142
0.35000000	-16.45779207	22.51097633	22.46840394	-12.98301465	-13.50917300	5.07167478	7.99254945
0.35833333	-16.49780009	22.66260535	22.63190066	-13.15130148	-13.68384143	5.10710392	7.99854374
0.36666667	-16.41626315	22.47762491	22.43492645	-12.99406583	-13.50991924	4.99762776	7.94732508
0.37500000	-16.45556566	22.61986584	22.58757980	-13.15210925	-13.67612673	5.04513468	7.95743224
0.38333333	-16.51364923	22.63151900	22.58315054	-13.06665404	-13.56943341	5.08006601	7.99479723
0.39166667	-16.54099506	22.66316859	22.61653884	-13.06741046	-13.57926796	5.09353448	7.99805675
0.40000000	-16.52671019	22.61950179	22.58485138	-13.02351301	-13.55014368	5.07591407	7.97399015
0.40833333	-16.55214179	22.68086380	22.62235735	-13.07276339	-13.56676917	5.10573079	7.99146424
0.41666667	-16.27532535	22.31796069	22.24866177	-12.97767672	-13.42488295	5.11642831	7.90744667
0.42500000	-16.32737029	22.41017980	22.33841300	-13.03185704	-13.47759101	5.13089984	7.93020464
0.43333333	-16.38721766	22.46790111	22.41086789	-13.02116604	-13.49728581	5.10449435	7.93092301
0.44166667	-16.44148305	22.55892676	22.50423717	-13.06669808	-13.55126472	5.14240410	7.95546358
0.45000000	-16.36912178	22.47413606	22.39763500	-13.05383263	-13.50944591	5.06318615	7.91540578
0.45833333	-16.41256565	22.52767422	22.46046775	-13.06648926	-13.52575389	5.11333188	7.93974206
0.46666667	-16.29278061	22.37262409	22.30324783	-13.02034967	-13.48603039	5.09300219	7.90824365
0.47500000	-16.35343054	22.46591192	22.40106924	-13.06544870	-13.54137426	5.13539477	7.94581545
0.48333333	-16.38222107	22.49283360	22.43904115	-13.06146624	-13.53870286	5.12084113	7.96567783
0.49166667	-16.33648050	22.44934838	22.38545879	-13.06368261	-13.54127618	5.08274074	7.95169028
0.50000000	-16.37503690	22.49592446	22.43958617	-13.07655498	-13.55588724	5.10732292	7.97099203
0.50833333	-16.40155344	22.52900320	22.47650799	-13.08372791	-13.56574999	5.11203405	7.98378576
0.51666667	-16.41626051	22.55751662	22.50229372	-13.09566481	-13.57779444	5.09889758	7.98853278
0.52500000	-16.44526739	22.61022801	22.55036803	-13.12477565	-13.60662189	5.12113323	8.00208672
0.53333333	-16.45265449	22.61156011	22.54797379	-13.11894617	-13.58407646	5.11797360	8.00158838
0.54166667	-16.46723271	22.62453702	22.57885582	-13.12212825	-13.60256442	5.14547553	8.00508577
0.55000000	-16.17694733	22.26401813	22.21313900	-13.05340388	-13.53102661	5.11620719	7.96784794
0.55833333	-16.23071553	22.36704452	22.30064229	-13.11058716	-13.58029297	5.16151487	7.99630583
0.56666667	-16.24129911	22.37956971	22.31237459	-13.11300773	-13.57369133	5.14995194	7.98707362
0.57500000	-16.28286321	22.45624578	22.38211809	-13.16104706	-13.60364071	5.17355604	8.01026343
0.58333333	-16.29915475	22.48555112	22.40810463	-13.16475661	-13.61836261	5.14498445	8.00454940
0.59166667	-16.33314267	22.53598536	22.45119930	-13.18870718	-13.62423100	5.15732307	8.02358828
0.60000000	-16.22723228	22.45109476	22.32735098	-13.20272032	-13.61015655	5.10916533	7.96476023
0.60833333	-16.26106017	22.47346643	22.37914732	-13.19786455	-13.62866727	5.15395768	7.98615041
0.61666667	-16.07523030	22.21387210	22.13413092	-13.10237082	-13.55736314	5.12669195	7.94137731
0.62500000	-16.11819830	22.25829855	22.19125389	-13.10877396	-13.57658098	5.13323204	7.96739357
0.63333333	-16.16853154	22.32452201	22.26585124	-13.13772147	-13.60990744	5.18058540	7.99618724
0.64166667	-16.19651637	22.34774121	22.30238074	-13.12820520	-13.61400306	5.18611665	7.99806461
0.65000000	-16.23719279	22.42484912	22.36010149	-13.18655973	-13.63061243	5.19209020	8.01913326
0.65833333	-16.28374227	22.45655084	22.41862560	-13.15297327	-13.64064521	5.20359367	8.02794563
0.66666667	-16.27387192	22.44713573	22.41367321	-13.15454693	-13.65047900	5.12765490	8.00198163
0.67500000	-16.31847599	22.49857756	22.46246706	-13.16900472	-13.64046693	5.14185673	8.03162280
0.68333333	-16.04833056	22.15976095	22.14069603	-13.08996911	-13.60474958	5.10115754	7.99104599
0.69166667	-16.10840443	22.23067406	22.22152576	-13.11053339	-13.62179153	5.09979987	8.02107276
0.70000000	-16.16514161	22.32636713	22.30910946	-13.15676673	-13.64842460	5.10620691	8.04164199
0.70833333	-16.15867357	22.30891260	22.29858442	-13.13960354	-13.64810667	5.05695494	8.01121146
0.71666667	-16.19808509	22.37386818	22.35031048	-13.17256890	-13.65951079	5.08770628	8.03208634
0.72500000	-16.23986391	22.44334398	22.41648339	-13.20322041	-13.69377540	5.11393947	8.04203050
0.73333333	-16.25044029	22.43521657	22.45646860	-13.18334063	-13.70193335	5.11684053	8.03242335
0.74166667	-16.21198360	22.40925532	22.42613757	-13.19142037	-13.69988528	5.08828433	8.00489202
0.75000000	-16.26597501	22.47435111	22.45805450	-13.21626594	-13.67698871	5.13189540	8.02990502
0.75833333	-16.27284149	22.47648039	22.45730255	-13.20565260	-13.67321538	5.13701355	8.01010982
0.76666667	-16.28338707	22.50609704	22.50893664	-13.23054026	-13.70597132	5.17189438	8.01782205
0.77500000	-16.24584852	22.46107169	22.42511608	-13.21518926	-13.66302127	5.14940228	7.98803463
0.78333333	-16.29119980	22.59129754	22.56376682	-13.34420332	-13.80158607	5.19873106	8.00438398
0.79166667	-15.91216518	22.02703542	22.00267135	-13.09904256	-13.57821648	5.12617987	7.99737006
0.80000000	-15.99653487	22.15653350	22.12401916	-13.16642943	-13.63049836	5.16325403	8.02393672
0.80833333	-16.06268949	22.23626182	22.20237497	-13.17391053	-13.63333294	5.16657447	8.03893396
0.81666667	-16.12268598	22.29954546	22.27951905	-13.18020648	-13.65243230	5.17097037	8.04768474
0.82500000	-16.16997306	22.35907704	22.34068997	-13.19673695	-13.66775380	5.15520916	8.05173024
0.83333333	-16.20233443	22.40457236	22.38144903	-13.21230413	-13.67461939	5.13358630	8.05757538
0.84166667	-16.22862355	22.45502986	22.42866935	-13.24803937	-13.70473117	5.14141582	8.06835719
0.85000000	-16.24233129	22.47479040	22.44404556	-13.24325850	-13.70929540	5.12938436	8.07079063
0.85833333	-16.20586270	22.44275412	22.41534641	-13.25061072	-13.72355910	5.11524435	8.05983084
0.86666667	-16.24836296	22.51694170	22.48447428	-13.29736834	-13.75951176	5.15238029	8.08790701
0.87500000	-16.22492038	22.47497108	22.43480154	-13.27269562	-13.72429881	5.12154221	8.07210716
0.88333333	-16.21876082	22.44973257	22.42390427	-13.25400839	-13.71949343	5.13094821	8.07057709
0.89166667	-16.25726691	22.58025294	22.53567748	-13.36620104	-13.82235920	5.17385166	8.09487333
0.90000000	-15.84454636	22.03992911	21.94393768	-13.19281275	-13.63986813	5.08714697	8.07536999
0.90833333	-15.90607316	22.12732239	22.03006989	-13.23954983	-13.66256672	5.11849311	8.09654425
0.91666667	-15.97311759	22.23366032	22.16265551	-13.29104420	-13.75501680	5.16143405	8.10999508
0.92500000	-15.96467848	22.23408601	22.11581099	-13.29777353	-13.70594987	5.11592769	8.08836501
0.93333333	-16.00862739	22.29598117	22.17653312	-13.31502174	-13.72384613	5.15069783	8.11132228
0.94166667	-16.04852448	22.36971516	22.26050985	-13.34672503	-13.78724245	5.17947372	8.12749597
0.95000000	-16.08409305	22.35042251	22.27660922	-13.29487964	-13.75404027	5.15348739	8.12848375
0.95833333	-16.08550653	22.35975862	22.28351621	-13.29890596	-13.76604884	5.13424064	8.12813480
0.96666667	-16.11824690	22.40156220	22.33573603	-13.31866792	-13.78720967	5.16207159	8.14773106
0.97500000	-16.15521823	22.46272908	22.39428533	-13.34649960	-13.81373505	5.17395918	8.16435476
0.98333333	-16.15472274	22.44962558	22.38488642	-13.32606880	-13.80054591	5.15247411	8.15797091
0.99166667	-16.18239501	22.50321818	22.42741195	-13.36404224	-13.81957297	5.17015233	8.17785249
1.00000000	-15.97897961	22.23028588	22.16925317	-13.28208853	-13.75868109	5.12794481	8.10786571
1.00833333	-16.03206851	22.30816289	22.24911107	-13.31771550	-13.78902262	5.17851408	8.14683102
1.01666667	-16.07456993	22.43090495	22.37365529	-13.43813918	-13.90961750	5.21154379	8.15767906
1.02500000	-16.08880307	22.39378948	22.32764840	-13.35602824	-13.80977068	5.18801734	8.16442227
1.03333333	-16.13456687	22.46547684	22.37966068	-13.39662935	-13.82867148	5.22241137	8.18826167
1.04166667	-16.03991695	22.38298941	22.25611413	-13.39951712	-13.79505438	5.16553986	8.13948537
1.05000000	-16.09082202	22.49951341	22.38366018	-13.49736554	-13.90581040	5.21180751	8.15440653
1.05833333	-16.08623572	22.41610011	22.32338501	-13.38255113	-13.81593637	5.17189361	8.15045594
1.06666667	-16.12965213	22.49470395	22.40282528	-13.43643314	-13.87206103	5.19952549	8.17570826
1.07500000	-16.12269786	22.46496905	22.38553432	-13.40354456	-13.83813687	5.15216090	8.16936501
1.08333333	-16.17087022	22.59546348	22.50592067	-13.53345919	-13.96467010	5.19192957	8.18086766
1.09166667	-16.19625907	22.59450244	22.49544693	-13.48800369	-13.88934576	5.21019102	8.20930651
1.10000000	-16.22391198	22.72318295	22.63451038	-13.62992348	-14.05146920	5.24410683	8.20860472
1.10833333	-16.21855308	22.63099009	22.52469169	-13.49385713	-13.88750266	5.22283623	8.21686716
1.11666667	-15.94422129	22.29545107	22.17224999	-13.42966750	-13.79676840	5.19639174	8.12817820
1.12500000	-15.99746881	22.34867899	22.24922355	-13.43632511	-13.82440231	5.20743228	8.15685102
1.13333333	-16.03890183	22.40336581	22.30954535	-13.44598856	-13.83994270	5.20100105	8.17406045
1.14166667	-16.07441964	22.45080195	22.35636214	-13.46166946	-13.85767824	5.18171915	8.18492326
1.15000000	-16.11799130	22.55428415	22.46266665	-13.53118567	-13.95698813	5.20513018	8.19627779
1.15833333	-16.14085623	22.55045581	22.45576601	-13.49920182	-13.90124905	5.18309157	8.21491570
1.16666667	-16.14244480	22.51557026	22.44970675	-13.45152262	-13.89699121	5.15180128	8.20035823
1.17500000	-16.17108303	22.65924966	22.60364952	-13.62689366	-14.07479919	5.18799767	8.20496316
1.18333333	-16.18105802	22.59667850	22.51383971	-13.49580798	-13.93346869	5.15790440	8.22937053
1.19166667	-16.20960378	22.72235306	22.65788525	-13.64876327	-14.09288335	5.19104166	8.23117050
1.20000000	-16.22921993	22.66441523	22.57912822	-13.52556693	-13.95238243	5.17332387	8.25862825
1.20833333	-16.16211783	22.56590969	22.50142177	-13.47581857	-13.94242940	5.11572407	8.21828007
1.21666667	-16.19309865	22.69374230	22.63467568	-13.62822456	-14.09909487	5.15261469	8.22401614
1.22500000	-16.17428701	22.58243534	22.50708548	-13.47391384	-13.93905204	5.10711399	8.22401546
1.23333333	-16.13896281	22.53608852	22.46073437	-13.45621792	-13.93474593	5.09900369	8.21533800
1.24166667	-16.15569500	22.55473415	22.47829753	-13.46181298	-13.93229097	5.11297783	8.23189949
1.25000000	-16.11852875	22.48542458	22.43051947	-13.41211820	-13.91541164	5.07713744	8.20674221
1.25833333	-15.93346365	22.22044622	22.20063153	-13.31924240	-13.83499389	5.03535689	8.17093388
1.26666667	-15.98502816	22.29986081	22.23112641	-13.34588542	-13.82917674	5.07328359	8.16151294
1.27500000	-16.00719196	22.31158484	22.25180072	-13.32920388	-13.83918775	5.06921624	8.16397491
1.28333333	-16.06944071	22.42143170	22.36902381	-13.38997390	-13.92825693	5.11557351	8.18598831
1.29166667	-16.08945906	22.39285093	22.33085149	-13.32002610	-13.84525506	5.05401699	8.18874163
1.30000000	-16.02431419	22.33098324	22.25543567	-13.33137424	-13.84993743	5.03520233	8.18105948
1.30833333	-16.08962368	22.38270193	22.30162574	-13.30676630	-13.82926474	5.05427663	8.21235664
1.31666667	-16.14036076	22.49255568	22.44042577	-13.38371832	-13.95617222	5.09262439	8.21967353
1.32500000	-15.88606182	22.09280053	22.03118785	-13.18833806	-13.75583744	4.99872016	8.18749605
1.33333333	-15.94872606	22.17416246	22.12191201	-13.21756610	-13.80734750	5.02834401	8.22785592
1.34166667	-16.00668531	22.25421494	22.19560318	-13.24482044	-13.83286967	5.03691617	8.25089988
1.35000000	-16.05965709	22.32873301	22.25709234	-13.26414939	-13.85125782	5.04133410	8.26778891
1.35833333	-16.10769473	22.38570805	22.32443024	-13.28014580	-13.88002947	5.05177421	8.27708506
1.36666667	-16.13580168	22.40852962	22.32921248	-13.26127623	-13.84877186	5.01936182	8.27273463
1.37500000	-16.16856578	22.53707661	22.46998634	-13.40967558	-14.00587460	5.05470252	8.27292079
1.38333333	-16.21565460	22.51001416	22.42796625	-13.30787438	-13.87263172	5.05792495	8.29684590
1.39166667	-16.18923560	22.44546454	22.36524755	-13.23091921	-13.83807002	5.01946015	8.25588330
1.40000000	-16.22696890	22.50263540	22.40019643	-13.27520822	-13.83270551	5.06205447	8.28704348
1.40833333	-16.05962435	22.29942604	22.20062364	-13.23377401	-13.81941069	5.03420241	8.25740731
1.41666667	-16.12061989	22.37020883	22.27823355	-13.24873603	-13.84518416	5.08446239	8.29110900
1.42500000	-16.17858125	22.46091385	22.37320834	-13.28791225	-13.90428071	5.12245026	8.31117287
1.43333333	-16.22602833	22.49131729	22.39775944	-13.26943731	-13.86785712	5.11706963	8.33096682
1.44166667	-16.24072108	22.50017554	22.42073352	-13.25527481	-13.88017461	5.08541235	8.31514652
1.45000000	-16.30601084	22.60030829	22.51530981	-13.30620334	-13.93703912	5.12965913	8.33917916
1.45833333	-16.35934308	22.69163810	22.60134038	-13.35653988	-13.98338198	5.15542166	8.35200343
1.46666667	-16.33506365	22.61135051	22.50917224	-13.27285057	-13.88756156	5.07252319	8.30832739
1.47500000	-16.38838177	22.70045538	22.60683036	-13.33184919	-13.95576430	5.11894380	8.32546385
1.48333333	-16.43936908	22.78650940	22.70117316	-13.38861056	-14.01877036	5.15240154	8.33584607
1.49166667	-16.32361020	22.57332735	22.46907586	-13.24764538	-13.85728864	5.04296564	8.27927569
1.50000000	-16.37713600	22.63635802	22.55172608	-13.25734635	-13.89535496	5.09373513	8.30268060
1.50833333	-16.43394905	22.68932999	22.60871982	-13.25171713	-13.89233095	5.11396469	8.32414625
1.51666667	-16.49270557	22.69434723	22.67350838	-13.20672316	-13.88779221	5.12125282	8.33381909
1.52500000	-16.22240679	22.37200237	22.32298257	-13.12581337	-13.80408727	4.99872691	8.29715570
1.53333333	-16.29495883	22.48631540	22.43214817	-13.18315738	-13.85151436	5.03572590	8.31951536
1.54166667	-16.35364299	22.53781479	22.49175170	-13.17086108	-13.84266463	5.02227684	8.31765244
1.55000000	-16.40556351	22.61249347	22.54975925	-13.19361427	-13.86727239	5.00662455	8.31183146
1.55833333	-16.45943245	22.72605162	22.67025045	-13.27674275	-13.95592715	5.04525283	8.32437002
1.56666667	-16.50134967	22.73113128	22.67743127	-13.22934364	-13.89255317	5.03794121	8.33297452
1.57500000	-16.48657136	22.71250887	22.66143709	-13.21409811	-13.89245210	4.97941144	8.29343372
1.58333333	-16.55127776	22.81340698	22.78356852	-13.27688745	-13.97863833	5.03001468	8.31335077
1.59166667	-16.56505529	22.77811088	22.76892593	-13.20323689	-13.92445950	4.98696915	8.31147901
1.60000000	-16.58718834	22.81143039	22.79553048	-13.21988464	-13.92759297	4.97195215	8.32421703
1.60833333	-16.63522006	22.91346855	22.90999623	-13.29067520	-14.02486589	5.00307806	8.33264449
1.61666667	-16.67740495	22.98134593	22.97871117	-13.32823096	-14.05802814	5.01359234	8.34750129
1.62500000	-16.51858255	22.72930328	22.70302919	-13.19445191	-13.90390463	4.87778986	8.28238400
1.63333333	-16.56191261	22.75717238	22.74880298	-13.18708493	-13.90366541	4.91331763	8.30014571
1.64166667	-16.61190421	22.86252554	22.86973530	-13.25507929	-14.00611074	4.95389478	8.30993736
1.65000000	-16.65465344	22.93153275	22.91839548	-13.29262444	-14.01761713	4.97006020	8.32889517
1.65833333	-16.71046309	22.94936923	22.94621291	-13.24107846	-13.96099163	4.97013430	8.34475432
1.66666667	-16.36760856	22.49577323	22.48509935	-13.11084825	-13.83687702	4.91299130	8.27058629
1.67500000	-16.43095021	22.62100216	22.61609710	-13.18281555	-13.93458121	4.95501168	8.28930244
1.68333333	-16.49221341	22.67574547	22.66638684	-13.18079626	-13.90907730	4.97148191	8.32072459
1.69166667	-16.55104550	22.74968034	22.74229457	-13.19197495	-13.92616472	4.98775376	8.33760998
1.70000000	-16.59897400	22.82171813	22.80856468	-13.23207215	-13.94307502	4.99874834	8.35113837
1.70833333	-16.62094902	22.82864338	22.81920366	-13.18746983	-13.92903917	4.97372436	8.33138338
1.71666667	-16.66527860	22.97854221	22.97240606	-13.34868456	-14.08750737	5.01823678	8.34180941
1.72500000	-16.71670330	22.95692562	22.94933689	-13.23655107	-13.96612528	5.02627234	8.37016074
1.73333333	-16.70653179	22.93556211	22.93388827	-13.21614115	-13.96194812	4.96917570	8.34907239
1.74166667	-16.64793841	22.88151944	22.85688286	-13.22687848	-13.94207638	4.93425351	8.32288054
1.75000000	-16.69892853	22.94544051	22.92678485	-13.24481241	-13.96176598	4.98927398	8.34684436
1.75833333	-16.25579550	22.35802035	22.32606445	-13.08067573	-13.77793765	4.92517502	8.28055715
1.76666667	-16.35027230	22.48472216	22.44723263	-13.12873181	-13.80619782	4.97450647	8.30689020
1.77500000	-16.43839185	22.56937811	22.54368505	-13.13285359	-13.81458455	5.00181224	8.32144447
1.78333333	-16.49603660	22.64707412	22.63423781	-13.16885108	-13.85120875	5.01071240	8.32659701
1.79166667	-16.48432250	22.65522456	22.62093825	-13.18904913	-13.85204875	4.97576494	8.29982514
1.80000000	-16.53728299	22.70666862	22.68649348	-13.18946297	-13.86043830	5.00049397	8.31994901
1.80833333	-16.57561299	22.78211831	22.74286624	-13.22059255	-13.88974860	5.00626009	8.33712009
1.81666667	-16.62362393	22.86511062	22.84302833	-13.25910070	-13.96428987	5.03748796	8.34651464
1.82500000	-16.40174088	22.53315835	22.51489495	-13.12146404	-13.81496503	5.00267217	8.27824655
1.83333333	-16.44244939	22.58284685	22.58210298	-13.13639628	-13.84832963	4.99947520	8.30446418
1.84166667	-16.49017907	22.64962140	22.64822214	-13.16500425	-13.86672777	5.02205125	8.33084234
1.85000000	-16.53362815	22.71359929	22.71898316	-13.19179001	-13.90630321	5.03578442	8.34732177
1.85833333	-16.57213119	22.81722824	22.83109069	-13.27437497	-14.00959397	5.06189299	8.35988990
1.86666667	-16.61811621	22.82095884	22.84669580	-13.20933900	-13.96965868	5.06281482	8.39719021
1.87500000	-16.61303808	22.79156743	22.83703401	-13.17113118	-13.95119254	5.00222270	8.41109832
1.88333333	-16.64156327	22.90659250	22.97628559	-13.30031372	-14.10723057	5.03640908	8.41682441
1.89166667	-16.68248291	22.88661018	22.97728716	-13.19824099	-14.05253671	5.04581794	8.47826396
1.90000000	-16.46923596	22.61662191	22.68730454	-13.15259800	-13.91128319	5.02909630	8.37812898
1.90833333	-16.52242103	22.71008767	22.81732667	-13.20539648	-14.03333773	5.08203424	8.41973668
1.91666667	-16.56731357	22.72708889	22.91513769	-13.17203868	-14.11016763	5.08807220	8.51585863
1.92500000	-16.60771494	22.79562327	23.04947897	-13.21287847	-14.25995865	5.12632531	8.57483254
1.93333333	-16.63176082	22.79714451	23.15080726	-13.18913773	-14.38891544	5.12521235	8.69865914
1.94166667	-16.58068485	22.80460969	23.17701952	-13.29471022	-14.50622139	5.15309476	8.72646594
1.95000000	-16.60072585	22.91413605	23.34945692	-13.45772588	-14.75451116	5.20026917	8.73327916
1.95833333	-16.58406279	22.80455923	23.38687407	-13.32466089	-14.86470505	5.21797229	8.92500993
1.96666667	-16.59964974	22.89920254	23.54286613	-13.46337490	-15.09554828	5.26276676	8.94566506
1.97500000	-16.52694365	22.76454311	23.53093409	-13.40174773	-15.22192564	5.27154063	9.14920385
1.98333333	-16.53593965	22.86424969	23.69268375	-13.58335960	-15.46773456	5.31592868	9.14558991
1.99166667	-16.41706631	22.63252212	23.66402202	-13.46676974	-15.62738847	5.35748878	9.35531579
2.00000000	-16.41714511	22.72868743	23.81143381	-13.66239463	-15.88108384	5.40010633	9.34294373
2.00833333	-16.28276228	22.51147563	23.74806595	-13.59666091	-16.01838789	5.45879650	9.51059060
2.01666667	-16.27790681	22.61050492	23.88114241	-13.79463567	-16.26695509	5.50324170	9.49457987
2.02500000	-16.20483601	22.47437563	23.86284752	-13.75565041	-16.39893613	5.60863698	9.65730135
2.03333333	-16.19178993	22.58819574	23.98903680	-14.00512019	-16.64126262	5.64523720	9.64483372
2.04166667	-16.08440942	22.51562671	23.92588947	-14.08838632	-16.75022382	5.76774373	9.87272477
2.05000000	-15.89459211	22.41033541	23.77625780	-14.25887696	-16.84892554	5.82910954	9.90256135
2.05833333	-15.87244627	22.52240176	23.85663044	-14.50828112	-17.04245347	5.86897641	9.89000998
2.06666667	-15.75796503	22.48201220	23.75741910	-14.68567034	-17.12513319	6.00642972	10.04401101
2.07500000	-15.65227859	22.42509793	23.66423512	-14.83344842	-17.19742571	6.12487237	10.11283037
2.08333333	-15.61992331	22.54706757	23.75449598	-15.17320869	-17.43807031	6.13852921	10.07774673
2.09166667	-15.53463514	22.51415372	23.62407266	-15.33650644	-17.36944642	6.36768524	10.22727646
2.10000000	-15.48191520	22.63614902	23.70402263	-15.71082039	-17.60535025	6.37593999	10.19241587
2.10833333	-15.17732202	22.27681946	23.32858826	-15.64297756	-17.47691418	6.18056003	10.17445377
2.11666667	-15.11202714	22.44838018	23.30391603	-16.10939198	-17.57369941	6.34292525	10.25526039
2.12500000	-15.04611421	22.59018199	23.35420906	-16.53293272	-17.81308926	6.37143222	10.23417156
2.13333333	-14.94536163	22.78714875	23.14318624	-17.14235610	-17.68000882	6.81801573	10.49120946
2.14166667	-14.63679807	22.53417554	22.86989936	-17.18566216	-17.83920813	6.31388179	10.51033562
2.15000000	-14.54911022	22.69784902	22.90916805	-17.66937833	-18.07468179	6.32863865	10.48538026
2.15833333	-14.30180719	22.71813925	22.49615506	-18.17113624	-17.92696873	6.35548392	10.65534056
2.16666667	-14.22413613	22.93135132	22.41786327	-18.78949333	-17.96793080	6.51867520	10.77532161
2.17500000	-14.15560963	23.07526757	22.36932168	-19.22190109	-18.03238950	6.34015846	10.85577470
2.18333333	-14.05326193	23.35461551	22.26596426	-19.96722356	-18.09285660	6.56177385	11.00685729
2.19166667	-13.92113305	23.61099839	22.15604879	-20.73028842	-18.16125890	6.69459947	11.09568437
2.20000000	-13.79962357	23.82349197	22.04124894	-21.46964452	-18.20754241	6.89259736	11.23354547
2.20833333	-13.66260498	24.08492647	21.91245865	-22.26251351	-18.28560608	6.95698585	11.32777173
2.21666667	-13.46385851	24.20223206	21.64821458	-22.85786244	-18.31173015	6.58730270	11.30040873
2.22500000	-13.32162071	24.49702207	21.50354915	-23.72693129	-18.41752442	6.65650803	11.50135774
2.23333333	-13.18440990	24.78128620	21.36493484	-24.55156640	-18.50215631	6.61722634	11.60647011
2.24166667	-12.91830141	24.89350118	21.09346808	-25.27496719	-18.60267358	6.08902750	11.72969559
2.25000000	-12.66936719	25.19872030	20.85793794	-26.27399106	-18.70191604	5.92077455	11.85610131
2.25833333	-12.46824190	25.56262351	20.69472723	-27.31065488	-18.80691631	5.74379932	11.91968453
2.26666667	-12.27497587	25.91549089	20.49461965	-28.37486471	-18.86276631	5.44671749	12.03302211
2.27500000	-11.99686642	26.16644431	20.17331784	-29.35390079	-18.85637164	4.59250607	12.05342302
2.28333333	-11.74799858	26.64116271	19.88281361	-30.60168467	-18.87784378	4.10131504	12.17400638
2.29166667	-11.46104227	27.10885760	19.53634095	-31.88826241	-18.86568023	3.65933004	12.21652932
2.30000000	-11.18521695	27.61710268	19.15393548	-33.24664642	-18.81756005	2.86060201	12.31868687
2.30833333	-10.90317586	28.12238144	18.77097394	-34.60879041	-18.76915893	2.43804738	12.33126222
2.31666667	-10.55363843	28.69074769	18.33441546	-36.09629239	-18.75201541	1.28195263	12.44853690
2.32500000	-9.80498994	28.69969716	17.39897558	-37.30935301	-18.69783971	-0.10034736	12.64929239
2.33333333	-9.42005200	29.30522280	16.93981485	-38.84915522	-18.68032881	-1.00496816	12.70646902
2.34166667	-9.02386451	29.86049366	16.42269415	-40.35240636	-18.59059685	-1.97495488	12.75059574
2.35000000	-8.66215207	30.41035234	15.92285056	-41.78417544	-18.49293064	-2.94462999	12.80118514
2.35833333	-8.16692371	30.86442722	15.27062151	-43.13836641	-18.40815054	-3.92816548	12.85887550
2.36666667	-7.84098584	31.45998436	14.84295326	-44.46349200	-18.34204205	-4.40457646	12.88711757
2.37500000	-7.52970858	32.03936377	14.41501848	-45.71242470	-18.28999423	-5.00734585	12.95385861
2.38333333	-6.82962623	32.10576977	13.53523773	-46.71499753	-18.25855160	-6.22298616	13.17466396
2.39166667	-6.58438554	32.67757573	13.22146819	-47.73656273	-18.25286787	-6.37537484	13.20309984
2.40000000	-6.32670611	33.21636853	12.98673522	-48.69771140	-18.35929612	-6.78981633	13.37746001
2.40833333	-6.11970959	33.72293566	12.73704297	-49.43984671	-18.37731698	-6.76845759	13.40300782
2.41666667	-5.90262035	34.07839468	12.55616061	-49.88953237	-18.48953214	-7.58772919	13.52692688
2.42500000	-5.76755222	34.50989444	12.41800935	-50.22373832	-18.59195838	-7.99951102	13.58073912
2.43333333	-5.59375805	34.88856272	12.20746704	-50.53023601	-18.67205123	-7.57221455	13.68012260
2.44166667	-5.39350009	35.11904629	11.97014516	-50.52850869	-18.72080620	-8.02044883	13.80255278
2.45000000	-5.22064479	35.30891958	11.73385876	-50.29997243	-18.80505201	-9.17708435	13.85015613
2.45833333	-5.03889731	35.52832472	11.59314783	-50.19405786	-18.97974949	-8.73905204	13.92132895
2.46666667	-4.73787036	35.44138629	11.22840258	-49.67349403	-18.98922232	-10.02978730	13.98704019
2.47500000	-4.67143070	35.64806903	11.16580761	-49.27025772	-19.10320046	-9.85551439	14.11265674
2.48333333	-4.63324323	35.77306844	11.11835341	-48.60102752	-19.19635395	-10.62047707	14.17511574
2.49166667	-4.59656072	35.95371292	10.99948837	-47.95901918	-19.22334381	-10.43743843	14.25761308
2.50000000	-4.61953816	36.17077893	10.91728180	-47.22380245	-19.24900969	-10.38189192	14.30525218
2.50833333	-4.54663497	36.09154787	10.77057494	-46.21491431	-19.28383141	-10.41542130	14.46528693
2.51666667	-4.10171007	35.49037458	10.17043769	-44.91415536	-19.22077099	-11.80017966	14.53347806
2.52500000	-4.17449724	35.59628118	10.16979996	-43.86031038	-19.28417342	-11.89142326	14.61571272
2.53333333	-4.16321905	35.40544730	10.10408115	-42.60391343	-19.37871126	-12.64242453	14.85544604
2.54166667	-4.15084297	35.23187654	10.05220143	-41.29539654	-19.52067532	-13.34737821	15.09634418
2.55000000	-4.15092548	35.11670107	9.97042154	-40.02511052	-19.62874248	-14.12270274	15.30347183
2.55833333	-4.07869307	34.85699259	9.83562522	-38.66497440	-19.77666092	-15.10335041	15.53977971
2.56666667	-3.87298520	34.35828187	9.59273689	-37.23574265	-19.94244857	-16.22727668	15.76581612
2.57500000	-3.85089391	34.15324784	9.60980129	-35.90205647	-20.25045395	-17.12828233	15.97576946
2.58333333	-3.83618981	33.90471125	9.65935182	-34.51981891	-20.58436074	-18.01650599	16.20343288
2.59166667	-3.71366648	33.46649942	9.62301215	-33.12313212	-20.94714767	-19.47633247	16.59018698
2.60000000	-3.63057149	33.06502324	9.65358545	-31.73176440	-21.38012055	-20.53376899	16.89071037
2.60833333	-3.35914006	32.37378495	9.64470316	-30.31543642	-21.92673038	-21.53404657	17.17389871
2.61666667	-3.17318389	31.80654469	9.68022682	-28.94514153	-22.49069058	-22.45713389	17.45296739
2.62500000	-3.17254484	31.41316010	9.75754706	-27.58093197	-22.96243961	-23.18806017	17.77397903
2.63333333	-3.56570832	31.50852138	9.94317881	-26.30177966	-23.25532281	-23.49765837	18.20144658
2.64166667	-3.78504080	31.36533413	10.47731277	-25.15175540	-24.05263704	-23.71836153	18.80105779
2.65000000	-3.76881762	30.98244837	10.72362803	-24.00218163	-24.76707317	-24.01751173	19.24369013
2.65833333	-3.85169496	30.67507645	11.05144470	-22.83161942	-25.51339890	-24.63351737	19.74124603
2.66666667	-3.93985557	30.35001419	11.57625934	-21.72510785	-26.48163029	-25.15324817	20.33498261
2.67500000	-4.25181368	30.32063317	12.40268262	-20.89879978	-27.60418896	-24.83589318	20.91215157
2.68333333	-4.23108572	29.91956991	12.73801008	-19.96266910	-28.53152594	-25.08645572	21.21108468
2.69166667	-4.88330905	30.33425165	13.91826166	-19.33965679	-29.76202876	-24.96183712	22.14768665
2.70000000	-4.80435784	29.91005897	14.21773063	-18.59656923	-30.75324265	-25.16338263	22.45772714
2.70833333	-5.14894530	29.98132018	15.27831256	-18.15550520	-32.18087103	-25.04897586	23.42814927
2.71666667	-5.24257628	29.72999156	15.79598526	-17.58295089	-33.27741365	-25.24131145	24.08032367
2.72500000	-5.72280926	30.03507818	16.69176440	-17.26376746	-34.42285658	-25.08931478	24.73962803
2.73333333	-5.72728669	29.71778214	17.13254240	-16.80374451	-35.54004298	-25.26538114	25.35116128
2.74166667	-5.66922475	29.33170402	17.49199608	-16.39297094	-36.63929961	-25.35194581	25.65420899
2.75000000	-6.19514013	29.64266510	18.63977201	-16.22990003	-38.02555700	-25.25689279	26.68128464
2.75833333	-6.83810171	30.16591372	19.89300340	-16.23646367	-39.34656385	-25.05669748	27.23428690
2.76666667	-6.83387135	29.86645981	20.21560285	-15.97105360	-40.40420596	-25.18251367	27.87126613
2.77500000	-6.73451108	29.45994182	20.56380334	-15.76012379	-41.58957577	-25.26567029	28.18042594
2.78333333	-7.39957910	29.99903052	21.87889759	-15.79254983	-43.03927549	-25.21402568	29.09980499
2.79166667	-7.50656678	29.81717253	22.37234015	-15.59244195	-44.25740235	-25.37215494	29.80873026
2.80000000	-7.41296566	29.44249175	22.70135913	-15.48974288	-45.44980425	-25.50118618	30.08687797
2.80833333	-7.50610750	29.28390907	23.29996354	-15.42881925	-46.75257908	-25.71998467	30.89816594
2.81666667	-8.38112106	30.05447209	24.88102351	-15.52352067	-48.26931630	-25.99935668	31.36998248
2.82500000	-8.39078829	29.78332020	25.31945962	-15.45459736	-49.50485579	-26.24831342	31.98808105
2.83333333	-8.43842396	29.57857860	25.60839818	-15.38911580	-50.53617360	-26.47884575	32.38292790
2.84166667	-9.32149233	30.42407191	27.10221501	-15.48007934	-51.98632227	-26.94764087	33.16514682
2.85000000	-9.30112971	30.09482570	27.35261873	-15.43716253	-53.05770906	-27.09622045	33.43330912
2.85833333	-9.68169728	30.25875704	28.18174917	-15.40470867	-54.36747126	-27.57682744	34.47151522
2.86666667	-9.57177029	29.83946148	28.56085573	-15.49259402	-55.47446275	-27.82797046	34.73830575
2.87500000	-9.47212545	29.45227391	28.88054692	-15.50962471	-56.65660700	-27.91980155	34.92993432
2.88333333	-9.52862494	29.18462435	29.22332243	-15.58991103	-57.66120016	-28.18563891	35.51323681
2.89166667	-10.08688210	29.58624712	30.24049397	-15.78356181	-58.93412105	-28.16746906	35.81767096
2.90000000	-10.12654409	29.34948545	30.44544204	-15.84747351	-59.88568975	-28.18179775	36.10311631
2.90833333	-10.27278860	29.26032141	31.01369331	-16.03592863	-61.06756946	-28.06695105	36.61007235
2.91666667	-10.28482909	29.01244287	31.30853435	-16.15010371	-62.12008156	-27.85876472	36.81065413
2.92500000	-10.83988898	29.46394444	32.43133311	-16.57036718	-63.47623096	-26.63437899	37.21951835
2.93333333	-10.92596483	29.28822961	32.76606154	-16.69522983	-64.53474920	-25.44089004	37.57395252
2.94166667	-11.38627075	29.62887044	33.71715240	-17.03033340	-65.82752769	-23.55663299	37.86212595
2.95000000	-11.39504739	29.37670893	33.96985582	-17.13583028	-66.85868487	-21.84290876	38.12718728
2.95833333	-11.45461943	29.21466808	34.41481382	-17.25170801	-68.03146610	-19.74923995	38.34886453
2.96666667	-11.51627686	29.06355683	34.77524114	-17.36374533	-69.11231838	-17.81721809	38.53826336
2.97500000	-11.53398805	28.93169793	35.16856800	-17.52932206	-70.24386615	-15.99710932	38.68187176
2.98333333	-11.51711222	28.74183037	35.55663196	-17.71545209	-71.39450154	-13.95611607	38.77443031
2.99166667	-11.84732582	29.13690447	36.27503066	-18.25519196	-72.58453121	-11.81945588	38.84595924
3.00000000	-11.99710428	29.27292638	36.71525428	-18.54789664	-73.71527829	-10.14214884	38.90377556
3.00833333	-11.89311017	29.21521181	36.95491859	-18.99846262	-74.85699942	-8.56357697	38.83989532
3.01666667	-11.82614302	29.20766815	37.27850824	-19.48057337	-76.06012430	-7.02611880	38.64979468
3.02500000	-11.75955280	29.26746855	37.61963176	-20.04219513	-77.30066063	-5.53029183	38.28555073
3.03333333	-11.69734374	29.34430047	37.99762340	-20.67336209	-78.59530931	-4.12351298	37.79147439
3.04166667	-11.63649733	29.45938341	38.45471339	-21.31488876	-80.00355428	-2.71029476	37.10641997
3.05000000	-11.89566647	29.97849991	39.37288797	-21.95122339	-81.49158745	-1.75989180	35.92064392
3.05833333	-11.63418019	29.84477164	39.82583589	-22.60107961	-83.08503217	-0.67800299	35.04731392
3.06666667	-11.46602100	29.74964723	40.36005528	-23.13650345	-84.66688727	0.47639968	33.84330098
3.07500000	-11.28998775	29.74893109	40.97924375	-23.78833564	-86.31943665	1.30518342	32.64166170
3.08333333	-11.24508919	30.19032744	41.98028112	-24.47143817	-88.11376081	1.67152541	30.38707784
3.09166667	-10.95737029	30.16451772	42.54325809	-25.20985755	-89.78133039	2.33068504	28.96016410
3.10000000	-10.56447030	30.06283414	43.26132724	-25.91460522	-91.50464038	2.96185899	27.02804954
3.10833333	-10.34950792	30.23714808	44.24467522	-26.67707559	-93.16034984	2.93463032	24.30962943
3.11666667	-9.91917515	30.05367809	44.80163281	-27.43589761	-94.64237928	3.51269559	22.51908162
3.12500000	-9.55943064	29.98591360	45.44746661	-28.13392220	-96.01231653	3.72898478	20.01624999
3.13333333	-9.00620931	29.62909664	45.88020444	-28.76248004	-97.24232605	4.07442911	18.15165359
3.14166667	-8.51776742	29.25831060	46.35390819	-29.32439287	-98.33363608	4.56706540	17.12149250
3.15000000	-7.97445361	28.71822860	46.66405147	-29.69528217	-99.13480633	4.81962338	15.90344458
3.15833333	-7.71530932	28.40982783	47.33742730	-29.99810468	-99.88858782	5.00092417	15.93904933
3.16666667	-7.46534609	28.07591083	48.00443643	-30.24646266	-100.45056054	5.37944927	16.10705400
3.17500000	-7.30918150	27.87153224	48.74244496	-30.53194963	-100.73300245	6.07237088	15.47893585
3.18333333	-7.15406357	27.50783051	49.35227340	-30.55453544	-100.83094564	6.13494771	15.56655531
3.19166667	-7.01355990	27.25810537	49.92409633	-30.63889521	-100.76475745	6.67739883	15.93799022
3.20000000	-6.85581683	26.91384990	50.54235755	-30.63950564	-100.53222540	6.74988508	15.91751421
3.20833333	-6.52198153	26.40159476	50.87924593	-30.63266529	-100.13010928	7.15373502	15.60691421
3.21666667	-6.40547086	26.06996974	51.43973105	-30.62687669	-99.55041373	7.21320121	15.57971953
3.22500000	-6.17422962	25.51383859	51.83686424	-30.46554162	-98.79811422	7.52784147	15.07553038
3.23333333	-5.97573942	25.07067595	52.14403789	-30.41664689	-97.82167618	7.73570734	14.63645064
3.24166667	-5.77164571	24.65604625	52.41903755	-30.41093414	-96.72782800	7.97816555	14.13127865
3.25000000	-5.17021408	23.77118748	52.17311771	-30.31140965	-95.50345374	8.16346400	14.58546272
3.25833333	-5.07668942	23.44766528	52.51312630	-30.27215158	-94.14649074	8.34631314	13.95097633
3.26666667	-5.07017838	23.13310416	52.77427989	-30.15490071	-92.52249437	8.55216005	13.16294718
3.27500000	-4.81283091	22.67757931	52.74742302	-30.22113746	-90.82694708	8.82083214	12.64371571
3.28333333	-4.70304954	22.37673262	52.87402761	-30.21986207	-88.94833806	9.04160386	11.32031418
3.29166667	-4.63507981	22.13692558	52.92940246	-30.27160293	-86.95699925	9.26902488	9.87068476
3.30000000	-4.54635613	21.88483125	52.86047033	-30.33410660	-84.77757080	9.48490982	8.25603538
3.30833333	-4.41218993	21.55884892	52.65882453	-30.39969215	-82.42440780	9.71553540	6.40598008
3.31666667	-4.24877302	21.16418551	52.34780640	-30.45356480	-79.95403701	9.94418321	4.35109200
3.32500000	-4.26015577	20.99014788	52.10895671	-30.53204567	-77.40266909	10.19977947	2.17504600
3.33333333	-4.23522904	20.84210950	51.79312791	-30.68274574	-74.76614898	10.46205910	-0.18689216
3.34166667	-4.20058973	20.69069638	51.41752799	-30.87429842	-72.02462282	10.75864094	-2.58118680
3.35000000	-3.94908169	20.38241958	50.71998152	-31.17062478	-69.08659460	11.04155379	-5.32322295
3.35833333	-3.86339307	20.23581566	50.03196324	-31.48807214	-66.18647009	11.35102610	-7.71653066
3.36666667	-3.82295710	20.18657392	49.37047049	-31.87635094	-63.25942085	11.71764609	-10.04315039
3.37500000	-3.77845182	20.13742773	48.63260198	-32.26034972	-60.25340257	12.09950488	-12.23914783
3.38333333	-3.79361034	20.14877331	47.86349667	-32.75510721	-57.25124573	12.53186522	-14.36578922
3.39166667	-3.85065467	20.15632955	47.09878029	-33.19226768	-54.23371307	13.01158132	-16.28898110
3.40000000	-3.72729992	20.04985742	46.14105650	-33.70474889	-51.29047474	13.47122819	-18.06840715
3.40833333	-3.64050636	19.99641229	45.13970339	-34.22927993	-48.45236270	13.96812907	-19.60227798
3.41666667	-3.49232250	19.84915344	44.05189954	-34.76669893	-45.66204169	14.51456171	-21.04585568
3.42500000	-2.62529734	18.83716654	42.03882283	-35.20498221	-42.86014795	15.07961043	-22.16352686
3.43333333	-2.94228016	19.25827767	41.47799030	-35.90506672	-40.61049817	15.70634075	-23.20203809
3.44166667	-3.00908464	19.42665356	40.69206899	-36.61348257	-38.44507227	16.26062705	-24.06828923
3.45000000	-3.12558236	19.65599611	39.91123733	-37.39596516	-36.47787113	16.84077075	-24.86727683
3.45833333	-3.18533709	19.90177330	39.04528219	-38.32377810	-34.56626371	17.38327189	-25.70032020
3.46666667	-3.11802098	19.93463007	38.20500599	-39.11956163	-32.89208334	18.06799729	-26.47727653
3.47500000	-3.10503706	20.07047961	37.29370675	-40.03455151	-31.30539512	18.73266083	-27.22824414
3.48333333	-3.07760653	20.20134876	36.39894454	-40.97355987	-29.73587064	19.32855143	-28.06283495
3.49166667	-3.30954852	20.62093549	35.84116816	-41.96860586	-28.44029332	20.12629774	-28.64377029
3.50000000	-3.66295659	21.23336560	35.26987876	-43.06798296	-27.11618970	20.79362015	-29.27326969
3.50833333	-3.71650025	21.49995179	34.56866896	-44.05589490	-25.88011968	21.42729823	-29.72541915
3.51666667	-3.85930900	21.86316706	33.84625728	-45.12321852	-24.60674737	22.11017492	-30.20490326
3.52500000	-3.93130694	22.14434197	33.15152954	-46.14388772	-23.55382620	22.40532292	-30.15945409
3.53333333	-4.17341567	22.56147156	32.49747609	-47.13243282	-22.34013809	23.43501924	-30.77208133
3.54166667	-4.37593405	22.87811408	31.79948438	-48.07287769	-21.27194557	23.82286737	-30.74025038
3.55000000	-4.72112523	23.50380782	31.37220971	-49.21509753	-20.32384114	24.89610025	-31.35639764
3.55833333	-4.85992927	23.76735201	30.74559951	-50.15450972	-19.51066642	25.24379087	-31.30393397
3.56666667	-5.70369450	24.97215253	30.98341326	-51.42890642	-18.79031210	26.64353125	-31.92605487
3.57500000	-5.82154143	25.20892490	30.39552584	-52.38091734	-18.16110097	27.26059677	-32.10662929
3.58333333	-6.16444991	25.69787231	30.02062615	-53.40430295	-17.65370693	27.94266713	-32.34905107
3.59166667	-6.34878169	25.97461981	29.59937471	-54.34422900	-17.31064850	28.47072658	-32.42466111
3.60000000	-7.05484666	27.01092255	29.95517404	-55.57706776	-17.31735951	29.35327441	-32.48162534
3.60833333	-7.10573366	27.19683203	29.46566857	-56.60174217	-17.13307508	29.94162092	-32.53668261
3.61666667	-7.21080643	27.39197770	29.04459860	-57.57780119	-17.04994442	30.32513317	-32.40800709
3.62500000	-7.21926852	27.63625769	28.80103160	-58.68895071	-17.21888373	30.97082446	-32.03404757
3.63333333	-8.05708099	28.69261591	29.22093714	-59.87326188	-17.61994838	31.94778855	-30.36656814
3.64166667	-8.04991960	28.86794090	28.93569412	-60.96860598	-17.76665579	32.48630304	-28.83640836
3.65000000	-8.38815689	29.44695046	29.02415933	-62.16307803	-18.13147887	33.31001359	-26.57827799
3.65833333	-8.31930307	29.46239583	28.53186627	-63.15371535	-18.31538708	33.98046053	-24.09205069
3.66666667	-8.87793579	30.22313257	28.71201513	-64.28617170	-18.63456670	34.48455567	-21.26563655
3.67500000	-9.13945046	30.57405854	28.40540340	-65.32153993	-18.72460648	34.89740130	-18.69806988
3.68333333	-9.27024826	30.92779245	28.52865350	-66.47680978	-19.28565430	35.30208161	-15.91927601
3.69166667	-9.98904647	31.94683884	29.16447897	-67.83095842	-19.86951985	35.92134316	-13.31085302
3.70000000	-10.06948742	32.28684368	29.36136127	-69.03475830	-20.57395382	36.03168136	-11.01983112
3.70833333	-9.99991917	32.53327258	29.33776198	-70.40215107	-21.15784307	35.94086464	-9.00195441
3.71666667	-10.26109067	33.32560485	29.93138584	-72.00685437	-22.03792239	35.67487484	-7.01699442
3.72500000	-10.15221089	33.66025637	29.97555670	-73.60041383	-22.70689989	35.15622467	-5.14044684
3.73333333	-9.97719613	34.12532730	30.12193883	-75.41758213	-23.54158186	34.42133552	-3.48434781
3.74166667	-9.92387756	34.89751703	30.06018082	-77.47666921	-24.21581237	33.37387195	-1.75327661
3.75000000	-9.60865601	35.33082303	30.03959594	-79.42043757	-25.05140341	32.14470066	-0.16879073
3.75833333	-9.25860228	35.84306982	29.82017901	-81.49289764	-25.72202254	30.64254989	1.44202618
3.76666667	-8.83645548	36.32296183	29.54615885	-83.64747858	-26.26700419	28.89858066	2.96886306
3.77500000	-8.72441844	37.33934254	29.39536487	-85.71564000	-26.96780576	26.17139828	4.50065290
3.78333333	-8.44117188	38.05354350	29.02490203	-87.87306463	-27.29945120	24.41887968	5.81023081
3.79166667	-8.25899369	39.02040898	28.92397426	-89.98228223	-27.72651742	21.93449059	6.80852193
3.80000000	-8.01778405	39.93813685	28.50317121	-91.99544813	-28.04565355	20.28573746	7.83110564
3.80833333	-7.79186947	40.91806305	28.39854044	-93.94488259	-28.56560978	18.29031906	8.64837682
3.81666667	-7.38660747	41.66408957	28.15062072	-95.71025077	-29.15200736	16.82365428	9.35698174
3.82500000	-7.35094878	42.80958261	28.02459132	-97.30494932	-29.69970393	15.66216053	10.01305664
3.83333333	-7.03753662	43.59896980	27.88607294	-98.68982233	-30.41362652	14.93510410	10.59021770
3.84166667	-6.62358832	44.23413658	27.72486515	-99.81557297	-31.19424101	14.82086120	10.75870983
3.85000000	-6.05800654	44.64319902	27.38445670	-100.70055431	-31.87057607	14.50901225	11.49689594
3.85833333	-5.39452286	44.82489496	26.64923942	-101.15480586	-32.27162597	13.77299375	11.70770358
3.86666667	-5.09336805	45.39936654	26.38588633	-101.50764769	-32.74582347	14.08059622	12.01843252
3.87500000	-4.81367305	45.94250836	26.01886103	-101.61043022	-32.97738272	14.34688583	12.29540790
3.88333333	-4.11752756	45.82723465	25.03046824	-101.20982009	-32.92224752	12.59851194	12.59976827
3.89166667	-4.04297279	46.44510873	24.60018820	-100.84660336	-32.73122959	12.85713722	12.75677566
3.90000000	-3.50994656	46.47659357	23.55087266	-100.08322730	-32.36049691	10.64636463	12.85593857
3.90833333	-3.39570443	46.94546509	22.87625901	-99.27636985	-31.86224858	9.63186625	12.91805119
3.91666667	-3.33237605	47.32912486	22.40995150	-98.21726490	-31.48515109	8.29127695	12.96632841
3.92500000	-3.40416928	47.85844746	22.04242021	-97.15340716	-31.03606982	8.25011068	13.03097689
3.93333333	-3.49640093	48.34541662	21.70313181	-95.92684806	-30.59168582	8.07857713	13.07421322
3.94166667	-3.56567980	48.70907453	21.34588382	-94.51068247	-30.12516838	7.64099391	13.06994832
3.95000000	-3.24788583	48.44223326	20.48006703	-92.72542197	-29.51379407	5.24756168	12.76096706
3.95833333	-3.36744379	48.73726517	20.22605740	-91.07172887	-29.14590890	4.68842145	12.81997702
3.96666667	-3.31004962	48.67944448	19.80576504	-89.09405072	-28.81265552	1.73407033	12.70529141
3.97500000	-3.44370487	48.79677398	19.63444606	-87.15964872	-28.56092960	0.78504997	12.71152774
3.98333333	-3.61758358	48.88188369	19.42283333	-85.12831794	-28.23213167	-0.06490282	12.77637786
3.99166667	-3.43234310	48.42132706	18.94442344	-82.84317365	-27.93180249	-2.54557962	12.54120497
4.00000000	-3.58640354	48.31650350	18.82079346	-80.56930636	-27.77807706	-3.93722997	12.60788402
4.00833333	-3.70788277	48.14724278	18.61645124	-78.22489450	-27.55379040	-5.34606233	12.71962649
4.01666667	-3.08209767	46.93867139	17.54864220	-75.49179231	-27.28473009	-9.23207471	12.74829334
4.02500000	-3.21562273	46.62994092	17.45742311	-72.95797397	-27.23092041	-11.02488800	12.93197110
4.03333333	-2.84035704	45.51437323	16.72489339	-70.14082494	-26.99851103	-13.97265707	13.08183064
4.04166667	-2.91964658	44.97356251	16.46805616	-67.42228509	-26.86426270	-17.11300955	13.28710992
4.05000000	-3.09237842	44.52066000	16.44591828	-64.75122858	-26.85477114	-18.94436033	13.57996779
4.05833333	-3.12659282	43.84841957	16.24005562	-61.98763814	-26.90135587	-21.01580187	13.90875874
4.06666667	-3.22260946	43.21695237	16.12294619	-59.23884719	-26.96594177	-22.97585620	14.28007192
4.07500000	-3.26809217	42.44582610	15.96905087	-56.45092075	-27.10604139	-24.97028252	14.71492247
4.08333333	-2.75078853	40.88990895	15.13143361	-53.43894078	-27.17692307	-27.54841970	15.21361700
4.09166667	-2.95575593	40.23730811	15.23349751	-50.69793329	-27.45754190	-29.15878936	15.69631210
4.10000000	-2.88383580	39.17636143	15.08356396	-47.85290767	-27.87484780	-30.49615816	16.28201765
4.10833333	-2.97902254	38.35375494	15.18149504	-45.16434871	-28.30784909	-31.82059245	16.78136554
4.11666667	-3.02670609	37.41298741	15.24316536	-42.51527170	-28.82355469	-32.81270508	17.39685610
4.12500000	-3.02047729	36.38902140	15.36542218	-39.95389284	-29.48457031	-33.34624053	18.04851370
4.13333333	-2.79712045	35.21822226	15.10164359	-37.61787180	-29.95030906	-32.75107946	18.53063262
4.14166667	-3.09140345	34.58270989	15.66410418	-35.37783964	-30.78052489	-33.15326353	19.18284350
4.15000000	-3.14159176	33.75007759	15.89243461	-33.29726337	-31.53361661	-33.06687165	19.76194770
4.15833333	-3.26645444	33.06349278	16.21002120	-31.30410564	-32.44893987	-33.60671203	20.52928925
4.16666667	-3.39798519	32.35546976	16.47904269	-29.36705178	-33.33164252	-33.94716938	21.31135384
4.17500000	-3.65229478	31.86779601	17.02642779	-27.85121741	-34.33437237	-32.99119953	21.94699573
4.18333333	-3.73512040	31.19109950	17.40158070	-26.19680632	-35.45127087	-33.33648400	22.75808800
4.19166667	-4.14083637	30.92531742	18.21440630	-24.89017545	-36.68483824	-32.66037577	23.54099035
4.20000000	-4.43842545	30.44351685	18.87567565	-23.50173404	-37.91796305	-32.45294422	24.35177897
4.20833333	-4.59517305	29.95774431	19.38018120	-22.24769981	-39.12785938	-32.56504460	25.19954949
4.21666667	-5.22912887	30.09469923	20.57434027	-21.34939019	-40.62076127	-31.83180974	26.04121977
4.22500000	-5.27473543	29.52171309	20.91054579	-20.31602721	-41.78040790	-31.87034840	26.42100522
4.23333333	-5.47234797	29.14332962	21.50454012	-19.36041663	-43.06924102	-31.89357939	27.69711249
4.24166667	-6.18766046	29.52939861	22.70350678	-18.97005353	-44.50031567	-30.84188925	28.51995009
4.25000000	-6.50393487	29.32552208	23.46821779	-18.37093372	-45.83312445	-30.47980031	29.25739141
4.25833333	-6.56030800	28.82292253	23.78058601	-17.74714329	-47.00513398	-30.41333941	29.72642315
4.26666667	-7.19934591	29.13865050	24.89894094	-17.46283696	-48.41277894	-29.86369361	30.93474050
4.27500000	-7.24357905	28.68439758	25.25158982	-17.06079976	-49.63969877	-29.71636523	31.75140672
4.28333333	-7.25652605	28.20599632	25.55811180	-16.74866512	-50.85767335	-29.61169663	32.15529569
4.29166667	-7.96730931	28.59024663	26.82350639	-16.68107360	-52.39315404	-29.19149774	33.31317584
4.30000000	-7.96892265	28.13977658	27.18058643	-16.54457977	-53.68905432	-29.08378490	34.03627873
4.30833333	-8.14761390	27.85034327	27.65610609	-16.41005177	-54.98127711	-29.03367367	34.77286306
4.31666667	-8.41373794	27.65116791	28.45768479	-16.36501008	-56.50222368	-29.00500417	35.46028030
4.32500000	-8.65949437	27.50298517	29.04966510	-16.41588898	-57.84426358	-28.86980989	36.07536146
4.33333333	-9.56770736	28.17234768	30.70560198	-16.69016511	-59.59843617	-28.19833274	36.49280647
4.34166667	-9.60861118	27.73736711	31.07791471	-16.66914353	-60.95393328	-27.23991972	37.04460480
4.35000000	-9.79498087	27.59687687	31.75278865	-16.85691332	-62.49363789	-25.49991344	37.54694803
4.35833333	-10.45848435	28.05599951	33.02352804	-17.29012117	-64.18703873	-22.88574993	37.98268828
4.36666667	-10.66514389	27.90112260	33.74695334	-17.63996806	-65.71808567	-19.94565094	38.21326029
4.37500000	-11.09245353	27.97770905	34.68404868	-17.90378118	-67.34841001	-16.95624940	38.49630604
4.38333333	-11.11300632	27.66639866	35.31336954	-18.06443781	-69.07084246	-14.30954512	38.54756762
4.39166667	-11.49391362	27.96222406	36.30025747	-18.53541868	-70.79494759	-11.69104132	38.38355518
4.40000000	-11.33373750	27.63459428	36.68640429	-18.90590229	-72.51685581	-9.89691859	38.15158995
4.40833333	-11.30686026	27.54197796	37.37251030	-19.32540350	-74.48186563	-7.51116570	37.59655084
4.41666667	-11.95807997	28.35920387	39.11682347	-19.90382266	-76.76225320	-5.64493121	36.48039627
4.42500000	-11.65696258	28.16500563	39.75439033	-20.54594500	-78.96418893	-3.88489836	35.50515419
4.43333333	-11.57534520	28.32403437	40.87820251	-21.17397220	-81.40608500	-2.39604507	33.98833848
4.44166667	-11.56671918	28.62967026	42.08520973	-22.00233253	-83.83881363	-0.89574851	32.32654251
4.45000000	-11.11860988	28.46541398	42.75351912	-22.80038976	-86.14920804	0.51150667	30.71347010
4.45833333	-11.02369714	28.65135975	44.06855341	-23.59876743	-88.53952263	1.50974556	28.53522384
4.46666667	-10.50483153	28.38130721	44.68217542	-24.42789371	-90.64025141	2.68653041	26.84623768
4.47500000	-9.93425359	28.15085992	45.36112021	-25.29099819	-92.71087538	3.72283907	24.95744891
4.48333333	-9.57826771	28.12715403	46.18549560	-26.21340878	-94.49284985	4.50284259	22.63645409
4.49166667	-8.97927136	27.78871684	46.82368673	-27.04084435	-96.20830404	5.30306312	20.97511263
4.50000000	-8.28417466	27.29134687	47.16251889	-27.74879576	-97.56713389	5.86571998	19.41716836
4.50833333	-7.87323823	27.07564978	47.80313392	-28.57125040	-98.75174500	6.52463394	18.49241216
4.51666667	-7.31918201	26.57562123	48.22241197	-29.24127896	-99.60744891	7.40394263	17.61644393
4.52500000	-7.02057885	26.33961162	48.81534782	-29.77243100	-100.23127192	7.62614776	17.53044715
4.53333333	-6.77842089	25.97497624	49.32620969	-29.96050620	-100.62193840	8.27016872	17.48729014
4.54166667	-6.33621406	25.32217917	49.61590352	-29.99104559	-100.67588564	8.54366999	17.52928258
4.55000000	-6.01155231	24.76441482	49.79946771	-29.96297937	-100.39616021	8.79865726	17.51865781
4.55833333	-5.97326607	24.47731808	50.30719610	-29.92508440	-99.93259386	8.86485968	17.52088623
4.56666667	-5.88876599	23.88818098	50.73273314	-29.51751419	-99.28404709	9.19509238	17.24188263
4.57500000	-5.53061324	23.04550364	50.68228198	-29.12538839	-98.36373040	9.35409617	16.91096760
4.58333333	-5.54664450	22.64721791	51.02288919	-28.79254032	-97.27641987	9.45489907	16.64768898
4.59166667	-5.35318136	22.00554459	50.91462935	-28.42668201	-95.94142813	9.60442691	16.23995163
4.60000000	-5.44562923	21.60092874	51.20520667	-28.01307580	-94.53482585	9.70565948	15.80276021
4.60833333	-5.48609068	21.17319212	51.24581046	-27.65452004	-92.89868125	9.79120445	15.11511259
4.61666667	-5.54606248	20.78956376	51.34350304	-27.26561153	-91.15763105	9.86029188	14.49827300
4.62500000	-5.54242437	20.38971879	51.23819252	-26.97312730	-89.23181141	9.89456818	13.35902847
4.63333333	-5.12777629	19.50021980	50.56831290	-26.62128275	-87.13377519	9.93668174	12.36484792
4.64166667	-5.31814098	19.34279046	50.54149230	-26.38761089	-84.96110364	9.98988408	10.95498468
4.65000000	-5.51343860	19.08139082	50.43535904	-26.07728094	-82.59994368	10.11295150	9.35259420
4.65833333	-5.74191726	18.87691152	50.35139940	-25.81018906	-80.18976552	10.25214652	7.60629673
4.66666667	-5.80902270	18.66364055	50.02017726	-25.77200249	-77.61642395	10.36686718	5.53431300
4.67500000	-5.92623627	18.45628594	49.60785210	-25.62810587	-74.93746507	10.52748479	3.45947786
4.68333333	-5.98648491	18.23047176	49.09369818	-25.56200056	-72.15745751	10.73192626	1.27847370
4.69166667	-6.14876238	17.99233665	48.60319634	-25.39723333	-69.28771041	10.98368085	-0.87124816
4.70000000	-6.20545923	17.74977330	47.95032682	-25.38335503	-66.29658087	11.23106485	-3.12393560
4.70833333	-6.22174378	17.54747131	47.17262094	-25.48215526	-63.25762168	11.48210193	-5.36180611
4.71666667	-6.19906052	17.36905589	46.34358724	-25.70503982	-60.17488300	11.79179704	-7.54380922
4.72500000	-6.34499404	17.27071589	45.59867838	-25.86354062	-57.03682125	12.15913574	-9.54753687
4.73333333	-6.41249579	17.20168350	44.79776651	-26.18465912	-53.92457796	12.54543040	-11.61126810
4.74166667	-6.47664119	17.24238442	43.95240880	-26.68123844	-50.89556931	12.94639293	-13.53042494
4.75000000	-5.98224426	16.61882188	42.38255490	-27.07993118	-47.68485204	13.36518524	-15.19253699
4.75833333	-6.16500502	16.83781617	41.64347130	-27.72961479	-44.70592576	13.89426725	-16.85520828
4.76666667	-6.25989299	16.87642281	40.78534449	-28.31845463	-41.79088582	14.47620591	-18.31213617
4.77500000	-6.40588728	17.07915539	40.00511534	-29.09404773	-38.99441764	15.14684973	-19.56528221
4.78333333	-6.19083858	16.90631376	38.78999241	-29.82473623	-36.34385130	15.74335900	-20.41665303
4.79166667	-6.26018799	17.14386919	37.98126245	-30.76373699	-33.82657598	16.40135451	-21.41922814
4.80000000	-6.37433343	17.43525987	37.16158279	-31.78188478	-31.41522705	17.16972931	-22.36566027
4.80833333	-6.26688694	17.28852501	36.22536041	-32.55258657	-29.28827263	17.91496358	-23.08550808
4.81666667	-6.35966956	17.55526871	35.61284107	-33.60808292	-27.31636253	18.69168443	-23.77034605
4.82500000	-6.39820305	17.79575939	34.83260928	-34.71499739	-25.43905383	19.52330032	-24.60164419
4.83333333	-6.44845634	18.03917486	34.19175982	-35.83971521	-23.75147910	20.37958340	-25.24693987
4.84166667	-6.55587637	18.23548886	33.67237328	-36.85816253	-22.29437697	20.87578600	-25.37504674
4.85000000	-6.80054957	18.73106374	33.23397293	-38.09790701	-20.76819647	22.14507344	-26.56255800
4.85833333	-6.87540680	18.98007692	32.73716759	-39.21322609	-19.49685199	22.74537045	-26.70858476
4.86666667	-7.35657224	19.70972569	32.65380034	-40.47352644	-18.27955149	24.00411134	-27.62141343
4.87500000	-7.51669204	20.04736207	32.18297573	-41.63083132	-17.11214213	24.87690634	-28.03088578
4.88333333	-7.62515502	20.30711057	31.71689360	-42.74579511	-16.08594605	25.37495268	-28.12490842
4.89166667	-8.09300906	21.12180305	31.61545061	-44.16045606	-15.08517976	26.70464028	-28.87550843
4.90000000	-8.20513021	21.41779228	31.11625782	-45.31529442	-14.17680267	27.57304726	-29.18736699
4.90833333	-8.43235167	21.75233990	30.75512755	-46.44765042	-13.34430384	28.50843614	-29.54152865
4.91666667	-8.87758834	22.43640821	30.73442473	-47.75929830	-12.82085504	29.51296532	-29.80795801
4.92500000	-9.34383685	23.19001897	30.72287362	-49.14031897	-12.41398910	30.44974919	-29.95141967
4.93333333	-9.40833140	23.38989673	30.33711994	-50.32397868	-12.13505548	31.24801739	-30.07977056
4.94166667	-9.47165348	23.53481449	29.96158587	-51.47292657	-12.02850449	31.92373664	-30.16955100
4.95000000	-9.68553502	23.96012786	29.77051973	-52.86368165	-12.11187584	32.90950012	-30.20427547
4.95833333	-10.23398369	24.84943544	30.08812327	-54.42891262	-12.45665593	33.85511315	-30.27803870
4.96666667	-10.19116942	24.94528040	29.78091391	-55.71785499	-12.90117408	34.45364046	-30.36773915
4.97500000	-10.54499040	25.41195496	29.87735868	-57.03679739	-13.42520994	35.34438353	-29.93778392
4.98333333	-10.88735235	25.97568300	29.96820939	-58.47326066	-14.08539808	36.13958298	-28.99004835
4.99166667	-11.07096604	26.30545962	29.91451360	-59.82657584	-14.81842959	36.77015688	-27.27332380
5.00000000	-11.10671044	26.42696513	29.63122509	-61.10387882	-15.52373262	37.31256625	-24.94891100
5.00833333	-11.18667775	26.58666865	29.38571136	-62.39988052	-16.23220686	37.83182212	-22.08253452
5.01666667	-11.55012157	27.06058013	29.52487629	-63.74959217	-17.12835013	38.40043121	-18.78976628
5.02500000	-11.65488860	27.25361586	29.39394546	-65.04095087	-17.91674370	38.50822378	-15.50430808
5.03333333	-11.65626942	27.36175361	29.09378636	-66.41099320	-18.58122176	38.38113498	-12.62234432
5.04166667	-11.72494658	27.46134552	28.86043452	-67.70395628	-19.15521955	38.03234763	-9.85654175
5.05000000	-11.82028635	27.78129051	28.75662230	-69.19018927	-19.81652657	37.45092687	-7.40577252
5.05833333	-12.69982944	29.21037808	29.69321737	-70.99301313	-20.64152841	36.36770068	-5.03998572
5.06666667	-12.59880112	29.44150250	29.46226292	-72.62505544	-21.33253766	35.33547530	-3.15667676
5.07500000	-12.61216705	29.92145959	29.38661102	-74.39925710	-21.91204736	34.05936589	-1.12583533
5.08333333	-12.47426370	30.36410290	29.26262260	-76.30039229	-22.69916145	32.68527092	0.31486221
5.09166667	-13.34940664	32.21188289	30.21081412	-78.53952116	-23.26517329	30.53599844	1.86899788
5.10000000	-13.07552446	32.76523890	29.84381854	-80.59063254	-23.84944248	28.13308552	3.36079766
5.10833333	-12.85092128	33.45465574	29.38455419	-82.78759529	-24.28278398	25.99346072	5.10849615
5.11666667	-12.57842929	34.13713498	28.83002788	-84.93324073	-24.63022102	23.64602691	6.65814655
5.12500000	-12.42106155	34.97303928	28.37627773	-86.97046928	-24.89158006	20.62297870	7.91971293
5.13333333	-12.18264481	35.76576242	27.65942021	-89.08315649	-24.93652373	18.65160441	9.24726330
5.14166667	-11.84921496	36.55264167	26.79339290	-91.04898281	-24.82990267	16.34703788	10.15811042
5.15000000	-11.64281948	37.44437862	26.09540347	-92.93133250	-24.74102319	14.86742557	11.07020032
5.15833333	-11.54822356	38.36100299	25.47039944	-94.53299885	-24.50055124	13.31625726	11.51534828
5.16666667	-11.44942664	39.22872353	24.81275884	-95.92868657	-24.31424711	12.70152370	12.14032432
5.17500000	-11.20155563	39.99201286	24.09178041	-97.15605265	-24.13285663	12.31745007	12.50574411
5.18333333	-10.71618570	40.38335854	23.04547781	-97.93717250	-23.87226474	11.81037595	12.61532126
5.19166667	-10.59093770	41.00481447	22.34957858	-98.45040959	-23.67225259	12.11871026	12.98482301
5.20000000	-10.13029651	41.19694487	21.33590587	-98.60413927	-23.51318379	11.70618874	13.20027691
5.20833333	-10.00630016	41.76894602	20.74041095	-98.57522417	-23.40852783	12.05777774	13.35338561
5.21666667	-9.36646278	41.59001769	19.60015799	-98.12006222	-23.33980597	10.98991586	13.57329400
5.22500000	-8.67179110	41.32109636	18.12238986	-97.38301680	-22.88845061	10.32311910	13.62010376
5.23333333	-8.32238385	41.44851785	17.17571799	-96.56804769	-22.61208970	9.67800701	13.64346692
5.24166667	-7.95255034	41.49319553	16.14761896	-95.53521771	-22.22578917	9.04882390	13.61610934
5.25000000	-7.75418126	41.72807504	15.31851424	-94.39331696	-21.84059598	8.75732705	13.50688072
5.25833333	-7.77943516	42.26303891	14.75782847	-93.20280749	-21.47477780	8.81338845	13.47719706
5.26666667	-7.10185434	41.79541185	13.39740112	-91.53362509	-21.03189196	7.66874652	13.25944002
5.27500000	-7.18246200	42.26663259	12.91680090	-89.93832899	-20.68839179	7.61385699	12.96439713
5.28333333	-7.29788995	42.72940097	12.45388185	-88.19743742	-20.31607014	7.59658915	12.89443051
5.29166667	-7.06404680	42.65941680	12.03664157	-86.12730162	-20.39882722	7.43765315	12.47376240
5.30000000	-7.16931354	43.02169149	11.69071539	-84.10408602	-20.20735500	7.42620207	12.39851629
5.30833333	-7.04280337	43.00555423	11.04791000	-81.77015947	-19.90786208	7.36345667	11.86236919
5.31666667	-7.12990696	43.19425417	10.65347025	-79.37923087	-19.65968612	7.30703136	11.79815675
5.32500000	-6.90492436	42.82886165	10.03723114	-76.66969968	-19.58855944	7.22162916	11.40039286
5.33333333	-6.14267396	41.86329201	8.60175747	-73.89901978	-19.19660775	7.24777343	11.30803809
5.34166667	-6.33521315	41.97544110	8.36100222	-71.12954350	-19.04427908	6.93839311	11.11427017
5.35000000	-5.90027788	41.23370770	7.44885446	-68.08414870	-18.87449040	6.27849478	10.98916557
5.35833333	-6.05212147	41.17992415	7.21761323	-65.12997940	-18.78005505	5.78847514	10.83778303
5.36666667	-5.52782145	40.21635971	6.08438347	-61.88520981	-18.48147294	4.63634783	10.77018159
5.37500000	-5.65643599	40.02475641	5.86828384	-58.79865315	-18.44811549	3.91991029	10.77090389
5.38333333	-5.80063080	39.85867343	5.66784160	-55.74776331	-18.49455138	3.51546553	10.87592618
5.39166667	-5.27296668	38.66876727	4.38252789	-52.31241944	-18.03508958	1.39162222	10.92906428
5.40000000	-5.25777356	38.25680779	3.92089883	-49.18761415	-17.91589943	0.48001092	11.01324468
5.40833333	-4.76187683	37.15932325	2.84879839	-45.93714836	-17.67785158	-0.56992946	11.08711826
5.41666667	-4.48374598	36.33898375	1.91096292	-42.80135733	-17.34426010	-1.73174690	11.19795631
5.42500000	-4.63092888	36.09116578	1.52087873	-39.84060551	-17.16056877	-2.86686485	11.35903648
5.43333333	-4.06881954	34.94573898	0.32532607	-36.82324649	-16.88036223	-3.65871945	11.49074345
5.44166667	-4.29089049	34.79111972	-0.00807882	-34.04590926	-16.66305727	-4.96683418	11.57453132
5.45000000	-3.93331470	33.92906909	-1.10051055	-31.33503910	-16.25567640	-5.28306464	11.57567855
5.45833333	-3.88960596	33.47404368	-1.68122535	-28.81018089	-16.09463710	-5.68262845	11.64217111
5.46666667	-3.70883527	32.86155225	-2.32498730	-26.40525189	-16.07415352	-5.96461121	11.78322849
5.47500000	-3.88330932	32.65437894	-2.53821716	-24.07587904	-16.14917337	-7.15511245	11.88902902
5.48333333	-3.52872211	31.94625021	-3.45178288	-22.24472479	-16.08397978	-6.15784711	11.95943476
5.49166667	-3.58610792	31.75056726	-3.87918936	-20.58479464	-16.08456349	-6.10139633	12.00177296
5.50000000	-3.52344241	31.44397860	-4.38475767	-19.09132710	-16.16616962	-6.09749805	12.05676154
5.50833333	-3.60442246	31.31800760	-4.69625117	-17.78142684	-16.31122242	-6.26221550	12.05246648
5.51666667	-3.79180711	31.31930409	-4.89742519	-16.73289220	-16.47154109	-6.26706281	12.06551531
5.52500000	-3.91139323	31.25327423	-5.09357300	-15.82491337	-16.75232702	-6.34016959	12.03455558
5.53333333	-3.98434115	31.21863197	-5.31756992	-15.43671890	-17.05946190	-5.86346599	12.01966840
5.54166667	-4.06586449	31.12022291	-5.43494916	-14.99509744	-17.53897042	-6.03398888	11.93098011
5.55000000	-4.16550562	31.01915962	-5.52418060	-14.76776390	-18.05453332	-6.37899851	11.80991174
5.55833333	-4.29228342	30.88418786	-5.56316214	-14.64669380	-18.61537871	-6.99758651	11.62765660
5.56666667	-4.44355361	30.84020287	-5.55934079	-14.81857376	-19.20729120	-7.79798543	11.33063124
5.57500000	-4.58472111	30.78451810	-5.48916386	-15.08410152	-19.91596167	-8.52931455	10.92900394
5.58333333	-4.91201394	30.97024103	-5.11651282	-15.47188992	-20.74705695	-9.33957026	10.31505530
5.59166667	-5.41294245	31.38082609	-4.40372147	-15.88568713	-21.81106305	-9.99745596	9.70079199
5.60000000	-5.33529216	31.22478629	-4.27954944	-16.50921619	-22.91726632	-10.10459271	9.09963478
5.60833333	-5.88596243	31.61496943	-3.17584813	-16.78511861	-24.41260141	-10.58651249	7.71599032
5.61666667	-5.83537248	31.48366750	-2.68235683	-17.39527826	-26.02263888	-10.18669473	6.50885033
5.62500000	-6.27746572	31.85477458	-1.42363328	-17.85837779	-27.93878021	-10.50452272	5.00615312
5.63333333	-6.36578947	31.80173851	-0.41634587	-18.36851405	-30.02166798	-10.28892503	3.29275831
5.64166667	-6.20477070	31.48735015	0.28881393	-18.93885288	-32.06020332	-9.71167798	1.34872869
5.65000000	-6.27888429	31.39773605	1.46163202	-19.45408306	-34.27890284	-9.36744124	-0.91364574
5.65833333	-6.14401787	31.00110972	2.49496042	-19.84498947	-36.60769917	-8.64508960	-3.06805894
5.66666667	-6.15496080	30.76276612	3.80281612	-20.21434798	-38.95547293	-8.00738511	-5.38872862
5.67500000	-6.90976629	31.40090009	6.06275189	-20.68483336	-41.38651726	-7.75805079	-7.74883389
5.68333333	-7.23686426	31.46500526	7.89023229	-20.93907969	-43.84860582	-7.27327780	-9.62272306
5.69166667	-7.76153652	31.74368477	9.89770439	-21.22809902	-46.16198908	-6.71795515	-11.36147426
5.70000000	-8.19691776	31.87296369	11.82992955	-21.39283909	-48.43164876	-6.26619948	-12.68506769
5.70833333	-8.15896857	31.39625991	13.25624372	-21.38213269	-50.62305524	-5.59016005	-13.27652867
5.71666667	-9.21300769	32.31916429	16.01599494	-21.70628668	-52.86503654	-5.34582584	-14.33512009
5.72500000	-9.17817407	31.83410402	17.43403935	-21.65166587	-54.80409478	-4.73803823	-14.05923009
5.73333333	-10.04794185	32.49906664	19.96443531	-21.82511345	-56.68263033	-4.52504902	-14.96120166
5.74166667	-10.52029654	32.63319623	21.86622697	-21.86826532	-58.27056761	-4.12159863	-15.17853218
5.75000000	-10.84561332	32.62924189	23.74326798	-21.89254063	-59.80988667	-3.73743943	-15.35658339
5.75833333	-11.06194204	32.41202714	25.32357386	-21.77801545	-61.05604237	-3.33136442	-15.41656267
5.76666667	-11.01597455	31.89118132	26.54204046	-21.63881814	-62.08852820	-2.93714724	-14.89870121
5.77500000	-11.40752260	31.93253727	28.23975398	-21.62459428	-62.92259523	-2.64439272	-15.86071173
5.78333333	-11.34902729	31.36022325	29.27482316	-21.44575276	-63.57535270	-2.25449308	-15.29281189
5.79166667	-11.34215925	30.84262995	30.29371134	-21.28163068	-63.98450055	-1.86855556	-14.81704130
5.80000000	-11.29123948	30.30253631	31.31067505	-21.12037431	-64.28881671	-1.50129125	-14.28914667
5.80833333	-11.25691174	29.76576173	32.24459339	-20.96043518	-64.36675642	-1.14103354	-13.72023859
5.81666667	-11.24599663	29.24803124	33.07731171	-20.82553945	-64.21655491	-0.72527747	-13.00380398
5.82500000	-11.03456052	28.50883325	33.72280587	-20.70240288	-64.00494829	-0.04245216	-11.45547945
5.83333333	-10.85544143	27.78973105	34.41818040	-20.51464564	-63.67053564	0.40591668	-10.00516391
5.84166667	-10.91173779	27.24665556	35.16815233	-20.22527143	-62.99540461	0.75137087	-9.13255820
5.85000000	-10.62133457	26.38380607	35.62412854	-20.01071016	-62.37325833	1.33111897	-7.04027276
5.85833333	-10.32130571	25.44386661	35.96491575	-19.68959686	-61.49820205	1.78299473	-5.53560473