-0.00166667	10.66151204	-8.85845876	-6.16119629	-8.66612704	-13.89963309	14.82523737	19.28696803
0.00666667	10.66038216	-8.85857467	-6.16186833	-8.66615702	-13.89961472	14.82519588	19.28684203
0.01500000	10.66158653	-8.85823377	-6.16089498	-8.66619921	-13.89948495	14.82518222	19.28671775
0.02333333	10.66186448	-8.85808705	-6.16065307	-8.66608372	-13.89958739	14.82515018	19.28661894
0.03166667	10.66545163	-8.85280267	-6.15954218	-8.66190643	-13.90223499	14.82501396	19.28450192
0.04000000	10.66598684	-8.85264910	-6.15878289	-8.66175902	-13.90231049	14.82492477	19.28425553
0.04833333	10.65769345	-8.84557722	-6.16174076	-8.65536561	-13.90884643	14.82413396	19.27965436
0.05666667	10.65743857	-8.84608655	-6.16133385	-8.65550261	-13.90867288	14.82409067	19.27950661
0.06500000	10.65747409	-8.84544576	-6.16135724	-8.65516885	-13.90886914	14.82404492	19.27932055
0.07333333	10.65437892	-8.84100481	-6.15190055	-8.65128268	-13.90924831	14.82153380	19.27474321
0.08166667	10.65415960	-8.84044357	-6.15217967	-8.65108619	-13.90908460	14.82142682	19.27458771
0.09000000	10.66168658	-8.83269817	-6.14758428	-8.64775790	-13.90657716	14.82094110	19.27271471
0.09833333	10.65952022	-8.83377193	-6.14774896	-8.64817809	-13.90670200	14.82084401	19.27245417
0.10666667	10.66143705	-8.82948922	-6.13950982	-8.64548995	-13.90482097	14.81943737	19.26971783
0.11500000	10.65867703	-8.83002175	-6.14059084	-8.64550762	-13.90488383	14.81940520	19.26956360
0.12333333	10.65652874	-8.82570276	-6.13160004	-8.64288908	-13.89687376	14.81755182	19.26542278
0.13166667	10.65695454	-8.82504569	-6.13146415	-8.64271777	-13.89649428	14.81746354	19.26521513
0.14000000	10.65522659	-8.81808029	-6.12572536	-8.64147169	-13.88934911	14.81545432	19.26056927
0.14833333	10.65472523	-8.81840866	-6.12549348	-8.64166472	-13.88859293	14.81538066	19.26040561
0.15666667	10.65162535	-8.81391356	-6.12617124	-8.63377893	-13.90924964	14.81327036	19.25643501
0.16500000	10.65147332	-8.81373932	-6.12631882	-8.63353626	-13.90958314	14.81312444	19.25621173
0.17333333	10.65591913	-8.81177005	-6.11459634	-8.62687150	-13.91648832	14.81098956	19.25312993
0.18166667	10.65597528	-8.81190199	-6.11424222	-8.62667060	-13.91659234	14.81086048	19.25299967
0.19000000	10.65511021	-8.81125683	-6.10439760	-8.61963374	-13.91999849	14.80879211	19.25063419
0.19833333	10.65506909	-8.81142048	-6.10420325	-8.61951795	-13.92030365	14.80868151	19.25048700
0.20666667	10.59554404	-8.78348090	-6.00621889	-8.50506860	-14.03411681	14.73698972	19.14454915
0.21500000	10.59607491	-8.78275220	-6.00678136	-8.50529331	-14.03383873	14.73700622	19.14466671
0.22333333	10.59995277	-8.77689582	-6.00560879	-8.50571086	-14.03258677	14.73641197	19.14601708
0.23166667	10.59928374	-8.77719163	-6.00583462	-8.50626957	-14.03259398	14.73632330	19.14611544
0.24000000	10.60039357	-8.77242327	-6.00192437	-8.50702599	-14.02651290	14.73585109	19.14799736
0.24833333	10.59990408	-8.77258521	-6.00215448	-8.50754050	-14.02611351	14.73582818	19.14812785
0.25666667	10.60192266	-8.76688729	-5.99722963	-8.50765735	-14.01672276	14.73534498	19.15102736
0.26500000	10.60068698	-8.76656175	-5.99860176	-8.50766123	-14.01642833	14.73538346	19.15112732
0.27333333	10.58209434	-8.72505503	-6.01908162	-8.50658040	-13.93981102	14.73409267	19.15654399
0.28166667	10.58229078	-8.72599918	-6.01824877	-8.50650753	-13.94003190	14.73406617	19.15652770
0.29000000	10.58358776	-8.72521946	-6.01235145	-8.49795822	-13.94744796	14.73446463	19.15705929
0.29833333	10.58215330	-8.72715106	-6.01195346	-8.49880895	-13.94747215	14.73423115	19.15713191
0.30666667	10.58441964	-8.72832088	-6.00463650	-8.49928666	-13.94767963	14.73064566	19.15824329
0.31500000	10.58713888	-8.72537399	-6.00529689	-8.49812756	-13.94810517	14.73057387	19.15825402
0.32333333	10.58767099	-8.71662629	-6.00441248	-8.49059661	-13.94885720	14.72964179	19.15868069
0.33166667	10.58612029	-8.71849332	-6.00407806	-8.49138218	-13.94849951	14.72946300	19.15873290
0.34000000	10.55100606	-8.62433871	-6.03299317	-8.51048321	-13.93937646	14.69709936	19.18169048
0.34833333	10.54959315	-8.62586892	-6.03290845	-8.51107614	-13.93946922	14.69698490	19.18164000
0.35666667	10.55199751	-8.62445390	-6.03249767	-8.51044808	-13.93959400	14.69697218	19.18155040
0.36500000	10.55495323	-8.62909119	-6.02406453	-8.51322379	-13.94085484	14.69442525	19.17957544
0.37333333	10.55413119	-8.62936163	-6.02469143	-8.51349643	-13.94113765	14.69433419	19.17949884
0.38166667	10.55596381	-8.62862743	-6.02403571	-8.51371041	-13.94097755	14.69417413	19.17933259
0.39000000	10.55983126	-8.62561560	-6.02016886	-8.51508317	-13.94154656	14.69134582	19.17706145
0.39833333	10.56013908	-8.62559520	-6.02012625	-8.51526310	-13.94154962	14.69124915	19.17700757
0.40666667	10.56046221	-8.62560307	-6.01987624	-8.51539907	-13.94145926	14.69117658	19.17698467
0.41500000	10.56802281	-8.61565571	-6.02211711	-8.53996756	-13.92543288	14.67705997	19.16178813
0.42333333	10.56734596	-8.61614938	-6.02228133	-8.54007166	-13.92573945	14.67700896	19.16172821
0.43166667	10.56854781	-8.61590350	-6.02152490	-8.53984548	-13.92580363	14.67696974	19.16168411
0.44000000	10.56844717	-8.61616195	-6.02135582	-8.53972379	-13.92600085	14.67694738	19.16162197
0.44833333	10.56905771	-8.61593736	-6.02110345	-8.53937028	-13.92623873	14.67693669	19.16154880
0.45666667	10.57529443	-8.61249857	-6.01665850	-8.53202573	-13.93277433	14.67562568	19.16013972
0.46500000	10.57485295	-8.61282352	-6.01675399	-8.53214098	-13.93307613	14.67554959	19.16007575
0.47333333	10.57532979	-8.61282304	-6.01639009	-8.53234508	-13.93300039	14.67545796	19.16004925
0.48166667	10.57529402	-8.61304146	-6.01639462	-8.53241804	-13.93319702	14.67538158	19.15998307
0.49000000	10.57677903	-8.61271698	-6.01551940	-8.53225378	-13.93309448	14.67530613	19.15993593
0.49833333	10.57690541	-8.61320698	-6.01510812	-8.53274274	-13.93317768	14.67524119	19.15989393
0.50666667	10.57812070	-8.61287450	-6.01463312	-8.53263513	-13.93318381	14.67517248	19.15983816
0.51500000	10.57842932	-8.61288725	-6.01464685	-8.53272058	-13.93330192	14.67509524	19.15977575
0.52333333	10.57950095	-8.61210941	-6.01473060	-8.53233131	-13.93348966	14.67503248	19.15968009
0.53166667	10.58015177	-8.61192678	-6.01468638	-8.53250351	-13.93368597	14.67497210	19.15956589
0.54000000	10.58173915	-8.61114421	-6.01441772	-8.53235320	-13.93349420	14.67489371	19.15947464
0.54833333	10.58165613	-8.61119182	-6.01488218	-8.53252345	-13.93368911	14.67480204	19.15935437
0.55666667	10.62822554	-8.64446589	-6.02623659	-8.58416792	-14.00986523	14.60621610	19.07114492
0.56500000	10.62872440	-8.64414590	-6.02603667	-8.58409406	-14.00962213	14.60626155	19.07113368
0.57333333	10.62831661	-8.64410972	-6.02633783	-8.58397798	-14.00950613	14.60631108	19.07112709
0.58166667	10.62864914	-8.64386613	-6.02626945	-8.58390236	-14.00924338	14.60637562	19.07115208
0.59000000	10.62856002	-8.64367835	-6.02661459	-8.58391394	-14.00909947	14.60639424	19.07110336
0.59833333	10.62811033	-8.64145982	-6.03325176	-8.58496508	-14.00318153	14.60620043	19.06989197
0.60666667	10.62851287	-8.64135304	-6.03301617	-8.58468983	-14.00295690	14.60625363	19.06987272
0.61500000	10.62779644	-8.64178712	-6.03321064	-8.58483494	-14.00279355	14.60628831	19.06986313
0.62333333	10.62781183	-8.64192433	-6.03318237	-8.58478629	-14.00248228	14.60630086	19.06983042
0.63166667	10.62802413	-8.64201508	-6.03312707	-8.58492815	-14.00206246	14.60630112	19.06976679
0.64000000	10.63042816	-8.63645622	-6.04251716	-8.57829586	-13.99697911	14.61039718	19.06725263
0.64833333	10.63086324	-8.63629865	-6.04226692	-8.57812756	-13.99675086	14.61048223	19.06719399
0.65666667	10.62843662	-8.63920292	-6.04180226	-8.57921157	-13.99633793	14.61047924	19.06714451
0.66500000	10.63050429	-8.63823165	-6.04125395	-8.57881933	-13.99603411	14.61058788	19.06708891
0.67333333	10.62798568	-8.64043832	-6.04163726	-8.57964030	-13.99590054	14.61055728	19.06698984
0.68166667	10.63155290	-8.64220286	-6.04702046	-8.57823617	-13.99174242	14.61277194	19.06554285
0.69000000	10.63030548	-8.64484061	-6.04582354	-8.57867830	-13.99115476	14.61279030	19.06543754
0.69833333	10.62961201	-8.64613433	-6.04543981	-8.57904039	-13.99098584	14.61277935	19.06536376
0.70666667	10.63151576	-8.64591778	-6.04450530	-8.57882984	-13.99059194	14.61296484	19.06524114
0.71500000	10.62889437	-8.64899569	-6.04439906	-8.57994760	-13.99013562	14.61300226	19.06512041
0.72333333	10.62926448	-8.64959713	-6.04384153	-8.58019411	-13.98979274	14.61302307	19.06507751
0.73166667	10.63452951	-8.66149830	-6.04183568	-8.58057705	-13.98136316	14.61305155	19.06340017
0.74000000	10.63499439	-8.66131675	-6.04177784	-8.58048825	-13.98126050	14.61310385	19.06334068
0.74833333	10.63615821	-8.66005990	-6.04225502	-8.57962801	-13.98146286	14.61321385	19.06326550
0.75666667	10.63942588	-8.65710062	-6.04917979	-8.57188202	-13.98146357	14.61540967	19.06178739
0.76500000	10.63952735	-8.65946522	-6.04776469	-8.57225147	-13.98079536	14.61554943	19.06162432
0.77333333	10.63752367	-8.66388118	-6.04578180	-8.57350797	-13.97998431	14.61556950	19.06145777
0.78166667	10.64357757	-8.67176516	-6.04250596	-8.56945116	-13.97610628	14.61783162	19.06034266
0.79000000	10.64380600	-8.67188853	-6.04244645	-8.56903569	-13.97605504	14.61791452	19.06030793
0.79833333	10.64010168	-8.67558481	-6.04262955	-8.56997461	-13.97578076	14.61787846	19.06017872
0.80666667	10.64137905	-8.67559618	-6.04218241	-8.56933370	-13.97550133	14.61803081	19.06008606
0.81500000	10.63839000	-8.67841668	-6.04262055	-8.56987936	-13.97534938	14.61797552	19.05994324
0.82333333	10.64079707	-8.67735739	-6.04248761	-8.56849021	-13.97500121	14.61815674	19.05973405
0.83166667	10.64497722	-8.69182720	-6.03837662	-8.56352225	-13.96850936	14.61867134	19.05800932
0.84000000	10.64482155	-8.69200551	-6.03867270	-8.56320296	-13.96885589	14.61869894	19.05793973
0.84833333	10.64479724	-8.69209049	-6.03893850	-8.56286514	-13.96886591	14.61872310	19.05787812
0.85666667	10.65307564	-8.72049701	-6.06996599	-8.47667394	-13.97331621	14.63399134	19.04617413
0.86500000	10.64962578	-8.72249986	-6.07094248	-8.47777645	-13.97306610	14.63389502	19.04617412
0.87333333	10.64987206	-8.72264937	-6.07059311	-8.47789978	-13.97262281	14.63382559	19.04615715
0.88166667	10.64871217	-8.72344231	-6.07086218	-8.47840916	-13.97261060	14.63375690	19.04617778
0.89000000	10.64875578	-8.72364193	-6.07070021	-8.47868270	-13.97210489	14.63367122	19.04616119
0.89833333	10.64844691	-8.72483813	-6.06998712	-8.47901649	-13.97121086	14.63348140	19.04620441
0.90666667	10.64972730	-8.72324208	-6.07071278	-8.47886576	-13.97049646	14.63345499	19.04619185
0.91500000	10.64857954	-8.72834441	-6.06892158	-8.48235943	-13.96140581	14.63223681	19.04604809
0.92333333	10.65181647	-8.72648147	-6.06841911	-8.48154438	-13.96051157	14.63229472	19.04603602
0.93166667	10.65081052	-8.72717306	-6.06875549	-8.48161213	-13.96035486	14.63224232	19.04603511
0.94000000	10.65076097	-8.72772330	-6.06840973	-8.48169608	-13.95982034	14.63218083	19.04602461
0.94833333	10.65139277	-8.72805053	-6.06778832	-8.48158215	-13.95956007	14.63215724	19.04604172
0.95666667	10.65023011	-8.72905448	-6.06807001	-8.48178484	-13.95931391	14.63209932	19.04607245
0.96500000	10.65029488	-8.72912653	-6.06812721	-8.48168575	-13.95904072	14.63204829	19.04606341
0.97333333	10.65018121	-8.72947542	-6.06812804	-8.48157259	-13.95874379	14.63199899	19.04607076
0.98166667	10.66107527	-8.73895910	-6.06095973	-8.47871905	-13.94324494	14.62966494	19.04640801
0.99000000	10.65944913	-8.73962153	-6.06205286	-8.47880850	-13.94344577	14.62961732	19.04638750
0.99833333	10.65990253	-8.73948411	-6.06206109	-8.47855632	-13.94326927	14.62955927	19.04634832
1.00666670	10.65837838	-8.73980843	-6.06340556	-8.47842111	-13.94330641	14.62948870	19.04628486
1.01500000	10.65861201	-8.73980161	-6.06339545	-8.47806368	-13.94327286	14.62942030	19.04626279
1.02333330	10.65628341	-8.74079264	-6.06495084	-8.47783529	-13.94332368	14.62931948	19.04623995
1.03166670	10.65663733	-8.74099972	-6.06491911	-8.47679374	-13.94306042	14.62920213	19.04628417
1.04000000	10.64025008	-8.77977434	-6.11966074	-8.39428918	-13.83882563	14.60558698	19.04224027
1.04833330	10.63996646	-8.77984623	-6.11954247	-8.39408985	-13.83886783	14.60553009	19.04220617
1.05666670	10.63948187	-8.77993805	-6.11951074	-8.39375076	-13.83903144	14.60546557	19.04215796
1.06500000	10.64027111	-8.77971364	-6.11882316	-8.39325868	-13.83911868	14.60540136	19.04212488
1.07333330	10.63941135	-8.78018663	-6.11883370	-8.39293885	-13.83940951	14.60534463	19.04208263
1.08166670	10.63814894	-8.78053386	-6.11937070	-8.39270324	-13.83992718	14.60528244	19.04206024
1.09000000	10.63822595	-8.78017201	-6.11949439	-8.39207422	-13.84031577	14.60521842	19.04203438
1.09833330	10.63159026	-8.78359879	-6.11864875	-8.37872813	-13.84977754	14.60175250	19.04348236
1.10666670	10.63077618	-8.78385597	-6.11905838	-8.37866375	-13.84964446	14.60166211	19.04348768
1.11500000	10.63344158	-8.78043063	-6.12010068	-8.37664579	-13.85008942	14.60168926	19.04354498
1.12333330	10.63267589	-8.78086523	-6.12036297	-8.37650584	-13.85014320	14.60161183	19.04356332
1.13166670	10.63438121	-8.77904582	-6.12094460	-8.37535901	-13.85041722	14.60159326	19.04357870
1.14000000	10.63197119	-8.78013472	-6.12233710	-8.37549601	-13.85087434	14.60142207	19.04358779
1.14833330	10.63213915	-8.78009485	-6.12246950	-8.37543272	-13.85094423	14.60135920	19.04358796
1.15666670	10.63227526	-8.77984987	-6.12301664	-8.37519213	-13.85139503	14.60126433	19.04356479
1.16500000	10.62998078	-8.77372531	-6.14260528	-8.36862700	-13.86055948	14.60107765	19.04267935
1.17333330	10.63083584	-8.77466652	-6.14123599	-8.36905195	-13.85998944	14.60105583	19.04268204
1.18166670	10.62658477	-8.79183420	-6.13661106	-8.37780829	-13.85705975	14.59904659	19.04315708
1.19000000	10.62740368	-8.79083536	-6.13749471	-8.37738077	-13.85741183	14.59894018	19.04318287
1.19833330	10.63322107	-8.78135804	-6.15285624	-8.37183510	-13.86306700	14.59845217	19.04357762
1.20666670	10.63279121	-8.78338232	-6.15208956	-8.37254204	-13.86241196	14.59839741	19.04362686
1.21500000	10.58850836	-8.83525583	-6.18393302	-8.23526214	-13.75159862	14.51781630	19.05215304
1.22333330	10.58975904	-8.83407581	-6.18391168	-8.23525995	-13.75157405	14.51782737	19.05207629
1.23166670	10.59026784	-8.83358596	-6.18375451	-8.23520826	-13.75188403	14.51786318	19.05200484
1.24000000	10.58788160	-8.83541578	-6.18411054	-8.23654980	-13.75252131	14.51769577	19.05185418
1.24833330	10.59030636	-8.83331087	-6.18440064	-8.23652947	-13.75323060	14.51772135	19.05175303
1.25666670	10.58789624	-8.82661758	-6.19869941	-8.24420166	-13.76323144	14.51756290	19.05027152
1.26500000	10.58515631	-8.83037213	-6.19764339	-8.24688017	-13.76323678	14.51732684	19.05023784
1.27333330	10.58552991	-8.83062333	-6.19734620	-8.24759657	-13.76321316	14.51722606	19.05019634
1.28166670	10.58742922	-8.82887973	-6.19743097	-8.24794061	-13.76346421	14.51724349	19.05012231
1.29000000	10.58508696	-8.82272483	-6.20803676	-8.25814211	-13.77285723	14.51802906	19.04884234
1.29833330	10.58519721	-8.82297126	-6.20800400	-8.25874224	-13.77334096	14.51797971	19.04877009
1.30666670	10.58558596	-8.82322668	-6.20744853	-8.25929403	-13.77325889	14.51797805	19.04878021
1.31500000	10.58601020	-8.82372922	-6.21061860	-8.26876323	-13.77992753	14.51767602	19.04834436
1.32333330	10.58616051	-8.82288498	-6.21110138	-8.26881510	-13.78079750	14.51768669	19.04831607
1.33166670	10.58631290	-8.82249430	-6.21150287	-8.26906015	-13.78115314	14.51767551	19.04829532
1.34000000	10.58435093	-8.81799890	-6.22266499	-8.27885702	-13.79166752	14.51758763	19.04817483
1.34833330	10.58455657	-8.81775313	-6.22251656	-8.27909840	-13.79207452	14.51754234	19.04820246
1.35666670	10.58505904	-8.81765893	-6.22225428	-8.27930021	-13.79222465	14.51752321	19.04820103
1.36500000	10.58557231	-8.81320370	-6.22753769	-8.28738967	-13.79996839	14.51648490	19.04757301
1.37333330	10.58485866	-8.81345406	-6.22776816	-8.28751383	-13.80013674	14.51646930	19.04757613
1.38166670	10.58357922	-8.79192638	-6.20282787	-8.31588480	-13.83977146	14.50891337	19.05163267
1.39000000	10.58335199	-8.79213346	-6.20283750	-8.31613564	-13.83973776	14.50888909	19.05161179
1.39833330	10.58138841	-8.78481180	-6.20963278	-8.32098659	-13.83655561	14.50756212	19.05069355
1.40666670	10.58220896	-8.78487948	-6.20862207	-8.32117474	-13.83578372	14.50751463	19.05066592
1.41500000	10.57910126	-8.77784567	-6.21014194	-8.31990747	-13.83043071	14.50725401	19.05007175
1.42333330	10.57713350	-8.77951437	-6.20984161	-8.32064151	-13.83008147	14.50716235	19.05005017
1.43166670	10.57567857	-8.76908356	-6.21108959	-8.31637362	-13.82151800	14.50590647	19.04898208
1.44000000	10.57526359	-8.76952182	-6.21066018	-8.31648514	-13.82137452	14.50590356	19.04896311
1.44833330	10.56437381	-8.76018020	-6.20704595	-8.30797154	-13.81351026	14.50422403	19.04712071
1.45666670	10.56956982	-8.75849778	-6.20140265	-8.30687833	-13.80995634	14.50398050	19.04675388
1.46500000	10.56902739	-8.75804858	-6.20144543	-8.30674581	-13.80965542	14.50391003	19.04670349
1.47333330	10.56238369	-8.74914816	-6.19871774	-8.30450490	-13.80039832	14.50333441	19.04562797
1.48166670	10.56212244	-8.74905276	-6.19856995	-8.30425937	-13.80032493	14.50331707	19.04562735
1.49000000	10.56738378	-8.74214588	-6.19296380	-8.30146253	-13.79391833	14.50313323	19.04504674
1.49833330	10.56313197	-8.74472669	-6.19355152	-8.30249674	-13.79401315	14.50292647	19.04493556
1.50666670	10.56507173	-8.74261549	-6.19300075	-8.30171286	-13.79341613	14.50287452	19.04479738
1.51500000	10.55433473	-8.73317321	-6.19030835	-8.29754169	-13.78489725	14.50114264	19.04187914
1.52333330	10.55409713	-8.73297989	-6.19026535	-8.29751617	-13.78471482	14.50112774	19.04182700
1.53166670	10.55652953	-8.73174337	-6.18839939	-8.29695700	-13.78387627	14.50108093	19.04171513
1.54000000	10.56179490	-8.72306780	-6.18060363	-8.29379331	-13.77608983	14.50026827	19.04025166
1.54833330	10.56007479	-8.72348404	-6.18078934	-8.29385081	-13.77621410	14.50027187	19.04010412
1.55666670	10.55968815	-8.72328462	-6.18023517	-8.29365567	-13.77592588	14.50022437	19.03997924
1.56500000	10.55939534	-8.72310402	-6.18004017	-8.29359278	-13.77555495	14.50020697	19.03989921
1.57333330	10.55256125	-8.71048406	-6.16278734	-8.28646105	-13.75685510	14.49920036	19.03637329
1.58166670	10.55000607	-8.71245836	-6.16189144	-8.28722431	-13.75617539	14.49904578	19.03623627
1.59000000	10.54978110	-8.71276593	-6.16111826	-8.28731098	-13.75564713	14.49896641	19.03613059
1.59833330	10.54985937	-8.71281247	-6.15970055	-8.28716453	-13.75474769	14.49881483	19.03600166
1.60666670	10.54923427	-8.71290892	-6.15842491	-8.28753902	-13.75340108	14.49866180	19.03580293
1.61500000	10.55087760	-8.71141742	-6.15623976	-8.28690647	-13.75157589	14.49844502	19.03547150
1.62333330	10.55002757	-8.69137846	-6.13015746	-8.27386462	-13.72823644	14.49799620	19.02960618
1.63166670	10.54601333	-8.69398974	-6.13000774	-8.27464177	-13.72785924	14.49784495	19.02938272
1.64000000	10.54515007	-8.69445304	-6.12956711	-8.27459637	-13.72748167	14.49776849	19.02922770
1.64833330	10.54417712	-8.69493852	-6.12909024	-8.27469550	-13.72714653	14.49770064	19.02909738
1.65666670	10.54343456	-8.69490543	-6.12883700	-8.27469251	-13.72654430	14.49764435	19.02895924
1.66500000	10.54297776	-8.69498356	-6.12816846	-8.27455131	-13.72600891	14.49760544	19.02884370
1.67333330	10.54187966	-8.69504271	-6.12802357	-8.27451017	-13.72547883	14.49754144	19.02870488
1.68166670	10.53703517	-8.69077520	-6.11031164	-8.27180774	-13.71221905	14.49593205	19.02574089
1.69000000	10.53694474	-8.69026630	-6.11004374	-8.27170798	-13.71225736	14.49587802	19.02558370
1.69833330	10.53693197	-8.68981834	-6.10961915	-8.27162038	-13.71221753	14.49580210	19.02543768
1.70666670	10.53666829	-8.68931496	-6.10944675	-8.27142289	-13.71194641	14.49575218	19.02527013
1.71500000	10.53238645	-8.67407113	-6.08045208	-8.26566186	-13.70132457	14.49231341	19.01703430
1.72333330	10.53203479	-8.67389718	-6.08034738	-8.26567564	-13.70141290	14.49223094	19.01684122
1.73166670	10.53062386	-8.67370934	-6.08099445	-8.26564873	-13.70144099	14.49218141	19.01666257
1.74000000	10.52987396	-8.67348245	-6.08096781	-8.26559100	-13.70128096	14.49211867	19.01653385
1.74833330	10.53001696	-8.67305623	-6.08032792	-8.26540580	-13.70098202	14.49204078	19.01636054
1.75666670	10.52866339	-8.67340871	-6.08016402	-8.26556885	-13.70081690	14.49196800	19.01619623
1.76500000	10.47260672	-8.59869659	-6.02838817	-8.23487321	-13.66839833	14.47503355	18.97675532
1.77333330	10.47151169	-8.59867716	-6.02902925	-8.23478851	-13.66862582	14.47494353	18.97663743
1.78166670	10.47208587	-8.59844229	-6.02853631	-8.23476305	-13.66850485	14.47485344	18.97649456
1.79000000	10.47162692	-8.59869147	-6.02843145	-8.23467864	-13.66859069	14.47477217	18.97635328
1.79833330	10.47087257	-8.59858512	-6.02876967	-8.23467843	-13.66860239	14.47467827	18.97622919
1.80666670	10.47176133	-8.59843564	-6.02780450	-8.23465556	-13.66846426	14.47457673	18.97610247
1.81500000	10.47143162	-8.59873936	-6.02744204	-8.23467182	-13.66854029	14.47450568	18.97599688
1.82333330	10.47123454	-8.59890149	-6.02713761	-8.23470142	-13.66848098	14.47441240	18.97584782
1.83166670	10.47118718	-8.59886971	-6.02686303	-8.23472453	-13.66862095	14.47431606	18.97569520
1.84000000	10.47028830	-8.59915765	-6.02701817	-8.23489020	-13.66876626	14.47424680	18.97554070
1.84833330	10.47097147	-8.59893704	-6.02640528	-8.23475781	-13.66883390	14.47419154	18.97538531
1.85666670	10.47104315	-8.59896628	-6.02607623	-8.23486846	-13.66894151	14.47410782	18.97523908
1.86500000	10.47173726	-8.59906860	-6.02524893	-8.23504125	-13.66891201	14.47403530	18.97507798
1.87333330	10.47228345	-8.59936406	-6.02440264	-8.23531023	-13.66897733	14.47397260	18.97491362
1.88166670	10.47223646	-8.59943169	-6.02435671	-8.23550984	-13.66911641	14.47388942	18.97478572
1.89000000	10.47347381	-8.59923595	-6.02353529	-8.23574566	-13.66934037	14.47380066	18.97465870
1.89833330	10.49133751	-8.60005250	-6.01152559	-8.24484720	-13.67823749	14.47108340	18.96946938
1.90666670	10.49234670	-8.59964034	-6.01126088	-8.24507809	-13.67840593	14.47100736	18.96929393
1.91500000	10.49284608	-8.59916718	-6.01143241	-8.24495205	-13.67900938	14.47092931	18.96913190
1.92333330	10.49609968	-8.59815498	-6.01032306	-8.24507902	-13.67975652	14.47081789	18.96888407
1.93166670	10.49615973	-8.59813570	-6.01068218	-8.24534720	-13.68035274	14.47071188	18.96873752
1.94000000	10.58913407	-8.57881638	-6.00422450	-8.40448503	-13.90006415	14.44378707	18.90871295
1.94833330	10.58825678	-8.57919422	-6.00448862	-8.40469275	-13.90032557	14.44374570	18.90874541
1.95666670	10.58861606	-8.57888176	-6.00425174	-8.40473265	-13.90009395	14.44371136	18.90880220
1.96500000	10.58855715	-8.57887449	-6.00425352	-8.40488709	-13.90003501	14.44367023	18.90885355
1.97333330	10.58900372	-8.57841342	-6.00419208	-8.40485982	-13.89970453	14.44363732	18.90888453
1.98166670	10.59261519	-8.57434364	-6.00088551	-8.40825031	-13.89109973	14.44223281	18.90899808
1.99000000	10.59119924	-8.57486272	-6.00121416	-8.40856673	-13.89110945	14.44218841	18.90904812
1.99833330	10.59096418	-8.57496586	-6.00109340	-8.40875494	-13.89073949	14.44215247	18.90905622
2.00666670	10.58977756	-8.57525755	-6.00156428	-8.40886879	-13.89054482	14.44211250	18.90905792
2.01500000	10.59039076	-8.57169824	-5.99364268	-8.41030931	-13.87749836	14.43905262	18.91122215
2.02333330	10.59037568	-8.57180772	-5.99313951	-8.41011751	-13.87726191	14.43902589	18.91124030
2.03166670	10.58962344	-8.57173989	-5.99349999	-8.40992763	-13.87727713	14.43896837	18.91123635
2.04000000	10.59012897	-8.57102244	-5.99331645	-8.40944895	-13.87706228	14.43894677	18.91125774
2.04833330	10.57920166	-8.56963545	-5.93983894	-8.38982358	-13.86354010	14.43072208	18.90645235
2.05666670	10.57933026	-8.56930136	-5.94012291	-8.38988973	-13.86352942	14.43065116	18.90639236
2.06500000	10.57907622	-8.56928300	-5.94039401	-8.38984373	-13.86361641	14.43059092	18.90631345
2.07333330	10.58759363	-8.56397071	-5.93910559	-8.38679117	-13.86108113	14.43033008	18.90518180
2.08166670	10.58745681	-8.56485975	-5.93847814	-8.38734511	-13.86105452	14.43028606	18.90511190
2.09000000	10.58689492	-8.56569084	-5.93818676	-8.38780813	-13.86121726	14.43021885	18.90504390
2.09833330	10.58727730	-8.56589270	-5.93761566	-8.38803020	-13.86125651	14.43017819	18.90498109
2.10666670	10.59664510	-8.56893826	-5.92622198	-8.39012270	-13.86313573	14.42802268	18.90250887
2.11500000	10.59575923	-8.56928921	-5.92658048	-8.39020297	-13.86347694	14.42800638	18.90243869
2.12333330	10.59566921	-8.56933448	-5.92652197	-8.39004085	-13.86372931	14.42796990	18.90234631
2.13166670	10.59581762	-8.56930530	-5.92629552	-8.38975698	-13.86386314	14.42794843	18.90226560
2.14000000	10.60235697	-8.57203665	-5.91206227	-8.38249581	-13.87282352	14.42676268	18.89728933
2.14833330	10.60235230	-8.57207542	-5.91184480	-8.38231133	-13.87329385	14.42672905	18.89718678
2.15666670	10.60155743	-8.57236452	-5.91199333	-8.38233362	-13.87386154	14.42666586	18.89707571
2.16500000	10.60117657	-8.57227432	-5.91214253	-8.38202789	-13.87441759	14.42662750	18.89699845
2.17333330	10.60070370	-8.57221514	-5.91229311	-8.38171115	-13.87482867	14.42657349	18.89690697
2.18166670	10.59987249	-8.58188980	-5.86471521	-8.33758713	-13.93270637	14.41611950	18.87818690
2.19000000	10.59915714	-8.58199109	-5.86517745	-8.33791846	-13.93272884	14.41601115	18.87815980
2.19833330	10.59966233	-8.58173955	-5.86488598	-8.33780896	-13.93263536	14.41590979	18.87811163
2.20666670	10.59919831	-8.58202423	-5.86486506	-8.33801419	-13.93256930	14.41582009	18.87809514
2.21500000	10.59944718	-8.58196544	-5.86458379	-8.33801770	-13.93246220	14.41575580	18.87803941
2.22333330	10.60838712	-8.58331805	-5.85282330	-8.33892635	-13.92759537	14.41345836	18.87762918
2.23166670	10.60776738	-8.58363573	-5.85317633	-8.33916308	-13.92749095	14.41333627	18.87758233
2.24000000	10.60726101	-8.58347974	-5.85361914	-8.33907441	-13.92758572	14.41324375	18.87754265
2.24833330	10.60796842	-8.58302418	-5.85330634	-8.33898381	-13.92756383	14.41314556	18.87749213
2.25666670	10.60780362	-8.58297271	-5.85335152	-8.33867786	-13.92765750	14.41309330	18.87742067
2.26500000	10.61857792	-8.58349627	-5.84020511	-8.33478375	-13.92786458	14.41005672	18.87573575
2.27333330	10.61803068	-8.58356727	-5.84050910	-8.33467012	-13.92793558	14.40991838	18.87559501
2.28166670	10.61843791	-8.58346946	-5.84019874	-8.33438427	-13.92815079	14.40982761	18.87551104
2.29000000	10.61739039	-8.58298752	-5.84138223	-8.33343965	-13.92903868	14.40959530	18.87535038
2.29833330	10.61979272	-8.58197478	-5.84013305	-8.33269256	-13.92917101	14.40937780	18.87518352
2.30666670	10.64495147	-8.59423252	-5.82145614	-8.32556074	-14.01586825	14.38509359	18.85617220
2.31500000	10.64464084	-8.59405338	-5.82205825	-8.32589079	-14.01561816	14.38495892	18.85614746
2.32333330	10.64527518	-8.59352699	-5.82201945	-8.32588552	-14.01547729	14.38484696	18.85615340
2.33166670	10.64620128	-8.59309553	-5.82162006	-8.32592194	-14.01506695	14.38472917	18.85617426
2.34000000	10.65699949	-8.59309411	-5.81279935	-8.33451404	-14.00951746	14.38023556	18.85601376
2.34833330	10.65653014	-8.59321433	-5.81314993	-8.33475276	-14.00969339	14.38014464	18.85594405
2.35666670	10.65662807	-8.59316685	-5.81301766	-8.33489603	-14.00978326	14.38002577	18.85592919
2.36500000	10.65572939	-8.59369653	-5.81319615	-8.33519057	-14.00996641	14.37991113	18.85592130
2.37333330	10.66179559	-8.59080322	-5.80796967	-8.33593079	-14.00709454	14.37655116	18.85443540
2.38166670	10.66239701	-8.59071022	-5.80740043	-8.33613872	-14.00688009	14.37642412	18.85436841
2.39000000	10.66193208	-8.59119539	-5.80718290	-8.33630541	-14.00695838	14.37630506	18.85433126
2.39833330	10.66237429	-8.59144742	-5.80631878	-8.33648654	-14.00687103	14.37618471	18.85429760
2.40666670	10.67111252	-8.59375613	-5.78971635	-8.33758314	-14.00349909	14.37283174	18.85345927
2.41500000	10.67049973	-8.59360533	-5.79030585	-8.33721070	-14.00397107	14.37275135	18.85337904
2.42333330	10.67055519	-8.59309767	-5.79054888	-8.33684920	-14.00401206	14.37264643	18.85330893
2.43166670	10.66993551	-8.59323916	-5.79063690	-8.33672676	-14.00420015	14.37255875	18.85326313
2.44000000	10.66963419	-8.59303664	-5.79079457	-8.33652297	-14.00419817	14.37247219	18.85319318
2.44833330	10.67516173	-8.58661410	-5.78156399	-8.33157544	-14.00191802	14.36788899	18.85272798
2.45666670	10.67623635	-8.58666161	-5.78037283	-8.33188856	-14.00158990	14.36776208	18.85268548
2.46500000	10.67528023	-8.58713820	-5.78051381	-8.33193549	-14.00192012	14.36768413	18.85259811
2.47333330	10.67517998	-8.58741098	-5.78006689	-8.33202540	-14.00187845	14.36758289	18.85256922
2.48166670	10.67550436	-8.58723601	-5.77965907	-8.33185392	-14.00191072	14.36746438	18.85252907
2.49000000	10.67509188	-8.58748759	-5.77942525	-8.33176900	-14.00192879	14.36737557	18.85248747
2.49833330	10.67531518	-8.58719939	-5.77922134	-8.33138526	-14.00202700	14.36728951	18.85241885
2.50666670	10.67577241	-8.58709500	-5.77858408	-8.33128286	-14.00194775	14.36717238	18.85239595
2.51500000	10.67909514	-8.54037513	-5.76331597	-8.34434306	-14.05166250	14.33309662	18.82915224
2.52333330	10.68052020	-8.54017992	-5.76235662	-8.34463907	-14.05127591	14.33297929	18.82916933
2.53166670	10.67942850	-8.54073997	-5.76268412	-8.34594738	-14.05089511	14.33278654	18.82916318
2.54000000	10.68071316	-8.54053150	-5.76171076	-8.34621127	-14.05041834	14.33264329	18.82916490
2.54833330	10.68013594	-8.54099430	-5.76169273	-8.34690148	-14.05019631	14.33251218	18.82912560
2.55666670	10.68030585	-8.54109676	-5.76132227	-8.34737136	-14.05002598	14.33238699	18.82912097
2.56500000	10.67993526	-8.54105538	-5.76151830	-8.34773370	-14.04977926	14.33225247	18.82911379
2.57333330	10.68095469	-8.54069799	-5.76079479	-8.34792101	-14.04942062	14.33212870	18.82911175
2.58166670	10.68132640	-8.54066993	-5.76027402	-8.34827755	-14.04902808	14.33200254	18.82913076
2.59000000	10.68135069	-8.54072374	-5.75992368	-8.34874539	-14.04865228	14.33189995	18.82914192
2.59833330	10.68168308	-8.54060347	-5.75947226	-8.34916225	-14.04822771	14.33176710	18.82917396
2.60666670	10.68237253	-8.54009635	-5.75911124	-8.34908321	-14.04787841	14.33166915	18.82918902
2.61500000	10.68264530	-8.53966189	-5.75896052	-8.34921721	-14.04749900	14.33155394	18.82921932
2.62333330	10.68298801	-8.53926749	-5.75875177	-8.34949646	-14.04724798	14.33141763	18.82921255
2.63166670	10.68330317	-8.53894340	-5.75840708	-8.34964737	-14.04693717	14.33129745	18.82921230
2.64000000	10.68371991	-8.53857874	-5.75804520	-8.34992918	-14.04647117	14.33118089	18.82921717
2.64833330	10.68413757	-8.53817580	-5.75778086	-8.35000766	-14.04599848	14.33105616	18.82923561
2.65666670	10.68407481	-8.53788543	-5.75779874	-8.35050216	-14.04562248	14.33093992	18.82922410
2.66500000	10.68516805	-8.53724854	-5.75718525	-8.35046976	-14.04525927	14.33081000	18.82922407
2.67333330	10.68449166	-8.53729094	-5.75745572	-8.35102361	-14.04498481	14.33069668	18.82919733
2.68166670	10.68500293	-8.53721829	-5.75686001	-8.35150885	-14.04454675	14.33057006	18.82920045
2.69000000	10.68527873	-8.53681052	-5.75687656	-8.35155433	-14.04420091	14.33046963	18.82916700
2.69833330	10.68599703	-8.53655086	-5.75641707	-8.35201986	-14.04380908	14.33035955	18.82913443
2.70666670	10.68578502	-8.53673314	-5.75632655	-8.35248202	-14.04358505	14.33026613	18.82907945
2.71500000	10.68615969	-8.53658006	-5.75609667	-8.35289980	-14.04335046	14.33012802	18.82907433
2.72333330	10.68645384	-8.53637278	-5.75602173	-8.35318101	-14.04313938	14.32999087	18.82906727
2.73166670	10.68603212	-8.53675318	-5.75597579	-8.35372748	-14.04293999	14.32988183	18.82902915
2.74000000	10.67582160	-8.53850744	-5.76411041	-8.36799809	-14.04069973	14.32561162	18.82820658
2.74833330	10.67716792	-8.53829412	-5.76348687	-8.36779923	-14.04006224	14.32548817	18.82821452
2.75666670	10.67735377	-8.53807381	-5.76354760	-8.36785904	-14.03986815	14.32537634	18.82823082
2.76500000	10.67724301	-8.53810326	-5.76376135	-8.36794036	-14.03962600	14.32527925	18.82819142
2.77333330	10.67694263	-8.53837840	-5.76385901	-8.36801564	-14.03952479	14.32517802	18.82819675
2.78166670	10.67606315	-8.53922670	-5.76401545	-8.36862018	-14.03933280	14.32507900	18.82814422
2.79000000	10.67556314	-8.53984099	-5.76402927	-8.36905437	-14.03932165	14.32499757	18.82813283
2.79833330	10.67282321	-8.54679200	-5.77816377	-8.37904605	-14.03494046	14.31931372	18.82647689
2.80666670	10.67404208	-8.54642151	-5.77777150	-8.37926081	-14.03470036	14.31920302	18.82646470
2.81500000	10.67327029	-8.54707855	-5.77802856	-8.37962415	-14.03484801	14.31909845	18.82648923
2.82333330	10.67281559	-8.54763388	-5.77825125	-8.38010275	-14.03487325	14.31901533	18.82649449
2.83166670	10.67252485	-8.54793628	-5.77863290	-8.38054128	-14.03499429	14.31891245	18.82645710
2.84000000	10.67215283	-8.54830471	-5.77892728	-8.38094880	-14.03527046	14.31883731	18.82641757
2.84833330	10.67167917	-8.54896162	-5.77918634	-8.38140915	-14.03538499	14.31872132	18.82639928
2.85666670	10.67084289	-8.54945545	-5.77992053	-8.38173658	-14.03549138	14.31864790	18.82638868
2.86500000	10.66648708	-8.55284369	-5.78899426	-8.38423774	-14.03496888	14.31704213	18.82647810
2.87333330	10.66815410	-8.55318262	-5.78800465	-8.38460561	-14.03453799	14.31697822	18.82646647
2.88166670	10.66906718	-8.55361002	-5.78744812	-8.38492063	-14.03436660	14.31690818	18.82650708
2.89000000	10.66943758	-8.55417560	-5.78721384	-8.38547614	-14.03420094	14.31685225	18.82654470
2.89833330	10.66973310	-8.55462518	-5.78720403	-8.38574836	-14.03405559	14.31678752	18.82653921
2.90666670	10.66960994	-8.55508813	-5.78750447	-8.38597748	-14.03411067	14.31671418	18.82657807
2.91500000	10.66885313	-8.55650171	-5.78874089	-8.38729254	-14.03405115	14.31655264	18.82658859
2.92333330	10.66680584	-8.55771366	-5.79110132	-8.38810708	-14.03440066	14.31629751	18.82655629
2.93166670	10.66755568	-8.55785625	-5.79104823	-8.38844886	-14.03407091	14.31622407	18.82657706
2.94000000	10.66625640	-8.55935381	-5.79235448	-8.38903091	-14.03420444	14.31606002	18.82652467
2.94833330	10.66711317	-8.55969461	-5.79207277	-8.38933682	-14.03404723	14.31597885	18.82653305
2.95666670	10.66621744	-8.56057125	-5.79276423	-8.38970750	-14.03411994	14.31593183	18.82654565
2.96500000	10.66664702	-8.56212995	-5.79263295	-8.39045338	-14.03409935	14.31581552	18.82656714
2.97333330	10.66610166	-8.56310476	-5.79301340	-8.39115453	-14.03408206	14.31575198	18.82657213
2.98166670	10.68685575	-8.58395565	-5.80012001	-8.39805611	-14.03146483	14.31314274	18.82632374
2.99000000	10.68811612	-8.58393425	-5.79991439	-8.39793493	-14.03154110	14.31309975	18.82629656
2.99833330	10.68720062	-8.58467549	-5.80084982	-8.39821003	-14.03183447	14.31307592	18.82627936
3.00666670	10.68674757	-8.58492324	-5.80174890	-8.39834620	-14.03209869	14.31304024	18.82630466
3.01500000	10.68646710	-8.58538354	-5.80233173	-8.39861942	-14.03222597	14.31301764	18.82631672
3.02333330	10.68605618	-8.58563030	-5.80318451	-8.39883454	-14.03233862	14.31297717	18.82630975
3.03166670	10.68550618	-8.58580456	-5.80417765	-8.39878996	-14.03266808	14.31295958	18.82629562
3.04000000	10.68304760	-8.58678609	-5.80705718	-8.39914945	-14.03302613	14.31287481	18.82630545
3.04833330	10.68485650	-8.58679510	-5.80667610	-8.39878807	-14.03274296	14.31287433	18.82629512
3.05666670	10.68471516	-8.58737364	-5.80683071	-8.39908680	-14.03259204	14.31285369	18.82631211
3.06500000	10.68526362	-8.58763024	-5.80740093	-8.39868433	-14.03250493	14.31290081	18.82637743
3.07333330	10.69526859	-8.59918008	-5.80583528	-8.39742715	-14.02688621	14.31256996	18.82627908
3.08166670	10.69522128	-8.59945297	-5.80628967	-8.39729042	-14.02692646	14.31256610	18.82623355
3.09000000	10.69464427	-8.59988339	-5.80683661	-8.39714859	-14.02711663	14.31256845	18.82623798
3.09833330	10.69474878	-8.60003051	-5.80713076	-8.39702656	-14.02706709	14.31258732	18.82623639
3.10666670	10.69419643	-8.60050231	-5.80755554	-8.39704851	-14.02727902	14.31257185	18.82624122
3.11500000	10.69439992	-8.60058554	-5.80770411	-8.39690389	-14.02726380	14.31258178	18.82622141
3.12333330	10.69344816	-8.60125697	-5.80826355	-8.39707104	-14.02743295	14.31259559	18.82621424
3.13166670	10.69360202	-8.60154355	-5.80820503	-8.39679891	-14.02732465	14.31266949	18.82620749
3.14000000	10.69285130	-8.60231921	-5.80842606	-8.39692198	-14.02736028	14.31269834	18.82620478
3.14833330	10.69273398	-8.60266510	-5.80857083	-8.39681540	-14.02732579	14.31271464	18.82621078
3.15666670	10.69210267	-8.60329941	-5.80882698	-8.39695353	-14.02729324	14.31272665	18.82618827
3.16500000	10.70409527	-8.61962808	-5.80364549	-8.39567913	-14.02422596	14.31447515	18.82691583
3.17333330	10.70402401	-8.61969653	-5.80402923	-8.39533547	-14.02435367	14.31450753	18.82690870
3.18166670	10.70388579	-8.61978983	-5.80450236	-8.39506778	-14.02452247	14.31456749	18.82690793
3.19000000	10.70245598	-8.62010187	-5.80585299	-8.39506374	-14.02474853	14.31459775	18.82689148
3.19833330	10.70279583	-8.61981223	-5.80627315	-8.39447114	-14.02505284	14.31466243	18.82691619
3.20666670	10.70263433	-8.62012618	-5.80663868	-8.39444810	-14.02508019	14.31469619	18.82693420
3.21500000	10.70178118	-8.62067793	-5.80745675	-8.39456744	-14.02546733	14.31472593	18.82695354
3.22333330	10.70115346	-8.62108881	-5.80826661	-8.39471856	-14.02568968	14.31475636	18.82697983
3.23166670	10.70046677	-8.62135747	-5.80915928	-8.39466431	-14.02605300	14.31480195	18.82698044
3.24000000	10.69990107	-8.62202131	-5.81045761	-8.39432260	-14.02657830	14.31487895	18.82704802
3.24833330	10.69819403	-8.62286060	-5.81259027	-8.39448745	-14.02700462	14.31496257	18.82710772
3.25666670	10.69915782	-8.62303051	-5.81233204	-8.39427586	-14.02701308	14.31499626	18.82714211
3.26500000	10.69820331	-8.62379054	-5.81327154	-8.39464723	-14.02717835	14.31502075	18.82715561
3.27333330	10.69824070	-8.62485621	-5.81401112	-8.39501482	-14.02787307	14.31508292	18.82725875
3.28166670	10.69719807	-8.62567146	-5.81512205	-8.39537518	-14.02821504	14.31510071	18.82731510
3.29000000	10.69520949	-8.64021696	-5.83753202	-8.40047938	-14.03408137	14.31597087	18.82937649
3.29833330	10.69548347	-8.64009223	-5.83821253	-8.40009707	-14.03435965	14.31603136	18.82945177
3.30666670	10.69708898	-8.64002017	-5.83772597	-8.40009467	-14.03404978	14.31608225	18.82951218
3.31500000	10.69625366	-8.64065927	-5.83868995	-8.40032484	-14.03440712	14.31611321	18.82957595
3.32333330	10.69743196	-8.64188526	-5.83827015	-8.40066591	-14.03475066	14.31614280	18.82971794
3.33166670	10.69371874	-8.65732912	-5.86724915	-8.40413142	-14.04192041	14.31767187	18.83438512
3.34000000	10.69573140	-8.65735491	-5.86634547	-8.40412383	-14.04154547	14.31770880	18.83449240
3.34833330	10.69464535	-8.65845785	-5.86705804	-8.40451637	-14.04159058	14.31774782	18.83460396
3.35666670	10.69523558	-8.65878811	-5.86709743	-8.40466282	-14.04164839	14.31777400	18.83470266
3.36500000	10.69616339	-8.66075458	-5.86660160	-8.40547895	-14.04189232	14.31785135	18.83482393
3.37333330	10.76677889	-8.78849686	-5.96138205	-8.39996709	-14.04445942	14.32876116	18.87298649
3.38166670	10.76738266	-8.78758665	-5.96154356	-8.39914133	-14.04403315	14.32883213	18.87308444
3.39000000	10.76782372	-8.78729320	-5.96145878	-8.39862216	-14.04389246	14.32890027	18.87317197
3.39833330	10.76630163	-8.78776188	-5.96233539	-8.39854902	-14.04417272	14.32892728	18.87325356
3.40666670	10.76549194	-8.78778316	-5.96325391	-8.39790071	-14.04451481	14.32908416	18.87345839
3.41500000	10.76401973	-8.78817272	-5.96433602	-8.39787498	-14.04478218	14.32911012	18.87355262
3.42333330	10.75095859	-8.79045614	-5.98201688	-8.39499996	-14.04828469	14.32976371	18.87640521
3.43166670	10.75023237	-8.79105929	-5.98222339	-8.39519284	-14.04818533	14.32977700	18.87653413
3.44000000	10.75155719	-8.79090465	-5.98149860	-8.39516124	-14.04792249	14.32978094	18.87663892
3.44833330	10.75004266	-8.79157733	-5.98243443	-8.39551896	-14.04809983	14.32977494	18.87671252
3.45666670	10.74915423	-8.79234067	-5.98333763	-8.39579200	-14.04854416	14.32976924	18.87695036
3.46500000	10.74893598	-8.79285199	-5.98340213	-8.39601137	-14.04865024	14.32980253	18.87705194
3.47333330	10.73886712	-8.80114620	-5.99873086	-8.39894335	-14.05275919	14.33016997	18.88020819
3.48166670	10.73906688	-8.80100359	-5.99893937	-8.39888499	-14.05257974	14.33015631	18.88036043
3.49000000	10.73906442	-8.80084555	-5.99937910	-8.39883220	-14.05241849	14.33016122	18.88052457
3.49833330	10.73981160	-8.80095727	-5.99896432	-8.39878671	-14.05227273	14.33017870	18.88066073
3.50666670	10.73805375	-8.80210078	-5.99975807	-8.39931141	-14.05240328	14.33020096	18.88081853
3.51500000	10.73708587	-8.80270463	-6.00070131	-8.39945100	-14.05260407	14.33020098	18.88105769
3.52333330	10.73563106	-8.80354380	-6.00155872	-8.39985118	-14.05286715	14.33020302	18.88115952
3.53166670	10.73712823	-8.80170288	-6.00259232	-8.39877242	-14.05320902	14.33038758	18.88135086
3.54000000	10.73257041	-8.80453045	-6.00473803	-8.39967206	-14.05375776	14.33041673	18.88163646
3.54833330	10.73264726	-8.80494550	-6.00464645	-8.39967331	-14.05368888	14.33046663	18.88175627
3.55666670	10.73162588	-8.80588136	-6.00505718	-8.39986912	-14.05397144	14.33050958	18.88186883
3.56500000	10.73092315	-8.80650061	-6.00543607	-8.39993884	-14.05424500	14.33054503	18.88197866
3.57333330	10.72959851	-8.80758642	-6.00589956	-8.40023150	-14.05444553	14.33057878	18.88208744
3.58166670	10.72898264	-8.80820296	-6.00619752	-8.40023665	-14.05454617	14.33060825	18.88221971
3.59000000	10.72222326	-8.81654133	-6.00789502	-8.40206666	-14.05672579	14.33086210	18.88318212
3.59833330	10.72222990	-8.81682044	-6.00805848	-8.40183323	-14.05689782	14.33089315	18.88331258
3.60666670	10.72191671	-8.81714177	-6.00845190	-8.40164017	-14.05703996	14.33092243	18.88345343
3.61500000	10.72170718	-8.81781962	-6.00838892	-8.40159821	-14.05733508	14.33094017	18.88356632
3.62333330	10.72117562	-8.81851755	-6.00841610	-8.40173818	-14.05718881	14.33096063	18.88369437
3.63166670	10.72024753	-8.81935948	-6.00873322	-8.40175460	-14.05751220	14.33098465	18.88379998
3.64000000	10.71961559	-8.82020879	-6.00872995	-8.40165072	-14.05749886	14.33101425	18.88391673
3.64833330	10.71404054	-8.83016272	-6.00845778	-8.40001191	-14.05785145	14.33129959	18.88539980
3.65666670	10.72363186	-8.82003496	-6.01373732	-8.38903951	-14.06408705	14.33308060	18.88731387
3.66500000	10.72131372	-8.82387914	-6.01217512	-8.38965828	-14.06369537	14.33311900	18.88770418
3.67333330	10.72244911	-8.82334158	-6.01184799	-8.38912326	-14.06338351	14.33323868	18.88783089
3.68166670	10.72212493	-8.82377695	-6.01170036	-8.38870848	-14.06347793	14.33334047	18.88792833
3.69000000	10.72131737	-8.82426161	-6.01186352	-8.38858093	-14.06340761	14.33347324	18.88803332
3.69833330	10.72264174	-8.83320658	-6.00181776	-8.38135178	-14.06171831	14.33473582	18.89128568
3.70666670	10.72243554	-8.83291796	-6.00218354	-8.38100457	-14.06217799	14.33477258	18.89139843
3.71500000	10.72145961	-8.83308210	-6.00273537	-8.38093545	-14.06243552	14.33480148	18.89148974
3.72333330	10.72162021	-8.83317413	-6.00239307	-8.38070106	-14.06271844	14.33482439	18.89158212
3.73166670	10.72009175	-8.83351397	-6.00307772	-8.38058088	-14.06290885	14.33486027	18.89166800
3.74000000	10.71997030	-8.83331303	-6.00310082	-8.38027261	-14.06293427	14.33487497	18.89175814
3.74833330	10.72024339	-8.83375083	-6.00214879	-8.38024996	-14.06268747	14.33489606	18.89184509
3.75666670	10.71917520	-8.82654120	-5.99192175	-8.35437040	-14.05902660	14.34071059	18.89603707
3.76500000	10.71692480	-8.82785100	-5.99225304	-8.35462600	-14.05910402	14.34070882	18.89612301
3.77333330	10.71650279	-8.82837491	-5.99172956	-8.35456945	-14.05892947	14.34072460	18.89620800
3.78166670	10.71765332	-8.82712791	-5.99150515	-8.35376267	-14.05865478	14.34081025	18.89628846
3.79000000	10.71557567	-8.82799252	-5.99199650	-8.35362584	-14.05867754	14.34083647	18.89635777
3.79833330	10.71604855	-8.82799091	-5.99110004	-8.35344073	-14.05820997	14.34085189	18.89646261
3.80666670	10.71527991	-8.82838485	-5.99090373	-8.35338143	-14.05790887	14.34087054	18.89656918
3.81500000	10.71489843	-8.82846884	-5.99073575	-8.35324585	-14.05759966	14.34087438	18.89664775
3.82333330	10.71509842	-8.82854934	-5.98998942	-8.35307999	-14.05714104	14.34089217	18.89674085
3.83166670	10.70384786	-8.82284895	-5.98564126	-8.34093827	-14.04866374	14.34124400	18.89921695
3.84000000	10.70329910	-8.82265702	-5.98565053	-8.34033401	-14.04852719	14.34127064	18.89929166
3.84833330	10.70334169	-8.82269710	-5.98498697	-8.33992956	-14.04837412	14.34128319	18.89937121
3.85666670	10.70270949	-8.82301236	-5.98474772	-8.33973095	-14.04810840	14.34129264	18.89940584
3.86500000	10.70255677	-8.82278716	-5.98451070	-8.33920370	-14.04771027	14.34131922	18.89947131
3.87333330	10.70263074	-8.82246055	-5.98422172	-8.33885596	-14.04728491	14.34134554	18.89949074
3.88166670	10.70246354	-8.82222319	-5.98402339	-8.33861684	-14.04672270	14.34134034	18.89951822
3.89000000	10.68952385	-8.81055246	-5.98128286	-8.32537710	-14.03524806	14.34085588	18.90107069
3.89833330	10.68916745	-8.81079594	-5.98070514	-8.32525240	-14.03498595	14.34085626	18.90114371
3.90666670	10.68948173	-8.81065291	-5.97996252	-8.32513786	-14.03450233	14.34087036	18.90121296
3.91500000	10.68900616	-8.81049655	-5.97988947	-8.32491725	-14.03410894	14.34086245	18.90129893
3.92333330	10.68958396	-8.80992329	-5.97946230	-8.32462346	-14.03355985	14.34083255	18.90135999
3.93166670	10.68961253	-8.80972397	-5.97911829	-8.32466825	-14.03316423	14.34081916	18.90143676
3.94000000	10.68993548	-8.80928894	-5.97871873	-8.32448673	-14.03277510	14.34081300	18.90151190
3.94833330	10.67017522	-8.79753159	-5.97256380	-8.31227186	-14.00866206	14.34079613	18.90563107
3.95666670	10.66960694	-8.79782839	-5.97223724	-8.31202268	-14.00822863	14.34081177	18.90567866
3.96500000	10.66967280	-8.79781538	-5.97177461	-8.31176466	-14.00787589	14.34082958	18.90574683
3.97333330	10.66958910	-8.79798851	-5.97126280	-8.31166731	-14.00744040	14.34084426	18.90579491
3.98166670	10.66999957	-8.79799329	-5.97056905	-8.31144812	-14.00704016	14.34087573	18.90583193
3.99000000	10.66977428	-8.79807415	-5.97042376	-8.31147038	-14.00678762	14.34087558	18.90585789
3.99833330	10.67063067	-8.79765927	-5.96983066	-8.31111603	-14.00647998	14.34088595	18.90589840
4.00666670	10.67099343	-8.79771393	-5.96931130	-8.31122167	-14.00628861	14.34090856	18.90594673
4.01500000	10.67065467	-8.79761517	-5.96952043	-8.31104514	-14.00627158	14.34090936	18.90598548
4.02333330	10.67055389	-8.79732627	-5.96976606	-8.31117513	-14.00613129	14.34088915	18.90600579
4.03166670	10.67007065	-8.79722800	-5.97019815	-8.31131320	-14.00628107	14.34087480	18.90602326
4.04000000	10.67043059	-8.79674160	-5.97018572	-8.31123062	-14.00618924	14.34086878	18.90607479
4.04833330	10.66846600	-8.79670601	-5.97162173	-8.31163636	-14.00628367	14.34086386	18.90616828
4.05666670	10.66870717	-8.79635609	-5.97140808	-8.31174907	-14.00628393	14.34083324	18.90625987
4.06500000	10.66721246	-8.79694718	-5.97195324	-8.31260129	-14.00619342	14.34081748	18.90638572
4.07333330	10.66665573	-8.79687743	-5.97232277	-8.31255617	-14.00615179	14.34083576	18.90643584
4.08166670	10.65898326	-8.79519108	-5.97525144	-8.31878078	-13.99923734	14.34135556	18.90866031
4.09000000	10.65923719	-8.79500383	-5.97523479	-8.31912537	-13.99879492	14.34136385	18.90872046
4.09833330	10.65857070	-8.79501643	-5.97577262	-8.31910678	-13.99880104	14.34138183	18.90875417
4.10666670	10.65862009	-8.79482760	-5.97589826	-8.31917324	-13.99849973	14.34137135	18.90883418
4.11500000	10.65820794	-8.79495113	-5.97617464	-8.31934451	-13.99839585	14.34136902	18.90890953
4.12333330	10.65792784	-8.79494283	-5.97652730	-8.31952584	-13.99828764	14.34136445	18.90898064
4.13166670	10.65790553	-8.79472971	-5.97678414	-8.31959257	-13.99836421	14.34136170	18.90906715
4.14000000	10.65702039	-8.79508381	-5.97727949	-8.31988001	-13.99841073	14.34136370	18.90915579
4.14833330	10.65668566	-8.79545504	-5.97726628	-8.32028448	-13.99843647	14.34137010	18.90920549
4.15666670	10.64845334	-8.80195642	-5.98134714	-8.32559169	-13.99770646	14.34201414	18.91138570
4.16500000	10.64916092	-8.80183489	-5.98107143	-8.32561650	-13.99701353	14.34207440	18.91153989
4.17333330	10.64945450	-8.80161834	-5.98130437	-8.32565041	-13.99686785	14.34208540	18.91163066
4.18166670	10.65012702	-8.80138251	-5.98122392	-8.32536408	-13.99667511	14.34212733	18.91170993
4.19000000	10.64960593	-8.80154034	-5.98179105	-8.32554715	-13.99661401	14.34217019	18.91174114
4.19833330	10.64972435	-8.80148266	-5.98204357	-8.32540182	-13.99683839	14.34220624	18.91177009
4.20666670	10.65001782	-8.80120843	-5.98225452	-8.32535614	-13.99683720	14.34221870	18.91184019
4.21500000	10.64922958	-8.80159436	-5.98282771	-8.32558477	-13.99697952	14.34227618	18.91189439
4.22333330	10.65104968	-8.79884675	-5.98439828	-8.32439489	-13.99785395	14.34251454	18.91197596
4.23166670	10.64938803	-8.79966767	-5.98533241	-8.32464678	-13.99830316	14.34256157	18.91202654
4.24000000	10.64867438	-8.80741176	-5.98976130	-8.32766130	-14.00288930	14.34488293	18.91454672
4.24833330	10.64897267	-8.80731963	-5.98976723	-8.32768663	-14.00281697	14.34492067	18.91464833
4.25666670	10.64878496	-8.80744758	-5.99015704	-8.32785718	-14.00273705	14.34496920	18.91471734
4.26500000	10.64951622	-8.80746761	-5.98971692	-8.32779069	-14.00251591	14.34501822	18.91480263
4.27333330	10.64888103	-8.80793627	-5.98998749	-8.32793748	-14.00239231	14.34506381	18.91488014
4.28166670	10.64826865	-8.80810592	-5.99060518	-8.32810163	-14.00245857	14.34510828	18.91492092
4.29000000	10.64784885	-8.80863909	-5.99064030	-8.32826782	-14.00241238	14.34513130	18.91496114
4.29833330	10.64761411	-8.80870839	-5.99092577	-8.32824700	-14.00256199	14.34517075	18.91502530
4.30666670	10.64770076	-8.80870657	-5.99111667	-8.32815706	-14.00261557	14.34522075	18.91509219
4.31500000	10.64731485	-8.80907575	-5.99117684	-8.32815966	-14.00252011	14.34525147	18.91517642
4.32333330	10.64972681	-8.80694812	-5.99136328	-8.32689859	-14.00246617	14.34547735	18.91530367
4.33166670	10.64841422	-8.80802482	-5.99153756	-8.32710291	-14.00263515	14.34551909	18.91538938
4.34000000	10.64810411	-8.80815315	-5.99175689	-8.32691652	-14.00259131	14.34556589	18.91545989
4.34833330	10.64793932	-8.80832914	-5.99177943	-8.32666567	-14.00268882	14.34563613	18.91555712
4.35666670	10.64698640	-8.80900333	-5.99194886	-8.32672475	-14.00267173	14.34566930	18.91564023
4.36500000	10.64670362	-8.80911533	-5.99204770	-8.32646773	-14.00282949	14.34571987	18.91573715
4.37333330	10.64677445	-8.80927120	-5.99186444	-8.32597043	-14.00278948	14.34577817	18.91582310
4.38166670	10.64536748	-8.81005165	-5.99234069	-8.32592659	-14.00297663	14.34582453	18.91585150
4.39000000	10.64591151	-8.81028465	-5.99167891	-8.32561054	-14.00292019	14.34589220	18.91592739
4.39833330	10.64483449	-8.81121734	-5.99183569	-8.32575361	-14.00291230	14.34593188	18.91597981
4.40666670	10.64509739	-8.81164320	-5.99123027	-8.32547545	-14.00307947	14.34600253	18.91602959
4.41500000	10.64492630	-8.81233921	-5.99087833	-8.32550778	-14.00320714	14.34604229	18.91607420
4.42333330	10.64456642	-8.81295948	-5.99073329	-8.32532608	-14.00353314	14.34607717	18.91615976
4.43166670	10.64496143	-8.81342834	-5.99010712	-8.32529397	-14.00357114	14.34611453	18.91625662
4.44000000	10.64518487	-8.81392177	-5.98969395	-8.32529451	-14.00382725	14.34614708	18.91632055
4.44833330	10.64414533	-8.81460806	-5.99013164	-8.32527841	-14.00422436	14.34617732	18.91642659
4.45666670	10.64380346	-8.81503356	-5.99021232	-8.32513110	-14.00455173	14.34623237	18.91653434
4.46500000	10.64309901	-8.81546044	-5.99056547	-8.32497943	-14.00492211	14.34628010	18.91659901
4.47333330	10.64277112	-8.81590276	-5.99054609	-8.32484289	-14.00524196	14.34632057	18.91669499
4.48166670	10.64268159	-8.81630263	-5.99042119	-8.32472166	-14.00554592	14.34637153	18.91675787
4.49000000	10.64536600	-8.81383402	-5.99087108	-8.32298194	-14.00650975	14.34668389	18.91694413
4.49833330	10.64248949	-8.81567374	-5.99169885	-8.32318009	-14.00722102	14.34679174	18.91703536
4.50666670	10.63742531	-8.82354998	-6.00056522	-8.27062497	-14.00943241	14.36832252	18.92819884
4.51500000	10.63650496	-8.82500291	-6.00006011	-8.27129144	-14.00932543	14.36830489	18.92830652
4.52333330	10.63586404	-8.82614022	-5.99970313	-8.27214628	-14.00893370	14.36826863	18.92838828
4.53166670	10.63502646	-8.82716237	-5.99964517	-8.27284430	-14.00888308	14.36826014	18.92847230
4.54000000	10.63491196	-8.82764578	-5.99948858	-8.27327714	-14.00888809	14.36823611	18.92853640
4.54833330	10.63383449	-8.82862402	-5.99974068	-8.27416019	-14.00888993	14.36821188	18.92863182
4.55666670	10.62339765	-8.83424844	-6.01348457	-8.28428243	-14.00930153	14.36806025	18.93097557
4.56500000	10.62501311	-8.83348552	-6.01309561	-8.28429257	-14.00891334	14.36805405	18.93105501
4.57333330	10.62505459	-8.83325237	-6.01355033	-8.28443843	-14.00886282	14.36804253	18.93117552
4.58166670	10.62507950	-8.83317792	-6.01394894	-8.28489825	-14.00874435	14.36805163	18.93128193
4.59000000	10.62529392	-8.83305412	-6.01423834	-8.28524336	-14.00857623	14.36804212	18.93135625
4.59833330	10.62550715	-8.83281241	-6.01470656	-8.28543349	-14.00839277	14.36805889	18.93145283
4.60666670	10.62558770	-8.83294543	-6.01494690	-8.28590860	-14.00819350	14.36803554	18.93157213
4.61500000	10.61952896	-8.83340955	-6.03130320	-8.29689231	-14.00509134	14.36747959	18.93459700
4.62333330	10.61974011	-8.83364390	-6.03108679	-8.29736932	-14.00493188	14.36747822	18.93474007
4.63166670	10.61989574	-8.83371580	-6.03119061	-8.29766688	-14.00464578	14.36747619	18.93487090
4.64000000	10.62024820	-8.83346708	-6.03146480	-8.29776090	-14.00448597	14.36748488	18.93499231
4.64833330	10.61992622	-8.83360693	-6.03192424	-8.29815920	-14.00437074	14.36746636	18.93511580
4.65666670	10.61991146	-8.83366499	-6.03228639	-8.29859158	-14.00409421	14.36744541	18.93519777
4.66500000	10.61147867	-8.83313104	-6.05144398	-8.31055073	-14.00058698	14.36816086	18.93952967
4.67333330	10.61414935	-8.83113040	-6.05173957	-8.30942798	-14.00017158	14.36835168	18.93969213
4.68166670	10.61466389	-8.83042615	-6.05208615	-8.30915284	-13.99997692	14.36846037	18.93984431
4.69000000	10.61326604	-8.83153681	-6.05239414	-8.30972920	-13.99967913	14.36848733	18.93995258
4.69833330	10.61397332	-8.83170019	-6.05184113	-8.30994983	-13.99932987	14.36850630	18.94009177
4.70666670	10.61306189	-8.83207120	-6.05253272	-8.31039336	-13.99920873	14.36853236	18.94020182
4.71500000	10.61269406	-8.83234168	-6.05280966	-8.31072123	-13.99891226	14.36856387	18.94032400
4.72333330	10.60226370	-8.83818632	-6.06534683	-8.31784534	-13.99406998	14.36960077	18.94440167
4.73166670	10.60148568	-8.83814856	-6.06614293	-8.31786592	-13.99364904	14.36965896	18.94455122
4.74000000	10.60372620	-8.83538400	-6.06715470	-8.31674489	-13.99290994	14.36986997	18.94477066
4.74833330	10.60227549	-8.83603880	-6.06796062	-8.31697560	-13.99284691	14.36991177	18.94487020
4.75666670	10.60208515	-8.83621478	-6.06813659	-8.31734439	-13.99211435	14.36995411	18.94497912
4.76500000	10.60143194	-8.83658847	-6.06859210	-8.31771230	-13.99180043	14.37000148	18.94509149
4.77333330	10.60130543	-8.83664379	-6.06885803	-8.31809898	-13.99147894	14.37005354	18.94522948
4.78166670	10.60110787	-8.83668393	-6.06932158	-8.31839775	-13.99118671	14.37009500	18.94533509
4.79000000	10.60081700	-8.83692881	-6.06960783	-8.31891485	-13.99093947	14.37012390	18.94546877
4.79833330	10.59032016	-8.84246443	-6.08305474	-8.33216849	-13.98234300	14.37179689	18.94985163
4.80666670	10.59331812	-8.83979256	-6.08364489	-8.33116830	-13.98232072	14.37212067	18.95007313
4.81500000	10.59122774	-8.84052009	-6.08498008	-8.33186928	-13.98206159	14.37221589	18.95029703
4.82333330	10.59161230	-8.84050850	-6.08496963	-8.33219354	-13.98157332	14.37227276	18.95041355
4.83166670	10.59287746	-8.83913635	-6.08539991	-8.33159951	-13.98130995	14.37244559	18.95054413
4.84000000	10.59242526	-8.83857746	-6.08643170	-8.33155313	-13.98112226	14.37259815	18.95068097
4.84833330	10.58809102	-8.84112357	-6.08818382	-8.33300843	-13.98062364	14.37270371	18.95094206
4.85666670	10.58838974	-8.84121473	-6.08796647	-8.33319931	-13.98030424	14.37278418	18.95109264
4.86500000	10.58865094	-8.84044260	-6.08866994	-8.33298569	-13.97983758	14.37293533	18.95120140
4.87333330	10.58775892	-8.84045652	-6.08958010	-8.33314951	-13.97982268	14.37309427	18.95132046
4.88166670	10.58705486	-8.84037453	-6.09031195	-8.33318553	-13.97963682	14.37324358	18.95142038
4.89000000	10.58624298	-8.84053051	-6.09104077	-8.33342921	-13.97936997	14.37338460	18.95151074
4.89833330	10.57393345	-8.84945857	-6.09606901	-8.34090274	-13.97322629	14.37464879	18.95343283
4.90666670	10.57664223	-8.84678167	-6.09697803	-8.33950814	-13.97240386	14.37497145	18.95362348
4.91500000	10.57708032	-8.84570415	-6.09787637	-8.33910965	-13.97202290	14.37513437	18.95371768
4.92333330	10.57743420	-8.84484301	-6.09847711	-8.33871985	-13.97170389	14.37530853	18.95382135
4.93166670	10.57739340	-8.84428620	-6.09915144	-8.33864471	-13.97107818	14.37546882	18.95396328
4.94000000	10.57679335	-8.84412388	-6.09993749	-8.33857671	-13.97093269	14.37563708	18.95408291
4.94833330	10.57641090	-8.84411082	-6.10033568	-8.33880021	-13.97025249	14.37578092	18.95423235
4.95666670	10.56494234	-8.85374870	-6.10403265	-8.34497155	-13.96141227	14.37704134	18.95605811
4.96500000	10.56871981	-8.85099425	-6.10404751	-8.34399296	-13.96075372	14.37734809	18.95624006
4.97333330	10.56721081	-8.85188006	-6.10475286	-8.34452642	-13.96071848	14.37743668	18.95635015
4.98166670	10.56839884	-8.85019535	-6.10571617	-8.34418599	-13.95997048	14.37773584	18.95653005
4.99000000	10.56778243	-8.85001458	-6.10664014	-8.34417870	-13.95985477	14.37791387	18.95662542